18 10 

28 14 3 24 14 53 39 17 28 42 3 20 38 9 20 28 47 17 
18 60 43 22 32 7 7 29 18 4 43 26 84 55 26 18 1 29 
9 51 34 13 23 16 2 20 9 5 34 17 75 46 17 9 10 20 
47 5 22 43 33 72 58 36 47 61 22 39 19 10 39 47 66 36 
70 28 45 66 56 95 81 59 70 84 45 62 4 33 62 70 89 59 
4 38 21 0 10 29 15 7 4 18 21 4 62 33 4 4 23 7 
32 10 7 28 18 57 43 21 32 46 7 24 34 5 24 32 51 21 
70 28 45 66 56 95 81 59 70 84 45 62 4 33 62 70 89 59 
74 32 49 70 60 99 85 63 74 88 49 66 8 37 66 74 93 63 
74 32 49 70 60 99 85 63 74 88 49 66 8 37 66 74 93 63 
58 16 33 54 44 83 69 47 58 72 33 50 8 21 50 58 77 47 
65 23 40 61 51 90 76 54 65 79 40 57 1 28 57 65 84 54 
1 41 24 3 13 26 12 10 1 15 24 7 65 36 7 1 20 10 
9 51 34 13 23 16 2 20 9 5 34 17 75 46 17 9 10 20 
62 20 37 58 48 87 73 51 62 76 37 54 4 25 54 62 81 51 
22 20 3 18 8 47 33 11 22 36 3 14 44 15 14 22 41 11 
5 47 30 9 19 20 6 16 5 9 30 13 71 42 13 5 14 16 
15 57 40 19 29 10 4 26 15 1 40 23 81 52 23 15 4 26 

25 43 3 2 38 29 27 34 6 40 34 24 22 40 10 0 24 41 
71 3 43 44 8 75 73 80 40 6 80 70 24 86 36 46 22 87 
62 6 34 35 1 66 64 71 31 3 71 61 15 77 27 37 13 78 
6 62 22 21 57 10 8 15 25 59 15 5 41 21 29 19 43 22 
17 85 45 44 80 13 15 8 48 82 8 18 64 2 52 42 66 1 
49 19 21 22 14 53 51 58 18 16 58 48 2 64 14 24 0 65 
21 47 7 6 42 25 23 30 10 44 30 20 26 36 14 4 28 37 
17 85 45 44 80 13 15 8 48 82 8 18 64 2 52 42 66 1 
21 89 49 48 84 17 19 12 52 86 12 22 68 6 56 46 70 5 
21 89 49 48 84 17 19 12 52 86 12 22 68 6 56 46 70 5 
5 73 33 32 68 1 3 4 36 70 4 6 52 10 40 30 54 11 
12 80 40 39 75 8 10 3 43 77 3 13 59 3 47 37 61 4 
52 16 24 25 11 56 54 61 21 13 61 51 5 67 17 27 3 68 
62 6 34 35 1 66 64 71 31 3 71 61 15 77 27 37 13 78 
9 77 37 36 72 5 7 0 40 74 0 10 56 6 44 34 58 7 
31 37 3 4 32 35 33 40 0 34 40 30 16 46 4 6 18 47 
58 10 30 31 5 62 60 67 27 7 67 57 11 73 23 33 9 74 
68 0 40 41 5 72 70 77 37 3 77 67 21 83 33 43 19 84 

3 24 8 42 40 37 10 33 52 43 19 18 5 36 10 43 0 9 
49 70 38 4 6 9 36 13 6 3 65 28 51 10 36 89 46 37 
40 61 29 5 3 0 27 4 15 6 56 19 42 1 27 80 37 28 
16 5 27 61 59 56 29 52 71 62 0 37 14 55 29 24 19 28 
39 18 50 84 82 79 52 75 94 85 23 60 37 78 52 1 42 51 
27 48 16 18 16 13 14 9 28 19 43 6 29 12 14 67 24 15 
1 20 12 46 44 41 14 37 56 47 15 22 1 40 14 39 4 13 
39 18 50 84 82 79 52 75 94 85 23 60 37 78 52 1 42 51 
43 22 54 88 86 83 56 79 98 89 27 64 41 82 56 3 46 55 
43 22 54 88 86 83 56 79 98 89 27 64 41 82 56 3 46 55 
27 6 38 72 70 67 40 63 82 73 11 48 25 66 40 13 30 39 
34 13 45 79 77 74 47 70 89 80 18 55 32 73 47 6 37 46 
30 51 19 15 13 10 17 6 25 16 46 9 32 9 17 70 27 18 
40 61 29 5 3 0 27 4 15 6 56 19 42 1 27 80 37 28 
31 10 42 76 74 71 44 67 86 77 15 52 29 70 44 9 34 43 
9 30 2 36 34 31 4 27 46 37 25 12 11 30 4 49 6 3 
36 57 25 9 7 4 23 0 19 10 52 15 38 3 23 76 33 24 
46 67 35 1 3 6 33 10 9 0 62 25 48 7 33 86 43 34 

14 4 41 23 23 37 4 42 41 49 33 44 42 10 45 7 5 18 
60 42 87 69 23 83 50 88 87 3 79 2 4 36 91 39 51 28 
51 33 78 60 14 74 41 79 78 12 70 7 5 27 82 30 42 19 
5 23 22 4 42 18 15 23 22 68 14 63 61 29 26 26 14 37 
28 46 1 19 65 5 38 0 1 91 9 86 84 52 3 49 37 60 
38 20 65 47 1 61 28 66 65 25 57 20 18 14 69 17 29 6 
10 8 37 19 27 33 0 38 37 53 29 48 46 14 41 11 1 22 
28 46 1 19 65 5 38 0 1 91 9 86 84 52 3 49 37 60 
32 50 5 23 69 9 42 4 5 95 13 90 88 56 1 53 41 64 
32 50 5 23 69 9 42 4 5 95 13 90 88 56 1 53 41 64 
16 34 11 7 53 7 26 12 11 79 3 74 72 40 15 37 25 48 
23 41 4 14 60 0 33 5 4 86 4 81 79 47 8 44 32 55 
41 23 68 50 4 64 31 69 68 22 60 17 15 17 72 20 32 9 
51 33 78 60 14 74 41 79 78 12 70 7 5 27 82 30 42 19 
20 38 7 11 57 3 30 8 7 83 1 78 76 44 11 41 29 52 
20 2 47 29 17 43 10 48 47 43 39 38 36 4 51 1 11 12 
47 29 74 56 10 70 37 75 74 16 66 11 9 23 78 26 38 15 
57 39 84 66 20 80 47 85 84 6 76 1 1 33 88 36 48 25 

8 35 5 28 40 31 12 38 11 40 33 26 21 5 26 33 17 36 
54 11 51 74 86 77 34 84 57 6 79 20 25 51 72 79 29 10 
45 2 42 65 77 68 25 75 48 3 70 11 16 42 63 70 20 1 
11 54 14 9 21 12 31 19 8 59 14 45 40 14 7 14 36 55 
34 77 37 14 2 11 54 4 31 82 9 68 63 37 16 9 59 78 
32 11 29 52 64 55 12 62 35 16 57 2 3 29 50 57 7 12 
4 39 1 24 36 27 16 34 7 44 29 30 25 1 22 29 21 40 
34 77 37 14 2 11 54 4 31 82 9 68 63 37 16 9 59 78 
38 81 41 18 6 15 58 8 35 86 13 72 67 41 20 13 63 82 
38 81 41 18 6 15 58 8 35 86 13 72 67 41 20 13 63 82 
22 65 25 2 10 1 42 8 19 70 3 56 51 25 4 3 47 66 
29 72 32 9 3 6 49 1 26 77 4 63 58 32 11 4 54 73 
35 8 32 55 67 58 15 65 38 13 60 1 6 32 53 60 10 9 
45 2 42 65 77 68 25 75 48 3 70 11 16 42 63 70 20 1 
26 69 29 6 6 3 46 4 23 74 1 60 55 29 8 1 51 70 
14 29 11 34 46 37 6 44 17 34 39 20 15 11 32 39 11 30 
41 2 38 61 73 64 21 71 44 7 66 7 12 38 59 66 16 3 
51 8 48 71 83 74 31 81 54 3 76 17 22 48 69 76 26 7 

19 53 18 8 2 25 33 33 8 1 26 5 1 28 19 51 40 33 
65 7 64 54 44 71 13 13 54 45 20 51 45 74 65 5 86 13 
56 16 55 45 35 62 4 4 45 36 11 42 36 65 56 14 77 4 
0 72 1 11 21 6 52 52 11 20 45 14 20 9 0 70 21 52 
23 95 24 34 44 17 75 75 34 43 68 37 43 14 23 93 2 75 
43 29 42 32 22 49 9 9 32 23 2 29 23 52 43 27 64 9 
15 57 14 4 6 21 37 37 4 5 30 1 5 24 15 55 36 37 
23 95 24 34 44 17 75 75 34 43 68 37 43 14 23 93 2 75 
27 99 28 38 48 21 79 79 38 47 72 41 47 18 27 97 6 79 
27 99 28 38 48 21 79 79 38 47 72 41 47 18 27 97 6 79 
11 83 12 22 32 5 63 63 22 31 56 25 31 2 11 81 10 63 
18 90 19 29 39 12 70 70 29 38 63 32 38 9 18 88 3 70 
46 26 45 35 25 52 6 6 35 26 1 32 26 55 46 24 67 6 
56 16 55 45 35 62 4 4 45 36 11 42 36 65 56 14 77 4 
15 87 16 26 36 9 67 67 26 35 60 29 35 6 15 85 6 67 
25 47 24 14 4 31 27 27 14 5 20 11 5 34 25 45 46 27 
52 20 51 41 31 58 0 0 41 32 7 38 32 61 52 18 73 0 
62 10 61 51 41 68 10 10 51 42 17 48 42 71 62 8 83 10 

3 21 2 50 23 16 17 18 47 38 45 16 48 27 53 7 4 11 
49 25 44 4 23 62 63 28 1 8 91 30 2 19 7 39 42 57 
40 16 35 13 14 53 54 19 10 1 82 21 11 10 16 30 33 48 
16 40 21 69 42 3 2 37 66 57 26 35 67 46 72 26 23 8 
39 63 44 92 65 26 25 60 89 80 3 58 90 69 95 49 46 31 
27 3 22 26 1 40 41 6 23 14 69 8 24 3 29 17 20 35 
1 25 6 54 27 12 13 22 51 42 41 20 52 31 57 11 8 7 
39 63 44 92 65 26 25 60 89 80 3 58 90 69 95 49 46 31 
43 67 48 96 69 30 29 64 93 84 1 62 94 73 99 53 50 35 
43 67 48 96 69 30 29 64 93 84 1 62 94 73 99 53 50 35 
27 51 32 80 53 14 13 48 77 68 15 46 78 57 83 37 34 19 
34 58 39 87 60 21 20 55 84 75 8 53 85 64 90 44 41 26 
30 6 25 23 4 43 44 9 20 11 72 11 21 0 26 20 23 38 
40 16 35 13 14 53 54 19 10 1 82 21 11 10 16 30 33 48 
31 55 36 84 57 18 17 52 81 72 11 50 82 61 87 41 38 23 
9 15 4 44 17 22 23 12 41 32 51 10 42 21 47 1 2 17 
36 12 31 17 10 49 50 15 14 5 78 17 15 6 20 26 29 44 
46 22 41 7 20 59 60 25 4 5 88 27 5 16 10 36 39 54 

28 13 28 24 53 8 8 9 39 5 53 8 43 10 47 48 24 39 
74 33 74 22 7 38 54 37 7 51 7 38 89 56 1 2 70 85 
65 24 65 13 16 29 45 28 2 42 16 29 80 47 10 11 61 76 
9 32 9 43 72 27 11 28 58 14 72 27 24 9 66 67 5 20 
14 55 14 66 95 50 34 51 81 37 95 50 1 32 89 90 18 3 
52 11 52 0 29 16 32 15 15 29 29 16 67 34 23 24 48 63 
24 17 24 28 57 12 4 13 43 1 57 12 39 6 51 52 20 35 
14 55 14 66 95 50 34 51 81 37 95 50 1 32 89 90 18 3 
18 59 18 70 99 54 38 55 85 41 99 54 3 36 93 94 22 7 
18 59 18 70 99 54 38 55 85 41 99 54 3 36 93 94 22 7 
2 43 2 54 83 38 22 39 69 25 83 38 13 20 77 78 6 9 
9 50 9 61 90 45 29 46 76 32 90 45 6 27 84 85 13 2 
55 14 55 3 26 19 35 18 12 32 26 19 70 37 20 21 51 66 
65 24 65 13 16 29 45 28 2 42 16 29 80 47 10 11 61 76 
6 47 6 58 87 42 26 43 73 29 87 42 9 24 81 82 10 5 
34 7 34 18 47 2 14 3 33 11 47 2 49 16 41 42 30 45 
61 20 61 9 20 25 41 24 6 38 20 25 76 43 14 15 57 72 
71 30 71 19 10 35 51 34 4 48 10 35 86 53 4 5 67 82 

19 48 35 43 26 28 29 38 41 23 8 43 33 40 50 37 18 1 
65 2 81 3 20 18 17 84 87 69 54 89 79 6 4 83 64 47 
56 11 72 6 11 9 8 75 78 60 45 80 70 3 13 74 55 38 
0 67 16 62 45 47 48 19 22 4 11 24 14 59 69 18 1 18 
23 90 7 85 68 70 71 4 1 19 34 1 9 82 92 5 24 41 
43 24 59 19 2 4 5 62 65 47 32 67 57 16 26 61 42 25 
15 52 31 47 30 32 33 34 37 19 4 39 29 44 54 33 14 3 
23 90 7 85 68 70 71 4 1 19 34 1 9 82 92 5 24 41 
27 94 11 89 72 74 75 8 5 23 38 3 13 86 96 9 28 45 
27 94 11 89 72 74 75 8 5 23 38 3 13 86 96 9 28 45 
11 78 5 73 56 58 59 8 11 7 22 13 3 70 80 7 12 29 
18 85 2 80 63 65 66 1 4 14 29 6 4 77 87 0 19 36 
46 21 62 16 1 1 2 65 68 50 35 70 60 13 23 64 45 28 
56 11 72 6 11 9 8 75 78 60 45 80 70 3 13 74 55 38 
15 82 1 77 60 62 63 4 7 11 26 9 1 74 84 3 16 33 
25 42 41 37 20 22 23 44 47 29 14 49 39 34 44 43 24 7 
52 15 68 10 7 5 4 71 74 56 41 76 66 7 17 70 51 34 
62 5 78 0 17 15 14 81 84 66 51 86 76 3 7 80 61 44 

53 15 25 26 10 57 55 62 22 12 62 52 6 68 18 28 4 69 
11 57 17 16 52 15 13 20 20 54 20 10 36 26 24 14 38 27 
28 40 0 1 35 32 30 37 3 37 37 27 19 43 7 3 21 44 
49 19 21 22 14 53 51 58 18 16 58 48 2 64 14 24 0 65 
39 29 11 12 24 43 41 48 8 26 48 38 8 54 4 14 10 55 
78 10 50 51 15 82 80 87 47 13 87 77 31 93 43 53 29 94 
64 4 36 37 1 68 66 73 33 1 73 63 17 79 29 39 15 80 
42 26 14 15 21 46 44 51 11 23 51 41 5 57 7 17 7 58 
53 15 25 26 10 57 55 62 22 12 62 52 6 68 18 28 4 69 
67 1 39 40 4 71 69 76 36 2 76 66 20 82 32 42 18 83 
28 40 0 1 35 32 30 37 3 37 37 27 19 43 7 3 21 44 
45 23 17 18 18 49 47 54 14 20 54 44 2 60 10 20 4 61 
13 81 41 40 76 9 11 4 44 78 4 14 60 2 48 38 62 3 
16 52 12 11 47 20 18 25 15 49 25 15 31 31 19 9 33 32 
45 23 17 18 18 49 47 54 14 20 54 44 2 60 10 20 4 61 
53 15 25 26 10 57 55 62 22 12 62 52 6 68 18 28 4 69 
72 4 44 45 9 76 74 81 41 7 81 71 25 87 37 47 23 88 
42 26 14 15 21 46 44 51 11 23 51 41 5 57 7 17 7 58 

31 52 20 14 12 9 18 5 24 15 47 10 33 8 18 71 28 19 
11 10 22 56 54 51 24 47 66 57 5 32 9 50 24 29 14 23 
6 27 5 39 37 34 7 30 49 40 22 15 8 33 7 46 3 6 
27 48 16 18 16 13 14 9 28 19 43 6 29 12 14 67 24 15 
17 38 6 28 26 23 4 19 38 29 33 4 19 22 4 57 14 5 
56 77 45 11 13 16 43 20 1 10 72 35 58 17 43 96 53 44 
42 63 31 3 1 2 29 6 13 4 58 21 44 3 29 82 39 30 
20 41 9 25 23 20 7 16 35 26 36 1 22 19 7 60 17 8 
31 52 20 14 12 9 18 5 24 15 47 10 33 8 18 71 28 19 
45 66 34 0 2 5 32 9 10 1 61 24 47 6 32 85 42 33 
6 27 5 39 37 34 7 30 49 40 22 15 8 33 7 46 3 6 
23 44 12 22 20 17 10 13 32 23 39 2 25 16 10 63 20 11 
35 14 46 80 78 75 48 71 90 81 19 56 33 74 48 5 38 47 
6 15 17 51 49 46 19 42 61 52 10 27 4 45 19 34 9 18 
23 44 12 22 20 17 10 13 32 23 39 2 25 16 10 63 20 11 
31 52 20 14 12 9 18 5 24 15 47 10 33 8 18 71 28 19 
50 71 39 5 7 10 37 14 5 4 66 29 52 11 37 90 47 38 
20 41 9 25 23 20 7 16 35 26 36 1 22 19 7 60 17 8 

42 24 69 51 5 65 32 70 69 21 61 16 14 18 73 21 33 10 
0 18 27 9 37 23 10 28 27 63 19 58 56 24 31 21 9 32 
17 1 44 26 20 40 7 45 44 46 36 41 39 7 48 4 8 15 
38 20 65 47 1 61 28 66 65 25 57 20 18 14 69 17 29 6 
28 10 55 37 9 51 18 56 55 35 47 30 28 4 59 7 19 4 
67 49 94 76 30 90 57 95 94 4 86 9 11 43 98 46 58 35 
53 35 80 62 16 76 43 81 80 10 72 5 3 29 84 32 44 21 
31 13 58 40 6 54 21 59 58 32 50 27 25 7 62 10 22 1 
42 24 69 51 5 65 32 70 69 21 61 16 14 18 73 21 33 10 
56 38 83 65 19 79 46 84 83 7 75 2 0 32 87 35 47 24 
17 1 44 26 20 40 7 45 44 46 36 41 39 7 48 4 8 15 
34 16 61 43 3 57 24 62 61 29 53 24 22 10 65 13 25 2 
24 42 3 15 61 1 34 4 3 87 5 82 80 48 7 45 33 56 
5 13 32 14 32 28 5 33 32 58 24 53 51 19 36 16 4 27 
34 16 61 43 3 57 24 62 61 29 53 24 22 10 65 13 25 2 
42 24 69 51 5 65 32 70 69 21 61 16 14 18 73 21 33 10 
61 43 88 70 24 84 51 89 88 2 80 3 5 37 92 40 52 29 
31 13 58 40 6 54 21 59 58 32 50 27 25 7 62 10 22 1 

36 7 33 56 68 59 16 66 39 12 61 2 7 33 54 61 11 8 
6 49 9 14 26 17 26 24 3 54 19 40 35 9 12 19 31 50 
11 32 8 31 43 34 9 41 14 37 36 23 18 8 29 36 14 33 
32 11 29 52 64 55 12 62 35 16 57 2 3 29 50 57 7 12 
22 21 19 42 54 45 2 52 25 26 47 12 7 19 40 47 3 22 
61 18 58 81 93 84 41 91 64 13 86 27 32 58 79 86 36 17 
47 4 44 67 79 70 27 77 50 1 72 13 18 44 65 72 22 3 
25 18 22 45 57 48 5 55 28 23 50 9 4 22 43 50 0 19 
36 7 33 56 68 59 16 66 39 12 61 2 7 33 54 61 11 8 
50 7 47 70 82 73 30 80 53 2 75 16 21 47 68 75 25 6 
11 32 8 31 43 34 9 41 14 37 36 23 18 8 29 36 14 33 
28 15 25 48 60 51 8 58 31 20 53 6 1 25 46 53 3 16 
30 73 33 10 2 7 50 0 27 78 5 64 59 33 12 5 55 74 
1 44 4 19 31 22 21 29 2 49 24 35 30 4 17 24 26 45 
28 15 25 48 60 51 8 58 31 20 53 6 1 25 46 53 3 16 
36 7 33 56 68 59 16 66 39 12 61 2 7 33 54 61 11 8 
55 12 52 75 87 78 35 85 58 7 80 21 26 52 73 80 30 11 
25 18 22 45 57 48 5 55 28 23 50 9 4 22 43 50 0 19 

47 25 46 36 26 53 5 5 36 27 2 33 27 56 47 23 68 5 
5 67 4 6 16 11 47 47 6 15 40 9 15 14 5 65 26 47 
22 50 21 11 1 28 30 30 11 2 23 8 2 31 22 48 43 30 
43 29 42 32 22 49 9 9 32 23 2 29 23 52 43 27 64 9 
33 39 32 22 12 39 19 19 22 13 12 19 13 42 33 37 54 19 
72 0 71 61 51 78 20 20 61 52 27 58 52 81 72 2 93 20 
58 14 57 47 37 64 6 6 47 38 13 44 38 67 58 12 79 6 
36 36 35 25 15 42 16 16 25 16 9 22 16 45 36 34 57 16 
47 25 46 36 26 53 5 5 36 27 2 33 27 56 47 23 68 5 
61 11 60 50 40 67 9 9 50 41 16 47 41 70 61 9 82 9 
22 50 21 11 1 28 30 30 11 2 23 8 2 31 22 48 43 30 
39 33 38 28 18 45 13 13 28 19 6 25 19 48 39 31 60 13 
19 91 20 30 40 13 71 71 30 39 64 33 39 10 19 89 2 71 
10 62 9 1 11 16 42 42 1 10 35 4 10 19 10 60 31 42 
39 33 38 28 18 45 13 13 28 19 6 25 19 48 39 31 60 13 
47 25 46 36 26 53 5 5 36 27 2 33 27 56 47 23 68 5 
66 6 65 55 45 72 14 14 55 46 21 52 46 75 66 4 87 14 
36 36 35 25 15 42 16 16 25 16 9 22 16 45 36 34 57 16 

31 7 26 22 5 44 45 10 19 10 73 12 20 1 25 21 24 39 
11 35 16 64 37 2 3 32 61 52 31 30 62 41 67 21 18 3 
6 18 1 47 20 19 20 15 44 35 48 13 45 24 50 4 1 14 
27 3 22 26 1 40 41 6 23 14 69 8 24 3 29 17 20 35 
17 7 12 36 9 30 31 4 33 24 59 2 34 13 39 7 10 25 
56 32 51 3 30 69 70 35 6 15 98 37 5 26 0 46 49 64 
42 18 37 11 16 55 56 21 8 1 84 23 9 12 14 32 35 50 
20 4 15 33 6 33 34 1 30 21 62 1 31 10 36 10 13 28 
31 7 26 22 5 44 45 10 19 10 73 12 20 1 25 21 24 39 
45 21 40 8 19 58 59 24 5 4 87 26 6 15 11 35 38 53 
6 18 1 47 20 19 20 15 44 35 48 13 45 24 50 4 1 14 
23 1 18 30 3 36 37 2 27 18 65 4 28 7 33 13 16 31 
35 59 40 88 61 22 21 56 85 76 7 54 86 65 91 45 42 27 
6 30 11 59 32 7 8 27 56 47 36 25 57 36 62 16 13 2 
23 1 18 30 3 36 37 2 27 18 65 4 28 7 33 13 16 31 
31 7 26 22 5 44 45 10 19 10 73 12 20 1 25 21 24 39 
50 26 45 3 24 63 64 29 0 9 92 31 1 20 6 40 43 58 
20 4 15 33 6 33 34 1 30 21 62 1 31 10 36 10 13 28 

56 15 56 4 25 20 36 19 11 33 25 20 71 38 19 20 52 67 
14 27 14 38 67 22 6 23 53 9 67 22 29 4 61 62 10 25 
31 10 31 21 50 5 11 6 36 8 50 5 46 13 44 45 27 42 
52 11 52 0 29 16 32 15 15 29 29 16 67 34 23 24 48 63 
42 1 42 10 39 6 22 5 25 19 39 6 57 24 33 34 38 53 
81 40 81 29 0 45 61 44 14 58 0 45 96 63 6 5 77 92 
67 26 67 15 14 31 47 30 0 44 14 31 82 49 8 9 63 78 
45 4 45 7 36 9 25 8 22 22 36 9 60 27 30 31 41 56 
56 15 56 4 25 20 36 19 11 33 25 20 71 38 19 20 52 67 
70 29 70 18 11 34 50 33 3 47 11 34 85 52 5 6 66 81 
31 10 31 21 50 5 11 6 36 8 50 5 46 13 44 45 27 42 
48 7 48 4 33 12 28 11 19 25 33 12 63 30 27 28 44 59 
10 51 10 62 91 46 30 47 77 33 91 46 5 28 85 86 14 1 
19 22 19 33 62 17 1 18 48 4 62 17 34 1 56 57 15 30 
48 7 48 4 33 12 28 11 19 25 33 12 63 30 27 28 44 59 
56 15 56 4 25 20 36 19 11 33 25 20 71 38 19 20 52 67 
75 34 75 23 6 39 55 38 8 52 6 39 90 57 0 1 71 86 
45 4 45 7 36 9 25 8 22 22 36 9 60 27 30 31 41 56 

47 20 63 15 2 0 1 66 69 51 36 71 61 12 22 65 46 29 
5 62 21 57 40 42 43 24 27 9 6 29 19 54 64 23 4 13 
22 45 38 40 23 25 26 41 44 26 11 46 36 37 47 40 21 4 
43 24 59 19 2 4 5 62 65 47 32 67 57 16 26 61 42 25 
33 34 49 29 12 14 15 52 55 37 22 57 47 26 36 51 32 15 
72 5 88 10 27 25 24 91 94 76 61 96 86 13 3 90 71 54 
58 9 74 4 13 11 10 77 80 62 47 82 72 1 11 76 57 40 
36 31 52 26 9 11 12 55 58 40 25 60 50 23 33 54 35 18 
47 20 63 15 2 0 1 66 69 51 36 71 61 12 22 65 46 29 
61 6 77 1 16 14 13 80 83 65 50 85 75 2 8 79 60 43 
22 45 38 40 23 25 26 41 44 26 11 46 36 37 47 40 21 4 
39 28 55 23 6 8 9 58 61 43 28 63 53 20 30 57 38 21 
19 86 3 81 64 66 67 0 3 15 30 5 5 78 88 1 20 37 
10 57 26 52 35 37 38 29 32 14 1 34 24 49 59 28 9 8 
39 28 55 23 6 8 9 58 61 43 28 63 53 20 30 57 38 21 
47 20 63 15 2 0 1 66 69 51 36 71 61 12 22 65 46 29 
66 1 82 4 21 19 18 85 88 70 55 90 80 7 3 84 65 48 
36 31 52 26 9 11 12 55 58 40 25 60 50 23 33 54 35 18 

22 1 33 67 65 62 35 58 77 68 6 43 20 61 35 18 25 34 
46 67 35 1 3 6 33 10 9 0 62 25 48 7 33 86 43 34 
6 27 5 39 37 34 7 30 49 40 22 15 8 33 7 46 3 6 
5 26 6 40 38 35 8 31 50 41 21 16 7 34 8 45 2 7 
41 62 30 4 2 1 28 5 14 5 57 20 43 2 28 81 38 29 
26 5 37 71 69 66 39 62 81 72 10 47 24 65 39 14 29 38 
24 3 35 69 67 64 37 60 79 70 8 45 22 63 37 16 27 36 
31 10 42 76 74 71 44 67 86 77 15 52 29 70 44 9 34 43 
9 30 2 36 34 31 4 27 46 37 25 12 11 30 4 49 6 3 
43 64 32 2 0 3 30 7 12 3 59 22 45 4 30 83 40 31 
31 10 42 76 74 71 44 67 86 77 15 52 29 70 44 9 34 43 
21 0 32 66 64 61 34 57 76 67 5 42 19 60 34 19 24 33 
25 46 14 20 18 15 12 11 30 21 41 4 27 14 12 65 22 13 
37 16 48 82 80 77 50 73 92 83 21 58 35 76 50 3 40 49 
13 34 2 32 30 27 0 23 42 33 29 8 15 26 0 53 10 1 
3 24 8 42 40 37 10 33 52 43 19 18 5 36 10 43 0 9 
27 48 16 18 16 13 14 9 28 19 43 6 29 12 14 67 24 15 
38 17 49 83 81 78 51 74 93 84 22 59 36 77 51 2 41 50 

11 29 16 2 48 12 21 17 16 74 8 69 67 35 20 32 20 43 
57 39 84 66 20 80 47 85 84 6 76 1 1 33 88 36 48 25 
17 1 44 26 20 40 7 45 44 46 36 41 39 7 48 4 8 15 
16 2 43 25 21 39 6 44 43 47 35 42 40 8 47 5 7 16 
52 34 79 61 15 75 42 80 79 11 71 6 4 28 83 31 43 20 
15 33 12 6 52 8 25 13 12 78 4 73 71 39 16 36 24 47 
13 31 14 4 50 10 23 15 14 76 6 71 69 37 18 34 22 45 
20 38 7 11 57 3 30 8 7 83 1 78 76 44 11 41 29 52 
20 2 47 29 17 43 10 48 47 43 39 38 36 4 51 1 11 12 
54 36 81 63 17 77 44 82 81 9 73 4 2 30 85 33 45 22 
20 38 7 11 57 3 30 8 7 83 1 78 76 44 11 41 29 52 
10 28 17 1 47 13 20 18 17 73 9 68 66 34 21 31 19 42 
36 18 63 45 1 59 26 64 63 27 55 22 20 12 67 15 27 4 
26 44 1 17 63 3 36 2 1 89 7 84 82 50 5 47 35 58 
24 6 51 33 13 47 14 52 51 39 43 34 32 0 55 3 15 8 
14 4 41 23 23 37 4 42 41 49 33 44 42 10 45 7 5 18 
38 20 65 47 1 61 28 66 65 25 57 20 18 14 69 17 29 6 
27 45 0 18 64 4 37 1 0 90 8 85 83 51 4 48 36 59 

17 60 20 3 15 6 37 13 14 65 8 51 46 20 1 8 42 61 
51 8 48 71 83 74 31 81 54 3 76 17 22 48 69 76 26 7 
11 32 8 31 43 34 9 41 14 37 36 23 18 8 29 36 14 33 
10 33 7 30 42 33 10 40 13 38 35 24 19 7 28 35 15 34 
46 3 43 66 78 69 26 76 49 2 71 12 17 43 64 71 21 2 
21 64 24 1 11 2 41 9 18 69 4 55 50 24 3 4 46 65 
19 62 22 1 13 4 39 11 16 67 6 53 48 22 1 6 44 63 
26 69 29 6 6 3 46 4 23 74 1 60 55 29 8 1 51 70 
14 29 11 34 46 37 6 44 17 34 39 20 15 11 32 39 11 30 
48 5 45 68 80 71 28 78 51 0 73 14 19 45 66 73 23 4 
26 69 29 6 6 3 46 4 23 74 1 60 55 29 8 1 51 70 
16 59 19 4 16 7 36 14 13 64 9 50 45 19 2 9 41 60 
30 13 27 50 62 53 10 60 33 18 55 4 1 27 48 55 5 14 
32 75 35 12 0 9 52 2 29 80 7 66 61 35 14 7 57 76 
18 25 15 38 50 41 2 48 21 30 43 16 11 15 36 43 7 26 
8 35 5 28 40 31 12 38 11 40 33 26 21 5 26 33 17 36 
32 11 29 52 64 55 12 62 35 16 57 2 3 29 50 57 7 12 
33 76 36 13 1 10 53 3 30 81 8 67 62 36 15 8 58 77 

6 78 7 17 27 0 58 58 17 26 51 20 26 3 6 76 15 58 
62 10 61 51 41 68 10 10 51 42 17 48 42 71 62 8 83 10 
22 50 21 11 1 28 30 30 11 2 23 8 2 31 22 48 43 30 
21 51 20 10 0 27 31 31 10 1 24 7 1 30 21 49 42 31 
57 15 56 46 36 63 5 5 46 37 12 43 37 66 57 13 78 5 
10 82 11 21 31 4 62 62 21 30 55 24 30 1 10 80 11 62 
8 80 9 19 29 2 60 60 19 28 53 22 28 1 8 78 13 60 
15 87 16 26 36 9 67 67 26 35 60 29 35 6 15 85 6 67 
25 47 24 14 4 31 27 27 14 5 20 11 5 34 25 45 46 27 
59 13 58 48 38 65 7 7 48 39 14 45 39 68 59 11 80 7 
15 87 16 26 36 9 67 67 26 35 60 29 35 6 15 85 6 67 
5 77 6 16 26 1 57 57 16 25 50 19 25 4 5 75 16 57 
41 31 40 30 20 47 11 11 30 21 4 27 21 50 41 29 62 11 
21 93 22 32 42 15 73 73 32 41 66 35 41 12 21 91 0 73 
29 43 28 18 8 35 23 23 18 9 16 15 9 38 29 41 50 23 
19 53 18 8 2 25 33 33 8 1 26 5 1 28 19 51 40 33 
43 29 42 32 22 49 9 9 32 23 2 29 23 52 43 27 64 9 
22 94 23 33 43 16 74 74 33 42 67 36 42 13 22 92 1 74 

22 46 27 75 48 9 8 43 72 63 20 41 73 52 78 32 29 14 
46 22 41 7 20 59 60 25 4 5 88 27 5 16 10 36 39 54 
6 18 1 47 20 19 20 15 44 35 48 13 45 24 50 4 1 14 
5 19 0 48 21 18 19 16 45 36 47 14 46 25 51 5 2 13 
41 17 36 12 15 54 55 20 9 0 83 22 10 11 15 31 34 49 
26 50 31 79 52 13 12 47 76 67 16 45 77 56 82 36 33 18 
24 48 29 77 50 11 10 45 74 65 18 43 75 54 80 34 31 16 
31 55 36 84 57 18 17 52 81 72 11 50 82 61 87 41 38 23 
9 15 4 44 17 22 23 12 41 32 51 10 42 21 47 1 2 17 
43 19 38 10 17 56 57 22 7 2 85 24 8 13 13 33 36 51 
31 55 36 84 57 18 17 52 81 72 11 50 82 61 87 41 38 23 
21 45 26 74 47 8 7 42 71 62 21 40 72 51 77 31 28 13 
25 1 20 28 1 38 39 4 25 16 67 6 26 5 31 15 18 33 
37 61 42 90 63 24 23 58 87 78 5 56 88 67 93 47 44 29 
13 11 8 40 13 26 27 8 37 28 55 6 38 17 43 3 6 21 
3 21 2 50 23 16 17 18 47 38 45 16 48 27 53 7 4 11 
27 3 22 26 1 40 41 6 23 14 69 8 24 3 29 17 20 35 
38 62 43 91 64 25 24 59 88 79 4 57 89 68 94 48 45 30 

3 38 3 49 78 33 17 34 64 20 78 33 18 15 72 73 1 14 
71 30 71 19 10 35 51 34 4 48 10 35 86 53 4 5 67 82 
31 10 31 21 50 5 11 6 36 8 50 5 46 13 44 45 27 42 
30 11 30 22 51 6 10 7 37 7 51 6 45 12 45 46 26 41 
66 25 66 14 15 30 46 29 1 43 15 30 81 48 9 10 62 77 
1 42 1 53 82 37 21 38 68 24 82 37 14 19 76 77 5 10 
1 40 1 51 80 35 19 36 66 22 80 35 16 17 74 75 3 12 
6 47 6 58 87 42 26 43 73 29 87 42 9 24 81 82 10 5 
34 7 34 18 47 2 14 3 33 11 47 2 49 16 41 42 30 45 
68 27 68 16 13 32 48 31 1 45 13 32 83 50 7 8 64 79 
6 47 6 58 87 42 26 43 73 29 87 42 9 24 81 82 10 5 
4 37 4 48 77 32 16 33 63 19 77 32 19 14 71 72 0 15 
50 9 50 2 31 14 30 13 17 27 31 14 65 32 25 26 46 61 
12 53 12 64 93 48 32 49 79 35 93 48 3 30 87 88 16 1 
38 3 38 14 43 2 18 1 29 15 43 2 53 20 37 38 34 49 
28 13 28 24 53 8 8 9 39 5 53 8 43 10 47 48 24 39 
52 11 52 0 29 16 32 15 15 29 29 16 67 34 23 24 48 63 
13 54 13 65 94 49 33 50 80 36 94 49 2 31 88 89 17 2 

6 73 10 68 51 53 54 13 16 2 17 18 8 65 75 12 7 24 
62 5 78 0 17 15 14 81 84 66 51 86 76 3 7 80 61 44 
22 45 38 40 23 25 26 41 44 26 11 46 36 37 47 40 21 4 
21 46 37 41 24 26 27 40 43 25 10 45 35 38 48 39 20 3 
57 10 73 5 12 10 9 76 79 61 46 81 71 2 12 75 56 39 
10 77 6 72 55 57 58 9 12 6 21 14 4 69 79 8 11 28 
8 75 8 70 53 55 56 11 14 4 19 16 6 67 77 10 9 26 
15 82 1 77 60 62 63 4 7 11 26 9 1 74 84 3 16 33 
25 42 41 37 20 22 23 44 47 29 14 49 39 34 44 43 24 7 
59 8 75 3 14 12 11 78 81 63 48 83 73 0 10 77 58 41 
15 82 1 77 60 62 63 4 7 11 26 9 1 74 84 3 16 33 
5 72 11 67 50 52 53 14 17 1 16 19 9 64 74 13 6 23 
41 26 57 21 4 6 7 60 63 45 30 65 55 18 28 59 40 23 
21 88 5 83 66 68 69 2 1 17 32 3 7 80 90 3 22 39 
29 38 45 33 16 18 19 48 51 33 18 53 43 30 40 47 28 11 
19 48 35 43 26 28 29 38 41 23 8 43 33 40 50 37 18 1 
43 24 59 19 2 4 5 62 65 47 32 67 57 16 26 61 42 25 
22 89 6 84 67 69 70 3 0 18 33 2 8 81 91 4 23 40 

11 7 38 20 26 34 1 39 38 52 30 47 45 13 42 10 2 21 
10 28 17 1 47 13 20 18 17 73 9 68 66 34 21 31 19 42 
22 4 49 31 15 45 12 50 49 41 41 36 34 2 53 1 13 10 
56 38 83 65 19 79 46 84 83 7 75 2 0 32 87 35 47 24 
54 36 81 63 17 77 44 82 81 9 73 4 2 30 85 33 45 22 
51 33 78 60 14 74 41 79 78 12 70 7 5 27 82 30 42 19 
24 6 51 33 13 47 14 52 51 39 43 34 32 0 55 3 15 8 
47 29 74 56 10 70 37 75 74 16 66 11 9 23 78 26 38 15 
66 48 93 75 29 89 56 94 93 3 85 8 10 42 97 45 57 34 
57 39 84 66 20 80 47 85 84 6 76 1 1 33 88 36 48 25 
5 23 22 4 42 18 15 23 22 68 14 63 61 29 26 26 14 37 
32 14 59 41 5 55 22 60 59 31 51 26 24 8 63 11 23 0 
9 9 36 18 28 32 1 37 36 54 28 49 47 15 40 12 0 23 
50 32 77 59 13 73 40 78 77 13 69 8 6 26 81 29 41 18 
24 6 51 33 13 47 14 52 51 39 43 34 32 0 55 3 15 8 
29 47 2 20 66 6 39 1 2 92 10 87 85 53 2 50 38 61 
14 4 41 23 23 37 4 42 41 49 33 44 42 10 45 7 5 18 
23 5 50 32 14 46 13 51 50 40 42 35 33 1 54 2 14 9 

5 38 2 25 37 28 15 35 8 43 30 29 24 2 23 30 20 39 
16 59 19 4 16 7 36 14 13 64 9 50 45 19 2 9 41 60 
16 27 13 36 48 39 4 46 19 32 41 18 13 13 34 41 9 28 
50 7 47 70 82 73 30 80 53 2 75 16 21 47 68 75 25 6 
48 5 45 68 80 71 28 78 51 0 73 14 19 45 66 73 23 4 
45 2 42 65 77 68 25 75 48 3 70 11 16 42 63 70 20 1 
18 25 15 38 50 41 2 48 21 30 43 16 11 15 36 43 7 26 
41 2 38 61 73 64 21 71 44 7 66 7 12 38 59 66 16 3 
60 17 57 80 92 83 40 90 63 12 85 26 31 57 78 85 35 16 
51 8 48 71 83 74 31 81 54 3 76 17 22 48 69 76 26 7 
11 54 14 9 21 12 31 19 8 59 14 45 40 14 7 14 36 55 
26 17 23 46 58 49 6 56 29 22 51 8 3 23 44 51 1 18 
3 40 0 23 35 26 17 33 6 45 28 31 26 0 21 28 22 41 
44 1 41 64 76 67 24 74 47 4 69 10 15 41 62 69 19 0 
18 25 15 38 50 41 2 48 21 30 43 16 11 15 36 43 7 26 
35 78 38 15 3 12 55 5 32 83 10 69 64 38 17 10 60 79 
8 35 5 28 40 31 12 38 11 40 33 26 21 5 26 33 17 36 
17 26 14 37 49 40 3 47 20 31 42 17 12 14 35 42 8 27 

16 56 15 5 5 22 36 36 5 4 29 2 4 25 16 54 37 36 
5 77 6 16 26 1 57 57 16 25 50 19 25 4 5 75 16 57 
27 45 26 16 6 33 25 25 16 7 18 13 7 36 27 43 48 25 
61 11 60 50 40 67 9 9 50 41 16 47 41 70 61 9 82 9 
59 13 58 48 38 65 7 7 48 39 14 45 39 68 59 11 80 7 
56 16 55 45 35 62 4 4 45 36 11 42 36 65 56 14 77 4 
29 43 28 18 8 35 23 23 18 9 16 15 9 38 29 41 50 23 
52 20 51 41 31 58 0 0 41 32 7 38 32 61 52 18 73 0 
71 1 70 60 50 77 19 19 60 51 26 57 51 80 71 1 92 19 
62 10 61 51 41 68 10 10 51 42 17 48 42 71 62 8 83 10 
0 72 1 11 21 6 52 52 11 20 45 14 20 9 0 70 21 52 
37 35 36 26 16 43 15 15 26 17 8 23 17 46 37 33 58 15 
14 58 13 3 7 20 38 38 3 6 31 0 6 23 14 56 35 38 
55 17 54 44 34 61 3 3 44 35 10 41 35 64 55 15 76 3 
29 43 28 18 8 35 23 23 18 9 16 15 9 38 29 41 50 23 
24 96 25 35 45 18 76 76 35 44 69 38 44 15 24 94 3 76 
19 53 18 8 2 25 33 33 8 1 26 5 1 28 19 51 40 33 
28 44 27 17 7 34 24 24 17 8 17 14 8 37 28 42 49 24 

0 24 5 53 26 13 14 21 50 41 42 19 51 30 56 10 7 8 
21 45 26 74 47 8 7 42 71 62 21 40 72 51 77 31 28 13 
11 13 6 42 15 24 25 10 39 30 53 8 40 19 45 1 4 19 
45 21 40 8 19 58 59 24 5 4 87 26 6 15 11 35 38 53 
43 19 38 10 17 56 57 22 7 2 85 24 8 13 13 33 36 51 
40 16 35 13 14 53 54 19 10 1 82 21 11 10 16 30 33 48 
13 11 8 40 13 26 27 8 37 28 55 6 38 17 43 3 6 21 
36 12 31 17 10 49 50 15 14 5 78 17 15 6 20 26 29 44 
55 31 50 2 29 68 69 34 5 14 97 36 4 25 1 45 48 63 
46 22 41 7 20 59 60 25 4 5 88 27 5 16 10 36 39 54 
16 40 21 69 42 3 2 37 66 57 26 35 67 46 72 26 23 8 
21 3 16 32 5 34 35 0 29 20 63 2 30 9 35 11 14 29 
2 26 7 55 28 11 12 23 52 43 40 21 53 32 58 12 9 6 
39 15 34 14 13 52 53 18 11 2 81 20 12 9 17 29 32 47 
13 11 8 40 13 26 27 8 37 28 55 6 38 17 43 3 6 21 
40 64 45 93 66 27 26 61 90 81 2 59 91 70 96 50 47 32 
3 21 2 50 23 16 17 18 47 38 45 16 48 27 53 7 4 11 
12 12 7 41 14 25 26 9 38 29 54 7 39 18 44 2 5 20 

25 16 25 27 56 11 5 12 42 2 56 11 40 7 50 51 21 36 
4 37 4 48 77 32 16 33 63 19 77 32 19 14 71 72 0 15 
36 5 36 16 45 0 16 1 31 13 45 0 51 18 39 40 32 47 
70 29 70 18 11 34 50 33 3 47 11 34 85 52 5 6 66 81 
68 27 68 16 13 32 48 31 1 45 13 32 83 50 7 8 64 79 
65 24 65 13 16 29 45 28 2 42 16 29 80 47 10 11 61 76 
38 3 38 14 43 2 18 1 29 15 43 2 53 20 37 38 34 49 
61 20 61 9 20 25 41 24 6 38 20 25 76 43 14 15 57 72 
80 39 80 28 1 44 60 43 13 57 1 44 95 62 5 4 76 91 
71 30 71 19 10 35 51 34 4 48 10 35 86 53 4 5 67 82 
9 32 9 43 72 27 11 28 58 14 72 27 24 9 66 67 5 20 
46 5 46 6 35 10 26 9 21 23 35 10 61 28 29 30 42 57 
23 18 23 29 58 13 3 14 44 0 58 13 38 5 52 53 19 34 
64 23 64 12 17 28 44 27 3 41 17 28 79 46 11 12 60 75 
38 3 38 14 43 2 18 1 29 15 43 2 53 20 37 38 34 49 
15 56 15 67 96 51 35 52 82 38 96 51 0 33 90 91 19 4 
28 13 28 24 53 8 8 9 39 5 53 8 43 10 47 48 24 39 
37 4 37 15 44 1 17 0 30 14 44 1 52 19 38 39 33 48 

16 51 32 46 29 31 32 35 38 20 5 40 30 43 53 34 15 2 
5 72 11 67 50 52 53 14 17 1 16 19 9 64 74 13 6 23 
27 40 43 35 18 20 21 46 49 31 16 51 41 32 42 45 26 9 
61 6 77 1 16 14 13 80 83 65 50 85 75 2 8 79 60 43 
59 8 75 3 14 12 11 78 81 63 48 83 73 0 10 77 58 41 
56 11 72 6 11 9 8 75 78 60 45 80 70 3 13 74 55 38 
29 38 45 33 16 18 19 48 51 33 18 53 43 30 40 47 28 11 
52 15 68 10 7 5 4 71 74 56 41 76 66 7 17 70 51 34 
71 4 87 9 26 24 23 90 93 75 60 95 85 12 2 89 70 53 
62 5 78 0 17 15 14 81 84 66 51 86 76 3 7 80 61 44 
0 67 16 62 45 47 48 19 22 4 11 24 14 59 69 18 1 18 
37 30 53 25 8 10 11 56 59 41 26 61 51 22 32 55 36 19 
14 53 30 48 31 33 34 33 36 18 3 38 28 45 55 32 13 4 
55 12 71 7 10 8 7 74 77 59 44 79 69 4 14 73 54 37 
29 38 45 33 16 18 19 48 51 33 18 53 43 30 40 47 28 11 
24 91 8 86 69 71 72 5 2 20 35 0 10 83 93 6 25 42 
19 48 35 43 26 28 29 38 41 23 8 43 33 40 50 37 18 1 
28 39 44 34 17 19 20 47 50 32 17 52 42 31 41 46 27 10 

6 49 9 14 26 17 26 24 3 54 19 40 35 9 12 19 31 50 
12 31 9 32 44 35 8 42 15 36 37 22 17 9 30 37 13 32 
33 76 36 13 1 10 53 3 30 81 8 67 62 36 15 8 58 77 
15 58 18 5 17 8 35 15 12 63 10 49 44 18 3 10 40 59 
31 12 28 51 63 54 11 61 34 17 56 3 2 28 49 56 6 13 
29 72 32 9 3 6 49 1 26 77 4 63 58 32 11 4 54 73 
4 39 1 24 36 27 16 34 7 44 29 30 25 1 22 29 21 40 
34 77 37 14 2 11 54 4 31 82 9 68 63 37 16 9 59 78 
33 76 36 13 1 10 53 3 30 81 8 67 62 36 15 8 58 77 
57 14 54 77 89 80 37 87 60 9 82 23 28 54 75 82 32 13 
25 68 28 5 7 2 45 5 22 73 0 59 54 28 7 0 50 69 
52 9 49 72 84 75 32 82 55 4 77 18 23 49 70 77 27 8 
50 7 47 70 82 73 30 80 53 2 75 16 21 47 68 75 25 6 
18 25 15 38 50 41 2 48 21 30 43 16 11 15 36 43 7 26 
37 80 40 17 5 14 57 7 34 85 12 71 66 40 19 12 62 81 
15 28 12 35 47 38 5 45 18 33 40 19 14 12 33 40 10 29 
3 40 0 23 35 26 17 33 6 45 28 31 26 0 21 28 22 41 
26 17 23 46 58 49 6 56 29 22 51 8 3 23 44 51 1 18 

5 67 4 6 16 11 47 47 6 15 40 9 15 14 5 65 26 47 
23 49 22 12 2 29 29 29 12 3 22 9 3 32 23 47 44 29 
22 94 23 33 43 16 74 74 33 42 67 36 42 13 22 92 1 74 
4 76 5 15 25 2 56 56 15 24 49 18 24 5 4 74 17 56 
42 30 41 31 21 48 10 10 31 22 3 28 22 51 42 28 63 10 
18 90 19 29 39 12 70 70 29 38 63 32 38 9 18 88 3 70 
15 57 14 4 6 21 37 37 4 5 30 1 5 24 15 55 36 37 
23 95 24 34 44 17 75 75 34 43 68 37 43 14 23 93 2 75 
22 94 23 33 43 16 74 74 33 42 67 36 42 13 22 92 1 74 
68 4 67 57 47 74 16 16 57 48 23 54 48 77 68 2 89 16 
14 86 15 25 35 8 66 66 25 34 59 28 34 5 14 84 7 66 
63 9 62 52 42 69 11 11 52 43 18 49 43 72 63 7 84 11 
61 11 60 50 40 67 9 9 50 41 16 47 41 70 61 9 82 9 
29 43 28 18 8 35 23 23 18 9 16 15 9 38 29 41 50 23 
26 98 27 37 47 20 78 78 37 46 71 40 46 17 26 96 5 78 
26 46 25 15 5 32 26 26 15 6 19 12 6 35 26 44 47 26 
14 58 13 3 7 20 38 38 3 6 31 0 6 23 14 56 35 38 
37 35 36 26 16 43 15 15 26 17 8 23 17 46 37 33 58 15 

11 35 16 64 37 2 3 32 61 52 31 30 62 41 67 21 18 3 
7 17 2 46 19 20 21 14 43 34 49 12 44 23 49 3 0 15 
38 62 43 91 64 25 24 59 88 79 4 57 89 68 94 48 45 30 
20 44 25 73 46 7 6 41 70 61 22 39 71 50 76 30 27 12 
26 2 21 27 0 39 40 5 24 15 68 7 25 4 30 16 19 34 
34 58 39 87 60 21 20 55 84 75 8 53 85 64 90 44 41 26 
1 25 6 54 27 12 13 22 51 42 41 20 52 31 57 11 8 7 
39 63 44 92 65 26 25 60 89 80 3 58 90 69 95 49 46 31 
38 62 43 91 64 25 24 59 88 79 4 57 89 68 94 48 45 30 
52 28 47 1 26 65 66 31 2 11 94 33 1 22 4 42 45 60 
30 54 35 83 56 17 16 51 80 71 12 49 81 60 86 40 37 22 
47 23 42 6 21 60 61 26 3 6 89 28 4 17 9 37 40 55 
45 21 40 8 19 58 59 24 5 4 87 26 6 15 11 35 38 53 
13 11 8 40 13 26 27 8 37 28 55 6 38 17 43 3 6 21 
42 66 47 95 68 29 28 63 92 83 0 61 93 72 98 52 49 34 
10 14 5 43 16 23 24 11 40 31 52 9 41 20 46 0 3 18 
2 26 7 55 28 11 12 23 52 43 40 21 53 32 58 12 9 6 
21 3 16 32 5 34 35 0 29 20 63 2 30 9 35 11 14 29 

14 27 14 38 67 22 6 23 53 9 67 22 29 4 61 62 10 25 
32 9 32 20 49 4 12 5 35 9 49 4 47 14 43 44 28 43 
13 54 13 65 94 49 33 50 80 36 94 49 2 31 88 89 17 2 
5 36 5 47 76 31 15 32 62 18 76 31 20 13 70 71 1 16 
51 10 51 1 30 15 31 14 16 28 30 15 66 33 24 25 47 62 
9 50 9 61 90 45 29 46 76 32 90 45 6 27 84 85 13 2 
24 17 24 28 57 12 4 13 43 1 57 12 39 6 51 52 20 35 
14 55 14 66 95 50 34 51 81 37 95 50 1 32 89 90 18 3 
13 54 13 65 94 49 33 50 80 36 94 49 2 31 88 89 17 2 
77 36 77 25 4 41 57 40 10 54 4 41 92 59 2 1 73 88 
5 46 5 57 86 41 25 42 72 28 86 41 10 23 80 81 9 6 
72 31 72 20 9 36 52 35 5 49 9 36 87 54 3 4 68 83 
70 29 70 18 11 34 50 33 3 47 11 34 85 52 5 6 66 81 
38 3 38 14 43 2 18 1 29 15 43 2 53 20 37 38 34 49 
17 58 17 69 98 53 37 54 84 40 98 53 2 35 92 93 21 6 
35 6 35 17 46 1 15 2 32 12 46 1 50 17 40 41 31 46 
23 18 23 29 58 13 3 14 44 0 58 13 38 5 52 53 19 34 
46 5 46 6 35 10 26 9 21 23 35 10 61 28 29 30 42 57 

5 62 21 57 40 42 43 24 27 9 6 29 19 54 64 23 4 13 
23 44 39 39 22 24 25 42 45 27 12 47 37 36 46 41 22 5 
22 89 6 84 67 69 70 3 0 18 33 2 8 81 91 4 23 40 
4 71 12 66 49 51 52 15 18 0 15 20 10 63 73 14 5 22 
42 25 58 20 3 5 6 61 64 46 31 66 56 17 27 60 41 24 
18 85 2 80 63 65 66 1 4 14 29 6 4 77 87 0 19 36 
15 52 31 47 30 32 33 34 37 19 4 39 29 44 54 33 14 3 
23 90 7 85 68 70 71 4 1 19 34 1 9 82 92 5 24 41 
22 89 6 84 67 69 70 3 0 18 33 2 8 81 91 4 23 40 
68 1 84 6 23 21 20 87 90 72 57 92 82 9 1 86 67 50 
14 81 2 76 59 61 62 5 8 10 25 10 0 73 83 4 15 32 
63 4 79 1 18 16 15 82 85 67 52 87 77 4 6 81 62 45 
61 6 77 1 16 14 13 80 83 65 50 85 75 2 8 79 60 43 
29 38 45 33 16 18 19 48 51 33 18 53 43 30 40 47 28 11 
26 93 10 88 71 73 74 7 4 22 37 2 12 85 95 8 27 44 
26 41 42 36 19 21 22 45 48 30 15 50 40 33 43 44 25 8 
14 53 30 48 31 33 34 33 36 18 3 38 28 45 55 32 13 4 
37 30 53 25 8 10 11 56 59 41 26 61 51 22 32 55 36 19 

11 61 10 0 10 17 41 41 0 9 34 3 9 20 11 59 32 41 
54 18 53 43 33 60 2 2 43 34 9 40 34 63 54 16 75 2 
14 58 13 3 7 20 38 38 3 6 31 0 6 23 14 56 35 38 
9 81 10 20 30 3 61 61 20 29 54 23 29 0 9 79 12 61 
21 93 22 32 42 15 73 73 32 41 66 35 41 12 21 91 0 73 
12 84 13 23 33 6 64 64 23 32 57 26 32 3 12 82 9 64 
31 41 30 20 10 37 21 21 20 11 14 17 11 40 31 39 52 21 
19 91 20 30 40 13 71 71 30 39 64 33 39 10 19 89 2 71 
8 64 7 3 13 14 44 44 3 12 37 6 12 17 8 62 29 44 
59 13 58 48 38 65 7 7 48 39 14 45 39 68 59 11 80 7 
14 86 15 25 35 8 66 66 25 34 59 28 34 5 14 84 7 66 
45 27 44 34 24 51 7 7 34 25 0 31 25 54 45 25 66 7 
40 32 39 29 19 46 12 12 29 20 5 26 20 49 40 30 61 12 
14 58 13 3 7 20 38 38 3 6 31 0 6 23 14 56 35 38 
7 79 8 18 28 1 59 59 18 27 52 21 27 2 7 77 14 59 
14 86 15 25 35 8 66 66 25 34 59 28 34 5 14 84 7 66 
36 36 35 25 15 42 16 16 25 16 9 22 16 45 36 34 57 16 
55 17 54 44 34 61 3 3 44 35 10 41 35 64 55 15 76 3 

5 29 10 58 31 8 9 26 55 46 37 24 56 35 61 15 12 3 
38 14 33 15 12 51 52 17 12 3 80 19 13 8 18 28 31 46 
2 26 7 55 28 11 12 23 52 43 40 21 53 32 58 12 9 6 
25 49 30 78 51 12 11 46 75 66 17 44 76 55 81 35 32 17 
37 61 42 90 63 24 23 58 87 78 5 56 88 67 93 47 44 29 
28 52 33 81 54 15 14 49 78 69 14 47 79 58 84 38 35 20 
15 9 10 38 11 28 29 6 35 26 57 4 36 15 41 5 8 23 
35 59 40 88 61 22 21 56 85 76 7 54 86 65 91 45 42 27 
8 32 13 61 34 5 6 29 58 49 34 27 59 38 64 18 15 0 
43 19 38 10 17 56 57 22 7 2 85 24 8 13 13 33 36 51 
30 54 35 83 56 17 16 51 80 71 12 49 81 60 86 40 37 22 
29 5 24 24 3 42 43 8 21 12 71 10 22 1 27 19 22 37 
24 0 19 29 2 37 38 3 26 17 66 5 27 6 32 14 17 32 
2 26 7 55 28 11 12 23 52 43 40 21 53 32 58 12 9 6 
23 47 28 76 49 10 9 44 73 64 19 42 74 53 79 33 30 15 
30 54 35 83 56 17 16 51 80 71 12 49 81 60 86 40 37 22 
20 4 15 33 6 33 34 1 30 21 62 1 31 10 36 10 13 28 
39 15 34 14 13 52 53 18 11 2 81 20 12 9 17 29 32 47 

20 21 20 32 61 16 0 17 47 3 61 16 35 2 55 56 16 31 
63 22 63 11 18 27 43 26 4 40 18 27 78 45 12 13 59 74 
23 18 23 29 58 13 3 14 44 0 58 13 38 5 52 53 19 34 
0 41 0 52 81 36 20 37 67 23 81 36 15 18 75 76 4 11 
12 53 12 64 93 48 32 49 79 35 93 48 3 30 87 88 16 1 
3 44 3 55 84 39 23 40 70 26 84 39 12 21 78 79 7 8 
40 1 40 12 41 4 20 3 27 17 41 4 55 22 35 36 36 51 
10 51 10 62 91 46 30 47 77 33 91 46 5 28 85 86 14 1 
17 24 17 35 64 19 3 20 50 6 64 19 32 1 58 59 13 28 
68 27 68 16 13 32 48 31 1 45 13 32 83 50 7 8 64 79 
5 46 5 57 86 41 25 42 72 28 86 41 10 23 80 81 9 6 
54 13 54 2 27 18 34 17 13 31 27 18 69 36 21 22 50 65 
49 8 49 3 32 13 29 12 18 26 32 13 64 31 26 27 45 60 
23 18 23 29 58 13 3 14 44 0 58 13 38 5 52 53 19 34 
2 39 2 50 79 34 18 35 65 21 79 34 17 16 73 74 2 13 
5 46 5 57 86 41 25 42 72 28 86 41 10 23 80 81 9 6 
45 4 45 7 36 9 25 8 22 22 36 9 60 27 30 31 41 56 
64 23 64 12 17 28 44 27 3 41 17 28 79 46 11 12 60 75 

11 56 27 51 34 36 37 30 33 15 0 35 25 48 58 29 10 7 
54 13 70 8 9 7 6 73 76 58 43 78 68 5 15 72 53 36 
14 53 30 48 31 33 34 33 36 18 3 38 28 45 55 32 13 4 
9 76 7 71 54 56 57 10 13 5 20 15 5 68 78 9 10 27 
21 88 5 83 66 68 69 2 1 17 32 3 7 80 90 3 22 39 
12 79 4 74 57 59 60 7 10 8 23 12 2 71 81 6 13 30 
31 36 47 31 14 16 17 50 53 35 20 55 45 28 38 49 30 13 
19 86 3 81 64 66 67 0 3 15 30 5 5 78 88 1 20 37 
8 59 24 54 37 39 40 27 30 12 3 32 22 51 61 26 7 10 
59 8 75 3 14 12 11 78 81 63 48 83 73 0 10 77 58 41 
14 81 2 76 59 61 62 5 8 10 25 10 0 73 83 4 15 32 
45 22 61 17 0 2 3 64 67 49 34 69 59 14 24 63 44 27 
40 27 56 22 5 7 8 59 62 44 29 64 54 19 29 58 39 22 
14 53 30 48 31 33 34 33 36 18 3 38 28 45 55 32 13 4 
7 74 9 69 52 54 55 12 15 3 18 17 7 66 76 11 8 25 
14 81 2 76 59 61 62 5 8 10 25 10 0 73 83 4 15 32 
36 31 52 26 9 11 12 55 58 40 25 60 50 23 33 54 35 18 
55 12 71 7 10 8 7 74 77 59 44 79 69 4 14 73 54 37 

16 40 21 69 42 3 2 37 66 57 26 35 67 46 72 26 23 8 
56 32 51 3 30 69 70 35 6 15 98 37 5 26 0 46 49 64 
15 39 20 68 41 2 1 36 65 56 27 34 66 45 71 25 22 7 
5 29 10 58 31 8 9 26 55 46 37 24 56 35 61 15 12 3 
5 19 0 48 21 18 19 16 45 36 47 14 46 25 51 5 2 13 
22 46 27 75 48 9 8 43 72 63 20 41 73 52 78 32 29 14 
36 12 31 17 10 49 50 15 14 5 78 17 15 6 20 26 29 44 
36 12 31 17 10 49 50 15 14 5 78 17 15 6 20 26 29 44 
5 29 10 58 31 8 9 26 55 46 37 24 56 35 61 15 12 3 
4 20 1 49 22 17 18 17 46 37 46 15 47 26 52 6 3 12 
29 5 24 24 3 42 43 8 21 12 71 10 22 1 27 19 22 37 
2 26 7 55 28 11 12 23 52 43 40 21 53 32 58 12 9 6 
4 20 1 49 22 17 18 17 46 37 46 15 47 26 52 6 3 12 
25 49 30 78 51 12 11 46 75 66 17 44 76 55 81 35 32 17 
16 40 21 69 42 3 2 37 66 57 26 35 67 46 72 26 23 8 
54 30 49 1 28 67 68 33 4 13 96 35 3 24 2 44 47 62 
37 61 42 90 63 24 23 58 87 78 5 56 88 67 93 47 44 29 
36 12 31 17 10 49 50 15 14 5 78 17 15 6 20 26 29 44 

9 32 9 43 72 27 11 28 58 14 72 27 24 9 66 67 5 20 
81 40 81 29 0 45 61 44 14 58 0 45 96 63 6 5 77 92 
10 31 10 42 71 26 10 27 57 13 71 26 25 8 65 66 6 21 
20 21 20 32 61 16 0 17 47 3 61 16 35 2 55 56 16 31 
30 11 30 22 51 6 10 7 37 7 51 6 45 12 45 46 26 41 
3 38 3 49 78 33 17 34 64 20 78 33 18 15 72 73 1 14 
61 20 61 9 20 25 41 24 6 38 20 25 76 43 14 15 57 72 
61 20 61 9 20 25 41 24 6 38 20 25 76 43 14 15 57 72 
20 21 20 32 61 16 0 17 47 3 61 16 35 2 55 56 16 31 
29 12 29 23 52 7 9 8 38 6 52 7 44 11 46 47 25 40 
54 13 54 2 27 18 34 17 13 31 27 18 69 36 21 22 50 65 
23 18 23 29 58 13 3 14 44 0 58 13 38 5 52 53 19 34 
29 12 29 23 52 7 9 8 38 6 52 7 44 11 46 47 25 40 
0 41 0 52 81 36 20 37 67 23 81 36 15 18 75 76 4 11 
9 32 9 43 72 27 11 28 58 14 72 27 24 9 66 67 5 20 
79 38 79 27 2 43 59 42 12 56 2 43 94 61 4 3 75 90 
12 53 12 64 93 48 32 49 79 35 93 48 3 30 87 88 16 1 
61 20 61 9 20 25 41 24 6 38 20 25 76 43 14 15 57 72 

0 67 16 62 45 47 48 19 22 4 11 24 14 59 69 18 1 18 
72 5 88 10 27 25 24 91 94 76 61 96 86 13 3 90 71 54 
1 66 17 61 44 46 47 20 23 5 10 25 15 58 68 19 0 17 
11 56 27 51 34 36 37 30 33 15 0 35 25 48 58 29 10 7 
21 46 37 41 24 26 27 40 43 25 10 45 35 38 48 39 20 3 
6 73 10 68 51 53 54 13 16 2 17 18 8 65 75 12 7 24 
52 15 68 10 7 5 4 71 74 56 41 76 66 7 17 70 51 34 
52 15 68 10 7 5 4 71 74 56 41 76 66 7 17 70 51 34 
11 56 27 51 34 36 37 30 33 15 0 35 25 48 58 29 10 7 
20 47 36 42 25 27 28 39 42 24 9 44 34 39 49 38 19 2 
45 22 61 17 0 2 3 64 67 49 34 69 59 14 24 63 44 27 
14 53 30 48 31 33 34 33 36 18 3 38 28 45 55 32 13 4 
20 47 36 42 25 27 28 39 42 24 9 44 34 39 49 38 19 2 
9 76 7 71 54 56 57 10 13 5 20 15 5 68 78 9 10 27 
0 67 16 62 45 47 48 19 22 4 11 24 14 59 69 18 1 18 
70 3 86 8 25 23 22 89 92 74 59 94 84 11 1 88 69 52 
21 88 5 83 66 68 69 2 1 17 32 3 7 80 90 3 22 39 
52 15 68 10 7 5 4 71 74 56 41 76 66 7 17 70 51 34 

25 16 25 27 56 11 5 12 42 2 56 11 40 7 50 51 21 36 
49 8 49 3 32 13 29 12 18 26 32 13 64 31 26 27 45 60 
30 11 30 22 51 6 10 7 37 7 51 6 45 12 45 46 26 41 
78 37 78 26 3 42 58 41 11 55 3 42 93 60 3 2 74 89 
51 10 51 1 30 15 31 14 16 28 30 15 66 33 24 25 47 62 
12 29 12 40 69 24 8 25 55 11 69 24 27 6 63 64 8 23 
11 30 11 41 70 25 9 26 56 12 70 25 26 7 64 65 7 22 
46 5 46 6 35 10 26 9 21 23 35 10 61 28 29 30 42 57 
75 34 75 23 6 39 55 38 8 52 6 39 90 57 0 1 71 86 
66 25 66 14 15 30 46 29 1 43 15 30 81 48 9 10 62 77 
17 58 17 69 98 53 37 54 84 40 98 53 2 35 92 93 21 6 
44 3 44 8 37 8 24 7 23 21 37 8 59 26 31 32 40 55 
76 35 76 24 5 40 56 39 9 53 5 40 91 58 1 0 72 87 
55 14 55 3 26 19 35 18 12 32 26 19 70 37 20 21 51 66 
81 40 81 29 0 45 61 44 14 58 0 45 96 63 6 5 77 92 
35 6 35 17 46 1 15 2 32 12 46 1 50 17 40 41 31 46 
32 9 32 20 49 4 12 5 35 9 49 4 47 14 43 44 28 43 
17 24 17 35 64 19 3 20 50 6 64 19 32 1 58 59 13 28 

16 51 32 46 29 31 32 35 38 20 5 40 30 43 53 34 15 2 
40 27 56 22 5 7 8 59 62 44 29 64 54 19 29 58 39 22 
21 46 37 41 24 26 27 40 43 25 10 45 35 38 48 39 20 3 
69 2 85 7 24 22 21 88 91 73 58 93 83 10 0 87 68 51 
42 25 58 20 3 5 6 61 64 46 31 66 56 17 27 60 41 24 
3 64 19 59 42 44 45 22 25 7 8 27 17 56 66 21 2 15 
2 65 18 60 43 45 46 21 24 6 9 26 16 57 67 20 1 16 
37 30 53 25 8 10 11 56 59 41 26 61 51 22 32 55 36 19 
66 1 82 4 21 19 18 85 88 70 55 90 80 7 3 84 65 48 
57 10 73 5 12 10 9 76 79 61 46 81 71 2 12 75 56 39 
26 93 10 88 71 73 74 7 4 22 37 2 12 85 95 8 27 44 
35 32 51 27 10 12 13 54 57 39 24 59 49 24 34 53 34 17 
67 0 83 5 22 20 19 86 89 71 56 91 81 8 2 85 66 49 
46 21 62 16 1 1 2 65 68 50 35 70 60 13 23 64 45 28 
72 5 88 10 27 25 24 91 94 76 61 96 86 13 3 90 71 54 
26 41 42 36 19 21 22 45 48 30 15 50 40 33 43 44 25 8 
23 44 39 39 22 24 25 42 45 27 12 47 37 36 46 41 22 5 
8 59 24 54 37 39 40 27 30 12 3 32 22 51 61 26 7 10 

9 76 7 71 54 56 57 10 13 5 20 15 5 68 78 9 10 27 
32 35 48 30 13 15 16 51 54 36 21 56 46 27 37 50 31 14 
9 76 7 71 54 56 57 10 13 5 20 15 5 68 78 9 10 27 
43 24 59 19 2 4 5 62 65 47 32 67 57 16 26 61 42 25 
72 5 88 10 27 25 24 91 94 76 61 96 86 13 3 90 71 54 
27 40 43 35 18 20 21 46 49 31 16 51 41 32 42 45 26 9 
11 56 27 51 34 36 37 30 33 15 0 35 25 48 58 29 10 7 
28 39 44 34 17 19 20 47 50 32 17 52 42 31 41 46 27 10 
58 9 74 4 13 11 10 77 80 62 47 82 72 1 11 76 57 40 
14 53 30 48 31 33 34 33 36 18 3 38 28 45 55 32 13 4 
72 5 88 10 27 25 24 91 94 76 61 96 86 13 3 90 71 54 
27 40 43 35 18 20 21 46 49 31 16 51 41 32 42 45 26 9 
24 91 8 86 69 71 72 5 2 20 35 0 10 83 93 6 25 42 
9 58 25 53 36 38 39 28 31 13 2 33 23 50 60 27 8 9 
66 1 82 4 21 19 18 85 88 70 55 90 80 7 3 84 65 48 
67 0 83 5 22 20 19 86 89 71 56 91 81 8 2 85 66 49 
5 72 11 67 50 52 53 14 17 1 16 19 9 64 74 13 6 23 
20 87 4 82 65 67 68 1 2 16 31 4 6 79 89 2 21 38 

