17 6 

7 17 91 5 8 47 8 13 36 73 51 7 1 25 45 73 38 
3 21 95 1 12 51 12 17 40 77 55 11 5 29 49 77 42 
37 13 61 35 22 17 22 17 6 43 21 23 29 5 15 43 8 
42 18 56 40 27 12 27 22 1 38 16 28 34 10 10 38 3 
67 43 31 65 52 13 52 47 24 13 9 53 59 35 15 13 22 
7 17 91 5 8 47 8 13 36 73 51 7 1 25 45 73 38 
62 38 36 60 47 8 47 42 19 18 4 48 54 30 10 18 17 
4 20 94 2 11 50 11 16 39 76 54 10 4 28 48 76 41 
3 21 95 1 12 51 12 17 40 77 55 11 5 29 49 77 42 
0 24 98 2 15 54 15 20 43 80 58 14 8 32 52 80 45 
81 57 17 79 66 27 66 61 38 1 23 67 73 49 29 1 36 
17 7 81 15 2 37 2 3 26 63 41 3 9 15 35 63 28 
66 42 32 64 51 12 51 46 23 14 8 52 58 34 14 14 21 
21 3 77 19 6 33 6 1 22 59 37 7 13 11 31 59 24 
0 24 98 2 15 54 15 20 43 80 58 14 8 32 52 80 45 
17 7 81 15 2 37 2 3 26 63 41 3 9 15 35 63 28 
78 54 20 76 63 24 63 58 35 2 20 64 70 46 26 2 33 

53 81 34 45 90 12 73 80 22 81 56 52 0 7 49 65 32 
57 85 38 49 94 16 77 84 26 85 60 56 4 11 53 69 36 
23 51 4 15 60 18 43 50 8 51 26 22 30 23 19 35 2 
18 46 1 10 55 23 38 45 13 46 21 17 35 28 14 30 3 
7 21 26 15 30 48 13 20 38 21 4 8 60 53 11 5 28 
53 81 34 45 90 12 73 80 22 81 56 52 0 7 49 65 32 
2 26 21 10 35 43 18 25 33 26 1 3 55 48 6 10 23 
56 84 37 48 93 15 76 83 25 84 59 55 3 10 52 68 35 
57 85 38 49 94 16 77 84 26 85 60 56 4 11 53 69 36 
60 88 41 52 97 19 80 87 29 88 63 59 7 14 56 72 39 
21 7 40 29 16 62 1 6 52 7 18 22 74 67 25 9 42 
43 71 24 35 80 2 63 70 12 71 46 42 10 3 39 55 22 
6 22 25 14 31 47 14 21 37 22 3 7 59 52 10 6 27 
39 67 20 31 76 2 59 66 8 67 42 38 14 7 35 51 18 
60 88 41 52 97 19 80 87 29 88 63 59 7 14 56 72 39 
43 71 24 35 80 2 63 70 12 71 46 42 10 3 39 55 22 
18 10 37 26 19 59 2 9 49 10 15 19 71 64 22 6 39 

14 5 47 79 3 71 22 89 82 81 92 24 34 63 24 80 1 
18 1 51 83 7 75 26 93 86 85 96 28 38 67 28 84 3 
16 35 17 49 27 41 8 59 52 51 62 6 4 33 6 50 31 
21 40 12 44 32 36 13 54 47 46 57 11 1 28 11 45 36 
46 65 13 19 57 11 38 29 22 21 32 36 26 3 36 20 61 
14 5 47 79 3 71 22 89 82 81 92 24 34 63 24 80 1 
41 60 8 24 52 16 33 34 27 26 37 31 21 8 31 25 56 
17 2 50 82 6 74 25 92 85 84 95 27 37 66 27 83 2 
18 1 51 83 7 75 26 93 86 85 96 28 38 67 28 84 3 
21 2 54 86 10 78 29 96 89 88 99 31 41 70 31 87 6 
60 79 27 5 71 3 52 15 8 7 18 50 40 11 50 6 75 
4 15 37 69 7 61 12 79 72 71 82 14 24 53 14 70 11 
45 64 12 20 56 12 37 30 23 22 33 35 25 4 35 21 60 
0 19 33 65 11 57 8 75 68 67 78 10 20 49 10 66 15 
21 2 54 86 10 78 29 96 89 88 99 31 41 70 31 87 6 
4 15 37 69 7 61 12 79 72 71 82 14 24 53 14 70 11 
57 76 24 8 68 0 49 18 11 10 21 47 37 8 47 9 72 

89 39 76 85 27 2 47 67 88 3 79 38 45 77 12 5 20 
93 43 80 89 31 2 51 71 92 7 83 42 49 81 16 9 24 
59 9 46 55 3 32 17 37 58 27 49 8 15 47 18 25 10 
54 4 41 50 8 37 12 32 53 32 44 3 10 42 23 30 15 
29 21 16 25 33 62 13 7 28 57 19 22 15 17 48 55 40 
89 39 76 85 27 2 47 67 88 3 79 38 45 77 12 5 20 
34 16 21 30 28 57 8 12 33 52 24 17 10 22 43 50 35 
92 42 79 88 30 1 50 70 91 6 82 41 48 80 15 8 23 
93 43 80 89 31 2 51 71 92 7 83 42 49 81 16 9 24 
96 46 83 92 34 5 54 74 95 10 86 45 52 84 19 12 27 
15 35 2 11 47 76 27 7 14 71 5 36 29 3 62 69 54 
79 29 66 75 17 12 37 57 78 7 69 28 35 67 2 5 10 
30 20 17 26 32 61 12 8 29 56 20 21 14 18 47 54 39 
75 25 62 71 13 16 33 53 74 11 65 24 31 63 2 9 6 
96 46 83 92 34 5 54 74 95 10 86 45 52 84 19 12 27 
79 29 66 75 17 12 37 57 78 7 69 28 35 67 2 5 10 
18 32 5 14 44 73 24 4 17 68 8 33 26 6 59 66 51 

14 88 47 67 50 56 92 5 57 25 12 9 16 15 34 81 89 
18 92 51 71 54 60 96 1 61 29 16 13 20 19 38 85 93 
16 58 17 37 20 26 62 35 27 5 18 21 14 15 4 51 59 
21 53 12 32 15 21 57 40 22 10 23 26 19 20 1 46 54 
46 28 13 7 10 4 32 65 3 35 48 51 44 45 26 21 29 
14 88 47 67 50 56 92 5 57 25 12 9 16 15 34 81 89 
41 33 8 12 5 1 37 60 2 30 43 46 39 40 21 26 34 
17 91 50 70 53 59 95 2 60 28 15 12 19 18 37 84 92 
18 92 51 71 54 60 96 1 61 29 16 13 20 19 38 85 93 
21 95 54 74 57 63 99 2 64 32 19 16 23 22 41 88 96 
60 14 27 7 24 18 18 79 17 49 62 65 58 59 40 7 15 
4 78 37 57 40 46 82 15 47 15 2 1 6 5 24 71 79 
45 29 12 8 9 3 33 64 2 34 47 50 43 44 25 22 30 
0 74 33 53 36 42 78 19 43 11 2 5 2 1 20 67 75 
21 95 54 74 57 63 99 2 64 32 19 16 23 22 41 88 96 
4 78 37 57 40 46 82 15 47 15 2 1 6 5 24 71 79 
57 17 24 4 21 15 21 76 14 46 59 62 55 56 37 10 18 

60 88 41 52 97 19 80 87 29 88 63 59 7 14 56 72 39 
36 64 17 28 73 5 56 63 5 64 39 35 17 10 32 48 15 
38 10 57 46 1 79 18 11 69 10 35 39 91 84 42 26 59 
58 86 39 50 95 17 78 85 27 86 61 57 5 12 54 70 37 
45 73 26 37 82 4 65 72 14 73 48 44 8 1 41 57 24 
6 34 13 2 43 35 26 33 25 34 9 5 47 40 2 18 15 
45 73 26 37 82 4 65 72 14 73 48 44 8 1 41 57 24 
40 68 21 32 77 1 60 67 9 68 43 39 13 6 36 52 19 
17 45 2 9 54 24 37 44 14 45 20 16 36 29 13 29 4 
20 8 39 28 17 61 0 7 51 8 17 21 73 66 24 8 41 
2 30 17 6 39 39 22 29 29 30 5 1 51 44 2 14 19 
46 74 27 38 83 5 66 73 15 74 49 45 7 0 42 58 25 
52 80 33 44 89 11 72 79 21 80 55 51 1 6 48 64 31 
28 56 9 20 65 13 48 55 3 56 31 27 25 18 24 40 7 
8 36 11 0 45 33 28 35 23 36 11 7 45 38 4 20 13 
20 8 39 28 17 61 0 7 51 8 17 21 73 66 24 8 41 
15 43 4 7 52 26 35 42 16 43 18 14 38 31 11 27 6 

21 2 54 86 10 78 29 96 89 88 99 31 41 70 31 87 6 
3 22 30 62 14 54 5 72 65 64 75 7 17 46 7 63 18 
77 96 44 12 88 20 69 2 9 10 1 67 57 28 67 11 92 
19 0 52 84 8 76 27 94 87 86 97 29 39 68 29 85 4 
6 13 39 71 5 63 14 81 74 73 84 16 26 55 16 72 9 
33 52 0 32 44 24 25 42 35 34 45 23 13 16 23 33 48 
6 13 39 71 5 63 14 81 74 73 84 16 26 55 16 72 9 
1 18 34 66 10 58 9 76 69 68 79 11 21 50 11 67 14 
22 41 11 43 33 35 14 53 46 45 56 12 2 27 12 44 37 
59 78 26 6 70 2 51 16 9 8 19 49 39 10 49 7 74 
37 56 4 28 48 20 29 38 31 30 41 27 17 12 27 29 52 
7 12 40 72 4 64 15 82 75 74 85 17 27 56 17 73 8 
13 6 46 78 2 70 21 88 81 80 91 23 33 62 23 79 2 
11 30 22 54 22 46 3 64 57 56 67 1 9 38 1 55 26 
31 50 2 34 42 26 23 44 37 36 47 21 11 18 21 35 46 
59 78 26 6 70 2 51 16 9 8 19 49 39 10 49 7 74 
24 43 9 41 35 33 16 51 44 43 54 14 4 25 14 42 39 

96 46 83 92 34 5 54 74 95 10 86 45 52 84 19 12 27 
72 22 59 68 10 19 30 50 71 14 62 21 28 60 5 12 3 
2 52 15 6 64 93 44 24 3 88 12 53 46 14 79 86 71 
94 44 81 90 32 3 52 72 93 8 84 43 50 82 17 10 25 
81 31 68 77 19 10 39 59 80 5 71 30 37 69 4 3 12 
42 8 29 38 20 49 0 20 41 44 32 9 2 30 35 42 27 
81 31 68 77 19 10 39 59 80 5 71 30 37 69 4 3 12 
76 26 63 72 14 15 34 54 75 10 66 25 32 64 1 8 7 
53 3 40 49 9 38 11 31 52 33 43 2 9 41 24 31 16 
16 34 3 12 46 75 26 6 15 70 6 35 28 4 61 68 53 
38 12 25 34 24 53 4 16 37 48 28 13 6 26 39 46 31 
82 32 69 78 20 9 40 60 81 4 72 31 38 70 5 2 13 
88 38 75 84 26 3 46 66 87 2 78 37 44 76 11 4 19 
64 14 51 60 2 27 22 42 63 22 54 13 20 52 13 20 5 
44 6 31 40 18 47 2 22 43 42 34 7 0 32 33 40 25 
16 34 3 12 46 75 26 6 15 70 6 35 28 4 61 68 53 
51 1 38 47 11 40 9 29 50 35 41 0 7 39 26 33 18 

21 95 54 74 57 63 99 2 64 32 19 16 23 22 41 88 96 
3 71 30 50 33 39 75 22 40 8 5 8 1 2 17 64 72 
77 3 44 24 41 35 1 96 34 66 79 82 75 76 57 10 2 
19 93 52 72 55 61 97 0 62 30 17 14 21 20 39 86 94 
6 80 39 59 42 48 84 13 49 17 4 1 8 7 26 73 81 
33 41 0 20 3 9 45 52 10 22 35 38 31 32 13 34 42 
6 80 39 59 42 48 84 13 49 17 4 1 8 7 26 73 81 
1 75 34 54 37 43 79 18 44 12 1 4 3 2 21 68 76 
22 52 11 31 14 20 56 41 21 11 24 27 20 21 2 45 53 
59 15 26 6 23 17 19 78 16 48 61 64 57 58 39 8 16 
37 37 4 16 1 5 41 56 6 26 39 42 35 36 17 30 38 
7 81 40 60 43 49 85 12 50 18 5 2 9 8 27 74 82 
13 87 46 66 49 55 91 6 56 24 11 8 15 14 33 80 88 
11 63 22 42 25 31 67 30 32 0 13 16 9 10 9 56 64 
31 43 2 22 5 11 47 50 12 20 33 36 29 30 11 36 44 
59 15 26 6 23 17 19 78 16 48 61 64 57 58 39 8 16 
24 50 9 29 12 18 54 43 19 13 26 29 22 23 4 43 51 

39 58 6 26 50 18 31 36 29 28 39 29 19 10 29 27 54 
67 86 34 2 78 10 59 8 1 0 11 57 47 18 57 1 82 
20 39 13 45 31 37 12 55 48 47 58 10 0 29 10 46 35 
31 50 2 34 42 26 23 44 37 36 47 21 11 18 21 35 46 
76 95 43 11 87 19 68 1 8 9 2 66 56 27 66 10 91 
2 17 35 67 9 59 10 77 70 69 80 12 22 51 12 68 13 
59 78 26 6 70 2 51 16 9 8 19 49 39 10 49 7 74 
66 85 33 1 77 9 58 9 2 1 12 56 46 17 56 0 81 
8 27 25 57 19 49 0 67 60 59 70 2 12 41 2 58 23 
67 86 34 2 78 10 59 8 1 0 11 57 47 18 57 1 82 
42 61 9 23 53 15 34 33 26 25 36 32 22 7 32 24 57 
38 57 5 27 49 19 30 37 30 29 40 28 18 11 28 28 53 
14 5 47 79 3 71 22 89 82 81 92 24 34 63 24 80 1 
7 12 40 72 4 64 15 82 75 74 85 17 27 56 17 73 8 
35 54 2 30 46 22 27 40 33 32 43 25 15 14 25 31 50 
51 70 18 14 62 6 43 24 17 16 27 41 31 2 41 15 66 
18 37 15 47 29 39 10 57 50 49 60 8 2 31 8 48 33 

36 14 23 32 26 55 6 14 35 50 26 15 8 24 41 48 33 
8 42 5 4 54 83 34 14 7 78 2 43 36 4 69 76 61 
55 5 42 51 7 36 13 33 54 31 45 4 11 43 22 29 14 
44 6 31 40 18 47 2 22 43 42 34 7 0 32 33 40 25 
1 51 14 5 63 92 43 23 2 87 11 52 45 13 78 85 70 
77 27 64 73 15 14 35 55 76 9 67 26 33 65 0 7 8 
16 34 3 12 46 75 26 6 15 70 6 35 28 4 61 68 53 
9 41 4 5 53 82 33 13 8 77 1 42 35 3 68 75 60 
67 17 54 63 5 24 25 45 66 19 57 16 23 55 10 17 2 
8 42 5 4 54 83 34 14 7 78 2 43 36 4 69 76 61 
33 17 20 29 29 58 9 11 32 53 23 18 11 21 44 51 36 
37 13 24 33 25 54 5 15 36 49 27 14 7 25 40 47 32 
89 39 76 85 27 2 47 67 88 3 79 38 45 77 12 5 20 
82 32 69 78 20 9 40 60 81 4 72 31 38 70 5 2 13 
40 10 27 36 22 51 2 18 39 46 30 11 4 28 37 44 29 
24 26 11 20 38 67 18 2 23 62 14 27 20 12 53 60 45 
57 7 44 53 5 34 15 35 56 29 47 6 13 45 20 27 12 

39 35 6 14 3 3 39 58 4 28 41 44 37 38 19 28 36 
67 7 34 14 31 25 11 86 24 56 69 72 65 66 47 0 8 
20 54 13 33 16 22 58 39 23 9 22 25 18 19 0 47 55 
31 43 2 22 5 11 47 50 12 20 33 36 29 30 11 36 44 
76 2 43 23 40 34 2 95 33 65 78 81 74 75 56 9 1 
2 76 35 55 38 44 80 17 45 13 0 3 4 3 22 69 77 
59 15 26 6 23 17 19 78 16 48 61 64 57 58 39 8 16 
66 8 33 13 30 24 12 85 23 55 68 71 64 65 46 1 9 
8 66 25 45 28 34 70 27 35 3 10 13 6 7 12 59 67 
67 7 34 14 31 25 11 86 24 56 69 72 65 66 47 0 8 
42 32 9 11 6 0 36 61 1 31 44 47 40 41 22 25 33 
38 36 5 15 2 4 40 57 5 27 40 43 36 37 18 29 37 
14 88 47 67 50 56 92 5 57 25 12 9 16 15 34 81 89 
7 81 40 60 43 49 85 12 50 18 5 2 9 8 27 74 82 
35 39 2 18 1 7 43 54 8 24 37 40 33 34 15 32 40 
51 23 18 2 15 9 27 70 8 40 53 56 49 50 31 16 24 
18 56 15 35 18 24 60 37 25 7 20 23 16 17 2 49 57 

75 25 62 71 13 16 33 53 74 11 65 24 31 63 2 9 6 
94 44 81 90 32 3 52 72 93 8 84 43 50 82 17 10 25 
42 8 29 38 20 49 0 20 41 44 32 9 2 30 35 42 27 
10 40 3 6 52 81 32 12 9 76 0 41 34 2 67 74 59 
86 36 73 82 24 5 44 64 85 0 76 35 42 74 9 2 17 
18 32 5 14 44 73 24 4 17 68 8 33 26 6 59 66 51 
67 17 54 63 5 24 25 45 66 19 57 16 23 55 10 17 2 
0 50 13 4 62 91 42 22 1 86 10 51 44 12 77 84 69 
7 43 6 3 55 84 35 15 6 79 3 44 37 5 70 77 62 
8 42 5 4 54 83 34 14 7 78 2 43 36 4 69 76 61 
3 53 16 7 65 94 45 25 4 89 13 54 47 15 80 87 72 
65 15 52 61 3 26 23 43 64 21 55 14 21 53 12 19 4 
55 5 42 51 7 36 13 33 54 31 45 4 11 43 22 29 14 
26 24 13 22 36 65 16 4 25 60 16 25 18 14 51 58 43 
65 15 52 61 3 26 23 43 64 21 55 14 21 53 12 19 4 
9 41 4 5 53 82 33 13 8 77 1 42 35 3 68 75 60 
90 40 77 86 28 1 48 68 89 4 80 39 46 78 13 6 21 

0 74 33 53 36 42 78 19 43 11 2 5 2 1 20 67 75 
19 93 52 72 55 61 97 0 62 30 17 14 21 20 39 86 94 
33 41 0 20 3 9 45 52 10 22 35 38 31 32 13 34 42 
65 9 32 12 29 23 13 84 22 54 67 70 63 64 45 2 10 
11 85 44 64 47 53 89 8 54 22 9 6 13 12 31 78 86 
57 17 24 4 21 15 21 76 14 46 59 62 55 56 37 10 18 
8 66 25 45 28 34 70 27 35 3 10 13 6 7 12 59 67 
75 1 42 22 39 33 3 94 32 64 77 80 73 74 55 8 0 
68 6 35 15 32 26 10 87 25 57 70 73 66 67 48 1 7 
67 7 34 14 31 25 11 86 24 56 69 72 65 66 47 0 8 
78 4 45 25 42 36 0 97 35 67 80 83 76 77 58 11 3 
10 64 23 43 26 32 68 29 33 1 12 15 8 9 10 57 65 
20 54 13 33 16 22 58 39 23 9 22 25 18 19 0 47 55 
49 25 16 4 13 7 29 68 6 38 51 54 47 48 29 18 26 
10 64 23 43 26 32 68 29 33 1 12 15 8 9 10 57 65 
66 8 33 13 30 24 12 85 23 55 68 71 64 65 46 1 9 
15 89 48 68 51 57 93 4 58 26 13 10 17 16 35 82 90 

75 1 42 22 39 33 3 94 32 64 77 80 73 74 55 8 0 
25 49 8 28 11 17 53 44 18 14 27 30 23 24 5 42 50 
62 12 29 9 26 20 16 81 19 51 64 67 60 61 42 5 13 
71 3 38 18 35 29 7 90 28 60 73 76 69 70 51 4 4 
13 61 20 40 23 29 65 32 30 2 15 18 11 12 7 54 62 
16 90 49 69 52 58 94 3 59 27 14 11 18 17 36 83 91 
33 41 0 20 3 9 45 52 10 22 35 38 31 32 13 34 42 
53 21 20 0 17 11 25 72 10 42 55 58 51 52 33 14 22 
74 0 41 21 38 32 4 93 31 63 76 79 72 73 54 7 1 
11 85 44 64 47 53 89 8 54 22 9 6 13 12 31 78 86 
65 9 32 12 29 23 13 84 22 54 67 70 63 64 45 2 10 
24 50 9 29 12 18 54 43 19 13 26 29 22 23 4 43 51 
31 43 2 22 5 11 47 50 12 20 33 36 29 30 11 36 44 
63 11 30 10 27 21 15 82 20 52 65 68 61 62 43 4 12 
2 76 35 55 38 44 80 17 45 13 0 3 4 3 22 69 77 
9 83 42 62 45 51 87 10 52 20 7 4 11 10 29 76 84 
6 68 27 47 30 36 72 25 37 5 8 11 4 5 14 61 69 

