11 9 

21 4 31 5 17 44 22 5 7 14 19 
50 33 60 24 12 15 7 34 36 15 48 
47 30 57 21 9 18 4 31 33 12 45 
70 53 80 44 32 5 27 54 56 35 68 
15 2 25 11 23 50 28 1 1 20 13 
2 15 12 24 36 63 41 14 12 33 0 
47 30 57 21 9 18 4 31 33 12 45 
23 6 33 3 15 42 20 7 9 12 21 
3 14 13 23 35 62 40 13 11 32 1 
14 3 24 12 24 51 29 2 0 21 12 
35 18 45 9 3 30 8 19 21 0 33 

5 3 9 35 47 7 25 27 21 17 6 
24 26 20 64 18 22 54 2 50 46 23 
21 23 17 61 21 19 51 1 47 43 20 
44 46 40 84 2 42 74 22 70 66 43 
11 9 15 29 53 13 19 33 15 11 12 
24 22 28 16 66 26 6 46 2 2 25 
21 23 17 61 21 19 51 1 47 43 20 
3 1 7 37 45 5 27 25 23 19 4 
23 21 27 17 65 25 7 45 3 1 24 
12 10 16 28 54 14 18 34 14 10 13 
9 11 5 49 33 7 39 13 35 31 8 

8 9 22 2 8 25 28 11 5 15 27 
21 38 51 27 21 54 1 40 24 14 56 
18 35 48 24 18 51 2 37 21 11 53 
41 58 71 47 41 74 21 60 44 34 76 
14 3 16 8 14 19 34 5 11 21 21 
27 10 3 21 27 6 47 8 24 34 8 
18 35 48 24 18 51 2 37 21 11 53 
6 11 24 0 6 27 26 13 3 13 29 
26 9 4 20 26 7 46 7 23 33 9 
15 2 15 9 15 18 35 4 12 22 20 
6 23 36 12 6 39 14 25 9 1 41 

19 42 17 39 43 27 15 8 7 14 13 
48 71 12 10 72 56 44 21 36 15 16 
45 68 9 13 69 53 41 18 33 12 13 
68 91 32 10 92 76 64 41 56 35 36 
13 36 23 45 37 21 9 14 1 20 19 
0 23 36 58 24 8 4 27 12 33 32 
45 68 9 13 69 53 41 18 33 12 13 
21 44 15 37 45 29 17 6 9 12 11 
1 24 35 57 25 9 3 26 11 32 31 
12 35 24 46 36 20 8 15 0 21 20 
33 56 3 25 57 41 29 6 21 0 1 

50 27 42 29 17 14 17 45 40 6 45 
21 56 13 0 12 43 12 74 11 35 74 
24 53 16 3 9 40 9 71 14 32 71 
1 76 7 20 32 63 32 94 9 55 94 
56 21 48 35 23 8 23 39 46 0 39 
69 8 61 48 36 5 36 26 59 13 26 
24 53 16 3 9 40 9 71 14 32 71 
48 29 40 27 15 16 15 47 38 8 47 
68 9 60 47 35 4 35 27 58 12 27 
57 20 49 36 24 7 24 38 47 1 38 
36 41 28 15 3 28 3 59 26 20 59 

14 31 7 15 26 14 19 20 6 15 37 
43 60 36 44 55 15 48 9 23 44 8 
40 57 33 41 52 12 45 6 20 41 11 
63 80 56 64 75 35 68 29 43 64 12 
8 25 1 9 20 20 13 26 12 9 43 
5 12 12 4 7 33 0 39 25 4 56 
40 57 33 41 52 12 45 6 20 41 11 
16 33 9 17 28 12 21 18 4 17 35 
4 13 11 3 8 32 1 38 24 3 55 
7 24 0 8 19 21 12 27 13 8 44 
28 45 21 29 40 0 33 6 8 29 23 

27 25 17 51 20 30 48 42 47 20 2 
2 4 46 22 9 1 19 13 18 9 27 
1 1 43 25 6 4 22 16 21 6 24 
22 24 66 2 29 19 1 7 2 29 47 
33 31 11 57 26 36 54 48 53 26 8 
46 44 2 70 39 49 67 61 66 39 21 
1 1 43 25 6 4 22 16 21 6 24 
25 23 19 49 18 28 46 40 45 18 0 
45 43 1 69 38 48 66 60 65 38 20 
34 32 10 58 27 37 55 49 54 27 9 
13 11 31 37 6 16 34 28 33 6 12 

32 37 40 0 17 9 45 6 21 18 47 
3 8 11 29 46 38 74 35 50 11 18 
6 11 14 26 43 35 71 32 47 8 21 
17 12 9 49 66 58 94 55 70 31 2 
38 43 46 6 11 3 39 0 15 24 53 
51 56 59 19 2 10 26 13 2 37 66 
6 11 14 26 43 35 71 32 47 8 21 
30 35 38 2 19 11 47 8 23 16 45 
50 55 58 18 1 9 27 12 3 36 65 
39 44 47 7 10 2 38 1 14 25 54 
18 23 26 14 31 23 59 20 35 4 33 

26 24 30 14 68 28 4 48 0 4 27 
9 7 13 31 51 11 21 31 17 13 10 
36 34 40 4 78 38 6 58 10 14 37 
0 2 4 40 42 2 30 22 26 22 1 
12 14 8 52 30 10 42 10 38 34 11 
39 41 35 79 3 37 69 17 65 61 38 
17 19 13 57 25 15 47 5 43 39 16 
10 8 14 30 52 12 20 32 16 12 11 
12 10 16 28 54 14 18 34 14 10 13 
9 11 5 49 33 7 39 13 35 31 8 
24 22 28 16 66 26 6 46 2 2 25 

29 12 1 23 29 4 49 10 26 36 6 
12 5 18 6 12 21 32 7 9 19 23 
39 22 9 33 39 6 59 20 36 46 4 
3 14 27 3 3 30 23 16 0 10 32 
9 26 39 15 9 42 11 28 12 2 44 
36 53 66 42 36 69 16 55 39 29 71 
14 31 44 20 14 47 6 33 17 7 49 
13 4 17 7 13 20 33 6 10 20 22 
15 2 15 9 15 18 35 4 12 22 20 
6 23 36 12 6 39 14 25 9 1 41 
27 10 3 21 27 6 47 8 24 34 8 

2 21 38 60 22 6 6 29 14 35 34 
15 38 21 43 39 23 11 12 3 18 17 
12 11 48 70 12 4 16 39 24 45 44 
24 47 12 34 48 32 20 3 12 9 8 
36 59 0 22 60 44 32 9 24 3 4 
63 86 27 5 87 71 59 36 51 30 31 
41 64 5 17 65 49 37 14 29 8 9 
14 37 22 44 38 22 10 13 2 19 18 
12 35 24 46 36 20 8 15 0 21 20 
33 56 3 25 57 41 29 6 21 0 1 
0 23 36 58 24 8 4 27 12 33 32 

71 6 63 50 38 7 38 24 61 15 24 
54 23 46 33 21 10 21 41 44 2 41 
81 4 73 60 48 17 48 14 71 25 14 
45 32 37 24 12 19 12 50 35 11 50 
33 44 25 12 0 31 0 62 23 23 62 
6 71 2 15 27 58 27 89 4 50 89 
28 49 20 7 5 36 5 67 18 28 67 
55 22 47 34 22 9 22 40 45 1 40 
57 20 49 36 24 7 24 38 47 1 38 
36 41 28 15 3 28 3 59 26 20 59 
69 8 61 48 36 5 36 26 59 13 26 

7 10 14 6 5 35 2 41 27 6 58 
10 27 3 11 22 18 15 24 10 11 41 
17 0 24 16 5 45 12 51 37 16 68 
19 36 12 20 31 9 24 15 1 20 32 
31 48 24 32 43 3 36 3 11 32 20 
58 75 51 59 70 30 63 24 38 59 7 
36 53 29 37 48 8 41 2 16 37 15 
9 26 2 10 21 19 14 25 11 10 42 
7 24 0 8 19 21 12 27 13 8 44 
28 45 21 29 40 0 33 6 8 29 23 
5 12 12 4 7 33 0 39 25 4 56 

48 46 4 72 41 51 69 63 68 41 23 
31 29 13 55 24 34 52 46 51 24 6 
58 56 14 82 51 61 79 73 78 51 33 
22 20 22 46 15 25 43 37 42 15 3 
10 8 34 34 3 13 31 25 30 3 15 
17 19 61 7 24 14 4 2 3 24 42 
5 3 39 29 2 8 26 20 25 2 20 
32 30 12 56 25 35 53 47 52 25 7 
34 32 10 58 27 37 55 49 54 27 9 
13 11 31 37 6 16 34 28 33 6 12 
46 44 2 70 39 49 67 61 66 39 21 

53 58 61 21 4 12 24 15 0 39 68 
36 41 44 4 13 5 41 2 17 22 51 
63 68 71 31 14 22 14 25 10 49 78 
27 32 35 5 22 14 50 11 26 13 42 
15 20 23 17 34 26 62 23 38 1 30 
12 7 4 44 61 53 89 50 65 26 3 
10 15 18 22 39 31 67 28 43 4 25 
37 42 45 5 12 4 40 1 16 23 52 
39 44 47 7 10 2 38 1 14 25 54 
18 23 26 14 31 23 59 20 35 4 33 
51 56 59 19 2 10 26 13 2 37 66 

3 14 27 3 3 30 23 16 0 10 32 
5 12 25 1 5 28 25 14 2 12 30 
1 18 31 7 1 34 19 20 4 6 36 
43 26 13 37 43 10 63 24 40 50 8 
39 56 69 45 39 72 19 58 42 32 74 
1 16 29 5 1 32 21 18 2 8 34 
33 16 3 27 33 0 53 14 30 40 2 
19 36 49 25 19 52 1 38 22 12 54 
29 12 1 23 29 4 49 10 26 36 6 
25 8 5 19 25 8 45 6 22 32 10 
2 15 28 4 2 31 22 17 1 9 33 

24 47 12 34 48 32 20 3 12 9 8 
22 45 14 36 46 30 18 5 10 11 10 
28 51 8 30 52 36 24 1 16 5 4 
16 7 52 74 8 8 20 43 28 49 48 
66 89 30 8 90 74 62 39 54 33 34 
26 49 10 32 50 34 22 1 14 7 6 
6 17 42 64 18 2 10 33 18 39 38 
46 69 10 12 70 54 42 19 34 13 14 
2 21 38 60 22 6 6 29 14 35 34 
2 25 34 56 26 10 2 25 10 31 30 
25 48 11 33 49 33 21 2 13 8 7 

45 32 37 24 12 19 12 50 35 11 50 
47 30 39 26 14 17 14 48 37 9 48 
41 36 33 20 8 23 8 54 31 15 54 
85 8 77 64 52 21 52 10 75 29 10 
3 74 5 18 30 61 30 92 7 53 92 
43 34 35 22 10 21 10 52 33 13 52 
75 2 67 54 42 11 42 20 65 19 20 
23 54 15 2 10 41 10 72 13 33 72 
71 6 63 50 38 7 38 24 61 15 24 
67 10 59 46 34 3 34 28 57 11 28 
44 33 36 23 11 20 11 51 34 12 51 

19 36 12 20 31 9 24 15 1 20 32 
17 34 10 18 29 11 22 17 3 18 34 
23 40 16 24 35 5 28 11 3 24 28 
21 4 28 20 9 49 16 55 41 20 72 
61 78 54 62 73 33 66 27 41 62 10 
21 38 14 22 33 7 26 13 1 22 30 
11 6 18 10 1 39 6 45 31 10 62 
41 58 34 42 53 13 46 7 21 42 10 
7 10 14 6 5 35 2 41 27 6 58 
3 14 10 2 9 31 2 37 23 2 54 
20 37 13 21 32 8 25 14 0 21 31 

22 20 22 46 15 25 43 37 42 15 3 
24 22 20 48 17 27 45 39 44 17 1 
18 16 26 42 11 21 39 33 38 11 7 
62 60 18 86 55 65 83 77 82 55 37 
20 22 64 4 27 17 1 5 0 27 45 
20 18 24 44 13 23 41 35 40 13 5 
52 50 8 76 45 55 73 67 72 45 27 
0 2 44 24 7 3 21 15 20 7 25 
48 46 4 72 41 51 69 63 68 41 23 
44 42 0 68 37 47 65 59 64 37 19 
21 19 23 45 14 24 42 36 41 14 4 

27 32 35 5 22 14 50 11 26 13 42 
29 34 37 3 20 12 48 9 24 15 44 
23 28 31 9 26 18 54 15 30 9 38 
67 72 75 35 18 26 10 29 14 53 82 
15 10 7 47 64 56 92 53 68 29 0 
25 30 33 7 24 16 52 13 28 11 40 
57 62 65 25 8 16 20 19 4 43 72 
5 10 13 27 44 36 72 33 48 9 20 
53 58 61 21 4 12 24 15 0 39 68 
49 54 57 17 0 8 28 11 4 35 64 
26 31 34 6 23 15 51 12 27 12 41 

27 50 9 31 51 35 23 0 15 6 5 
10 33 26 48 34 18 6 17 2 23 22 
3 20 39 61 21 5 7 30 15 36 35 
21 44 15 37 45 29 17 6 9 12 11 
27 50 9 31 51 35 23 0 15 6 5 
6 17 42 64 18 2 10 33 18 39 38 
47 70 11 11 71 55 43 20 35 14 15 
8 31 28 50 32 16 4 19 4 25 24 
24 47 12 34 48 32 20 3 12 9 8 
34 57 2 24 58 42 30 7 22 1 2 
8 15 44 66 16 0 12 35 20 41 40 

42 35 34 21 9 22 9 53 32 14 53 
59 18 51 38 26 5 26 36 49 3 36 
72 5 64 51 39 8 39 23 62 16 23 
48 29 40 27 15 16 15 47 38 8 47 
42 35 34 21 9 22 9 53 32 14 53 
75 2 67 54 42 11 42 20 65 19 20 
22 55 14 1 11 42 11 73 12 34 73 
61 16 53 40 28 3 28 34 51 5 34 
45 32 37 24 12 19 12 50 35 11 50 
35 42 27 14 2 29 2 60 25 21 60 
77 0 69 56 44 13 44 18 67 21 18 

22 39 15 23 34 6 27 12 2 23 29 
5 22 2 6 17 23 10 29 15 6 46 
8 9 15 7 4 36 3 42 28 7 59 
16 33 9 17 28 12 21 18 4 17 35 
22 39 15 23 34 6 27 12 2 23 29 
11 6 18 10 1 39 6 45 31 10 62 
42 59 35 43 54 14 47 8 22 43 9 
3 20 4 4 15 25 8 31 17 4 48 
19 36 12 20 31 9 24 15 1 20 32 
29 46 22 30 41 1 34 5 9 30 22 
13 4 20 12 1 41 8 47 33 12 64 

19 17 25 43 12 22 40 34 39 12 6 
36 34 8 60 29 39 57 51 56 29 11 
49 47 5 73 42 52 70 64 69 42 24 
25 23 19 49 18 28 46 40 45 18 0 
19 17 25 43 12 22 40 34 39 12 6 
52 50 8 76 45 55 73 67 72 45 27 
1 3 45 23 8 2 20 14 19 8 26 
38 36 6 62 31 41 59 53 58 31 13 
22 20 22 46 15 25 43 37 42 15 3 
12 10 32 36 5 15 33 27 32 5 13 
54 52 10 78 47 57 75 69 74 47 29 

24 29 32 8 25 17 53 14 29 10 39 
41 46 49 9 8 0 36 3 12 27 56 
54 59 62 22 5 13 23 16 1 40 69 
30 35 38 2 19 11 47 8 23 16 45 
24 29 32 8 25 17 53 14 29 10 39 
57 62 65 25 8 16 20 19 4 43 72 
4 9 12 28 45 37 73 34 49 10 19 
43 48 51 11 6 2 34 5 10 29 58 
27 32 35 5 22 14 50 11 26 13 42 
17 22 25 15 32 24 60 21 36 3 32 
59 64 67 27 10 18 18 21 6 45 74 

69 8 61 48 36 5 36 26 59 13 26 
92 15 84 71 59 28 59 3 82 36 3 
33 44 25 12 0 31 0 62 23 23 62 
11 66 3 10 22 53 22 84 1 45 84 
93 16 85 72 60 29 60 2 83 37 2 
77 0 69 56 44 13 44 18 67 21 18 
65 12 57 44 32 1 32 30 55 9 30 
42 35 34 21 9 22 9 53 32 14 53 
57 20 49 36 24 7 24 38 47 1 38 
36 41 28 15 3 28 3 59 26 20 59 
37 40 29 16 4 27 4 58 27 19 58 

5 12 12 4 7 33 0 39 25 4 56 
28 11 35 27 16 56 23 62 48 27 79 
31 48 24 32 43 3 36 3 11 32 20 
53 70 46 54 65 25 58 19 33 54 2 
29 12 36 28 17 57 24 63 49 28 80 
13 4 20 12 1 41 8 47 33 12 64 
1 16 8 0 11 29 4 35 21 0 52 
22 39 15 23 34 6 27 12 2 23 29 
7 24 0 8 19 21 12 27 13 8 44 
28 45 21 29 40 0 33 6 8 29 23 
27 44 20 28 39 1 32 7 7 28 24 

46 44 2 70 39 49 67 61 66 39 21 
69 67 25 93 62 72 90 84 89 62 44 
10 8 34 34 3 13 31 25 30 3 15 
12 14 56 12 19 9 9 3 8 19 37 
70 68 26 94 63 73 91 85 90 63 45 
54 52 10 78 47 57 75 69 74 47 29 
42 40 2 66 35 45 63 57 62 35 17 
19 17 25 43 12 22 40 34 39 12 6 
34 32 10 58 27 37 55 49 54 27 9 
13 11 31 37 6 16 34 28 33 6 12 
14 12 30 38 7 17 35 29 34 7 11 

51 56 59 19 2 10 26 13 2 37 66 
74 79 82 42 25 33 3 36 21 60 89 
15 20 23 17 34 26 62 23 38 1 30 
7 2 1 39 56 48 84 45 60 21 8 
75 80 83 43 26 34 2 37 22 61 90 
59 64 67 27 10 18 18 21 6 45 74 
47 52 55 15 2 6 30 9 6 33 62 
24 29 32 8 25 17 53 14 29 10 39 
39 44 47 7 10 2 38 1 14 25 54 
18 23 26 14 31 23 59 20 35 4 33 
19 24 27 13 30 22 58 19 34 5 34 

64 81 57 65 76 36 69 30 44 65 13 
13 4 20 12 1 41 8 47 33 12 64 
56 73 49 57 68 28 61 22 36 57 5 
43 60 36 44 55 15 48 9 23 44 8 
31 48 24 32 43 3 36 3 11 32 20 
0 17 7 1 12 28 5 34 20 1 51 
31 48 24 32 43 3 36 3 11 32 20 
31 14 38 30 19 59 26 65 51 30 82 
54 71 47 55 66 26 59 20 34 55 3 
8 25 1 9 20 20 13 26 12 9 43 
31 14 38 30 19 59 26 65 51 30 82 

23 25 67 1 30 20 2 8 3 30 48 
54 52 10 78 47 57 75 69 74 47 29 
15 17 59 9 22 12 6 0 5 22 40 
2 4 46 22 9 1 19 13 18 9 27 
10 8 34 34 3 13 31 25 30 3 15 
41 39 3 65 34 44 62 56 61 34 16 
10 8 34 34 3 13 31 25 30 3 15 
72 70 28 96 65 75 93 87 92 65 47 
13 15 57 11 20 10 8 2 7 20 38 
33 31 11 57 26 36 54 48 53 26 8 
72 70 28 96 65 75 93 87 92 65 47 

18 13 10 50 67 59 95 56 71 32 3 
59 64 67 27 10 18 18 21 6 45 74 
10 5 2 42 59 51 87 48 63 24 5 
3 8 11 29 46 38 74 35 50 11 18 
15 20 23 17 34 26 62 23 38 1 30 
46 51 54 14 3 5 31 8 7 32 61 
15 20 23 17 34 26 62 23 38 1 30 
77 82 85 45 28 36 0 39 24 63 92 
8 3 0 40 57 49 85 46 61 22 7 
38 43 46 6 11 3 39 0 15 24 53 
77 82 85 45 28 36 0 39 24 63 92 

41 39 3 65 34 44 62 56 61 34 16 
58 56 14 82 51 61 79 73 78 51 33 
34 32 10 58 27 37 55 49 54 27 9 
42 40 2 66 35 45 63 57 62 35 17 
53 51 9 77 46 56 74 68 73 46 28 
13 11 31 37 6 16 34 28 33 6 12 
46 44 2 70 39 49 67 61 66 39 21 
7 5 37 31 0 10 28 22 27 0 18 
21 19 23 45 14 24 42 36 41 14 4 
42 40 2 66 35 45 63 57 62 35 17 
10 12 54 14 17 7 11 5 10 17 35 

46 51 54 14 3 5 31 8 7 32 61 
63 68 71 31 14 22 14 25 10 49 78 
39 44 47 7 10 2 38 1 14 25 54 
47 52 55 15 2 6 30 9 6 33 62 
58 63 66 26 9 17 19 20 5 44 73 
18 23 26 14 31 23 59 20 35 4 33 
51 56 59 19 2 10 26 13 2 37 66 
12 17 20 20 37 29 65 26 41 2 27 
26 31 34 6 23 15 51 12 27 12 41 
47 52 55 15 2 6 30 9 6 33 62 
5 0 3 37 54 46 82 43 58 19 10 

5 10 13 27 44 36 72 33 48 9 20 
7 12 15 25 42 34 70 31 46 7 22 
49 54 57 17 0 8 28 11 4 35 64 
19 14 11 51 68 60 96 57 72 33 4 
12 17 20 20 37 29 65 26 41 2 27 
2 7 10 30 47 39 75 36 51 12 17 
16 11 8 48 65 57 93 54 69 30 1 
10 5 2 42 59 51 87 48 63 24 5 
15 10 7 47 64 56 92 53 68 29 0 
12 17 20 20 37 29 65 26 41 2 27 
30 35 38 2 19 11 47 8 23 16 45 

