6 9 

29 45 16 20 42 15 
49 25 4 0 22 5 
80 6 35 31 9 36 
37 37 8 12 34 7 
72 2 27 23 1 28 
54 20 9 5 17 10 

22 17 4 10 23 23 
42 3 16 10 43 3 
73 34 47 41 74 28 
30 9 4 2 31 15 
65 26 39 33 66 20 
47 8 21 15 48 2 

28 52 29 1 48 14 
48 32 49 21 28 6 
79 1 80 52 3 37 
36 44 37 9 40 6 
71 9 72 44 5 29 
53 27 54 26 23 11 

27 26 27 18 34 35 
47 46 47 2 14 15 
78 77 78 33 17 16 
35 34 35 10 26 27 
70 69 70 25 9 8 
52 51 52 7 9 10 

37 2 15 42 29 6 
57 18 5 22 49 14 
88 49 36 9 80 45 
45 6 7 34 37 2 
80 41 28 1 72 37 
62 23 10 17 54 19 

29 16 8 9 60 6 
9 36 12 11 40 26 
22 67 43 42 9 57 
21 24 0 1 52 14 
14 59 35 34 17 49 
4 41 17 16 35 31 

27 17 19 1 57 28 
7 37 39 21 37 8 
24 68 70 52 6 23 
19 25 27 9 49 20 
16 60 62 44 14 15 
2 42 44 26 32 3 

15 21 25 14 17 39 
5 41 5 6 37 19 
36 72 26 37 68 12 
7 29 17 6 25 31 
28 64 18 29 60 4 
10 46 0 11 42 14 

7 46 33 39 6 52 
67 28 41 35 68 22 
38 1 12 6 39 7 
42 3 16 10 43 3 
64 25 38 32 65 19 
37 2 11 5 38 8 

1 81 0 28 77 43 
73 7 74 46 3 31 
44 36 45 17 32 2 
48 32 49 21 28 6 
70 10 71 43 6 28 
43 37 44 16 33 1 

2 3 2 47 63 64 
72 71 72 27 11 10 
43 42 43 2 18 19 
47 46 47 2 14 15 
69 68 69 24 8 7 
42 41 42 3 19 20 

8 31 44 71 0 35 
82 43 30 3 74 39 
53 14 1 26 45 10 
57 18 5 22 49 14 
79 40 27 0 71 36 
52 13 0 27 44 9 

58 13 37 38 89 23 
16 61 37 36 15 51 
13 32 8 7 44 22 
9 36 12 11 40 26 
13 58 34 33 18 48 
14 31 7 6 45 21 

56 12 10 28 86 57 
18 62 64 46 12 17 
11 33 35 17 41 12 
7 37 39 21 37 8 
15 59 61 43 15 14 
12 32 34 16 42 13 

44 8 54 43 12 68 
30 66 20 31 62 6 
1 37 9 2 33 23 
5 41 5 6 37 19 
27 63 17 28 59 3 
0 36 10 1 32 24 

6 74 7 21 70 36 
45 35 46 18 31 3 
32 48 33 5 44 10 
38 42 39 11 38 4 
5 75 6 22 71 37 
51 29 52 24 25 9 

5 4 5 40 56 57 
44 43 44 1 17 18 
31 30 31 14 30 31 
37 36 37 8 24 25 
4 3 4 41 57 58 
50 49 50 5 11 12 

15 24 37 64 7 28 
54 15 2 25 46 11 
41 2 11 38 33 2 
47 8 5 32 39 4 
14 25 38 65 6 29 
60 21 8 19 52 17 

51 6 30 31 82 16 
12 33 9 8 43 23 
25 20 4 5 56 10 
19 26 2 1 50 16 
52 7 31 32 83 17 
6 39 15 14 37 29 

49 5 3 21 79 50 
10 34 36 18 40 11 
23 21 23 5 53 24 
17 27 29 11 47 18 
50 6 4 22 80 51 
4 40 42 24 34 5 

37 1 47 36 5 61 
2 38 8 3 34 22 
11 25 21 10 21 35 
5 31 15 4 27 29 
38 2 48 37 6 62 
8 44 2 9 40 16 

1 2 1 46 62 63 
79 78 79 34 18 17 
2 3 2 47 63 64 
26 25 26 19 35 36 
75 74 75 30 14 13 
41 40 41 4 20 21 

9 30 43 70 1 34 
89 50 37 10 81 46 
8 31 44 71 0 35 
36 3 16 43 28 7 
85 46 33 6 77 42 
51 12 1 28 43 8 

57 12 36 37 88 22 
23 68 44 43 8 58 
58 13 37 38 89 23 
30 15 9 10 61 5 
19 64 40 39 12 54 
15 30 6 5 46 20 

55 11 9 27 85 56 
25 69 71 53 5 24 
56 12 10 28 86 57 
28 16 18 0 58 29 
21 65 67 49 9 20 
13 31 33 15 43 14 

43 7 53 42 11 67 
37 73 27 38 69 13 
44 8 54 43 12 68 
16 20 26 15 16 40 
33 69 23 34 65 9 
1 35 11 0 31 25 

10 29 42 69 2 33 
11 28 41 68 3 32 
10 29 42 69 2 33 
55 16 3 24 47 12 
71 32 19 8 63 28 
72 33 20 7 64 29 

56 11 35 36 87 21 
55 10 34 35 86 20 
56 11 35 36 87 21 
11 34 10 9 42 24 
5 50 26 25 26 40 
6 51 27 26 25 41 

54 10 8 26 84 55 
53 9 7 25 83 54 
54 10 8 26 84 55 
9 35 37 19 39 10 
7 51 53 35 23 6 
8 52 54 36 22 7 

42 6 52 41 10 66 
41 5 51 40 9 65 
42 6 52 41 10 66 
3 39 7 4 35 21 
19 55 9 20 51 5 
20 56 10 21 52 4 

66 21 45 46 97 31 
27 18 6 7 58 8 
14 31 7 6 45 21 
13 58 34 33 18 48 
58 13 37 38 89 23 
23 22 2 3 54 12 

64 20 18 36 94 65 
25 19 21 3 55 26 
12 32 34 16 42 13 
15 59 61 43 15 14 
56 12 10 28 86 57 
21 23 25 7 51 22 

52 16 62 51 20 76 
13 23 23 12 19 37 
0 36 10 1 32 24 
27 63 17 28 59 3 
44 8 54 43 12 68 
9 27 19 8 23 33 

2 46 48 30 28 1 
43 1 3 15 73 44 
19 25 27 9 49 20 
18 26 28 10 48 19 
33 77 79 61 3 32 
33 11 13 5 63 34 

14 50 4 15 46 10 
31 5 41 30 1 55 
7 29 17 6 25 31 
6 30 16 5 26 30 
45 81 35 46 77 21 
21 15 31 20 11 45 

12 48 2 13 44 12 
32 4 42 31 0 56 
34 2 44 33 2 58 
16 20 26 15 16 40 
42 78 32 43 74 18 
13 49 3 14 45 11 

