18 13 

44 45 25 76 21 36 62 9 12 43 15 65 7 13 4 72 13 43 
32 31 51 0 55 40 14 67 64 33 91 11 83 63 80 4 63 33 
15 14 34 17 38 23 3 50 47 16 74 6 66 46 63 13 46 16 
35 34 54 3 58 43 17 70 67 36 94 14 86 66 83 7 66 36 
26 27 7 58 3 18 44 9 6 25 33 47 25 5 22 54 5 25 
23 22 42 9 46 31 5 58 55 24 82 2 74 54 71 5 54 24 
6 7 13 38 17 2 24 29 26 5 53 27 45 25 42 34 25 5 
29 30 10 61 6 21 47 6 3 28 30 50 22 2 19 57 2 28 
20 21 1 52 3 12 38 15 12 19 39 41 31 11 28 48 11 19 
27 28 8 59 4 19 45 8 5 26 32 48 24 4 21 55 4 26 
57 58 38 89 34 49 75 22 25 56 2 78 6 26 9 85 26 56 
58 59 39 90 35 50 76 23 26 57 1 79 7 27 10 86 27 57 
5 4 24 27 28 13 13 40 37 6 64 16 56 36 53 23 36 6 
20 21 1 52 3 12 38 15 12 19 39 41 31 11 28 48 11 19 
64 65 45 96 41 56 82 29 32 63 5 85 13 33 16 92 33 63 
32 31 51 0 55 40 14 67 64 33 91 11 83 63 80 4 63 33 
17 18 2 49 6 9 35 18 15 16 42 38 34 14 31 45 14 16 
28 29 9 60 5 20 46 7 4 27 31 49 23 3 20 56 3 27 

27 14 12 12 7 62 23 39 44 12 39 6 12 35 31 47 18 54 
49 90 88 64 69 14 53 37 32 64 37 70 64 41 45 29 58 22 
32 73 71 47 52 3 36 20 15 47 20 53 47 24 28 12 41 5 
52 93 91 67 72 17 56 40 35 67 40 73 67 44 48 32 61 25 
9 32 30 6 11 44 5 21 26 6 21 12 6 17 13 29 0 36 
40 81 79 55 60 5 44 28 23 55 28 61 55 32 36 20 49 13 
11 52 50 26 31 24 15 1 6 26 1 32 26 3 7 9 20 16 
12 29 27 3 8 47 8 24 29 3 24 9 3 20 16 32 3 39 
3 38 36 12 17 38 1 15 20 12 15 18 12 11 7 23 6 30 
10 31 29 5 10 45 6 22 27 5 22 11 5 18 14 30 1 37 
40 1 1 25 20 75 36 52 57 25 52 19 25 48 44 60 31 67 
41 0 2 26 21 76 37 53 58 26 53 20 26 49 45 61 32 68 
22 63 61 37 42 13 26 10 5 37 10 43 37 14 18 2 31 5 
3 38 36 12 17 38 1 15 20 12 15 18 12 11 7 23 6 30 
47 6 8 32 27 82 43 59 64 32 59 26 32 55 51 67 38 74 
49 90 88 64 69 14 53 37 32 64 37 70 64 41 45 29 58 22 
0 41 39 15 20 35 4 12 17 15 12 21 15 8 4 20 9 27 
11 30 28 4 9 46 7 23 28 4 23 10 4 19 15 31 2 38 

7 67 26 22 25 45 60 2 64 19 13 6 67 31 61 50 51 22 
69 9 50 54 51 31 16 78 12 95 89 82 9 45 15 26 25 54 
52 8 33 37 34 14 1 61 5 78 72 65 8 28 2 9 8 37 
72 12 53 57 54 34 19 81 15 98 92 85 12 48 18 29 28 57 
11 49 8 4 7 27 42 20 46 37 31 24 49 13 43 32 33 4 
60 0 41 45 42 22 7 69 3 86 80 73 0 36 6 17 16 45 
31 29 12 16 13 7 22 40 26 57 51 44 29 7 23 12 13 16 
8 52 11 7 10 30 45 17 49 34 28 21 52 16 46 35 36 7 
17 43 2 2 1 21 36 26 40 43 37 30 43 7 37 26 27 2 
10 50 9 5 8 28 43 19 47 36 30 23 50 14 44 33 34 5 
20 80 39 35 38 58 73 11 77 6 0 7 80 44 74 63 64 35 
21 81 40 36 39 59 74 12 78 5 1 8 81 45 75 64 65 36 
42 18 23 27 24 4 11 51 15 68 62 55 18 18 12 1 2 27 
17 43 2 2 1 21 36 26 40 43 37 30 43 7 37 26 27 2 
27 87 46 42 45 65 80 18 84 1 7 14 87 51 81 70 71 42 
69 9 50 54 51 31 16 78 12 95 89 82 9 45 15 26 25 54 
20 40 1 5 2 18 33 29 37 46 40 33 40 4 34 23 24 5 
9 51 10 6 9 29 44 18 48 35 29 22 51 15 45 34 35 6 

1 17 73 1 8 53 9 13 64 72 58 54 19 30 62 2 52 76 
77 59 3 77 84 23 67 63 12 4 18 22 95 46 14 78 24 0 
60 42 14 60 67 6 50 46 5 13 1 5 78 29 3 61 7 17 
80 62 6 80 87 26 70 66 15 7 21 25 98 49 17 81 27 3 
19 1 55 19 26 35 9 5 46 54 40 36 37 12 44 20 34 58 
68 50 6 68 75 14 58 54 3 5 9 13 86 37 5 69 15 9 
39 21 35 39 46 15 29 25 26 34 20 16 57 8 24 40 14 38 
16 2 58 16 23 38 6 2 49 57 43 39 34 15 47 17 37 61 
25 7 49 25 32 29 15 11 40 48 34 30 43 6 38 26 28 52 
18 0 56 18 25 36 8 4 47 55 41 37 36 13 45 19 35 59 
12 30 86 12 5 66 22 26 77 85 71 67 6 43 75 11 65 89 
13 31 87 13 6 67 23 27 78 86 72 68 5 44 76 12 66 90 
50 32 24 50 57 4 40 36 15 23 9 5 68 19 13 51 3 27 
25 7 49 25 32 29 15 11 40 48 34 30 43 6 38 26 28 52 
19 37 93 19 12 73 29 33 84 92 78 74 1 50 82 18 72 96 
77 59 3 77 84 23 67 63 12 4 18 22 95 46 14 78 24 0 
28 10 46 28 35 26 18 14 37 45 31 27 46 3 35 29 25 49 
17 1 57 17 24 37 7 3 48 56 42 38 35 14 46 18 36 60 

63 52 26 18 1 11 11 69 75 26 8 60 37 39 0 46 9 10 
13 24 50 58 77 65 65 7 1 50 84 16 39 37 76 30 67 86 
4 7 33 41 60 48 48 10 16 33 67 1 22 20 59 13 50 69 
16 27 53 61 80 68 68 10 4 53 87 19 42 40 79 33 70 89 
45 34 8 0 19 7 7 51 57 8 26 42 19 21 18 28 9 28 
4 15 41 49 68 56 56 2 8 41 75 7 30 28 67 21 58 77 
25 14 12 20 39 27 27 31 37 12 46 22 1 1 38 8 29 48 
48 37 11 3 16 4 4 54 60 11 23 45 22 24 15 31 6 25 
39 28 2 6 25 13 13 45 51 2 32 36 13 15 24 22 15 34 
46 35 9 1 18 6 6 52 58 9 25 43 20 22 17 29 8 27 
76 65 39 31 12 24 24 82 88 39 5 73 50 52 13 59 22 3 
77 66 40 32 13 25 25 83 89 40 6 74 51 53 14 60 23 4 
14 3 23 31 50 38 38 20 26 23 57 11 12 10 49 3 40 59 
39 28 2 6 25 13 13 45 51 2 32 36 13 15 24 22 15 34 
83 72 46 38 19 31 31 89 95 46 12 80 57 59 20 66 29 10 
13 24 50 58 77 65 65 7 1 50 84 16 39 37 76 30 67 86 
36 25 1 9 28 16 16 42 48 1 35 33 10 12 27 19 18 37 
47 36 10 2 17 5 5 53 59 10 24 44 21 23 16 30 7 26 

29 27 28 10 4 27 6 48 61 57 12 31 3 9 27 34 12 19 
47 49 48 86 80 49 70 28 15 19 88 45 79 67 49 42 64 95 
30 32 31 69 63 32 53 11 2 2 71 28 62 50 32 25 47 78 
50 52 51 89 83 52 73 31 18 22 91 48 82 70 52 45 67 98 
11 9 10 28 22 9 12 30 43 39 30 13 21 9 9 16 6 37 
38 40 39 77 71 40 61 19 6 10 79 36 70 58 40 33 55 86 
9 11 10 48 42 11 32 10 23 19 50 7 41 29 11 4 26 57 
14 12 13 25 19 12 9 33 46 42 27 16 18 6 12 19 3 34 
5 3 4 34 28 3 18 24 37 33 36 7 27 15 3 10 12 43 
12 10 11 27 21 10 11 31 44 40 29 14 20 8 10 17 5 36 
42 40 41 3 9 40 19 61 74 70 1 44 10 22 40 47 25 6 
43 41 42 4 10 41 20 62 75 71 2 45 11 23 41 48 26 5 
20 22 21 59 53 22 43 1 12 8 61 18 52 40 22 15 37 68 
5 3 4 34 28 3 18 24 37 33 36 7 27 15 3 10 12 43 
49 47 48 10 16 47 26 68 81 77 8 51 17 29 47 54 32 1 
47 49 48 86 80 49 70 28 15 19 88 45 79 67 49 42 64 95 
2 0 1 37 31 0 21 21 34 30 39 4 30 18 0 7 15 46 
13 11 12 26 20 11 10 32 45 41 28 15 19 7 11 18 4 35 

54 33 11 69 39 33 51 27 62 3 15 69 36 8 69 2 35 10 
22 43 65 7 37 43 25 49 14 73 61 7 40 84 7 78 41 86 
5 26 48 10 20 26 8 32 3 56 44 10 23 67 10 61 24 69 
25 46 68 10 40 46 28 52 17 76 64 10 43 87 10 81 44 89 
36 15 7 51 21 15 33 9 44 15 3 51 18 26 51 20 17 28 
13 34 56 2 28 34 16 40 5 64 52 2 31 75 2 69 32 77 
16 5 27 31 1 5 13 11 24 35 23 31 2 46 31 40 3 48 
39 18 4 54 24 18 36 12 47 12 0 54 21 23 54 17 20 25 
30 9 13 45 15 9 27 3 38 21 9 45 12 32 45 26 11 34 
37 16 6 52 22 16 34 10 45 14 2 52 19 25 52 19 18 27 
67 46 24 82 52 46 64 40 75 16 28 82 49 5 82 11 48 3 
68 47 25 83 53 47 65 41 76 17 29 83 50 6 83 12 49 4 
5 16 38 20 10 16 2 22 13 46 34 20 13 57 20 51 14 59 
30 9 13 45 15 9 27 3 38 21 9 45 12 32 45 26 11 34 
74 53 31 89 59 53 71 47 82 23 35 89 56 12 89 18 55 10 
22 43 65 7 37 43 25 49 14 73 61 7 40 84 7 78 41 86 
27 6 16 42 12 6 24 0 35 24 12 42 9 35 42 29 8 37 
38 17 5 53 23 17 35 11 46 13 1 53 20 24 53 18 19 26 

38 65 11 71 27 73 67 14 3 13 5 17 9 14 12 67 60 15 
38 11 87 5 49 3 9 90 73 89 71 93 67 90 88 9 16 91 
21 6 70 12 32 14 8 73 56 72 54 76 50 73 71 8 1 74 
41 14 90 8 52 6 12 93 76 92 74 96 70 93 91 12 19 94 
20 47 29 53 9 55 49 32 15 31 13 35 9 32 30 49 42 33 
29 2 78 4 40 6 0 81 64 80 62 84 58 81 79 0 7 82 
0 27 49 33 11 35 29 52 35 51 33 55 29 52 50 29 22 53 
23 50 26 56 12 58 52 29 12 28 10 32 6 29 27 52 45 30 
14 41 35 47 3 49 43 38 21 37 19 41 15 38 36 43 36 39 
21 48 28 54 10 56 50 31 14 30 12 34 8 31 29 50 43 32 
51 78 2 84 40 86 80 1 16 0 18 4 22 1 1 80 73 2 
52 79 3 85 41 87 81 0 17 1 19 3 23 0 2 81 74 1 
11 16 60 22 22 24 18 63 46 62 44 66 40 63 61 18 11 64 
14 41 35 47 3 49 43 38 21 37 19 41 15 38 36 43 36 39 
58 85 9 91 47 93 87 6 23 7 25 3 29 6 8 87 80 5 
38 11 87 5 49 3 9 90 73 89 71 93 67 90 88 9 16 91 
11 38 38 44 0 46 40 41 24 40 22 44 18 41 39 40 33 42 
22 49 27 55 11 57 51 30 13 29 11 33 7 30 28 51 44 31 

65 74 58 20 60 27 52 10 55 51 29 37 18 50 21 52 21 71 
11 2 18 96 16 49 24 66 21 25 47 39 94 26 55 24 55 5 
6 15 1 79 1 32 7 49 4 8 30 22 77 9 38 7 38 12 
14 5 21 99 19 52 27 69 24 28 50 42 97 29 58 27 58 8 
47 56 40 38 42 9 34 8 37 33 11 19 36 32 3 34 3 53 
2 7 9 87 7 40 15 57 12 16 38 30 85 17 46 15 46 4 
27 36 20 58 22 11 14 28 17 13 9 1 56 12 17 14 17 33 
50 59 43 35 45 12 37 5 40 36 14 22 33 35 6 37 6 56 
41 50 34 44 36 3 28 14 31 27 5 13 42 26 3 28 3 47 
48 57 41 37 43 10 35 7 38 34 12 20 35 33 4 35 4 54 
78 87 71 7 73 40 65 23 68 64 42 50 5 63 34 65 34 84 
79 88 72 6 74 41 66 24 69 65 43 51 4 64 35 66 35 85 
16 25 9 69 11 22 3 39 6 2 20 12 67 1 28 3 28 22 
41 50 34 44 36 3 28 14 31 27 5 13 42 26 3 28 3 47 
85 94 78 0 80 47 72 30 75 71 49 57 2 70 41 72 41 91 
11 2 18 96 16 49 24 66 21 25 47 39 94 26 55 24 55 5 
38 47 31 47 33 0 25 17 28 24 2 10 45 23 6 25 6 44 
49 58 42 36 44 11 36 6 39 35 13 21 34 34 5 36 5 55 

51 17 21 53 8 71 18 11 8 41 1 2 19 2 64 79 29 39 
25 93 55 23 68 5 58 65 68 35 75 78 57 74 12 3 47 37 
8 76 38 6 51 12 41 48 51 18 58 61 40 57 5 20 30 20 
28 96 58 26 71 8 61 68 71 38 78 81 60 77 15 0 50 40 
33 35 3 35 10 53 0 7 10 23 17 20 1 16 46 61 11 21 
16 84 46 14 59 4 49 56 59 26 66 69 48 65 3 12 38 28 
13 55 17 15 30 33 20 27 30 3 37 40 19 36 26 41 9 1 
36 32 6 38 7 56 3 4 7 26 14 17 4 13 49 64 14 24 
27 41 3 29 16 47 6 13 16 17 23 26 5 22 40 55 5 15 
34 34 4 36 9 54 1 6 9 24 16 19 2 15 47 62 12 22 
64 4 34 66 21 84 31 24 21 54 14 11 32 15 77 92 42 52 
65 3 35 67 22 85 32 25 22 55 15 12 33 16 78 93 43 53 
2 66 28 4 41 22 31 38 41 8 48 51 30 47 15 30 20 10 
27 41 3 29 16 47 6 13 16 17 23 26 5 22 40 55 5 15 
71 3 41 73 28 91 38 31 28 61 21 18 39 22 84 99 49 59 
25 93 55 23 68 5 58 65 68 35 75 78 57 74 12 3 47 37 
24 44 6 26 19 44 9 16 19 14 26 29 8 25 37 52 2 12 
35 33 5 37 8 55 2 5 8 25 15 18 3 14 48 63 13 23 

49 7 16 18 33 49 71 18 10 13 79 27 73 12 9 54 19 79 
27 83 60 58 43 27 5 94 66 89 3 49 3 88 67 22 57 3 
10 66 43 41 26 10 12 77 49 72 20 32 14 71 50 5 40 20 
30 86 63 61 46 30 8 97 69 92 0 52 6 91 70 25 60 0 
31 25 2 0 15 31 53 36 8 31 61 9 55 30 9 36 1 61 
18 74 51 49 34 18 4 85 57 80 12 40 6 79 58 13 48 12 
11 45 22 20 5 11 33 56 28 51 41 11 35 50 29 16 19 41 
34 22 1 3 18 34 56 33 5 28 64 12 58 27 6 39 4 64 
25 31 8 6 9 25 47 42 14 37 55 3 49 36 15 30 5 55 
32 24 1 1 16 32 54 35 7 30 62 10 56 29 8 37 2 62 
62 6 29 31 46 62 84 5 23 0 92 40 86 1 22 67 32 92 
63 7 30 32 47 63 85 4 24 1 93 41 87 2 23 68 33 93 
0 56 33 31 16 0 22 67 39 62 30 22 24 61 40 5 30 30 
25 31 8 6 9 25 47 42 14 37 55 3 49 36 15 30 5 55 
69 13 36 38 53 69 91 2 30 7 99 47 93 8 29 74 39 99 
27 83 60 58 43 27 5 94 66 89 3 49 3 88 67 22 57 3 
22 34 11 9 6 22 44 45 17 40 52 0 46 39 18 27 8 52 
33 23 0 2 17 33 55 34 6 29 63 11 57 28 7 38 3 63 

60 42 1 15 37 17 4 67 71 11 59 40 14 4 16 19 41 13 
16 34 77 91 39 59 72 9 5 65 17 36 90 80 92 95 35 63 
1 17 60 74 22 42 55 8 12 48 0 19 73 63 75 78 18 46 
19 37 80 94 42 62 75 12 8 68 20 39 93 83 95 98 38 66 
42 24 19 33 19 1 14 49 53 7 41 22 32 22 34 37 23 5 
7 25 68 82 30 50 63 0 4 56 8 27 81 71 83 86 26 54 
22 4 39 53 1 21 34 29 33 27 21 2 52 42 54 57 3 25 
45 27 16 30 22 2 11 52 56 4 44 25 29 19 31 34 26 2 
36 18 25 39 13 7 20 43 47 13 35 16 38 28 40 43 17 11 
43 25 18 32 20 0 13 50 54 6 42 23 31 21 33 36 24 4 
73 55 12 2 50 30 17 80 84 24 72 53 1 9 3 6 54 26 
74 56 13 1 51 31 18 81 85 25 73 54 0 10 2 5 55 27 
11 7 50 64 12 32 45 18 22 38 10 9 63 53 65 68 8 36 
36 18 25 39 13 7 20 43 47 13 35 16 38 28 40 43 17 11 
80 62 19 5 57 37 24 87 91 31 79 60 6 16 4 1 61 33 
16 34 77 91 39 59 72 9 5 65 17 36 90 80 92 95 35 63 
33 15 28 42 10 10 23 40 44 16 32 13 41 31 43 46 14 14 
44 26 17 31 21 1 12 51 55 5 43 24 30 20 32 35 25 3 

17 58 56 32 37 18 21 5 0 32 5 38 32 9 13 3 26 10 
18 59 57 33 38 17 22 6 1 33 6 39 33 10 14 2 27 9 
2 39 37 13 18 37 2 14 19 13 14 19 13 10 6 22 7 29 
49 90 88 64 69 14 53 37 32 64 37 70 64 41 45 29 58 22 
6 35 33 9 14 41 2 18 23 9 18 15 9 14 10 26 3 33 
9 50 48 24 29 26 13 3 8 24 3 30 24 1 5 11 18 18 
35 76 74 50 55 0 39 23 18 50 23 56 50 27 31 15 44 8 
18 23 21 3 2 53 14 30 35 3 30 3 3 26 22 38 9 45 
15 26 24 0 5 50 11 27 32 0 27 6 0 23 19 35 6 42 
16 57 55 31 36 19 20 4 1 31 4 37 31 8 12 4 25 11 
42 1 3 27 22 77 38 54 59 27 54 21 27 50 46 62 33 69 
38 79 77 53 58 3 42 26 21 53 26 59 53 30 34 18 47 11 
34 7 5 19 14 69 30 46 51 19 46 13 19 42 38 54 25 61 
14 27 25 1 6 49 10 26 31 1 26 7 1 22 18 34 5 41 
31 10 8 16 11 66 27 43 48 16 43 10 16 39 35 51 22 58 
45 86 84 60 65 10 49 33 28 60 33 66 60 37 41 25 54 18 
14 27 25 1 6 49 10 26 31 1 26 7 1 22 18 34 5 41 
16 57 55 31 36 19 20 4 1 31 4 37 31 8 12 4 25 11 

37 23 18 22 19 1 16 46 20 63 57 50 23 13 17 6 7 22 
38 22 19 23 20 0 15 47 19 64 58 51 22 14 16 5 6 23 
18 42 1 3 0 20 35 27 39 44 38 31 42 6 36 25 26 3 
69 9 50 54 51 31 16 78 12 95 89 82 9 45 15 26 25 54 
14 46 5 1 4 24 39 23 43 40 34 27 46 10 40 29 30 1 
29 31 10 14 11 9 24 38 28 55 49 42 31 5 25 14 15 14 
55 5 36 40 37 17 2 64 2 81 75 68 5 31 1 12 11 40 
2 58 17 13 16 36 51 11 55 28 22 15 58 22 52 41 42 13 
5 55 14 10 13 33 48 14 52 31 25 18 55 19 49 38 39 10 
36 24 17 21 18 2 17 45 21 62 56 49 24 12 18 7 8 21 
22 82 41 37 40 60 75 13 79 4 2 9 82 46 76 65 66 37 
58 2 39 43 40 20 5 67 1 84 78 71 2 34 4 15 14 43 
14 74 33 29 32 52 67 5 71 12 6 1 74 38 68 57 58 29 
6 54 13 9 12 32 47 15 51 32 26 19 54 18 48 37 38 9 
11 71 30 26 29 49 64 2 68 15 9 2 71 35 65 54 55 26 
65 5 46 50 47 27 12 74 8 91 85 78 5 41 11 22 21 50 
6 54 13 9 12 32 47 15 51 32 26 19 54 18 48 37 38 9 
36 24 17 21 18 2 17 45 21 62 56 49 24 12 18 7 8 21 

45 27 29 45 52 9 35 31 20 28 14 10 63 14 18 46 8 32 
46 28 28 46 53 8 36 32 19 27 13 9 64 15 17 47 7 31 
26 8 48 26 33 28 16 12 39 47 33 29 44 5 37 27 27 51 
77 59 3 77 84 23 67 63 12 4 18 22 95 46 14 78 24 0 
22 4 52 22 29 32 12 8 43 51 37 33 40 9 41 23 31 55 
37 19 37 37 44 17 27 23 28 36 22 18 55 6 26 38 16 40 
63 45 11 63 70 9 53 49 2 10 4 8 81 32 0 64 10 14 
10 8 64 10 17 44 0 4 55 63 49 45 28 21 53 11 43 67 
13 5 61 13 20 41 3 1 52 60 46 42 31 18 50 14 40 64 
44 26 30 44 51 10 34 30 21 29 15 11 62 13 19 45 9 33 
14 32 88 14 7 68 24 28 79 87 73 69 4 45 77 13 67 91 
66 48 8 66 73 12 56 52 1 7 7 11 84 35 3 67 13 11 
6 24 80 6 1 60 16 20 71 79 65 61 12 37 69 5 59 83 
14 4 60 14 21 40 4 0 51 59 45 41 32 17 49 15 39 63 
3 21 77 3 4 57 13 17 68 76 62 58 15 34 66 2 56 80 
73 55 1 73 80 19 63 59 8 0 14 18 91 42 10 74 20 4 
14 4 60 14 21 40 4 0 51 59 45 41 32 17 49 15 39 63 
44 26 30 44 51 10 34 30 21 29 15 11 62 13 19 45 9 33 

19 8 18 26 45 33 33 25 31 18 52 16 7 5 44 2 35 54 
18 7 19 27 46 34 34 24 30 19 53 15 8 6 45 1 36 55 
38 27 1 7 26 14 14 44 50 1 33 35 12 14 25 21 16 35 
13 24 50 58 77 65 65 7 1 50 84 16 39 37 76 30 67 86 
42 31 5 3 22 10 10 48 54 5 29 39 16 18 21 25 12 31 
27 16 10 18 37 25 25 33 39 10 44 24 1 3 36 10 27 46 
1 10 36 44 63 51 51 7 13 36 70 2 25 23 62 16 53 72 
54 43 17 9 10 2 2 60 66 17 17 51 28 30 9 37 0 19 
51 40 14 6 13 1 1 57 63 14 20 48 25 27 12 34 3 22 
20 9 17 25 44 32 32 26 32 17 51 17 6 4 43 3 34 53 
78 67 41 33 14 26 26 84 90 41 7 75 52 54 15 61 24 5 
2 13 39 47 66 54 54 4 10 39 73 5 28 26 65 19 56 75 
70 59 33 25 6 18 18 76 82 33 1 67 44 46 7 53 16 3 
50 39 13 5 14 2 2 56 62 13 21 47 24 26 13 33 4 23 
67 56 30 22 3 15 15 73 79 30 4 64 41 43 4 50 13 6 
9 20 46 54 73 61 61 3 3 46 80 12 35 33 72 26 63 82 
50 39 13 5 14 2 2 56 62 13 21 47 24 26 13 33 4 23 
20 9 17 25 44 32 32 26 32 17 51 17 6 4 43 3 34 53 

15 17 16 54 48 17 38 4 17 13 56 13 47 35 17 10 32 63 
16 18 17 55 49 18 39 3 16 12 57 14 48 36 18 11 33 64 
4 2 3 35 29 2 19 23 36 32 37 6 28 16 2 9 13 44 
47 49 48 86 80 49 70 28 15 19 88 45 79 67 49 42 64 95 
8 6 7 31 25 6 15 27 40 36 33 10 24 12 6 13 9 40 
7 9 8 46 40 9 30 12 25 21 48 5 39 27 9 2 24 55 
33 35 34 72 66 35 56 14 1 5 74 31 65 53 35 28 50 81 
20 18 19 19 13 18 3 39 52 48 21 22 12 0 18 25 3 28 
17 15 16 22 16 15 6 36 49 45 24 19 15 3 15 22 0 31 
14 16 15 53 47 16 37 5 18 14 55 12 46 34 16 9 31 62 
44 42 43 5 11 42 21 63 76 72 3 46 12 24 42 49 27 4 
36 38 37 75 69 38 59 17 4 8 77 34 68 56 38 31 53 84 
36 34 35 3 3 34 13 55 68 64 5 38 4 16 34 41 19 12 
16 14 15 23 17 14 7 35 48 44 25 18 16 4 14 21 1 32 
33 31 32 6 0 31 10 52 65 61 8 35 1 13 31 38 16 15 
43 45 44 82 76 45 66 24 11 15 84 41 75 63 45 38 60 91 
16 14 15 23 17 14 7 35 48 44 25 18 16 4 14 21 1 32 
14 16 15 53 47 16 37 5 18 14 55 12 46 34 16 9 31 62 

10 11 33 25 5 11 7 17 18 41 29 25 8 52 25 46 9 54 
9 12 34 24 6 12 6 18 17 42 30 24 9 53 24 47 10 55 
29 8 14 44 14 8 26 2 37 22 10 44 11 33 44 27 10 35 
22 43 65 7 37 43 25 49 14 73 61 7 40 84 7 78 41 86 
33 12 10 48 18 12 30 6 41 18 6 48 15 29 48 23 14 31 
18 3 25 33 3 3 15 9 26 33 21 33 0 44 33 38 1 46 
8 29 51 7 23 29 11 35 0 59 47 7 26 70 7 64 27 72 
45 24 2 60 30 24 42 18 53 6 6 60 27 17 60 11 26 19 
42 21 1 57 27 21 39 15 50 9 3 57 24 20 57 14 23 22 
11 10 32 26 4 10 8 16 19 40 28 26 7 51 26 45 8 53 
69 48 26 84 54 48 66 42 77 18 30 84 51 7 84 13 50 5 
11 32 54 4 26 32 14 38 3 62 50 4 29 73 4 67 30 75 
61 40 18 76 46 40 58 34 69 10 22 76 43 1 76 5 42 3 
41 20 2 56 26 20 38 14 49 10 2 56 23 21 56 15 22 23 
58 37 15 73 43 37 55 31 66 7 19 73 40 4 73 2 39 6 
18 39 61 3 33 39 21 45 10 69 57 3 36 80 3 74 37 82 
41 20 2 56 26 20 38 14 49 10 2 56 23 21 56 15 22 23 
11 10 32 26 4 10 8 16 19 40 28 26 7 51 26 45 8 53 

6 21 55 27 17 29 23 58 41 57 39 61 35 58 56 23 16 59 
7 20 56 26 18 28 22 59 42 58 40 62 36 59 57 22 15 60 
13 40 36 46 2 48 42 39 22 38 20 42 16 39 37 42 35 40 
38 11 87 5 49 3 9 90 73 89 71 93 67 90 88 9 16 91 
17 44 32 50 6 52 46 35 18 34 16 38 12 35 33 46 39 36 
2 29 47 35 9 37 31 50 33 49 31 53 27 50 48 31 24 51 
24 3 73 9 35 11 5 76 59 75 57 79 53 76 74 5 2 77 
29 56 20 62 18 64 58 23 6 22 4 26 0 23 21 58 51 24 
26 53 23 59 15 61 55 26 9 25 7 29 3 26 24 55 48 27 
5 22 54 28 16 30 24 57 40 56 38 60 34 57 55 24 17 58 
53 80 4 86 42 88 82 1 18 2 20 2 24 1 3 82 75 0 
27 0 76 6 38 8 2 79 62 78 60 82 56 79 77 2 5 80 
45 72 4 78 34 80 74 7 10 6 12 10 16 7 5 74 67 8 
25 52 24 58 14 60 54 27 10 26 8 30 4 27 25 54 47 28 
42 69 7 75 31 77 71 10 7 9 9 13 13 10 8 71 64 11 
34 7 83 1 45 1 5 86 69 85 67 89 63 86 84 5 12 87 
25 52 24 58 14 60 54 27 10 26 8 30 4 27 25 54 47 28 
5 22 54 28 16 30 24 57 40 56 38 60 34 57 55 24 17 58 

21 30 14 64 16 17 8 34 11 7 15 7 62 6 23 8 23 27 
20 29 13 65 15 18 7 35 10 6 16 8 63 5 24 7 24 26 
40 49 33 45 35 2 27 15 30 26 4 12 43 25 4 27 4 46 
11 2 18 96 16 49 24 66 21 25 47 39 94 26 55 24 55 5 
44 53 37 41 39 6 31 11 34 30 8 16 39 29 0 31 0 50 
29 38 22 56 24 9 16 26 19 15 7 1 54 14 15 16 15 35 
3 12 4 82 2 35 10 52 7 11 33 25 80 12 41 10 41 9 
56 65 49 29 51 18 43 1 46 42 20 28 27 41 12 43 12 62 
53 62 46 32 48 15 40 2 43 39 17 25 30 38 9 40 9 59 
22 31 15 63 17 16 9 33 12 8 14 6 61 7 22 9 22 28 
80 89 73 5 75 42 67 25 70 66 44 52 3 65 36 67 36 86 
0 9 7 85 5 38 13 55 10 14 36 28 83 15 44 13 44 6 
72 81 65 13 67 34 59 17 62 58 36 44 11 57 28 59 28 78 
52 61 45 33 47 14 39 3 42 38 16 24 31 37 8 39 8 58 
69 78 62 16 64 31 56 14 59 55 33 41 14 54 25 56 25 75 
7 2 14 92 12 45 20 62 17 21 43 35 90 22 51 20 51 1 
52 61 45 33 47 14 39 3 42 38 16 24 31 37 8 39 8 58 
22 31 15 63 17 16 9 33 12 8 14 6 61 7 22 9 22 28 

7 61 23 9 36 27 26 33 36 3 43 46 25 42 20 35 15 5 
6 62 24 8 37 26 27 34 37 4 44 47 26 43 19 34 16 6 
26 42 4 28 17 46 7 14 17 16 24 27 6 23 39 54 4 14 
25 93 55 23 68 5 58 65 68 35 75 78 57 74 12 3 47 37 
30 38 0 32 13 50 3 10 13 20 20 23 2 19 43 58 8 18 
15 53 15 17 28 35 18 25 28 5 35 38 17 34 28 43 7 3 
11 79 41 9 54 9 44 51 54 21 61 64 43 60 2 17 33 23 
42 26 12 44 1 62 9 2 1 32 8 11 10 7 55 70 20 30 
39 29 9 41 4 59 6 1 4 29 11 14 7 10 52 67 17 27 
8 60 22 10 35 28 25 32 35 2 42 45 24 41 21 36 14 4 
66 2 36 68 23 86 33 26 23 56 16 13 34 17 79 94 44 54 
14 82 44 12 57 6 47 54 57 24 64 67 46 63 1 14 36 26 
58 10 28 60 15 78 25 18 15 48 8 5 26 9 71 86 36 46 
38 30 8 40 5 58 5 2 5 28 12 15 6 11 51 66 16 26 
55 13 25 57 12 75 22 15 12 45 5 2 23 6 68 83 33 43 
21 89 51 19 64 1 54 61 64 31 71 74 53 70 8 7 43 33 
38 30 8 40 5 58 5 2 5 28 12 15 6 11 51 66 16 26 
8 60 22 10 35 28 25 32 35 2 42 45 24 41 21 36 14 4 

5 51 28 26 11 5 27 62 34 57 35 17 29 56 35 10 25 35 
4 52 29 27 12 4 26 63 35 58 34 18 28 57 36 9 26 34 
24 32 9 7 8 24 46 43 15 38 54 2 48 37 16 29 6 54 
27 83 60 58 43 27 5 94 66 89 3 49 3 88 67 22 57 3 
28 28 5 3 12 28 50 39 11 34 58 6 52 33 12 33 2 58 
13 43 20 18 3 13 35 54 26 49 43 9 37 48 27 18 17 43 
13 69 46 44 29 13 9 80 52 75 17 35 11 74 53 8 43 17 
40 16 7 9 24 40 62 27 1 22 70 18 64 21 0 45 10 70 
37 19 4 6 21 37 59 30 2 25 67 15 61 24 3 42 7 67 
6 50 27 25 10 6 28 61 33 56 36 16 30 55 34 11 24 36 
64 8 31 33 48 64 86 3 25 2 94 42 88 3 24 69 34 94 
16 72 49 47 32 16 6 83 55 78 14 38 8 77 56 11 46 14 
56 0 23 25 40 56 78 11 17 6 86 34 80 5 16 61 26 86 
36 20 3 5 20 36 58 31 3 26 66 14 60 25 4 41 6 66 
53 3 20 22 37 53 75 14 14 9 83 31 77 8 13 58 23 83 
23 79 56 54 39 23 1 90 62 85 7 45 1 84 63 18 53 7 
36 20 3 5 20 36 58 31 3 26 66 14 60 25 4 41 6 66 
6 50 27 25 10 6 28 61 33 56 36 16 30 55 34 11 24 36 

16 2 45 59 7 27 40 23 27 33 15 4 58 48 60 63 3 31 
15 3 46 60 8 28 41 22 26 34 14 5 59 49 61 64 4 32 
35 17 26 40 12 8 21 42 46 14 34 15 39 29 41 44 16 12 
16 34 77 91 39 59 72 9 5 65 17 36 90 80 92 95 35 63 
39 21 22 36 16 4 17 46 50 10 38 19 35 25 37 40 20 8 
24 6 37 51 1 19 32 31 35 25 23 4 50 40 52 55 5 23 
2 20 63 77 25 45 58 5 9 51 3 22 76 66 78 81 21 49 
51 33 10 24 28 8 5 58 62 2 50 31 23 13 25 28 32 4 
48 30 13 27 25 5 8 55 59 1 47 28 26 16 28 31 29 1 
17 1 44 58 6 26 39 24 28 32 16 3 57 47 59 62 2 30 
75 57 14 0 52 32 19 82 86 26 74 55 1 11 1 4 56 28 
5 23 66 80 28 48 61 2 6 54 6 25 79 69 81 84 24 52 
67 49 6 8 44 24 11 74 78 18 66 47 7 3 9 12 48 20 
47 29 14 28 24 4 9 54 58 2 46 27 27 17 29 32 28 0 
64 46 3 11 41 21 8 71 75 15 63 44 10 0 12 15 45 17 
12 30 73 87 35 55 68 5 1 61 13 32 86 76 88 91 31 59 
47 29 14 28 24 4 9 54 58 2 46 27 27 17 29 32 28 0 
17 1 44 58 6 26 39 24 28 32 16 3 57 47 59 62 2 30 

20 40 1 5 2 18 33 29 37 46 40 33 40 4 34 23 24 5 
21 81 40 36 39 59 74 12 78 5 1 8 81 45 75 64 65 36 
19 79 38 34 37 57 72 10 76 7 1 6 79 43 73 62 63 34 
5 55 14 10 13 33 48 14 52 31 25 18 55 19 49 38 39 10 
0 60 19 15 18 38 53 9 57 26 20 13 60 24 54 43 44 15 
55 5 36 40 37 17 2 64 2 81 75 68 5 31 1 12 11 40 
16 44 3 1 2 22 37 25 41 42 36 29 44 8 38 27 28 1 
32 28 13 17 14 6 21 41 25 58 52 45 28 8 22 11 12 17 
37 23 18 22 19 1 16 46 20 63 57 50 23 13 17 6 7 22 
5 55 14 10 13 33 48 14 52 31 25 18 55 19 49 38 39 10 
32 28 13 17 14 6 21 41 25 58 52 45 28 8 22 11 12 17 
1 61 20 16 19 39 54 8 58 25 19 12 61 25 55 44 45 16 
5 55 14 10 13 33 48 14 52 31 25 18 55 19 49 38 39 10 
28 32 9 13 10 10 25 37 29 54 48 41 32 4 26 15 16 13 
24 36 5 9 6 14 29 33 33 50 44 37 36 0 30 19 20 9 
40 20 21 25 22 2 13 49 17 66 60 53 20 16 14 3 4 25 
11 49 8 4 7 27 42 20 46 37 31 24 49 13 43 32 33 4 
47 13 28 32 29 9 6 56 10 73 67 60 13 23 7 4 3 32 

28 10 46 28 35 26 18 14 37 45 31 27 46 3 35 29 25 49 
13 31 87 13 6 67 23 27 78 86 72 68 5 44 76 12 66 90 
11 29 85 11 4 65 21 25 76 84 70 66 7 42 74 10 64 88 
13 5 61 13 20 41 3 1 52 60 46 42 31 18 50 14 40 64 
8 10 66 8 15 46 2 6 57 65 51 47 26 23 55 9 45 69 
63 45 11 63 70 9 53 49 2 10 4 8 81 32 0 64 10 14 
24 6 50 24 31 30 14 10 41 49 35 31 42 7 39 25 29 53 
40 22 34 40 47 14 30 26 25 33 19 15 58 9 23 41 13 37 
45 27 29 45 52 9 35 31 20 28 14 10 63 14 18 46 8 32 
13 5 61 13 20 41 3 1 52 60 46 42 31 18 50 14 40 64 
40 22 34 40 47 14 30 26 25 33 19 15 58 9 23 41 13 37 
7 11 67 7 14 47 3 7 58 66 52 48 25 24 56 8 46 70 
13 5 61 13 20 41 3 1 52 60 46 42 31 18 50 14 40 64 
36 18 38 36 43 18 26 22 29 37 23 19 54 5 27 37 17 41 
32 14 42 32 39 22 22 18 33 41 27 23 50 1 31 33 21 45 
48 30 26 48 55 6 38 34 17 25 11 7 66 17 15 49 5 29 
19 1 55 19 26 35 9 5 46 54 40 36 37 12 44 20 34 58 
55 37 19 55 62 1 45 41 10 18 4 0 73 24 8 56 2 22 

36 25 1 9 28 16 16 42 48 1 35 33 10 12 27 19 18 37 
77 66 40 32 13 25 25 83 89 40 6 74 51 53 14 60 23 4 
75 64 38 30 11 23 23 81 87 38 4 72 49 51 12 58 21 2 
51 40 14 6 13 1 1 57 63 14 20 48 25 27 12 34 3 22 
56 45 19 11 8 4 4 62 68 19 15 53 30 32 7 39 2 17 
1 10 36 44 63 51 51 7 13 36 70 2 25 23 62 16 53 72 
40 29 3 5 24 12 12 46 52 3 31 37 14 16 23 23 14 33 
24 13 13 21 40 28 28 30 36 13 47 21 2 0 39 7 30 49 
19 8 18 26 45 33 33 25 31 18 52 16 7 5 44 2 35 54 
51 40 14 6 13 1 1 57 63 14 20 48 25 27 12 34 3 22 
24 13 13 21 40 28 28 30 36 13 47 21 2 0 39 7 30 49 
57 46 20 12 7 5 5 63 69 20 14 54 31 33 6 40 3 16 
51 40 14 6 13 1 1 57 63 14 20 48 25 27 12 34 3 22 
28 17 9 17 36 24 24 34 40 9 43 25 2 4 35 11 26 45 
32 21 5 13 32 20 20 38 44 5 39 29 6 8 31 15 22 41 
16 5 21 29 48 36 36 22 28 21 55 13 10 8 47 1 38 57 
45 34 8 0 19 7 7 51 57 8 26 42 19 21 18 28 9 28 
9 2 28 36 55 43 43 15 21 28 62 6 17 15 54 8 45 64 

2 0 1 37 31 0 21 21 34 30 39 4 30 18 0 7 15 46 
43 41 42 4 10 41 20 62 75 71 2 45 11 23 41 48 26 5 
41 39 40 2 8 39 18 60 73 69 0 43 9 21 39 46 24 7 
17 15 16 22 16 15 6 36 49 45 24 19 15 3 15 22 0 31 
22 20 21 17 11 20 1 41 54 50 19 24 10 2 20 27 5 26 
33 35 34 72 66 35 56 14 1 5 74 31 65 53 35 28 50 81 
6 4 5 33 27 4 17 25 38 34 35 8 26 14 4 11 11 42 
10 12 11 49 43 12 33 9 22 18 51 8 42 30 12 5 27 58 
15 17 16 54 48 17 38 4 17 13 56 13 47 35 17 10 32 63 
17 15 16 22 16 15 6 36 49 45 24 19 15 3 15 22 0 31 
10 12 11 49 43 12 33 9 22 18 51 8 42 30 12 5 27 58 
23 21 22 16 10 21 0 42 55 51 18 25 9 3 21 28 6 25 
17 15 16 22 16 15 6 36 49 45 24 19 15 3 15 22 0 31 
6 8 7 45 39 8 29 13 26 22 47 4 38 26 8 1 23 54 
2 4 3 41 35 4 25 17 30 26 43 0 34 22 4 3 19 50 
18 20 19 57 51 20 41 1 14 10 59 16 50 38 20 13 35 66 
11 9 10 28 22 9 12 30 43 39 30 13 21 9 9 16 6 37 
25 27 26 64 58 27 48 6 7 3 66 23 57 45 27 20 42 73 

27 6 16 42 12 6 24 0 35 24 12 42 9 35 42 29 8 37 
68 47 25 83 53 47 65 41 76 17 29 83 50 6 83 12 49 4 
66 45 23 81 51 45 63 39 74 15 27 81 48 4 81 10 47 2 
42 21 1 57 27 21 39 15 50 9 3 57 24 20 57 14 23 22 
47 26 4 62 32 26 44 20 55 4 8 62 29 15 62 9 28 17 
8 29 51 7 23 29 11 35 0 59 47 7 26 70 7 64 27 72 
31 10 12 46 16 10 28 4 39 20 8 46 13 31 46 25 12 33 
15 6 28 30 0 6 12 12 23 36 24 30 3 47 30 41 4 49 
10 11 33 25 5 11 7 17 18 41 29 25 8 52 25 46 9 54 
42 21 1 57 27 21 39 15 50 9 3 57 24 20 57 14 23 22 
15 6 28 30 0 6 12 12 23 36 24 30 3 47 30 41 4 49 
48 27 5 63 33 27 45 21 56 3 9 63 30 14 63 8 29 16 
42 21 1 57 27 21 39 15 50 9 3 57 24 20 57 14 23 22 
19 2 24 34 4 2 16 8 27 32 20 34 1 43 34 37 0 45 
23 2 20 38 8 2 20 4 31 28 16 38 5 39 38 33 4 41 
7 14 36 22 8 14 4 20 15 44 32 22 11 55 22 49 12 57 
36 15 7 51 21 15 33 9 44 15 3 51 18 26 51 20 17 28 
0 21 43 15 15 21 3 27 8 51 39 15 18 62 15 56 19 64 

11 38 38 44 0 46 40 41 24 40 22 44 18 41 39 40 33 42 
52 79 3 85 41 87 81 0 17 1 19 3 23 0 2 81 74 1 
50 77 1 83 39 85 79 2 15 1 17 5 21 2 0 79 72 3 
26 53 23 59 15 61 55 26 9 25 7 29 3 26 24 55 48 27 
31 58 18 64 20 66 60 21 4 20 2 24 2 21 19 60 53 22 
24 3 73 9 35 11 5 76 59 75 57 79 53 76 74 5 2 77 
15 42 34 48 4 50 44 37 20 36 18 40 14 37 35 44 37 38 
1 26 50 32 12 34 28 53 36 52 34 56 30 53 51 28 21 54 
6 21 55 27 17 29 23 58 41 57 39 61 35 58 56 23 16 59 
26 53 23 59 15 61 55 26 9 25 7 29 3 26 24 55 48 27 
1 26 50 32 12 34 28 53 36 52 34 56 30 53 51 28 21 54 
32 59 17 65 21 67 61 20 3 19 1 23 3 20 18 61 54 21 
26 53 23 59 15 61 55 26 9 25 7 29 3 26 24 55 48 27 
3 30 46 36 8 38 32 49 32 48 30 52 26 49 47 32 25 50 
7 34 42 40 4 42 36 45 28 44 26 48 22 45 43 36 29 46 
9 18 58 24 20 26 20 61 44 60 42 64 38 61 59 20 13 62 
20 47 29 53 9 55 49 32 15 31 13 35 9 32 30 49 42 33 
16 11 65 17 27 19 13 68 51 67 49 71 45 68 66 13 6 69 

38 47 31 47 33 0 25 17 28 24 2 10 45 23 6 25 6 44 
79 88 72 6 74 41 66 24 69 65 43 51 4 64 35 66 35 85 
77 86 70 8 72 39 64 22 67 63 41 49 6 62 33 64 33 83 
53 62 46 32 48 15 40 2 43 39 17 25 30 38 9 40 9 59 
58 67 51 27 53 20 45 3 48 44 22 30 25 43 14 45 14 64 
3 12 4 82 2 35 10 52 7 11 33 25 80 12 41 10 41 9 
42 51 35 43 37 4 29 13 32 28 6 14 41 27 2 29 2 48 
26 35 19 59 21 12 13 29 16 12 10 2 57 11 18 13 18 32 
21 30 14 64 16 17 8 34 11 7 15 7 62 6 23 8 23 27 
53 62 46 32 48 15 40 2 43 39 17 25 30 38 9 40 9 59 
26 35 19 59 21 12 13 29 16 12 10 2 57 11 18 13 18 32 
59 68 52 26 54 21 46 4 49 45 23 31 24 44 15 46 15 65 
53 62 46 32 48 15 40 2 43 39 17 25 30 38 9 40 9 59 
30 39 23 55 25 8 17 25 20 16 6 2 53 15 14 17 14 36 
34 43 27 51 29 4 21 21 24 20 2 6 49 19 10 21 10 40 
18 27 11 67 13 20 5 37 8 4 18 10 65 3 26 5 26 24 
47 56 40 38 42 9 34 8 37 33 11 19 36 32 3 34 3 53 
11 20 4 74 6 27 2 44 1 3 25 17 72 4 33 2 33 17 

24 44 6 26 19 44 9 16 19 14 26 29 8 25 37 52 2 12 
65 3 35 67 22 85 32 25 22 55 15 12 33 16 78 93 43 53 
63 5 33 65 20 83 30 23 20 53 13 10 31 14 76 91 41 51 
39 29 9 41 4 59 6 1 4 29 11 14 7 10 52 67 17 27 
44 24 14 46 1 64 11 4 1 34 6 9 12 5 57 72 22 32 
11 79 41 9 54 9 44 51 54 21 61 64 43 60 2 17 33 23 
28 40 2 30 15 48 5 12 15 18 22 25 4 21 41 56 6 16 
12 56 18 14 31 32 21 28 31 2 38 41 20 37 25 40 10 0 
7 61 23 9 36 27 26 33 36 3 43 46 25 42 20 35 15 5 
39 29 9 41 4 59 6 1 4 29 11 14 7 10 52 67 17 27 
12 56 18 14 31 32 21 28 31 2 38 41 20 37 25 40 10 0 
45 23 15 47 2 65 12 5 2 35 5 8 13 4 58 73 23 33 
39 29 9 41 4 59 6 1 4 29 11 14 7 10 52 67 17 27 
16 52 14 18 27 36 17 24 27 6 34 37 16 33 29 44 6 4 
20 48 10 22 23 40 13 20 23 10 30 33 12 29 33 48 2 8 
4 64 26 6 39 24 29 36 39 6 46 49 28 45 17 32 18 8 
33 35 3 35 10 53 0 7 10 23 17 20 1 16 46 61 11 21 
3 71 33 1 46 17 36 43 46 13 53 56 35 52 10 25 25 15 

22 34 11 9 6 22 44 45 17 40 52 0 46 39 18 27 8 52 
63 7 30 32 47 63 85 4 24 1 93 41 87 2 23 68 33 93 
61 5 28 30 45 61 83 6 22 1 91 39 85 0 21 66 31 91 
37 19 4 6 21 37 59 30 2 25 67 15 61 24 3 42 7 67 
42 14 9 11 26 42 64 25 3 20 72 20 66 19 2 47 12 72 
13 69 46 44 29 13 9 80 52 75 17 35 11 74 53 8 43 17 
26 30 7 5 10 26 48 41 13 36 56 4 50 35 14 31 4 56 
10 46 23 21 6 10 32 57 29 52 40 12 34 51 30 15 20 40 
5 51 28 26 11 5 27 62 34 57 35 17 29 56 35 10 25 35 
37 19 4 6 21 37 59 30 2 25 67 15 61 24 3 42 7 67 
10 46 23 21 6 10 32 57 29 52 40 12 34 51 30 15 20 40 
43 13 10 12 27 43 65 24 4 19 73 21 67 18 3 48 13 73 
37 19 4 6 21 37 59 30 2 25 67 15 61 24 3 42 7 67 
14 42 19 17 2 14 36 53 25 48 44 8 38 47 26 19 16 44 
18 38 15 13 2 18 40 49 21 44 48 4 42 43 22 23 12 48 
2 54 31 29 14 2 24 65 37 60 32 20 26 59 38 7 28 32 
31 25 2 0 15 31 53 36 8 31 61 9 55 30 9 36 1 61 
5 61 38 36 21 5 17 72 44 67 25 27 19 66 45 0 35 25 

33 15 28 42 10 10 23 40 44 16 32 13 41 31 43 46 14 14 
74 56 13 1 51 31 18 81 85 25 73 54 0 10 2 5 55 27 
72 54 11 3 49 29 16 79 83 23 71 52 2 8 4 7 53 25 
48 30 13 27 25 5 8 55 59 1 47 28 26 16 28 31 29 1 
53 35 8 22 30 10 3 60 64 4 52 33 21 11 23 26 34 6 
2 20 63 77 25 45 58 5 9 51 3 22 76 66 78 81 21 49 
37 19 24 38 14 6 19 44 48 12 36 17 37 27 39 42 18 10 
21 3 40 54 2 22 35 28 32 28 20 1 53 43 55 58 2 26 
16 2 45 59 7 27 40 23 27 33 15 4 58 48 60 63 3 31 
48 30 13 27 25 5 8 55 59 1 47 28 26 16 28 31 29 1 
21 3 40 54 2 22 35 28 32 28 20 1 53 43 55 58 2 26 
54 36 7 21 31 11 2 61 65 5 53 34 20 10 22 25 35 7 
48 30 13 27 25 5 8 55 59 1 47 28 26 16 28 31 29 1 
25 7 36 50 2 18 31 32 36 24 24 5 49 39 51 54 6 22 
29 11 32 46 6 14 27 36 40 20 28 9 45 35 47 50 10 18 
13 5 48 62 10 30 43 20 24 36 12 7 61 51 63 66 6 34 
42 24 19 33 19 1 14 49 53 7 41 22 32 22 34 37 23 5 
6 12 55 69 17 37 50 13 17 43 5 14 68 58 70 73 13 41 

8 10 66 8 15 46 2 6 57 65 51 47 26 23 55 9 45 69 
68 50 6 68 75 14 58 54 3 5 9 13 86 37 5 69 15 9 
27 9 47 27 34 27 17 13 38 46 32 28 45 4 36 28 26 50 
23 5 51 23 30 31 13 9 42 50 36 32 41 8 40 24 30 54 
26 8 48 26 33 28 16 12 39 47 33 29 44 5 37 27 27 51 
46 28 28 46 53 8 36 32 19 27 13 9 64 15 17 47 7 31 
61 43 13 61 68 7 51 47 4 12 2 6 79 30 2 62 8 16 
1 19 75 1 6 55 11 15 66 74 60 56 17 32 64 0 54 78 
65 47 9 65 72 11 55 51 0 8 6 10 83 34 2 66 12 12 
18 36 92 18 11 72 28 32 83 91 77 73 0 49 81 17 71 95 
12 30 86 12 5 66 22 26 77 85 71 67 6 43 75 11 65 89 
5 23 79 5 2 59 15 19 70 78 64 60 13 36 68 4 58 82 
68 50 6 68 75 14 58 54 3 5 9 13 86 37 5 69 15 9 
32 14 42 32 39 22 22 18 33 41 27 23 50 1 31 33 21 45 
62 44 12 62 69 8 52 48 3 11 3 7 80 31 1 63 9 15 
51 33 23 51 58 3 41 37 14 22 8 4 69 20 12 52 2 26 
52 34 22 52 59 2 42 38 13 21 7 3 70 21 11 53 1 25 
23 5 51 23 30 31 13 9 42 50 36 32 41 8 40 24 30 54 

56 45 19 11 8 4 4 62 68 19 15 53 30 32 7 39 2 17 
4 15 41 49 68 56 56 2 8 41 75 7 30 28 67 21 58 77 
37 26 0 8 27 15 15 43 49 0 34 34 11 13 26 20 17 36 
41 30 4 4 23 11 11 47 53 4 30 38 15 17 22 24 13 32 
38 27 1 7 26 14 14 44 50 1 33 35 12 14 25 21 16 35 
18 7 19 27 46 34 34 24 30 19 53 15 8 6 45 1 36 55 
3 8 34 42 61 49 49 9 15 34 68 0 23 21 60 14 51 70 
65 54 28 20 1 13 13 71 77 28 6 62 39 41 2 48 11 8 
1 12 38 46 65 53 53 5 11 38 72 4 27 25 64 18 55 74 
82 71 45 37 18 30 30 88 94 45 11 79 56 58 19 65 28 9 
76 65 39 31 12 24 24 82 88 39 5 73 50 52 13 59 22 3 
69 58 32 24 5 17 17 75 81 32 2 66 43 45 6 52 15 4 
4 15 41 49 68 56 56 2 8 41 75 7 30 28 67 21 58 77 
32 21 5 13 32 20 20 38 44 5 39 29 6 8 31 15 22 41 
2 9 35 43 62 50 50 8 14 35 69 1 24 22 61 15 52 71 
13 2 24 32 51 39 39 19 25 24 58 10 13 11 50 4 41 60 
12 1 25 33 52 40 40 18 24 25 59 9 14 12 51 5 42 61 
41 30 4 4 23 11 11 47 53 4 30 38 15 17 22 24 13 32 

22 20 21 17 11 20 1 41 54 50 19 24 10 2 20 27 5 26 
38 40 39 77 71 40 61 19 6 10 79 36 70 58 40 33 55 86 
3 1 2 36 30 1 20 22 35 31 38 5 29 17 1 8 14 45 
7 5 6 32 26 5 16 26 39 35 34 9 25 13 5 12 10 41 
4 2 3 35 29 2 19 23 36 32 37 6 28 16 2 9 13 44 
16 18 17 55 49 18 39 3 16 12 57 14 48 36 18 11 33 64 
31 33 32 70 64 33 54 12 1 3 72 29 63 51 33 26 48 79 
31 29 30 8 2 29 8 50 63 59 10 33 1 11 29 36 14 17 
35 37 36 74 68 37 58 16 3 7 76 33 67 55 37 30 52 83 
48 46 47 9 15 46 25 67 80 76 7 50 16 28 46 53 31 0 
42 40 41 3 9 40 19 61 74 70 1 44 10 22 40 47 25 6 
35 33 34 4 2 33 12 54 67 63 6 37 3 15 33 40 18 13 
38 40 39 77 71 40 61 19 6 10 79 36 70 58 40 33 55 86 
2 4 3 41 35 4 25 17 30 26 43 0 34 22 4 3 19 50 
32 34 33 71 65 34 55 13 0 4 73 30 64 52 34 27 49 80 
21 23 22 60 54 23 44 2 11 7 62 19 53 41 23 16 38 69 
22 24 23 61 55 24 45 3 10 6 63 20 54 42 24 17 39 70 
7 5 6 32 26 5 16 26 39 35 34 9 25 13 5 12 10 41 

47 26 4 62 32 26 44 20 55 4 8 62 29 15 62 9 28 17 
13 34 56 2 28 34 16 40 5 64 52 2 31 75 2 69 32 77 
28 7 15 43 13 7 25 1 36 23 11 43 10 34 43 28 9 36 
32 11 11 47 17 11 29 5 40 19 7 47 14 30 47 24 13 32 
29 8 14 44 14 8 26 2 37 22 10 44 11 33 44 27 10 35 
9 12 34 24 6 12 6 18 17 42 30 24 9 53 24 47 10 55 
6 27 49 9 21 27 9 33 2 57 45 9 24 68 9 62 25 70 
56 35 13 71 41 35 53 29 64 5 17 71 38 6 71 0 37 8 
10 31 53 5 25 31 13 37 2 61 49 5 28 72 5 66 29 74 
73 52 30 88 58 52 70 46 81 22 34 88 55 11 88 17 54 9 
67 46 24 82 52 46 64 40 75 16 28 82 49 5 82 11 48 3 
60 39 17 75 45 39 57 33 68 9 21 75 42 2 75 4 41 4 
13 34 56 2 28 34 16 40 5 64 52 2 31 75 2 69 32 77 
23 2 20 38 8 2 20 4 31 28 16 38 5 39 38 33 4 41 
7 28 50 8 22 28 10 34 1 58 46 8 25 69 8 63 26 71 
4 17 39 19 11 17 1 23 12 47 35 19 14 58 19 52 15 60 
3 18 40 18 12 18 0 24 11 48 36 18 15 59 18 53 16 61 
32 11 11 47 17 11 29 5 40 19 7 47 14 30 47 24 13 32 

31 58 18 64 20 66 60 21 4 20 2 24 2 21 19 60 53 22 
29 2 78 4 40 6 0 81 64 80 62 84 58 81 79 0 7 82 
12 39 37 45 1 47 41 40 23 39 21 43 17 40 38 41 34 41 
16 43 33 49 5 51 45 36 19 35 17 39 13 36 34 45 38 37 
13 40 36 46 2 48 42 39 22 38 20 42 16 39 37 42 35 40 
7 20 56 26 18 28 22 59 42 58 40 62 36 59 57 22 15 60 
22 5 71 11 33 13 7 74 57 73 55 77 51 74 72 7 0 75 
40 67 9 73 29 75 69 12 5 11 7 15 11 12 10 69 62 13 
26 1 75 7 37 9 3 78 61 77 59 81 55 78 76 3 4 79 
57 84 8 90 46 92 86 5 22 6 24 2 28 5 7 86 79 4 
51 78 2 84 40 86 80 1 16 0 18 4 22 1 1 80 73 2 
44 71 5 77 33 79 73 8 9 7 11 11 15 8 6 73 66 9 
29 2 78 4 40 6 0 81 64 80 62 84 58 81 79 0 7 82 
7 34 42 40 4 42 36 45 28 44 26 48 22 45 43 36 29 46 
23 4 72 10 34 12 6 75 58 74 56 78 52 75 73 6 1 76 
12 15 61 21 23 23 17 64 47 63 45 67 41 64 62 17 10 65 
13 14 62 20 24 22 16 65 48 64 46 68 42 65 63 16 9 66 
16 43 33 49 5 51 45 36 19 35 17 39 13 36 34 45 38 37 

58 67 51 27 53 20 45 3 48 44 22 30 25 43 14 45 14 64 
2 7 9 87 7 40 15 57 12 16 38 30 85 17 46 15 46 4 
39 48 32 46 34 1 26 16 29 25 3 11 44 24 5 26 5 45 
43 52 36 42 38 5 30 12 33 29 7 15 40 28 1 30 1 49 
40 49 33 45 35 2 27 15 30 26 4 12 43 25 4 27 4 46 
20 29 13 65 15 18 7 35 10 6 16 8 63 5 24 7 24 26 
5 14 2 80 0 33 8 50 5 9 31 23 78 10 39 8 39 11 
67 76 60 18 62 29 54 12 57 53 31 39 16 52 23 54 23 73 
1 10 6 84 4 37 12 54 9 13 35 27 82 14 43 12 43 7 
84 93 77 1 79 46 71 29 74 70 48 56 1 69 40 71 40 90 
78 87 71 7 73 40 65 23 68 64 42 50 5 63 34 65 34 84 
71 80 64 14 66 33 58 16 61 57 35 43 12 56 27 58 27 77 
2 7 9 87 7 40 15 57 12 16 38 30 85 17 46 15 46 4 
34 43 27 51 29 4 21 21 24 20 2 6 49 19 10 21 10 40 
4 13 3 81 1 34 9 51 6 10 32 24 79 11 40 9 40 10 
15 24 8 70 10 23 2 40 5 1 21 13 68 0 29 2 29 21 
14 23 7 71 9 24 1 41 4 0 22 14 69 1 30 1 30 20 
43 52 36 42 38 5 30 12 33 29 7 15 40 28 1 30 1 49 

44 24 14 46 1 64 11 4 1 34 6 9 12 5 57 72 22 32 
16 84 46 14 59 4 49 56 59 26 66 69 48 65 3 12 38 28 
25 43 5 27 18 45 8 15 18 15 25 28 7 24 38 53 3 13 
29 39 1 31 14 49 4 11 14 19 21 24 3 20 42 57 7 17 
26 42 4 28 17 46 7 14 17 16 24 27 6 23 39 54 4 14 
6 62 24 8 37 26 27 34 37 4 44 47 26 43 19 34 16 6 
9 77 39 7 52 11 42 49 52 19 59 62 41 58 4 19 31 21 
53 15 23 55 10 73 20 13 10 43 3 0 21 4 66 81 31 41 
13 81 43 11 56 7 46 53 56 23 63 66 45 62 0 15 35 25 
70 2 40 72 27 90 37 30 27 60 20 17 38 21 83 98 48 58 
64 4 34 66 21 84 31 24 21 54 14 11 32 15 77 92 42 52 
57 11 27 59 14 77 24 17 14 47 7 4 25 8 70 85 35 45 
16 84 46 14 59 4 49 56 59 26 66 69 48 65 3 12 38 28 
20 48 10 22 23 40 13 20 23 10 30 33 12 29 33 48 2 8 
10 78 40 8 53 10 43 50 53 20 60 63 42 59 3 18 32 22 
1 67 29 3 42 21 32 39 42 9 49 52 31 48 14 29 21 11 
0 68 30 2 43 20 33 40 43 10 50 53 32 49 13 28 22 12 
29 39 1 31 14 49 4 11 14 19 21 24 3 20 42 57 7 17 

42 14 9 11 26 42 64 25 3 20 72 20 66 19 2 47 12 72 
18 74 51 49 34 18 4 85 57 80 12 40 6 79 58 13 48 12 
23 33 10 8 7 23 45 44 16 39 53 1 47 38 17 28 7 53 
27 29 6 4 11 27 49 40 12 35 57 5 51 34 13 32 3 57 
24 32 9 7 8 24 46 43 15 38 54 2 48 37 16 29 6 54 
4 52 29 27 12 4 26 63 35 58 34 18 28 57 36 9 26 34 
11 67 44 42 27 11 11 78 50 73 19 33 13 72 51 6 41 19 
51 5 18 20 35 51 73 16 12 11 81 29 75 10 11 56 21 81 
15 71 48 46 31 15 7 82 54 77 15 37 9 76 55 10 45 15 
68 12 35 37 52 68 90 1 29 6 98 46 92 7 28 73 38 98 
62 6 29 31 46 62 84 5 23 0 92 40 86 1 22 67 32 92 
55 1 22 24 39 55 77 12 16 7 85 33 79 6 15 60 25 85 
18 74 51 49 34 18 4 85 57 80 12 40 6 79 58 13 48 12 
18 38 15 13 2 18 40 49 21 44 48 4 42 43 22 23 12 48 
12 68 45 43 28 12 10 79 51 74 18 34 12 73 52 7 42 18 
1 57 34 32 17 1 21 68 40 63 29 23 23 62 41 4 31 29 
2 58 35 33 18 2 20 69 41 64 28 24 22 63 42 3 32 28 
27 29 6 4 11 27 49 40 12 35 57 5 51 34 13 32 3 57 

53 35 8 22 30 10 3 60 64 4 52 33 21 11 23 26 34 6 
7 25 68 82 30 50 63 0 4 56 8 27 81 71 83 86 26 54 
34 16 27 41 11 9 22 41 45 15 33 14 40 30 42 45 15 13 
38 20 23 37 15 5 18 45 49 11 37 18 36 26 38 41 19 9 
35 17 26 40 12 8 21 42 46 14 34 15 39 29 41 44 16 12 
15 3 46 60 8 28 41 22 26 34 14 5 59 49 61 64 4 32 
0 18 61 75 23 43 56 7 11 49 1 20 74 64 76 79 19 47 
62 44 1 13 39 19 6 69 73 13 61 42 12 2 14 17 43 15 
4 22 65 79 27 47 60 3 7 53 5 24 78 68 80 83 23 51 
79 61 18 4 56 36 23 86 90 30 78 59 5 15 3 0 60 32 
73 55 12 2 50 30 17 80 84 24 72 53 1 9 3 6 54 26 
66 48 5 9 43 23 10 73 77 17 65 46 8 2 10 13 47 19 
7 25 68 82 30 50 63 0 4 56 8 27 81 71 83 86 26 54 
29 11 32 46 6 14 27 36 40 20 28 9 45 35 47 50 10 18 
1 19 62 76 24 44 57 6 10 50 2 21 75 65 77 80 20 48 
10 8 51 65 13 33 46 17 21 39 9 10 64 54 66 69 9 37 
9 9 52 66 14 34 47 16 20 40 8 11 65 55 67 70 10 38 
38 20 23 37 15 5 18 45 49 11 37 18 36 26 38 41 19 9 

64 53 27 19 0 12 12 70 76 27 7 61 38 40 1 47 10 9 
46 35 9 1 18 6 6 52 58 9 25 43 20 22 17 29 8 27 
10 21 47 55 74 62 62 4 2 47 81 13 36 34 73 27 64 83 
64 53 27 19 0 12 12 70 76 27 7 61 38 40 1 47 10 9 
71 60 34 26 7 19 19 77 83 34 0 68 45 47 8 54 17 2 
10 1 27 35 54 42 42 16 22 27 61 7 16 14 53 7 44 63 
54 43 17 9 10 2 2 60 66 17 17 51 28 30 9 37 0 19 
50 39 13 5 14 2 2 56 62 13 21 47 24 26 13 33 4 23 
1 12 38 46 65 53 53 5 11 38 72 4 27 25 64 18 55 74 
9 20 46 54 73 61 61 3 3 46 80 12 35 33 72 26 63 82 
5 6 32 40 59 47 47 11 17 32 66 2 21 19 58 12 49 68 
9 2 28 36 55 43 43 15 21 28 62 6 17 15 54 8 45 64 
82 71 45 37 18 30 30 88 94 45 11 79 56 58 19 65 28 9 
33 22 4 12 31 19 19 39 45 4 38 30 7 9 30 16 21 40 
1 10 36 44 63 51 51 7 13 36 70 2 25 23 62 16 53 72 
65 54 28 20 1 13 13 71 77 28 6 62 39 41 2 48 11 8 
11 0 26 34 53 41 41 17 23 26 60 8 15 13 52 6 43 62 
13 24 50 58 77 65 65 7 1 50 84 16 39 37 76 30 67 86 

30 28 29 9 3 28 7 49 62 58 11 32 2 10 28 35 13 18 
12 10 11 27 21 10 11 31 44 40 29 14 20 8 10 17 5 36 
44 46 45 83 77 46 67 25 12 16 85 42 76 64 46 39 61 92 
30 28 29 9 3 28 7 49 62 58 11 32 2 10 28 35 13 18 
37 35 36 2 4 35 14 56 69 65 4 39 5 17 35 42 20 11 
24 26 25 63 57 26 47 5 8 4 65 22 56 44 26 19 41 72 
20 18 19 19 13 18 3 39 52 48 21 22 12 0 18 25 3 28 
16 14 15 23 17 14 7 35 48 44 25 18 16 4 14 21 1 32 
35 37 36 74 68 37 58 16 3 7 76 33 67 55 37 30 52 83 
43 45 44 82 76 45 66 24 11 15 84 41 75 63 45 38 60 91 
29 31 30 68 62 31 52 10 3 1 70 27 61 49 31 24 46 77 
25 27 26 64 58 27 48 6 7 3 66 23 57 45 27 20 42 73 
48 46 47 9 15 46 25 67 80 76 7 50 16 28 46 53 31 0 
1 3 2 40 34 3 24 18 31 27 42 1 33 21 3 4 18 49 
33 35 34 72 66 35 56 14 1 5 74 31 65 53 35 28 50 81 
31 29 30 8 2 29 8 50 63 59 10 33 1 11 29 36 14 17 
23 25 24 62 56 25 46 4 9 5 64 21 55 43 25 18 40 71 
47 49 48 86 80 49 70 28 15 19 88 45 79 67 49 42 64 95 

55 34 12 70 40 34 52 28 63 4 16 70 37 7 70 1 36 9 
37 16 6 52 22 16 34 10 45 14 2 52 19 25 52 19 18 27 
19 40 62 4 34 40 22 46 11 70 58 4 37 81 4 75 38 83 
55 34 12 70 40 34 52 28 63 4 16 70 37 7 70 1 36 9 
62 41 19 77 47 41 59 35 70 11 23 77 44 0 77 6 43 2 
1 20 42 16 14 20 2 26 9 50 38 16 17 61 16 55 18 63 
45 24 2 60 30 24 42 18 53 6 6 60 27 17 60 11 26 19 
41 20 2 56 26 20 38 14 49 10 2 56 23 21 56 15 22 23 
10 31 53 5 25 31 13 37 2 61 49 5 28 72 5 66 29 74 
18 39 61 3 33 39 21 45 10 69 57 3 36 80 3 74 37 82 
4 25 47 11 19 25 7 31 4 55 43 11 22 66 11 60 23 68 
0 21 43 15 15 21 3 27 8 51 39 15 18 62 15 56 19 64 
73 52 30 88 58 52 70 46 81 22 34 88 55 11 88 17 54 9 
24 3 19 39 9 3 21 3 32 27 15 39 6 38 39 32 5 40 
8 29 51 7 23 29 11 35 0 59 47 7 26 70 7 64 27 72 
56 35 13 71 41 35 53 29 64 5 17 71 38 6 71 0 37 8 
2 19 41 17 13 19 1 25 10 49 37 17 16 60 17 54 17 62 
22 43 65 7 37 43 25 49 14 73 61 7 40 84 7 78 41 86 

39 66 10 72 28 74 68 13 4 12 6 16 10 13 11 68 61 14 
21 48 28 54 10 56 50 31 14 30 12 34 8 31 29 50 43 32 
35 8 84 2 46 0 6 87 70 86 68 90 64 87 85 6 13 88 
39 66 10 72 28 74 68 13 4 12 6 16 10 13 11 68 61 14 
46 73 3 79 35 81 75 6 11 5 13 9 17 6 4 75 68 7 
15 12 64 18 26 20 14 67 50 66 48 70 44 67 65 14 7 68 
29 56 20 62 18 64 58 23 6 22 4 26 0 23 21 58 51 24 
25 52 24 58 14 60 54 27 10 26 8 30 4 27 25 54 47 28 
26 1 75 7 37 9 3 78 61 77 59 81 55 78 76 3 4 79 
34 7 83 1 45 1 5 86 69 85 67 89 63 86 84 5 12 87 
20 7 69 13 31 15 9 72 55 71 53 75 49 72 70 9 2 73 
16 11 65 17 27 19 13 68 51 67 49 71 45 68 66 13 6 69 
57 84 8 90 46 92 86 5 22 6 24 2 28 5 7 86 79 4 
8 35 41 41 3 43 37 44 27 43 25 47 21 44 42 37 30 45 
24 3 73 9 35 11 5 76 59 75 57 79 53 76 74 5 2 77 
40 67 9 73 29 75 69 12 5 11 7 15 11 12 10 69 62 13 
14 13 63 19 25 21 15 66 49 65 47 69 43 66 64 15 8 67 
38 11 87 5 49 3 9 90 73 89 71 93 67 90 88 9 16 91 

66 75 59 19 61 28 53 11 56 52 30 38 17 51 22 53 22 72 
48 57 41 37 43 10 35 7 38 34 12 20 35 33 4 35 4 54 
8 1 15 93 13 46 21 63 18 22 44 36 91 23 52 21 52 2 
66 75 59 19 61 28 53 11 56 52 30 38 17 51 22 53 22 72 
73 82 66 12 68 35 60 18 63 59 37 45 10 58 29 60 29 79 
12 21 5 73 7 26 1 43 2 2 24 16 71 3 32 1 32 18 
56 65 49 29 51 18 43 1 46 42 20 28 27 41 12 43 12 62 
52 61 45 33 47 14 39 3 42 38 16 24 31 37 8 39 8 58 
1 10 6 84 4 37 12 54 9 13 35 27 82 14 43 12 43 7 
7 2 14 92 12 45 20 62 17 21 43 35 90 22 51 20 51 1 
7 16 0 78 2 31 6 48 3 7 29 21 76 8 37 6 37 13 
11 20 4 74 6 27 2 44 1 3 25 17 72 4 33 2 33 17 
84 93 77 1 79 46 71 29 74 70 48 56 1 69 40 71 40 90 
35 44 28 50 30 3 22 20 25 21 1 7 48 20 9 22 9 41 
3 12 4 82 2 35 10 52 7 11 33 25 80 12 41 10 41 9 
67 76 60 18 62 29 54 12 57 53 31 39 16 52 23 54 23 73 
13 22 6 72 8 25 0 42 3 1 23 15 70 2 31 0 31 19 
11 2 18 96 16 49 24 66 21 25 47 39 94 26 55 24 55 5 

52 16 22 54 9 72 19 12 9 42 2 1 20 3 65 80 30 40 
34 34 4 36 9 54 1 6 9 24 16 19 2 15 47 62 12 22 
22 90 52 20 65 2 55 62 65 32 72 75 54 71 9 6 44 34 
52 16 22 54 9 72 19 12 9 42 2 1 20 3 65 80 30 40 
59 9 29 61 16 79 26 19 16 49 9 6 27 10 72 87 37 47 
2 70 32 0 45 18 35 42 45 12 52 55 34 51 11 26 24 14 
42 26 12 44 1 62 9 2 1 32 8 11 10 7 55 70 20 30 
38 30 8 40 5 58 5 2 5 28 12 15 6 11 51 66 16 26 
13 81 43 11 56 7 46 53 56 23 63 66 45 62 0 15 35 25 
21 89 51 19 64 1 54 61 64 31 71 74 53 70 8 7 43 33 
7 75 37 5 50 13 40 47 50 17 57 60 39 56 6 21 29 19 
3 71 33 1 46 17 36 43 46 13 53 56 35 52 10 25 25 15 
70 2 40 72 27 90 37 30 27 60 20 17 38 21 83 98 48 58 
21 47 9 23 22 41 12 19 22 11 29 32 11 28 34 49 1 9 
11 79 41 9 54 9 44 51 54 21 61 64 43 60 2 17 33 23 
53 15 23 55 10 73 20 13 10 43 3 0 21 4 66 81 31 41 
1 69 31 1 44 19 34 41 44 11 51 54 33 50 12 27 23 13 
25 93 55 23 68 5 58 65 68 35 75 78 57 74 12 3 47 37 

50 6 17 19 34 50 72 17 11 12 80 28 74 11 10 55 20 80 
32 24 1 1 16 32 54 35 7 30 62 10 56 29 8 37 2 62 
24 80 57 55 40 24 2 91 63 86 6 46 0 85 64 19 54 6 
50 6 17 19 34 50 72 17 11 12 80 28 74 11 10 55 20 80 
57 1 24 26 41 57 79 10 18 5 87 35 81 4 17 62 27 87 
4 60 37 35 20 4 18 71 43 66 26 26 20 65 44 1 34 26 
40 16 7 9 24 40 62 27 1 22 70 18 64 21 0 45 10 70 
36 20 3 5 20 36 58 31 3 26 66 14 60 25 4 41 6 66 
15 71 48 46 31 15 7 82 54 77 15 37 9 76 55 10 45 15 
23 79 56 54 39 23 1 90 62 85 7 45 1 84 63 18 53 7 
9 65 42 40 25 9 13 76 48 71 21 31 15 70 49 4 39 21 
5 61 38 36 21 5 17 72 44 67 25 27 19 66 45 0 35 25 
68 12 35 37 52 68 90 1 29 6 98 46 92 7 28 73 38 98 
19 37 14 12 3 19 41 48 20 43 49 3 43 42 21 24 11 49 
13 69 46 44 29 13 9 80 52 75 17 35 11 74 53 8 43 17 
51 5 18 20 35 51 73 16 12 11 81 29 75 10 11 56 21 81 
3 59 36 34 19 3 19 70 42 65 27 25 21 64 43 2 33 27 
27 83 60 58 43 27 5 94 66 89 3 49 3 88 67 22 57 3 

61 43 0 14 38 18 5 68 72 12 60 41 13 3 15 18 42 14 
43 25 18 32 20 0 13 50 54 6 42 23 31 21 33 36 24 4 
13 31 74 88 36 56 69 6 2 62 14 33 87 77 89 92 32 60 
61 43 0 14 38 18 5 68 72 12 60 41 13 3 15 18 42 14 
68 50 7 7 45 25 12 75 79 19 67 48 6 4 8 11 49 21 
7 11 54 68 16 36 49 14 18 42 6 13 67 57 69 72 12 40 
51 33 10 24 28 8 5 58 62 2 50 31 23 13 25 28 32 4 
47 29 14 28 24 4 9 54 58 2 46 27 27 17 29 32 28 0 
4 22 65 79 27 47 60 3 7 53 5 24 78 68 80 83 23 51 
12 30 73 87 35 55 68 5 1 61 13 32 86 76 88 91 31 59 
2 16 59 73 21 41 54 9 13 47 1 18 72 62 74 77 17 45 
6 12 55 69 17 37 50 13 17 43 5 14 68 58 70 73 13 41 
79 61 18 4 56 36 23 86 90 30 78 59 5 15 3 0 60 32 
30 12 31 45 7 13 26 37 41 19 29 10 44 34 46 49 11 17 
2 20 63 77 25 45 58 5 9 51 3 22 76 66 78 81 21 49 
62 44 1 13 39 19 6 69 73 13 61 42 12 2 14 17 43 15 
8 10 53 67 15 35 48 15 19 41 7 12 66 56 68 71 11 39 
16 34 77 91 39 59 72 9 5 65 17 36 90 80 92 95 35 63 

34 36 35 73 67 36 57 15 2 6 75 32 66 54 36 29 51 82 
23 25 24 62 56 25 46 4 9 5 64 21 55 43 25 18 40 71 
3 1 2 36 30 1 20 22 35 31 38 5 29 17 1 8 14 45 
11 9 10 28 22 9 12 30 43 39 30 13 21 9 9 16 6 37 
30 28 29 9 3 28 7 49 62 58 11 32 2 10 28 35 13 18 
18 16 17 21 15 16 5 37 50 46 23 20 14 2 16 23 1 30 
18 16 17 21 15 16 5 37 50 46 23 20 14 2 16 23 1 30 
40 42 41 79 73 42 63 21 8 12 81 38 72 60 42 35 57 88 
46 48 47 85 79 48 69 27 14 18 87 44 78 66 48 41 63 94 
3 1 2 36 30 1 20 22 35 31 38 5 29 17 1 8 14 45 
37 35 36 2 4 35 14 56 69 65 4 39 5 17 35 42 20 11 
31 33 32 70 64 33 54 12 1 3 72 29 63 51 33 26 48 79 
8 10 9 47 41 10 31 11 24 20 49 6 40 28 10 3 25 56 
10 12 11 49 43 12 33 9 22 18 51 8 42 30 12 5 27 58 
29 27 28 10 4 27 6 48 61 57 12 31 3 9 27 34 12 19 
17 19 18 56 50 19 40 2 15 11 58 15 49 37 19 12 34 65 
20 18 19 19 13 18 3 39 52 48 21 22 12 0 18 25 3 28 
39 37 38 0 6 37 16 58 71 67 2 41 7 19 37 44 22 9 

9 30 52 6 24 30 12 36 1 60 48 6 27 71 6 65 28 73 
2 19 41 17 13 19 1 25 10 49 37 17 16 60 17 54 17 62 
28 7 15 43 13 7 25 1 36 23 11 43 10 34 43 28 9 36 
36 15 7 51 21 15 33 9 44 15 3 51 18 26 51 20 17 28 
55 34 12 70 40 34 52 28 63 4 16 70 37 7 70 1 36 9 
43 22 0 58 28 22 40 16 51 8 4 58 25 19 58 13 24 21 
43 22 0 58 28 22 40 16 51 8 4 58 25 19 58 13 24 21 
15 36 58 0 30 36 18 42 7 66 54 0 33 77 0 71 34 79 
21 42 64 6 36 42 24 48 13 72 60 6 39 83 6 77 40 85 
28 7 15 43 13 7 25 1 36 23 11 43 10 34 43 28 9 36 
62 41 19 77 47 41 59 35 70 11 23 77 44 0 77 6 43 2 
6 27 49 9 21 27 9 33 2 57 45 9 24 68 9 62 25 70 
17 4 26 32 2 4 14 10 25 34 22 32 1 45 32 39 2 47 
15 6 28 30 0 6 12 12 23 36 24 30 3 47 30 41 4 49 
54 33 11 69 39 33 51 27 62 3 15 69 36 8 69 2 35 10 
8 13 35 23 7 13 5 19 16 43 31 23 10 54 23 48 11 56 
45 24 2 60 30 24 42 18 53 6 6 60 27 17 60 11 26 19 
64 43 21 79 49 43 61 37 72 13 25 79 46 2 79 8 45 0 

25 2 74 8 36 10 4 77 60 76 58 80 54 77 75 4 3 78 
14 13 63 19 25 21 15 66 49 65 47 69 43 66 64 15 8 67 
12 39 37 45 1 47 41 40 23 39 21 43 17 40 38 41 34 41 
20 47 29 53 9 55 49 32 15 31 13 35 9 32 30 49 42 33 
39 66 10 72 28 74 68 13 4 12 6 16 10 13 11 68 61 14 
27 54 22 60 16 62 56 25 8 24 6 28 2 25 23 56 49 26 
27 54 22 60 16 62 56 25 8 24 6 28 2 25 23 56 49 26 
31 4 80 2 42 4 2 83 66 82 64 86 60 83 81 2 9 84 
37 10 86 4 48 2 8 89 72 88 70 92 66 89 87 8 15 90 
12 39 37 45 1 47 41 40 23 39 21 43 17 40 38 41 34 41 
46 73 3 79 35 81 75 6 11 5 13 9 17 6 4 75 68 7 
22 5 71 11 33 13 7 74 57 73 55 77 51 74 72 7 0 75 
1 28 48 34 10 36 30 51 34 50 32 54 28 51 49 30 23 52 
1 26 50 32 12 34 28 53 36 52 34 56 30 53 51 28 21 54 
38 65 11 71 27 73 67 14 3 13 5 17 9 14 12 67 60 15 
8 19 57 25 19 27 21 60 43 59 41 63 37 60 58 21 14 61 
29 56 20 62 18 64 58 23 6 22 4 26 0 23 21 58 51 24 
48 75 1 81 37 83 77 4 13 3 15 7 19 4 2 77 70 5 

2 11 5 83 3 36 11 53 8 12 34 26 81 13 42 11 42 8 
13 22 6 72 8 25 0 42 3 1 23 15 70 2 31 0 31 19 
39 48 32 46 34 1 26 16 29 25 3 11 44 24 5 26 5 45 
47 56 40 38 42 9 34 8 37 33 11 19 36 32 3 34 3 53 
66 75 59 19 61 28 53 11 56 52 30 38 17 51 22 53 22 72 
54 63 47 31 49 16 41 1 44 40 18 26 29 39 10 41 10 60 
54 63 47 31 49 16 41 1 44 40 18 26 29 39 10 41 10 60 
4 5 11 89 9 42 17 59 14 18 40 32 87 19 48 17 48 2 
10 1 17 95 15 48 23 65 20 24 46 38 93 25 54 23 54 4 
39 48 32 46 34 1 26 16 29 25 3 11 44 24 5 26 5 45 
73 82 66 12 68 35 60 18 63 59 37 45 10 58 29 60 29 79 
5 14 2 80 0 33 8 50 5 9 31 23 78 10 39 8 39 11 
28 37 21 57 23 10 15 27 18 14 8 0 55 13 16 15 16 34 
26 35 19 59 21 12 13 29 16 12 10 2 57 11 18 13 18 32 
65 74 58 20 60 27 52 10 55 51 29 37 18 50 21 52 21 71 
19 28 12 66 14 19 6 36 9 5 17 9 64 4 25 6 25 25 
56 65 49 29 51 18 43 1 46 42 20 28 27 41 12 43 12 62 
75 84 68 10 70 37 62 20 65 61 39 47 8 60 31 62 31 81 

12 80 42 10 55 8 45 52 55 22 62 65 44 61 1 16 34 24 
1 69 31 1 44 19 34 41 44 11 51 54 33 50 12 27 23 13 
25 43 5 27 18 45 8 15 18 15 25 28 7 24 38 53 3 13 
33 35 3 35 10 53 0 7 10 23 17 20 1 16 46 61 11 21 
52 16 22 54 9 72 19 12 9 42 2 1 20 3 65 80 30 40 
40 28 10 42 3 60 7 0 3 30 10 13 8 9 53 68 18 28 
40 28 10 42 3 60 7 0 3 30 10 13 8 9 53 68 18 28 
18 86 48 16 61 2 51 58 61 28 68 71 50 67 5 10 40 30 
24 92 54 22 67 4 57 64 67 34 74 77 56 73 11 4 46 36 
25 43 5 27 18 45 8 15 18 15 25 28 7 24 38 53 3 13 
59 9 29 61 16 79 26 19 16 49 9 6 27 10 72 87 37 47 
9 77 39 7 52 11 42 49 52 19 59 62 41 58 4 19 31 21 
14 54 16 16 29 34 19 26 29 4 36 39 18 35 27 42 8 2 
12 56 18 14 31 32 21 28 31 2 38 41 20 37 25 40 10 0 
51 17 21 53 8 71 18 11 8 41 1 2 19 2 64 79 29 39 
5 63 25 7 38 25 28 35 38 5 45 48 27 44 18 33 17 7 
42 26 12 44 1 62 9 2 1 32 8 11 10 7 55 70 20 30 
61 7 31 63 18 81 28 21 18 51 11 8 29 12 74 89 39 49 

14 70 47 45 30 14 8 81 53 76 16 36 10 75 54 9 44 16 
3 59 36 34 19 3 19 70 42 65 27 25 21 64 43 2 33 27 
23 33 10 8 7 23 45 44 16 39 53 1 47 38 17 28 7 53 
31 25 2 0 15 31 53 36 8 31 61 9 55 30 9 36 1 61 
50 6 17 19 34 50 72 17 11 12 80 28 74 11 10 55 20 80 
38 18 5 7 22 38 60 29 1 24 68 16 62 23 2 43 8 68 
38 18 5 7 22 38 60 29 1 24 68 16 62 23 2 43 8 68 
20 76 53 51 36 20 2 87 59 82 10 42 4 81 60 15 50 10 
26 82 59 57 42 26 4 93 65 88 4 48 2 87 66 21 56 4 
23 33 10 8 7 23 45 44 16 39 53 1 47 38 17 28 7 53 
57 1 24 26 41 57 79 10 18 5 87 35 81 4 17 62 27 87 
11 67 44 42 27 11 11 78 50 73 19 33 13 72 51 6 41 19 
12 44 21 19 4 12 34 55 27 50 42 10 36 49 28 17 18 42 
10 46 23 21 6 10 32 57 29 52 40 12 34 51 30 15 20 40 
49 7 16 18 33 49 71 18 10 13 79 27 73 12 9 54 19 79 
3 53 30 28 13 3 25 64 36 59 33 19 27 58 37 8 27 33 
40 16 7 9 24 40 62 27 1 22 70 18 64 21 0 45 10 70 
59 3 26 28 43 59 81 8 20 3 89 37 83 2 19 64 29 89 

3 21 64 78 26 46 59 4 8 52 4 23 77 67 79 82 22 50 
8 10 53 67 15 35 48 15 19 41 7 12 66 56 68 71 11 39 
34 16 27 41 11 9 22 41 45 15 33 14 40 30 42 45 15 13 
42 24 19 33 19 1 14 49 53 7 41 22 32 22 34 37 23 5 
61 43 0 14 38 18 5 68 72 12 60 41 13 3 15 18 42 14 
49 31 12 26 26 6 7 56 60 0 48 29 25 15 27 30 30 2 
49 31 12 26 26 6 7 56 60 0 48 29 25 15 27 30 30 2 
9 27 70 84 32 52 65 2 2 58 10 29 83 73 85 88 28 56 
15 33 76 90 38 58 71 8 4 64 16 35 89 79 91 94 34 62 
34 16 27 41 11 9 22 41 45 15 33 14 40 30 42 45 15 13 
68 50 7 7 45 25 12 75 79 19 67 48 6 4 8 11 49 21 
0 18 61 75 23 43 56 7 11 49 1 20 74 64 76 79 19 47 
23 5 38 52 0 20 33 30 34 26 22 3 51 41 53 56 4 24 
21 3 40 54 2 22 35 28 32 28 20 1 53 43 55 58 2 26 
60 42 1 15 37 17 4 67 71 11 59 40 14 4 16 19 41 13 
14 4 47 61 9 29 42 21 25 35 13 6 60 50 62 65 5 33 
51 33 10 24 28 8 5 58 62 2 50 31 23 13 25 28 32 4 
70 52 9 5 47 27 14 77 81 21 69 50 4 6 6 9 51 23 

25 4 18 40 10 4 22 2 33 26 14 40 7 37 40 31 6 39 
27 6 16 42 12 6 24 0 35 24 12 42 9 35 42 29 8 37 
26 5 17 41 11 5 23 1 34 25 13 41 8 36 41 30 7 38 
64 43 21 79 49 43 61 37 72 13 25 79 46 2 79 8 45 0 
58 37 15 73 43 37 55 31 66 7 19 73 40 4 73 2 39 6 
27 6 16 42 12 6 24 0 35 24 12 42 9 35 42 29 8 37 
48 27 5 63 33 27 45 21 56 3 9 63 30 14 63 8 29 16 
6 15 37 21 9 15 3 21 14 45 33 21 12 56 21 50 13 58 
7 28 50 8 22 28 10 34 1 58 46 8 25 69 8 63 26 71 
3 24 46 12 18 24 6 30 5 54 42 12 21 65 12 59 22 67 
66 45 23 81 51 45 63 39 74 15 27 81 48 4 81 10 47 2 
23 2 20 38 8 2 20 4 31 28 16 38 5 39 38 33 4 41 
57 36 14 72 42 36 54 30 65 6 18 72 39 5 72 1 38 7 
45 24 2 60 30 24 42 18 53 6 6 60 27 17 60 11 26 19 
27 6 16 42 12 6 24 0 35 24 12 42 9 35 42 29 8 37 
20 1 23 35 5 1 17 7 28 31 19 35 2 42 35 36 1 44 
42 21 1 57 27 21 39 15 50 9 3 57 24 20 57 14 23 22 
73 52 30 88 58 52 70 46 81 22 34 88 55 11 88 17 54 9 

9 36 40 42 2 44 38 43 26 42 24 46 20 43 41 38 31 44 
11 38 38 44 0 46 40 41 24 40 22 44 18 41 39 40 33 42 
10 37 39 43 1 45 39 42 25 41 23 45 19 42 40 39 32 43 
48 75 1 81 37 83 77 4 13 3 15 7 19 4 2 77 70 5 
42 69 7 75 31 77 71 10 7 9 9 13 13 10 8 71 64 11 
11 38 38 44 0 46 40 41 24 40 22 44 18 41 39 40 33 42 
32 59 17 65 21 67 61 20 3 19 1 23 3 20 18 61 54 21 
10 17 59 23 21 25 19 62 45 61 43 65 39 62 60 19 12 63 
23 4 72 10 34 12 6 75 58 74 56 78 52 75 73 6 1 76 
19 8 68 14 30 16 10 71 54 70 52 74 48 71 69 10 3 72 
50 77 1 83 39 85 79 2 15 1 17 5 21 2 0 79 72 3 
7 34 42 40 4 42 36 45 28 44 26 48 22 45 43 36 29 46 
41 68 8 74 30 76 70 11 6 10 8 14 12 11 9 70 63 12 
29 56 20 62 18 64 58 23 6 22 4 26 0 23 21 58 51 24 
11 38 38 44 0 46 40 41 24 40 22 44 18 41 39 40 33 42 
4 31 45 37 7 39 33 48 31 47 29 51 25 48 46 33 26 49 
26 53 23 59 15 61 55 26 9 25 7 29 3 26 24 55 48 27 
57 84 8 90 46 92 86 5 22 6 24 2 28 5 7 86 79 4 

36 45 29 49 31 2 23 19 26 22 0 8 47 21 8 23 8 42 
38 47 31 47 33 0 25 17 28 24 2 10 45 23 6 25 6 44 
37 46 30 48 32 1 24 18 27 23 1 9 46 22 7 24 7 43 
75 84 68 10 70 37 62 20 65 61 39 47 8 60 31 62 31 81 
69 78 62 16 64 31 56 14 59 55 33 41 14 54 25 56 25 75 
38 47 31 47 33 0 25 17 28 24 2 10 45 23 6 25 6 44 
59 68 52 26 54 21 46 4 49 45 23 31 24 44 15 46 15 65 
17 26 10 68 12 21 4 38 7 3 19 11 66 2 27 4 27 23 
4 13 3 81 1 34 9 51 6 10 32 24 79 11 40 9 40 10 
8 17 1 77 3 30 5 47 2 6 28 20 75 7 36 5 36 14 
77 86 70 8 72 39 64 22 67 63 41 49 6 62 33 64 33 83 
34 43 27 51 29 4 21 21 24 20 2 6 49 19 10 21 10 40 
68 77 61 17 63 30 55 13 58 54 32 40 15 53 24 55 24 74 
56 65 49 29 51 18 43 1 46 42 20 28 27 41 12 43 12 62 
38 47 31 47 33 0 25 17 28 24 2 10 45 23 6 25 6 44 
31 40 24 54 26 7 18 24 21 17 5 3 52 16 13 18 13 37 
53 62 46 32 48 15 40 2 43 39 17 25 30 38 9 40 9 59 
84 93 77 1 79 46 71 29 74 70 48 56 1 69 40 71 40 90 

22 46 8 24 21 42 11 18 21 12 28 31 10 27 35 50 0 10 
24 44 6 26 19 44 9 16 19 14 26 29 8 25 37 52 2 12 
23 45 7 25 20 43 10 17 20 13 27 30 9 26 36 51 1 11 
61 7 31 63 18 81 28 21 18 51 11 8 29 12 74 89 39 49 
55 13 25 57 12 75 22 15 12 45 5 2 23 6 68 83 33 43 
24 44 6 26 19 44 9 16 19 14 26 29 8 25 37 52 2 12 
45 23 15 47 2 65 12 5 2 35 5 8 13 4 58 73 23 33 
3 65 27 5 40 23 30 37 40 7 47 50 29 46 16 31 19 9 
10 78 40 8 53 10 43 50 53 20 60 63 42 59 3 18 32 22 
6 74 36 4 49 14 39 46 49 16 56 59 38 55 7 22 28 18 
63 5 33 65 20 83 30 23 20 53 13 10 31 14 76 91 41 51 
20 48 10 22 23 40 13 20 23 10 30 33 12 29 33 48 2 8 
54 14 24 56 11 74 21 14 11 44 4 1 22 5 67 82 32 42 
42 26 12 44 1 62 9 2 1 32 8 11 10 7 55 70 20 30 
24 44 6 26 19 44 9 16 19 14 26 29 8 25 37 52 2 12 
17 51 13 19 26 37 16 23 26 7 33 36 15 32 30 45 5 5 
39 29 9 41 4 59 6 1 4 29 11 14 7 10 52 67 17 27 
70 2 40 72 27 90 37 30 27 60 20 17 38 21 83 98 48 58 

20 36 13 11 4 20 42 47 19 42 50 2 44 41 20 25 10 50 
22 34 11 9 6 22 44 45 17 40 52 0 46 39 18 27 8 52 
21 35 12 10 5 21 43 46 18 41 51 1 45 40 19 26 9 51 
59 3 26 28 43 59 81 8 20 3 89 37 83 2 19 64 29 89 
53 3 20 22 37 53 75 14 14 9 83 31 77 8 13 58 23 83 
22 34 11 9 6 22 44 45 17 40 52 0 46 39 18 27 8 52 
43 13 10 12 27 43 65 24 4 19 73 21 67 18 3 48 13 73 
1 55 32 30 15 1 23 66 38 61 31 21 25 60 39 6 29 31 
12 68 45 43 28 12 10 79 51 74 18 34 12 73 52 7 42 18 
8 64 41 39 24 8 14 75 47 70 22 30 16 69 48 3 38 22 
61 5 28 30 45 61 83 6 22 1 91 39 85 0 21 66 31 91 
18 38 15 13 2 18 40 49 21 44 48 4 42 43 22 23 12 48 
52 4 19 21 36 52 74 15 13 10 82 30 76 9 12 57 22 82 
40 16 7 9 24 40 62 27 1 22 70 18 64 21 0 45 10 70 
22 34 11 9 6 22 44 45 17 40 52 0 46 39 18 27 8 52 
15 41 18 16 1 15 37 52 24 47 45 7 39 46 25 20 15 45 
37 19 4 6 21 37 59 30 2 25 67 15 61 24 3 42 7 67 
68 12 35 37 52 68 90 1 29 6 98 46 92 7 28 73 38 98 

31 13 30 44 8 12 25 38 42 18 30 11 43 33 45 48 12 16 
33 15 28 42 10 10 23 40 44 16 32 13 41 31 43 46 14 14 
32 14 29 43 9 11 24 39 43 17 31 12 42 32 44 47 13 15 
70 52 9 5 47 27 14 77 81 21 69 50 4 6 6 9 51 23 
64 46 3 11 41 21 8 71 75 15 63 44 10 0 12 15 45 17 
33 15 28 42 10 10 23 40 44 16 32 13 41 31 43 46 14 14 
54 36 7 21 31 11 2 61 65 5 53 34 20 10 22 25 35 7 
12 6 49 63 11 31 44 19 23 37 11 8 62 52 64 67 7 35 
1 19 62 76 24 44 57 6 10 50 2 21 75 65 77 80 20 48 
3 15 58 72 20 40 53 10 14 46 2 17 71 61 73 76 16 44 
72 54 11 3 49 29 16 79 83 23 71 52 2 8 4 7 53 25 
29 11 32 46 6 14 27 36 40 20 28 9 45 35 47 50 10 18 
63 45 2 12 40 20 7 70 74 14 62 43 11 1 13 16 44 16 
51 33 10 24 28 8 5 58 62 2 50 31 23 13 25 28 32 4 
33 15 28 42 10 10 23 40 44 16 32 13 41 31 43 46 14 14 
26 8 35 49 3 17 30 33 37 23 25 6 48 38 50 53 7 21 
48 30 13 27 25 5 8 55 59 1 47 28 26 16 28 31 29 1 
79 61 18 4 56 36 23 86 90 30 78 59 5 15 3 0 60 32 

16 11 65 17 27 19 13 68 51 67 49 71 45 68 66 13 6 69 
5 32 44 38 6 40 34 47 30 46 28 50 24 47 45 34 27 48 
27 54 22 60 16 62 56 25 8 24 6 28 2 25 23 56 49 26 
31 4 80 2 42 4 2 83 66 82 64 86 60 83 81 2 9 84 
1 26 50 32 12 34 28 53 36 52 34 56 30 53 51 28 21 54 
5 32 44 38 6 40 34 47 30 46 28 50 24 47 45 34 27 48 
13 14 62 20 24 22 16 65 48 64 46 68 42 65 63 16 9 66 
11 38 38 44 0 46 40 41 24 40 22 44 18 41 39 40 33 42 
24 3 73 9 35 11 5 76 59 75 57 79 53 76 74 5 2 77 
35 62 14 68 24 70 64 17 0 16 2 20 6 17 15 64 57 18 
23 50 26 56 12 58 52 29 12 28 10 32 6 29 27 52 45 30 
31 4 80 2 42 4 2 83 66 82 64 86 60 83 81 2 9 84 
2 29 47 35 9 37 31 50 33 49 31 53 27 50 48 31 24 51 
46 73 3 79 35 81 75 6 11 5 13 9 17 6 4 75 68 7 
31 4 80 2 42 4 2 83 66 82 64 86 60 83 81 2 9 84 
40 67 9 73 29 75 69 12 5 11 7 15 11 12 10 69 62 13 
3 30 46 36 8 38 32 49 32 48 30 52 26 49 47 32 25 50 
48 75 1 81 37 83 77 4 13 3 15 7 19 4 2 77 70 5 

11 20 4 74 6 27 2 44 1 3 25 17 72 4 33 2 33 17 
32 41 25 53 27 6 19 23 22 18 4 4 51 17 12 19 12 38 
54 63 47 31 49 16 41 1 44 40 18 26 29 39 10 41 10 60 
4 5 11 89 9 42 17 59 14 18 40 32 87 19 48 17 48 2 
26 35 19 59 21 12 13 29 16 12 10 2 57 11 18 13 18 32 
32 41 25 53 27 6 19 23 22 18 4 4 51 17 12 19 12 38 
14 23 7 71 9 24 1 41 4 0 22 14 69 1 30 1 30 20 
38 47 31 47 33 0 25 17 28 24 2 10 45 23 6 25 6 44 
3 12 4 82 2 35 10 52 7 11 33 25 80 12 41 10 41 9 
62 71 55 23 57 24 49 7 52 48 26 34 21 47 18 49 18 68 
50 59 43 35 45 12 37 5 40 36 14 22 33 35 6 37 6 56 
4 5 11 89 9 42 17 59 14 18 40 32 87 19 48 17 48 2 
29 38 22 56 24 9 16 26 19 15 7 1 54 14 15 16 15 35 
73 82 66 12 68 35 60 18 63 59 37 45 10 58 29 60 29 79 
4 5 11 89 9 42 17 59 14 18 40 32 87 19 48 17 48 2 
67 76 60 18 62 29 54 12 57 53 31 39 16 52 23 54 23 73 
30 39 23 55 25 8 17 25 20 16 6 2 53 15 14 17 14 36 
75 84 68 10 70 37 62 20 65 61 39 47 8 60 31 62 31 81 

3 71 33 1 46 17 36 43 46 13 53 56 35 52 10 25 25 15 
18 50 12 20 25 38 15 22 25 8 32 35 14 31 31 46 4 6 
40 28 10 42 3 60 7 0 3 30 10 13 8 9 53 68 18 28 
18 86 48 16 61 2 51 58 61 28 68 71 50 67 5 10 40 30 
12 56 18 14 31 32 21 28 31 2 38 41 20 37 25 40 10 0 
18 50 12 20 25 38 15 22 25 8 32 35 14 31 31 46 4 6 
0 68 30 2 43 20 33 40 43 10 50 53 32 49 13 28 22 12 
24 44 6 26 19 44 9 16 19 14 26 29 8 25 37 52 2 12 
11 79 41 9 54 9 44 51 54 21 61 64 43 60 2 17 33 23 
48 20 18 50 5 68 15 8 5 38 2 5 16 1 61 76 26 36 
36 32 6 38 7 56 3 4 7 26 14 17 4 13 49 64 14 24 
18 86 48 16 61 2 51 58 61 28 68 71 50 67 5 10 40 30 
15 53 15 17 28 35 18 25 28 5 35 38 17 34 28 43 7 3 
59 9 29 61 16 79 26 19 16 49 9 6 27 10 72 87 37 47 
18 86 48 16 61 2 51 58 61 28 68 71 50 67 5 10 40 30 
53 15 23 55 10 73 20 13 10 43 3 0 21 4 66 81 31 41 
16 52 14 18 27 36 17 24 27 6 34 37 16 33 29 44 6 4 
61 7 31 63 18 81 28 21 18 51 11 8 29 12 74 89 39 49 

5 61 38 36 21 5 17 72 44 67 25 27 19 66 45 0 35 25 
16 40 17 15 0 16 38 51 23 46 46 6 40 45 24 21 14 46 
38 18 5 7 22 38 60 29 1 24 68 16 62 23 2 43 8 68 
20 76 53 51 36 20 2 87 59 82 10 42 4 81 60 15 50 10 
10 46 23 21 6 10 32 57 29 52 40 12 34 51 30 15 20 40 
16 40 17 15 0 16 38 51 23 46 46 6 40 45 24 21 14 46 
2 58 35 33 18 2 20 69 41 64 28 24 22 63 42 3 32 28 
22 34 11 9 6 22 44 45 17 40 52 0 46 39 18 27 8 52 
13 69 46 44 29 13 9 80 52 75 17 35 11 74 53 8 43 17 
46 10 13 15 30 46 68 21 7 16 76 24 70 15 6 51 16 76 
34 22 1 3 18 34 56 33 5 28 64 12 58 27 6 39 4 64 
20 76 53 51 36 20 2 87 59 82 10 42 4 81 60 15 50 10 
13 43 20 18 3 13 35 54 26 49 43 9 37 48 27 18 17 43 
57 1 24 26 41 57 79 10 18 5 87 35 81 4 17 62 27 87 
20 76 53 51 36 20 2 87 59 82 10 42 4 81 60 15 50 10 
51 5 18 20 35 51 73 16 12 11 81 29 75 10 11 56 21 81 
14 42 19 17 2 14 36 53 25 48 44 8 38 47 26 19 16 44 
59 3 26 28 43 59 81 8 20 3 89 37 83 2 19 64 29 89 

6 12 55 69 17 37 50 13 17 43 5 14 68 58 70 73 13 41 
27 9 34 48 4 16 29 34 38 22 26 7 47 37 49 52 8 20 
49 31 12 26 26 6 7 56 60 0 48 29 25 15 27 30 30 2 
9 27 70 84 32 52 65 2 2 58 10 29 83 73 85 88 28 56 
21 3 40 54 2 22 35 28 32 28 20 1 53 43 55 58 2 26 
27 9 34 48 4 16 29 34 38 22 26 7 47 37 49 52 8 20 
9 9 52 66 14 34 47 16 20 40 8 11 65 55 67 70 10 38 
33 15 28 42 10 10 23 40 44 16 32 13 41 31 43 46 14 14 
2 20 63 77 25 45 58 5 9 51 3 22 76 66 78 81 21 49 
57 39 4 18 34 14 1 64 68 8 56 37 17 7 19 22 38 10 
45 27 16 30 22 2 11 52 56 4 44 25 29 19 31 34 26 2 
9 27 70 84 32 52 65 2 2 58 10 29 83 73 85 88 28 56 
24 6 37 51 1 19 32 31 35 25 23 4 50 40 52 55 5 23 
68 50 7 7 45 25 12 75 79 19 67 48 6 4 8 11 49 21 
9 27 70 84 32 52 65 2 2 58 10 29 83 73 85 88 28 56 
62 44 1 13 39 19 6 69 73 13 61 42 12 2 14 17 43 15 
25 7 36 50 2 18 31 32 36 24 24 5 49 39 51 54 6 22 
70 52 9 5 47 27 14 77 81 21 69 50 4 6 6 9 51 23 

27 36 20 58 22 11 14 28 17 13 9 1 56 12 17 14 17 33 
0 9 7 85 5 38 13 55 10 14 36 28 83 15 44 13 44 6 
76 85 69 9 71 38 63 21 66 62 40 48 7 61 32 63 32 82 
6 3 13 91 11 44 19 61 16 20 42 34 89 21 50 19 50 0 
38 47 31 47 33 0 25 17 28 24 2 10 45 23 6 25 6 44 
8 1 15 93 13 46 21 63 18 22 44 36 91 23 52 21 52 2 
2 7 9 87 7 40 15 57 12 16 38 30 85 17 46 15 46 4 
79 88 72 6 74 41 66 24 69 65 43 51 4 64 35 66 35 85 
62 71 55 23 57 24 49 7 52 48 26 34 21 47 18 49 18 68 
78 87 71 7 73 40 65 23 68 64 42 50 5 63 34 65 34 84 
60 69 53 25 55 22 47 5 50 46 24 32 23 45 16 47 16 66 
82 91 75 3 77 44 69 27 72 68 46 54 1 67 38 69 38 88 
56 65 49 29 51 18 43 1 46 42 20 28 27 41 12 43 12 62 
79 88 72 6 74 41 66 24 69 65 43 51 4 64 35 66 35 85 
77 86 70 8 72 39 64 22 67 63 41 49 6 62 33 64 33 83 
2 7 9 87 7 40 15 57 12 16 38 30 85 17 46 15 46 4 
5 14 2 80 0 33 8 50 5 9 31 23 78 10 39 8 39 11 
80 89 73 5 75 42 67 25 70 66 44 52 3 65 36 67 36 86 

13 55 17 15 30 33 20 27 30 3 37 40 19 36 26 41 9 1 
14 82 44 12 57 6 47 54 57 24 64 67 46 63 1 14 36 26 
62 6 32 64 19 82 29 22 19 52 12 9 30 13 75 90 40 50 
20 88 50 18 63 0 53 60 63 30 70 73 52 69 7 8 42 32 
24 44 6 26 19 44 9 16 19 14 26 29 8 25 37 52 2 12 
22 90 52 20 65 2 55 62 65 32 72 75 54 71 9 6 44 34 
16 84 46 14 59 4 49 56 59 26 66 69 48 65 3 12 38 28 
65 3 35 67 22 85 32 25 22 55 15 12 33 16 78 93 43 53 
48 20 18 50 5 68 15 8 5 38 2 5 16 1 61 76 26 36 
64 4 34 66 21 84 31 24 21 54 14 11 32 15 77 92 42 52 
46 22 16 48 3 66 13 6 3 36 4 7 14 3 59 74 24 34 
68 0 38 70 25 88 35 28 25 58 18 15 36 19 81 96 46 56 
42 26 12 44 1 62 9 2 1 32 8 11 10 7 55 70 20 30 
65 3 35 67 22 85 32 25 22 55 15 12 33 16 78 93 43 53 
63 5 33 65 20 83 30 23 20 53 13 10 31 14 76 91 41 51 
16 84 46 14 59 4 49 56 59 26 66 69 48 65 3 12 38 28 
9 77 39 7 52 11 42 49 52 19 59 62 41 58 4 19 31 21 
66 2 36 68 23 86 33 26 23 56 16 13 34 17 79 94 44 54 

11 45 22 20 5 11 33 56 28 51 41 11 35 50 29 16 19 41 
16 72 49 47 32 16 6 83 55 78 14 38 8 77 56 11 46 14 
60 4 27 29 44 60 82 7 21 2 90 38 84 1 20 65 30 90 
22 78 55 53 38 22 0 89 61 84 8 44 2 83 62 17 52 8 
22 34 11 9 6 22 44 45 17 40 52 0 46 39 18 27 8 52 
24 80 57 55 40 24 2 91 63 86 6 46 0 85 64 19 54 6 
18 74 51 49 34 18 4 85 57 80 12 40 6 79 58 13 48 12 
63 7 30 32 47 63 85 4 24 1 93 41 87 2 23 68 33 93 
46 10 13 15 30 46 68 21 7 16 76 24 70 15 6 51 16 76 
62 6 29 31 46 62 84 5 23 0 92 40 86 1 22 67 32 92 
44 12 11 13 28 44 66 23 5 18 74 22 68 17 4 49 14 74 
66 10 33 35 50 66 88 1 27 4 96 44 90 5 26 71 36 96 
40 16 7 9 24 40 62 27 1 22 70 18 64 21 0 45 10 70 
63 7 30 32 47 63 85 4 24 1 93 41 87 2 23 68 33 93 
61 5 28 30 45 61 83 6 22 1 91 39 85 0 21 66 31 91 
18 74 51 49 34 18 4 85 57 80 12 40 6 79 58 13 48 12 
11 67 44 42 27 11 11 78 50 73 19 33 13 72 51 6 41 19 
64 8 31 33 48 64 86 3 25 2 94 42 88 3 24 69 34 94 

22 4 39 53 1 21 34 29 33 27 21 2 52 42 54 57 3 25 
5 23 66 80 28 48 61 2 6 54 6 25 79 69 81 84 24 52 
71 53 10 4 48 28 15 78 82 22 70 51 3 7 5 8 52 24 
11 29 72 86 34 54 67 4 0 60 12 31 85 75 87 90 30 58 
33 15 28 42 10 10 23 40 44 16 32 13 41 31 43 46 14 14 
13 31 74 88 36 56 69 6 2 62 14 33 87 77 89 92 32 60 
7 25 68 82 30 50 63 0 4 56 8 27 81 71 83 86 26 54 
74 56 13 1 51 31 18 81 85 25 73 54 0 10 2 5 55 27 
57 39 4 18 34 14 1 64 68 8 56 37 17 7 19 22 38 10 
73 55 12 2 50 30 17 80 84 24 72 53 1 9 3 6 54 26 
55 37 6 20 32 12 1 62 66 6 54 35 19 9 21 24 36 8 
77 59 16 2 54 34 21 84 88 28 76 57 3 13 1 2 58 30 
51 33 10 24 28 8 5 58 62 2 50 31 23 13 25 28 32 4 
74 56 13 1 51 31 18 81 85 25 73 54 0 10 2 5 55 27 
72 54 11 3 49 29 16 79 83 23 71 52 2 8 4 7 53 25 
7 25 68 82 30 50 63 0 4 56 8 27 81 71 83 86 26 54 
0 18 61 75 23 43 56 7 11 49 1 20 74 64 76 79 19 47 
75 57 14 0 52 32 19 82 86 26 74 55 1 11 1 4 56 28 

14 82 44 12 57 6 47 54 57 24 64 67 46 63 1 14 36 26 
23 91 53 21 66 3 56 63 66 33 73 76 55 72 10 5 45 35 
7 75 37 5 50 13 40 47 50 17 57 60 39 56 6 21 29 19 
71 3 41 73 28 91 38 31 28 61 21 18 39 22 84 99 49 59 
9 77 39 7 52 11 42 49 52 19 59 62 41 58 4 19 31 21 
24 44 6 26 19 44 9 16 19 14 26 29 8 25 37 52 2 12 
1 69 31 1 44 19 34 41 44 11 51 54 33 50 12 27 23 13 
41 27 11 43 2 61 8 1 2 31 9 12 9 8 54 69 19 29 
4 72 34 2 47 16 37 44 47 14 54 57 36 53 9 24 26 16 
0 68 30 2 43 20 33 40 43 10 50 53 32 49 13 28 22 12 
22 46 8 24 21 42 11 18 21 12 28 31 10 27 35 50 0 10 
14 54 16 16 29 34 19 26 29 4 36 39 18 35 27 42 8 2 
69 1 39 71 26 89 36 29 26 59 19 16 37 20 82 97 47 57 
1 67 29 3 42 21 32 39 42 9 49 52 31 48 14 29 21 11 
30 38 0 32 13 50 3 10 13 20 20 23 2 19 43 58 8 18 
1 69 31 1 44 19 34 41 44 11 51 54 33 50 12 27 23 13 
30 38 0 32 13 50 3 10 13 20 20 23 2 19 43 58 8 18 
20 88 50 18 63 0 53 60 63 30 70 73 52 69 7 8 42 32 

16 72 49 47 32 16 6 83 55 78 14 38 8 77 56 11 46 14 
25 81 58 56 41 25 3 92 64 87 5 47 1 86 65 20 55 5 
9 65 42 40 25 9 13 76 48 71 21 31 15 70 49 4 39 21 
69 13 36 38 53 69 91 2 30 7 99 47 93 8 29 74 39 99 
11 67 44 42 27 11 11 78 50 73 19 33 13 72 51 6 41 19 
22 34 11 9 6 22 44 45 17 40 52 0 46 39 18 27 8 52 
3 59 36 34 19 3 19 70 42 65 27 25 21 64 43 2 33 27 
39 17 6 8 23 39 61 28 0 23 69 17 63 22 1 44 9 69 
6 62 39 37 22 6 16 73 45 68 24 28 18 67 46 1 36 24 
2 58 35 33 18 2 20 69 41 64 28 24 22 63 42 3 32 28 
20 36 13 11 4 20 42 47 19 42 50 2 44 41 20 25 10 50 
12 44 21 19 4 12 34 55 27 50 42 10 36 49 28 17 18 42 
67 11 34 36 51 67 89 0 28 5 97 45 91 6 27 72 37 97 
1 57 34 32 17 1 21 68 40 63 29 23 23 62 41 4 31 29 
28 28 5 3 12 28 50 39 11 34 58 6 52 33 12 33 2 58 
3 59 36 34 19 3 19 70 42 65 27 25 21 64 43 2 33 27 
28 28 5 3 12 28 50 39 11 34 58 6 52 33 12 33 2 58 
22 78 55 53 38 22 0 89 61 84 8 44 2 83 62 17 52 8 

5 23 66 80 28 48 61 2 6 54 6 25 79 69 81 84 24 52 
14 32 75 89 37 57 70 7 3 63 15 34 88 78 90 93 33 61 
2 16 59 73 21 41 54 9 13 47 1 18 72 62 74 77 17 45 
80 62 19 5 57 37 24 87 91 31 79 60 6 16 4 1 61 33 
0 18 61 75 23 43 56 7 11 49 1 20 74 64 76 79 19 47 
33 15 28 42 10 10 23 40 44 16 32 13 41 31 43 46 14 14 
8 10 53 67 15 35 48 15 19 41 7 12 66 56 68 71 11 39 
50 32 11 25 27 7 6 57 61 1 49 30 24 14 26 29 31 3 
5 13 56 70 18 38 51 12 16 44 4 15 69 59 71 74 14 42 
9 9 52 66 14 34 47 16 20 40 8 11 65 55 67 70 10 38 
31 13 30 44 8 12 25 38 42 18 30 11 43 33 45 48 12 16 
23 5 38 52 0 20 33 30 34 26 22 3 51 41 53 56 4 24 
78 60 17 3 55 35 22 85 89 29 77 58 4 14 2 1 59 31 
10 8 51 65 13 33 46 17 21 39 9 10 64 54 66 69 9 37 
39 21 22 36 16 4 17 46 50 10 38 19 35 25 37 40 20 8 
8 10 53 67 15 35 48 15 19 41 7 12 66 56 68 71 11 39 
39 21 22 36 16 4 17 46 50 10 38 19 35 25 37 40 20 8 
11 29 72 86 34 54 67 4 0 60 12 31 85 75 87 90 30 58 

2 58 35 33 18 2 20 69 41 64 28 24 22 63 42 3 32 28 
66 10 33 35 50 66 88 1 27 4 96 44 90 5 26 71 36 96 
28 28 5 3 12 28 50 39 11 34 58 6 52 33 12 33 2 58 
4 60 37 35 20 4 18 71 43 66 26 26 20 65 44 1 34 26 
41 15 8 10 25 41 63 26 2 21 71 19 65 20 1 46 11 71 
22 78 55 53 38 22 0 89 61 84 8 44 2 83 62 17 52 8 
31 25 2 0 15 31 53 36 8 31 61 9 55 30 9 36 1 61 
38 18 5 7 22 38 60 29 1 24 68 16 62 23 2 43 8 68 
41 15 8 10 25 41 63 26 2 21 71 19 65 20 1 46 11 71 
8 48 25 23 8 8 30 59 31 54 38 14 32 53 32 13 22 38 
48 8 15 17 32 48 70 19 9 14 78 26 72 13 8 53 18 78 
51 5 18 20 35 51 73 16 12 11 81 29 75 10 11 56 21 81 
30 26 3 1 14 30 52 37 9 32 60 8 54 31 10 35 0 60 
47 9 14 16 31 47 69 20 8 15 77 25 71 14 7 52 17 77 
15 71 48 46 31 15 7 82 54 77 15 37 9 76 55 10 45 15 
30 86 63 61 46 30 8 97 69 92 0 52 6 91 70 25 60 0 
20 36 13 11 4 20 42 47 19 42 50 2 44 41 20 25 10 50 
10 46 23 21 6 10 32 57 29 52 40 12 34 51 30 15 20 40 

9 9 52 66 14 34 47 16 20 40 8 11 65 55 67 70 10 38 
77 59 16 2 54 34 21 84 88 28 76 57 3 13 1 2 58 30 
39 21 22 36 16 4 17 46 50 10 38 19 35 25 37 40 20 8 
7 11 54 68 16 36 49 14 18 42 6 13 67 57 69 72 12 40 
52 34 9 23 29 9 4 59 63 3 51 32 22 12 24 27 33 5 
11 29 72 86 34 54 67 4 0 60 12 31 85 75 87 90 30 58 
42 24 19 33 19 1 14 49 53 7 41 22 32 22 34 37 23 5 
49 31 12 26 26 6 7 56 60 0 48 29 25 15 27 30 30 2 
52 34 9 23 29 9 4 59 63 3 51 32 22 12 24 27 33 5 
19 1 42 56 4 24 37 26 30 30 18 1 55 45 57 60 0 28 
59 41 2 16 36 16 3 66 70 10 58 39 15 5 17 20 40 12 
62 44 1 13 39 19 6 69 73 13 61 42 12 2 14 17 43 15 
41 23 20 34 18 2 15 48 52 8 40 21 33 23 35 38 22 6 
58 40 3 17 35 15 2 65 69 9 57 38 16 6 18 21 39 11 
4 22 65 79 27 47 60 3 7 53 5 24 78 68 80 83 23 51 
19 37 80 94 42 62 75 12 8 68 20 39 93 83 95 98 38 66 
31 13 30 44 8 12 25 38 42 18 30 11 43 33 45 48 12 16 
21 3 40 54 2 22 35 28 32 28 20 1 53 43 55 58 2 26 

11 7 50 64 12 32 45 18 22 38 10 9 63 53 65 68 8 36 
67 49 6 8 44 24 11 74 78 18 66 47 7 3 9 12 48 20 
44 26 17 31 21 1 12 51 55 5 43 24 30 20 32 35 25 3 
42 24 19 33 19 1 14 49 53 7 41 22 32 22 34 37 23 5 
27 9 34 48 4 16 29 34 38 22 26 7 47 37 49 52 8 20 
11 7 50 64 12 32 45 18 22 38 10 9 63 53 65 68 8 36 
11 29 72 86 34 54 67 4 0 60 12 31 85 75 87 90 30 58 
78 60 17 3 55 35 22 85 89 29 77 58 4 14 2 1 59 31 
50 32 11 25 27 7 6 57 61 1 49 30 24 14 26 29 31 3 
73 55 12 2 50 30 17 80 84 24 72 53 1 9 3 6 54 26 
19 37 80 94 42 62 75 12 8 68 20 39 93 83 95 98 38 66 
33 15 28 42 10 10 23 40 44 16 32 13 41 31 43 46 14 14 
13 31 74 88 36 56 69 6 2 62 14 33 87 77 89 92 32 60 
72 54 11 3 49 29 16 79 83 23 71 52 2 8 4 7 53 25 
51 33 10 24 28 8 5 58 62 2 50 31 23 13 25 28 32 4 
6 12 55 69 17 37 50 13 17 43 5 14 68 58 70 73 13 41 
41 23 20 34 18 2 15 48 52 8 40 21 33 23 35 38 22 6 
19 37 80 94 42 62 75 12 8 68 20 39 93 83 95 98 38 66 

