11 17 

15 40 54 12 50 70 65 37 56 24 77 
60 5 9 33 5 25 20 8 11 21 32 
63 8 6 36 2 22 17 11 8 24 29 
31 24 38 4 34 54 49 21 40 8 61 
13 42 56 14 52 72 67 39 58 26 79 
39 16 30 12 26 46 41 13 32 0 53 
90 35 21 63 25 5 10 38 19 51 2 
6 49 63 21 59 79 74 46 65 33 86 
2 57 71 29 67 87 82 54 73 41 94 
3 58 72 30 68 88 83 55 74 42 95 
53 2 16 26 12 32 27 1 18 14 39 

20 14 32 7 66 13 1 21 7 15 1 
25 31 13 38 21 32 44 24 38 60 46 
28 34 16 41 18 35 47 27 41 63 49 
4 2 16 9 50 3 15 5 9 31 17 
22 16 34 9 68 15 3 23 9 13 1 
4 10 8 17 42 11 23 3 17 39 25 
55 61 43 68 9 62 74 54 68 90 76 
29 23 41 16 75 22 10 30 16 6 8 
37 31 49 24 83 30 18 38 24 2 16 
38 32 50 25 84 31 19 39 25 3 17 
18 24 6 31 28 25 37 17 31 53 39 

12 32 75 71 60 33 40 9 19 9 44 
57 13 30 26 15 12 5 54 64 36 1 
60 16 27 23 12 15 8 57 67 39 4 
28 16 59 55 44 17 24 25 35 7 28 
10 34 77 73 62 35 42 7 17 11 46 
36 8 51 47 36 9 16 33 43 15 20 
87 43 0 4 15 42 35 84 94 66 31 
3 41 84 80 69 42 49 0 10 18 53 
5 49 92 88 77 50 57 8 2 26 61 
6 50 93 89 78 51 58 9 1 27 62 
50 6 37 33 22 5 2 47 57 29 6 

15 8 24 63 69 55 0 12 62 14 46 
60 53 21 18 24 10 45 57 17 59 1 
63 56 24 15 21 7 48 60 14 62 2 
31 24 8 47 53 39 16 28 46 30 30 
13 6 26 65 71 57 2 10 64 12 48 
39 32 0 39 45 31 24 36 38 38 22 
90 83 51 12 6 20 75 87 13 89 29 
6 1 33 72 78 64 9 3 71 5 55 
2 9 41 80 86 72 17 5 79 3 63 
3 10 42 81 87 73 18 6 80 4 64 
53 46 14 25 31 17 38 50 24 52 8 

29 21 40 73 44 69 10 1 15 70 8 
16 24 5 28 1 24 35 44 60 25 37 
19 27 8 25 4 21 38 47 63 22 40 
13 5 24 57 28 53 6 15 31 54 8 
31 23 42 75 46 71 12 3 13 72 10 
5 3 16 49 20 45 14 23 39 46 16 
46 54 35 2 31 6 65 74 90 5 67 
38 30 49 82 53 78 19 10 6 79 17 
46 38 57 90 61 86 27 18 2 87 25 
47 39 58 91 62 87 28 19 3 88 26 
9 17 2 35 6 31 28 37 53 32 30 

71 46 56 1 24 3 67 58 55 11 32 
26 1 11 44 21 42 22 13 10 56 13 
23 2 8 47 24 45 19 10 7 59 16 
55 30 40 15 8 13 51 42 39 27 16 
73 48 58 3 26 5 69 60 57 9 34 
47 22 32 23 0 21 43 34 31 35 8 
4 29 19 74 51 72 8 17 20 86 43 
80 55 65 10 33 12 76 67 64 2 41 
88 63 73 18 41 20 84 75 72 6 49 
89 64 74 19 42 21 85 76 73 7 50 
33 8 18 37 14 35 29 20 17 49 6 

58 73 19 7 63 34 54 18 39 51 52 
13 28 64 52 18 11 9 27 6 6 7 
10 25 67 55 15 14 6 30 9 3 4 
42 57 35 23 47 18 38 2 23 35 36 
60 75 17 5 65 36 56 20 41 53 54 
34 49 43 31 39 10 30 6 15 27 28 
17 2 94 82 12 41 21 57 36 24 23 
67 82 10 2 72 43 63 27 48 60 61 
75 90 2 10 80 51 71 35 56 68 69 
76 91 1 11 81 52 72 36 57 69 70 
20 35 57 45 25 4 16 20 1 13 14 

14 17 38 10 27 14 31 70 22 17 64 
59 28 7 55 18 31 14 25 23 28 19 
62 31 10 58 21 34 17 22 26 31 16 
30 1 22 26 11 2 15 54 6 1 48 
12 19 40 8 29 16 33 72 24 19 66 
38 7 14 34 3 10 7 46 2 7 40 
89 58 37 85 48 61 44 5 53 58 11 
5 26 47 1 36 23 40 79 31 26 73 
3 34 55 7 44 31 48 87 39 34 81 
4 35 56 8 45 32 49 88 40 35 82 
52 21 0 48 11 24 7 32 16 21 26 

0 7 69 76 55 14 24 48 7 11 9 
45 52 24 31 10 59 21 3 52 56 54 
48 55 21 28 7 62 24 0 55 59 57 
16 23 53 60 39 30 8 32 23 27 25 
2 5 71 78 57 12 26 50 5 9 7 
24 31 45 52 31 38 0 24 31 35 33 
75 82 6 1 20 89 51 27 82 86 84 
9 2 78 85 64 5 33 57 2 2 0 
17 10 86 93 72 3 41 65 10 6 8 
18 11 87 94 73 4 42 66 11 7 9 
38 45 31 38 17 52 14 10 45 49 47 

35 24 63 45 0 49 26 21 42 37 9 
10 21 18 0 45 4 19 66 3 8 54 
13 24 15 3 48 1 22 69 6 11 57 
19 8 47 29 16 33 10 37 26 21 25 
37 26 65 47 2 51 28 19 44 39 7 
11 0 39 21 24 25 2 45 18 13 33 
40 51 12 30 75 26 49 96 33 38 84 
44 33 72 54 9 58 35 12 51 46 0 
52 41 80 62 17 66 43 4 59 54 8 
53 42 81 63 18 67 44 3 60 55 9 
3 14 25 7 38 11 12 59 4 1 47 

4 56 11 42 8 36 20 14 47 4 64 
49 11 34 3 37 9 65 31 2 41 19 
52 8 37 6 40 12 68 34 1 44 16 
20 40 5 26 8 20 36 2 31 12 48 
2 58 13 44 10 38 18 16 49 6 66 
28 32 13 18 16 12 44 10 23 20 40 
79 19 64 33 67 39 95 61 28 71 11 
5 65 20 51 17 45 11 23 56 13 73 
13 73 28 59 25 53 3 31 64 21 81 
14 74 29 60 26 54 2 32 65 22 82 
42 18 27 4 30 2 58 24 9 34 26 

5 35 55 1 36 46 0 49 72 58 54 
50 10 10 46 9 1 45 4 27 13 9 
53 13 7 49 12 2 48 1 24 10 6 
21 19 39 17 20 30 16 33 56 42 38 
3 37 57 1 38 48 2 51 74 60 56 
29 11 31 25 12 22 24 25 48 34 30 
80 40 20 76 39 29 75 26 3 17 21 
4 44 64 8 45 55 9 58 81 67 63 
12 52 72 16 53 63 17 66 89 75 71 
13 53 73 17 54 64 18 67 90 76 72 
43 3 17 39 2 8 38 11 34 20 16 

48 68 63 6 59 13 76 66 41 36 15 
3 23 18 39 14 58 31 21 4 9 30 
0 20 15 42 11 61 28 18 7 12 33 
32 52 47 10 43 29 60 50 25 20 1 
50 70 65 8 61 11 78 68 43 38 17 
24 44 39 18 35 37 52 42 17 12 9 
27 7 12 69 16 88 1 9 34 39 60 
57 77 72 15 68 4 85 75 50 45 24 
65 85 80 23 76 4 93 83 58 53 32 
66 86 81 24 77 5 94 84 59 54 33 
10 30 25 32 21 51 38 28 3 2 23 

2 25 48 29 54 23 38 24 18 11 70 
47 20 3 16 9 22 7 21 27 34 25 
50 23 0 19 6 25 10 24 30 37 22 
18 9 32 13 38 7 22 8 2 5 54 
0 27 50 31 56 25 40 26 20 13 72 
26 1 24 5 30 1 14 0 6 13 46 
77 50 27 46 21 52 37 51 57 64 5 
7 34 57 38 63 32 47 33 27 20 79 
15 42 65 46 71 40 55 41 35 28 87 
16 43 66 47 72 41 56 42 36 29 88 
40 13 10 9 16 15 0 14 20 27 32 

8 55 23 10 46 5 4 60 5 7 14 
37 10 22 35 1 40 49 15 40 38 31 
40 7 25 38 2 43 52 12 43 41 34 
8 39 7 6 30 11 20 44 11 9 2 
10 57 25 12 48 7 2 62 7 9 16 
16 31 1 14 22 19 28 36 19 17 10 
67 20 52 65 29 70 79 15 70 68 61 
17 64 32 19 55 14 5 69 14 16 23 
25 72 40 27 63 22 13 77 22 24 31 
26 73 41 28 64 23 14 78 23 25 32 
30 17 15 28 8 33 42 22 33 31 24 

74 11 4 20 39 27 45 13 75 22 37 
29 34 41 65 6 18 0 58 30 23 8 
26 37 44 68 9 21 3 61 27 26 11 
58 5 12 36 23 11 29 29 59 6 21 
76 13 6 18 41 29 47 11 77 24 39 
50 13 20 44 15 3 21 37 51 2 13 
1 64 71 95 36 48 30 88 0 53 38 
83 20 13 11 48 36 54 4 84 31 46 
91 28 21 3 56 44 62 4 92 39 54 
92 29 22 2 57 45 63 5 93 40 55 
36 27 34 58 1 11 7 51 37 16 1 

35 29 47 22 81 28 16 36 22 0 14 
20 26 8 33 26 27 39 19 33 55 41 
34 40 22 47 12 41 53 33 47 69 55 
8 2 20 5 54 1 11 9 5 27 13 
30 36 18 43 16 37 49 29 43 65 51 
50 56 38 63 4 57 69 49 63 85 71 
45 51 33 58 1 52 64 44 58 80 66 
17 23 5 30 29 24 36 16 30 52 38 
36 42 24 49 10 43 55 35 49 71 57 
4 10 8 17 42 11 23 3 17 39 25 
57 63 45 70 11 64 76 56 70 92 78 

3 47 90 86 75 48 55 6 4 24 59 
52 8 35 31 20 7 0 49 59 31 4 
66 22 21 17 6 21 14 63 73 45 10 
24 20 63 59 48 21 28 21 31 3 32 
62 18 25 21 10 17 10 59 69 41 6 
82 38 5 1 10 37 30 79 89 61 26 
77 33 10 6 5 32 25 74 84 56 21 
49 5 38 34 23 4 3 46 56 28 7 
68 24 19 15 4 23 16 65 75 47 12 
36 8 51 47 36 9 16 33 43 15 20 
89 45 2 6 17 44 37 86 96 68 33 

0 7 39 78 84 70 15 3 77 1 61 
55 48 16 23 29 15 40 52 22 54 6 
69 62 30 9 15 1 54 66 8 68 8 
27 20 12 51 57 43 12 24 50 26 34 
65 58 26 13 19 5 50 62 12 64 4 
85 78 46 7 1 15 70 82 8 84 24 
80 73 41 2 4 10 65 77 3 79 19 
52 45 13 26 32 18 37 49 25 51 9 
71 64 32 7 13 1 56 68 6 70 10 
39 32 0 39 45 31 24 36 38 38 22 
92 85 53 14 8 22 77 89 15 91 31 

44 36 55 88 59 84 25 16 0 85 23 
11 19 0 33 4 29 30 39 55 30 32 
25 33 14 19 10 15 44 53 69 16 46 
17 9 28 61 32 57 2 11 27 58 4 
21 29 10 23 6 19 40 49 65 20 42 
41 49 30 3 26 1 60 69 85 0 62 
36 44 25 8 21 4 55 64 80 5 57 
8 16 3 36 7 32 27 36 52 33 29 
27 35 16 17 12 13 46 55 71 14 48 
5 3 16 49 20 45 14 23 39 46 16 
48 56 37 4 33 8 67 76 92 7 69 

86 61 71 16 39 18 82 73 70 4 47 
31 6 16 39 16 37 27 18 15 51 8 
17 8 2 53 30 51 13 4 1 65 22 
59 34 44 11 12 9 55 46 43 23 20 
21 4 6 49 26 47 17 8 5 61 18 
1 24 14 69 46 67 3 12 15 81 38 
6 19 9 64 41 62 2 7 10 76 33 
34 9 19 36 13 34 30 21 18 48 5 
15 10 0 55 32 53 11 2 1 67 24 
47 22 32 23 0 21 43 34 31 35 8 
6 31 21 76 53 74 10 19 22 88 45 

73 88 4 8 78 49 69 33 54 66 67 
18 33 59 47 23 6 14 22 1 11 12 
4 19 73 61 9 20 0 36 15 3 2 
46 61 31 19 51 22 42 6 27 39 40 
8 23 69 57 13 16 4 32 11 1 2 
12 3 89 77 7 36 16 52 31 19 18 
7 8 84 72 2 31 11 47 26 14 13 
21 36 56 44 26 3 17 19 2 14 15 
2 17 75 63 7 22 2 38 17 5 4 
34 49 43 31 39 10 30 6 15 27 28 
19 4 96 84 14 43 23 59 38 26 25 

1 32 53 5 42 29 46 85 37 32 79 
54 23 2 50 13 26 9 30 18 23 24 
68 37 16 64 27 40 23 16 32 37 10 
26 5 26 22 15 2 19 58 10 5 52 
64 33 12 60 23 36 19 20 28 33 14 
84 53 32 80 43 56 39 0 48 53 6 
79 48 27 75 38 51 34 5 43 48 1 
51 20 1 47 10 23 6 33 15 20 27 
70 39 18 66 29 42 25 14 34 39 8 
38 7 14 34 3 10 7 46 2 7 40 
91 60 39 87 50 63 46 7 55 60 13 

15 8 84 91 70 1 39 63 8 4 6 
40 47 29 36 15 54 16 8 47 51 49 
54 61 15 22 1 68 30 6 61 65 63 
12 19 57 64 43 26 12 36 19 23 21 
50 57 19 26 5 64 26 2 57 61 59 
70 77 1 6 15 84 46 22 77 81 79 
65 72 4 11 10 79 41 17 72 76 74 
37 44 32 39 18 51 13 11 44 48 46 
56 63 13 20 1 70 32 8 63 67 65 
24 31 45 52 31 38 0 24 31 35 33 
77 84 8 1 22 91 53 29 84 88 86 

50 39 78 60 15 64 41 6 57 52 6 
5 16 23 5 40 9 14 61 2 3 49 
19 30 9 9 54 5 28 75 12 17 63 
23 12 51 33 12 37 14 33 30 25 21 
15 26 13 5 50 1 24 71 8 13 59 
35 46 7 25 70 21 44 91 28 33 79 
30 41 2 20 65 16 39 86 23 28 74 
2 13 26 8 37 12 11 58 5 0 46 
21 32 7 11 56 7 30 77 14 19 65 
11 0 39 21 24 25 2 45 18 13 33 
42 53 14 32 77 28 51 98 35 40 86 

11 71 26 57 23 51 5 29 62 19 79 
44 16 29 2 32 4 60 26 7 36 24 
58 2 43 12 46 18 74 40 7 50 10 
16 44 1 30 4 24 32 2 35 8 52 
54 6 39 8 42 14 70 36 3 46 14 
74 14 59 28 62 34 90 56 23 66 6 
69 9 54 23 57 29 85 51 18 61 1 
41 19 26 5 29 1 57 23 10 33 27 
60 0 45 14 48 20 76 42 9 52 8 
28 32 13 18 16 12 44 10 23 20 40 
81 21 66 35 69 41 97 63 30 73 13 

10 50 70 14 51 61 15 64 87 73 69 
45 5 15 41 4 6 40 9 32 18 14 
59 19 1 55 18 8 54 5 18 4 0 
17 23 43 13 24 34 12 37 60 46 42 
55 15 5 51 14 4 50 1 22 8 4 
75 35 15 71 34 24 70 21 2 12 16 
70 30 10 66 29 19 65 16 7 7 11 
42 2 18 38 1 9 37 12 35 21 17 
61 21 1 57 20 10 56 7 16 2 2 
29 11 31 25 12 22 24 25 48 34 30 
82 42 22 78 41 31 77 28 5 19 23 

63 83 78 21 74 2 91 81 56 51 30 
8 28 23 34 19 53 36 26 1 4 25 
6 14 9 48 5 67 22 12 13 18 39 
36 56 51 6 47 25 64 54 29 24 3 
2 18 13 44 9 63 26 16 9 14 35 
22 2 7 64 11 83 6 4 29 34 55 
17 3 2 59 6 78 11 1 24 29 50 
11 31 26 31 22 50 39 29 4 1 22 
8 12 7 50 3 69 20 10 15 20 41 
24 44 39 18 35 37 52 42 17 12 9 
29 9 14 71 18 90 1 11 36 41 62 

13 40 63 44 69 38 53 39 33 26 85 
42 15 8 11 14 17 2 16 22 29 30 
56 29 6 25 0 31 16 30 36 43 16 
14 13 36 17 42 11 26 12 6 1 58 
52 25 2 21 4 27 12 26 32 39 20 
72 45 22 41 16 47 32 46 52 59 0 
67 40 17 36 11 42 27 41 47 54 5 
39 12 11 8 17 14 1 13 19 26 33 
58 31 8 27 2 33 18 32 38 45 14 
26 1 24 5 30 1 14 0 6 13 46 
79 52 29 48 23 54 39 53 59 66 7 

23 70 38 25 61 20 11 75 20 22 29 
32 15 17 30 6 35 44 20 35 33 26 
46 1 31 44 8 49 58 6 49 47 40 
4 43 11 2 34 7 16 48 7 5 2 
42 5 27 40 4 45 54 10 45 43 36 
62 15 47 60 24 65 74 10 65 63 56 
57 10 42 55 19 60 69 5 60 58 51 
29 18 14 27 9 32 41 23 32 30 23 
48 1 33 46 10 51 60 4 51 49 42 
16 31 1 14 22 19 28 36 19 17 10 
69 22 54 67 31 72 81 17 72 70 63 

89 26 19 5 54 42 60 2 90 37 52 
34 29 36 60 1 13 5 53 35 18 3 
20 43 50 74 15 27 9 67 21 32 17 
62 1 8 32 27 15 33 25 63 10 25 
24 39 46 70 11 23 5 63 25 28 13 
4 59 66 90 31 43 25 83 5 48 33 
9 54 61 85 26 38 20 78 10 43 28 
37 26 33 57 2 10 8 50 38 15 0 
18 45 52 76 17 29 11 69 19 34 19 
50 13 20 44 15 3 21 37 51 2 13 
3 66 73 97 38 50 32 90 2 55 40 

32 12 55 51 40 13 20 29 39 11 24 
26 18 61 57 46 19 26 23 33 5 30 
44 0 43 39 28 1 8 41 51 23 12 
19 25 68 64 53 26 33 16 26 2 37 
78 34 9 5 6 33 26 75 85 57 22 
25 19 62 58 47 20 27 22 32 4 31 
13 31 74 70 59 32 39 10 20 8 43 
33 11 54 50 39 12 19 30 40 12 23 
19 25 68 64 53 26 33 16 26 2 37 
3 47 90 86 75 48 55 6 4 24 59 
11 33 76 72 61 34 41 8 18 10 45 

35 28 4 43 49 35 20 32 42 34 26 
29 22 10 49 55 41 14 26 48 28 32 
47 40 8 31 37 23 32 44 30 46 14 
22 15 17 56 62 48 7 19 55 21 39 
81 74 42 3 3 11 66 78 4 80 20 
28 21 11 50 56 42 13 25 49 27 33 
16 9 23 62 68 54 1 13 61 15 45 
36 29 3 42 48 34 21 33 41 35 25 
22 15 17 56 62 48 7 19 55 21 39 
0 7 39 78 84 70 15 3 77 1 61 
14 7 25 64 70 56 1 11 63 13 47 

9 1 20 53 24 49 10 19 35 50 12 
15 7 26 59 30 55 4 13 29 56 6 
3 11 8 41 12 37 22 31 47 38 24 
22 14 33 66 37 62 3 6 22 63 1 
37 45 26 7 22 3 56 65 81 4 58 
16 8 27 60 31 56 3 12 28 57 5 
28 20 39 72 43 68 9 0 16 69 7 
8 0 19 52 23 48 11 20 36 49 13 
22 14 33 66 37 62 3 6 22 63 1 
44 36 55 88 59 84 25 16 0 85 23 
30 22 41 74 45 70 11 2 14 71 9 

51 26 36 19 4 17 47 38 35 31 12 
57 32 42 13 10 11 53 44 41 25 18 
39 14 24 31 8 29 35 26 23 43 0 
64 39 49 6 17 4 60 51 48 18 25 
5 20 10 65 42 63 1 8 11 77 34 
58 33 43 12 11 10 54 45 42 24 19 
70 45 55 0 23 2 66 57 54 12 31 
50 25 35 20 3 18 46 37 34 32 11 
64 39 49 6 17 4 60 51 48 18 25 
86 61 71 16 39 18 82 73 70 4 47 
72 47 57 2 25 4 68 59 56 10 33 

38 53 39 27 43 14 34 2 19 31 32 
44 59 33 21 49 20 40 4 25 37 38 
26 41 51 39 31 2 22 14 7 19 20 
51 66 26 14 56 27 47 11 32 44 45 
8 7 85 73 3 32 12 48 27 15 14 
45 60 32 20 50 21 41 5 26 38 39 
57 72 20 8 62 33 53 17 38 50 51 
37 52 40 28 42 13 33 3 18 30 31 
51 66 26 14 56 27 47 11 32 44 45 
73 88 4 8 78 49 69 33 54 66 67 
59 74 18 6 64 35 55 19 40 52 53 

34 3 18 30 7 6 11 50 2 3 44 
28 3 24 24 13 0 17 56 8 3 50 
46 15 6 42 5 18 1 38 10 15 32 
21 10 31 17 20 7 24 63 15 10 57 
80 49 28 76 39 52 35 4 44 49 2 
27 4 25 23 14 1 18 57 9 4 51 
15 16 37 11 26 13 30 69 21 16 63 
35 4 17 31 6 7 10 49 1 4 43 
21 10 31 17 20 7 24 63 15 10 57 
1 32 53 5 42 29 46 85 37 32 79 
13 18 39 9 28 15 32 71 23 18 65 

20 27 49 56 35 34 4 28 27 31 29 
14 21 55 62 41 28 10 34 21 25 23 
32 39 37 44 23 46 8 16 39 43 41 
7 14 62 69 48 21 17 41 14 18 16 
66 73 3 10 11 80 42 18 73 77 75 
13 20 56 63 42 27 11 35 20 24 22 
1 8 68 75 54 15 23 47 8 12 10 
21 28 48 55 34 35 3 27 28 32 30 
7 14 62 69 48 21 17 41 14 18 16 
15 8 84 91 70 1 39 63 8 4 6 
1 6 70 77 56 13 25 49 6 10 8 

15 4 43 25 20 29 6 41 22 17 29 
21 10 49 31 14 35 12 35 28 23 23 
3 8 31 13 32 17 6 53 10 5 41 
28 17 56 38 7 42 19 28 35 30 16 
31 42 3 21 66 17 40 87 24 29 75 
22 11 50 32 13 36 13 34 29 24 22 
34 23 62 44 1 48 25 22 41 36 10 
14 3 42 24 21 28 5 42 21 16 30 
28 17 56 38 7 42 19 28 35 30 16 
50 39 78 60 15 64 41 6 57 52 6 
36 25 64 46 1 50 27 20 43 38 8 

24 36 9 22 12 16 40 6 27 16 44 
18 42 3 28 6 22 34 0 33 10 50 
36 24 21 10 24 4 52 18 15 28 32 
11 49 4 35 1 29 27 7 40 3 57 
70 10 55 24 58 30 86 52 19 62 2 
17 43 2 29 5 23 33 1 34 9 51 
5 55 10 41 7 35 21 13 46 3 63 
25 35 10 21 13 15 41 7 26 17 43 
11 49 4 35 1 29 27 7 40 3 57 
11 71 26 57 23 51 5 29 62 19 79 
3 57 12 43 9 37 19 15 48 5 65 

25 15 35 21 16 26 20 29 52 38 34 
19 21 41 15 22 32 14 35 58 44 40 
37 3 23 33 4 14 32 17 40 26 22 
12 28 48 8 29 39 7 42 65 51 47 
71 31 11 67 30 20 66 17 6 8 12 
18 22 42 14 23 33 13 36 59 45 41 
6 34 54 2 35 45 1 48 71 57 53 
26 14 34 22 15 25 21 28 51 37 33 
12 28 48 8 29 39 7 42 65 51 47 
10 50 70 14 51 61 15 64 87 73 69 
4 36 56 0 37 47 1 50 73 59 55 

28 48 43 14 39 33 56 46 21 16 5 
34 54 49 8 45 27 62 52 27 22 1 
16 36 31 26 27 45 44 34 9 4 17 
41 61 56 1 52 20 69 59 34 29 8 
18 2 3 60 7 79 10 0 25 30 51 
35 55 50 7 46 26 63 53 28 23 2 
47 67 62 5 58 14 75 65 40 35 14 
27 47 42 15 38 34 55 45 20 15 6 
41 61 56 1 52 20 69 59 34 29 8 
63 83 78 21 74 2 91 81 56 51 30 
49 69 64 7 60 12 77 67 42 37 16 

22 5 28 9 34 3 18 4 2 9 50 
16 11 34 15 40 9 24 10 4 3 56 
34 7 16 3 22 9 6 8 14 21 38 
9 18 41 22 47 16 31 17 11 4 63 
68 41 18 37 12 43 28 42 48 55 4 
15 12 35 16 41 10 25 11 5 2 57 
3 24 47 28 53 22 37 23 17 10 69 
23 4 27 8 33 2 17 3 3 10 49 
9 18 41 22 47 16 31 17 11 4 63 
13 40 63 44 69 38 53 39 33 26 85 
1 26 49 30 55 24 39 25 19 12 71 

12 35 3 10 26 15 24 40 15 13 6 
6 41 9 4 32 9 18 46 9 7 0 
24 23 9 22 14 27 36 28 27 25 18 
1 48 16 3 39 2 11 53 2 0 7 
58 11 43 56 20 61 70 6 61 59 52 
5 42 10 3 33 8 17 47 8 6 1 
7 54 22 9 45 4 5 59 4 6 13 
13 34 2 11 25 16 25 39 16 14 7 
1 48 16 3 39 2 11 53 2 0 7 
23 70 38 25 61 20 11 75 20 22 29 
9 56 24 11 47 6 3 61 6 8 15 

54 9 16 40 19 7 25 33 55 2 17 
60 3 10 34 25 13 31 27 61 8 23 
42 21 28 52 7 5 13 45 43 10 5 
67 4 3 27 32 20 38 20 68 15 30 
8 55 62 86 27 39 21 79 9 44 29 
61 2 9 33 26 14 32 26 62 9 24 
73 10 3 21 38 26 44 14 74 21 36 
53 10 17 41 18 6 24 34 54 1 16 
67 4 3 27 32 20 38 20 68 15 30 
89 26 19 5 54 42 60 2 90 37 52 
75 12 5 19 40 28 46 12 76 23 38 

3 4 36 75 81 67 12 0 74 2 58 
47 40 8 31 37 23 32 44 30 46 14 
90 83 51 12 6 20 75 87 13 89 29 
86 79 47 8 2 16 71 83 9 85 25 
75 68 36 3 9 5 60 72 2 74 14 
48 41 9 30 36 22 33 45 29 47 13 
55 48 16 23 29 15 40 52 22 54 6 
6 1 33 72 78 64 9 3 71 5 55 
4 11 43 82 88 74 19 7 81 5 65 
24 17 15 54 60 46 9 21 53 23 37 
59 52 20 19 25 11 44 56 18 58 2 

41 33 52 85 56 81 22 13 3 82 20 
3 11 8 41 12 37 22 31 47 38 24 
46 54 35 2 31 6 65 74 90 5 67 
42 50 31 2 27 2 61 70 86 1 63 
31 39 20 13 16 9 50 59 75 10 52 
4 12 7 40 11 36 23 32 48 37 25 
11 19 0 33 4 29 30 39 55 30 32 
38 30 49 82 53 78 19 10 6 79 17 
48 40 59 92 63 88 29 20 4 89 27 
20 12 31 64 35 60 1 8 24 61 1 
15 23 4 29 0 25 34 43 59 26 36 

83 58 68 13 36 15 79 70 67 1 44 
39 14 24 31 8 29 35 26 23 43 0 
4 29 19 74 51 72 8 17 20 86 43 
0 25 15 70 47 68 4 13 16 82 39 
11 14 4 59 36 57 7 2 5 71 28 
38 13 23 32 9 30 34 25 22 44 1 
31 6 16 39 16 37 27 18 15 51 8 
80 55 65 10 33 12 76 67 64 2 41 
90 65 75 20 43 22 86 77 74 8 51 
62 37 47 8 15 6 58 49 46 20 23 
27 2 12 43 20 41 23 14 11 55 12 

70 85 7 5 75 46 66 30 51 63 64 
26 41 51 39 31 2 22 14 7 19 20 
17 2 94 82 12 41 21 57 36 24 23 
13 2 90 78 8 37 17 53 32 20 19 
2 13 79 67 3 26 6 42 21 9 8 
25 40 52 40 30 1 21 15 6 18 19 
18 33 59 47 23 6 14 22 1 11 12 
67 82 10 2 72 43 63 27 48 60 61 
77 92 0 12 82 53 73 37 58 70 71 
49 64 28 16 54 25 45 9 30 42 43 
14 29 63 51 19 10 10 26 5 7 8 

2 29 50 2 39 26 43 82 34 29 76 
46 15 6 42 5 18 1 38 10 15 32 
89 58 37 85 48 61 44 5 53 58 11 
85 54 33 81 44 57 40 1 49 54 7 
74 43 22 70 33 46 29 10 38 43 4 
47 16 5 43 6 19 2 37 11 16 31 
54 23 2 50 13 26 9 30 18 23 24 
5 26 47 1 36 23 40 79 31 26 73 
5 36 57 9 46 33 50 89 41 36 83 
23 8 29 19 18 5 22 61 13 8 55 
58 27 6 54 17 30 13 26 22 27 20 

12 5 81 88 67 2 36 60 5 1 3 
32 39 37 44 23 46 8 16 39 43 41 
75 82 6 1 20 89 51 27 82 86 84 
71 78 2 5 16 85 47 23 78 82 80 
60 67 9 16 5 74 36 12 67 71 69 
33 40 36 43 22 47 9 15 40 44 42 
40 47 29 36 15 54 16 8 47 51 49 
9 2 78 85 64 5 33 57 2 2 0 
19 12 88 95 74 5 43 67 12 8 10 
9 16 60 67 46 23 15 39 16 20 18 
44 51 25 32 11 58 20 4 51 55 53 

47 36 75 57 12 61 38 9 54 49 3 
3 8 31 13 32 17 6 53 10 5 41 
40 51 12 30 75 26 49 96 33 38 84 
36 47 8 26 71 22 45 92 29 34 80 
25 36 3 15 60 11 34 81 18 23 69 
2 9 30 12 33 16 7 54 9 4 42 
5 16 23 5 40 9 14 61 2 3 49 
44 33 72 54 9 58 35 12 51 46 0 
54 43 82 64 19 68 45 2 61 56 10 
26 15 54 36 9 40 17 30 33 28 18 
9 20 19 1 44 5 18 65 2 7 53 

8 68 23 54 20 48 8 26 59 16 76 
36 24 21 10 24 4 52 18 15 28 32 
79 19 64 33 67 39 95 61 28 71 11 
75 15 60 29 63 35 91 57 24 67 7 
64 4 49 18 52 24 80 46 13 56 4 
37 23 22 9 25 3 53 19 14 29 31 
44 16 29 2 32 4 60 26 7 36 24 
5 65 20 51 17 45 11 23 56 13 73 
15 75 30 61 27 55 1 33 66 23 83 
13 47 2 33 1 27 29 5 38 5 55 
48 12 33 2 36 8 64 30 3 40 20 

7 47 67 11 48 58 12 61 84 70 66 
37 3 23 33 4 14 32 17 40 26 22 
80 40 20 76 39 29 75 26 3 17 21 
76 36 16 72 35 25 71 22 1 13 17 
65 25 5 61 24 14 60 11 12 2 6 
38 2 22 34 3 13 33 16 39 25 21 
45 5 15 41 4 6 40 9 32 18 14 
4 44 64 8 45 55 9 58 81 67 63 
14 54 74 18 55 65 19 68 91 77 73 
14 26 46 10 27 37 9 40 63 49 45 
49 9 11 45 8 2 44 5 28 14 10 

60 80 75 18 71 1 88 78 53 48 27 
16 36 31 26 27 45 44 34 9 4 17 
27 7 12 69 16 88 1 9 34 39 60 
23 3 8 65 12 84 5 5 30 35 56 
12 8 3 54 1 73 16 6 19 24 45 
15 35 30 27 26 46 43 33 8 3 18 
8 28 23 34 19 53 36 26 1 4 25 
57 77 72 15 68 4 85 75 50 45 24 
67 87 82 25 78 6 95 85 60 55 34 
39 59 54 3 50 22 67 57 32 27 6 
4 24 19 38 15 57 32 22 3 8 29 

10 37 60 41 66 35 50 36 30 23 82 
34 7 16 3 22 9 6 8 14 21 38 
77 50 27 46 21 52 37 51 57 64 5 
73 46 23 42 17 48 33 47 53 60 1 
62 35 12 31 6 37 22 36 42 49 10 
35 8 15 4 21 10 5 9 15 22 37 
42 15 8 11 14 17 2 16 22 29 30 
7 34 57 38 63 32 47 33 27 20 79 
17 44 67 48 73 42 57 43 37 30 89 
11 16 39 20 45 14 29 15 9 2 61 
46 19 4 15 10 21 6 20 26 33 26 

20 67 35 22 58 17 8 72 17 19 26 
24 23 9 22 14 27 36 28 27 25 18 
67 20 52 65 29 70 79 15 70 68 61 
63 16 48 61 25 66 75 11 66 64 57 
52 5 37 50 14 55 64 0 55 53 46 
25 22 10 23 13 28 37 27 28 26 19 
32 15 17 30 6 35 44 20 35 33 26 
17 64 32 19 55 14 5 69 14 16 23 
27 74 42 29 65 24 15 79 24 26 33 
1 46 14 1 37 4 13 51 4 2 5 
36 11 21 34 2 39 48 16 39 37 30 

86 23 16 8 51 39 57 1 87 34 49 
42 21 28 52 7 5 13 45 43 10 5 
1 64 71 95 36 48 30 88 0 53 38 
3 60 67 91 32 44 26 84 4 49 34 
14 49 56 80 21 33 15 73 15 38 23 
41 22 29 53 6 6 12 46 42 11 4 
34 29 36 60 1 13 5 53 35 18 3 
83 20 13 11 48 36 54 4 84 31 46 
93 30 23 1 58 46 64 6 94 41 56 
65 2 5 29 30 18 36 22 66 13 28 
30 33 40 64 5 17 1 57 31 22 7 

44 36 55 88 59 84 25 16 0 85 23 
37 29 48 81 52 77 18 9 7 78 16 
5 3 16 49 20 45 14 23 39 46 16 
34 42 23 10 19 6 53 62 78 7 55 
40 48 29 4 25 0 59 68 84 1 61 
26 34 15 18 11 14 45 54 70 15 47 
29 21 40 73 44 69 10 1 15 70 8 
41 33 52 85 56 81 22 13 3 82 20 
33 41 22 11 18 7 52 61 77 8 54 
43 35 54 87 58 83 24 15 1 84 22 
17 25 6 27 2 23 36 45 61 24 38 

86 61 71 16 39 18 82 73 70 4 47 
79 54 64 9 32 11 75 66 63 3 40 
47 22 32 23 0 21 43 34 31 35 8 
8 17 7 62 39 60 4 5 8 74 31 
2 23 13 68 45 66 2 11 14 80 37 
16 9 1 54 31 52 12 3 0 66 23 
71 46 56 1 24 3 67 58 55 11 32 
83 58 68 13 36 15 79 70 67 1 44 
9 16 6 61 38 59 5 4 7 73 30 
85 60 70 15 38 17 81 72 69 3 46 
25 0 10 45 22 43 21 12 9 57 14 

73 88 4 8 78 49 69 33 54 66 67 
66 81 11 1 71 42 62 26 47 59 60 
34 49 43 31 39 10 30 6 15 27 28 
5 10 82 70 0 29 9 45 24 12 11 
11 4 88 76 6 35 15 51 30 18 17 
3 18 74 62 8 21 1 37 16 4 3 
58 73 19 7 63 34 54 18 39 51 52 
70 85 7 5 75 46 66 30 51 63 64 
4 11 81 69 1 28 8 44 23 11 10 
72 87 5 7 77 48 68 32 53 65 66 
12 27 65 53 17 12 8 28 7 5 6 

1 32 53 5 42 29 46 85 37 32 79 
6 25 46 2 35 22 39 78 30 25 72 
38 7 14 34 3 10 7 46 2 7 40 
77 46 25 73 36 49 32 7 41 46 1 
83 52 31 79 42 55 38 1 47 52 5 
69 38 17 65 28 41 24 15 33 38 9 
14 17 38 10 27 14 31 70 22 17 64 
2 29 50 2 39 26 43 82 34 29 76 
76 45 24 72 35 48 31 8 40 45 2 
0 31 52 4 41 28 45 84 36 31 78 
60 29 8 56 19 32 15 24 24 29 18 

15 8 84 91 70 1 39 63 8 4 6 
8 1 77 84 63 6 32 56 1 3 1 
24 31 45 52 31 38 0 24 31 35 33 
63 70 6 13 8 77 39 15 70 74 72 
69 76 0 7 14 83 45 21 76 80 78 
55 62 14 21 0 69 31 7 62 66 64 
0 7 69 76 55 14 24 48 7 11 9 
12 5 81 88 67 2 36 60 5 1 3 
62 69 7 14 7 76 38 14 69 73 71 
14 7 83 90 69 0 38 62 7 3 5 
46 53 23 30 9 60 22 2 53 57 55 

50 39 78 60 15 64 41 6 57 52 6 
43 32 71 53 8 57 34 13 50 45 1 
11 0 39 21 24 25 2 45 18 13 33 
28 39 0 18 63 14 37 84 21 26 72 
34 45 6 24 69 20 43 90 27 32 78 
20 31 8 10 55 6 29 76 13 18 64 
35 24 63 45 0 49 26 21 42 37 9 
47 36 75 57 12 61 38 9 54 49 3 
27 38 1 17 62 13 36 83 20 25 71 
49 38 77 59 14 63 40 7 56 51 5 
11 22 17 1 46 3 20 67 4 9 55 

11 71 26 57 23 51 5 29 62 19 79 
4 64 19 50 16 44 12 22 55 12 72 
28 32 13 18 16 12 44 10 23 20 40 
67 7 52 21 55 27 83 49 16 59 1 
73 13 58 27 61 33 89 55 22 65 5 
59 1 44 13 47 19 75 41 8 51 9 
4 56 11 42 8 36 20 14 47 4 64 
8 68 23 54 20 48 8 26 59 16 76 
66 6 51 20 54 26 82 48 15 58 2 
10 70 25 56 22 50 6 28 61 18 78 
50 10 35 4 38 10 66 32 1 42 18 

10 50 70 14 51 61 15 64 87 73 69 
3 43 63 7 44 54 8 57 80 66 62 
29 11 31 25 12 22 24 25 48 34 30 
68 28 8 64 27 17 63 14 9 5 9 
74 34 14 70 33 23 69 20 3 11 15 
60 20 0 56 19 9 55 6 17 3 1 
5 35 55 1 36 46 0 49 72 58 54 
7 47 67 11 48 58 12 61 84 70 66 
67 27 7 63 26 16 62 13 10 4 8 
9 49 69 13 50 60 14 63 86 72 68 
51 11 9 47 10 0 46 3 26 12 8 

63 83 78 21 74 2 91 81 56 51 30 
56 76 71 14 67 5 84 74 49 44 23 
24 44 39 18 35 37 52 42 17 12 9 
15 5 0 57 4 76 13 3 22 27 48 
21 1 6 63 10 82 7 3 28 33 54 
7 13 8 49 4 68 21 11 14 19 40 
48 68 63 6 59 13 76 66 41 36 15 
60 80 75 18 71 1 88 78 53 48 27 
14 6 1 56 3 75 14 4 21 26 47 
62 82 77 20 73 1 90 80 55 50 29 
2 22 17 40 13 59 30 20 5 10 31 

13 40 63 44 69 38 53 39 33 26 85 
6 33 56 37 62 31 46 32 26 19 78 
26 1 24 5 30 1 14 0 6 13 46 
65 38 15 34 9 40 25 39 45 52 7 
71 44 21 40 15 46 31 45 51 58 1 
57 30 7 26 1 32 17 31 37 44 15 
2 25 48 29 54 23 38 24 18 11 70 
10 37 60 41 66 35 50 36 30 23 82 
64 37 14 33 8 39 24 38 44 51 8 
12 39 62 43 68 37 52 38 32 25 84 
48 21 2 17 8 23 8 22 28 35 24 

23 70 38 25 61 20 11 75 20 22 29 
16 63 31 18 54 13 4 68 13 15 22 
16 31 1 14 22 19 28 36 19 17 10 
55 8 40 53 17 58 67 3 58 56 49 
61 14 46 59 23 64 73 9 64 62 55 
47 0 32 45 9 50 59 5 50 48 41 
8 55 23 10 46 5 4 60 5 7 14 
20 67 35 22 58 17 8 72 17 19 26 
54 7 39 52 16 57 66 2 57 55 48 
22 69 37 24 60 19 10 74 19 21 28 
38 9 23 36 0 41 50 14 41 39 32 

89 26 19 5 54 42 60 2 90 37 52 
82 19 12 12 47 35 53 5 83 30 45 
50 13 20 44 15 3 21 37 51 2 13 
11 52 59 83 24 36 18 76 12 41 26 
5 58 65 89 30 42 24 82 6 47 32 
19 44 51 75 16 28 10 68 20 33 18 
74 11 4 20 39 27 45 13 75 22 37 
86 23 16 8 51 39 57 1 87 34 49 
12 51 58 82 23 35 17 75 13 40 25 
88 25 18 6 53 41 59 1 89 36 51 
28 35 42 66 7 19 1 59 29 24 9 

42 17 27 28 5 26 38 29 26 40 3 
50 25 35 20 3 18 46 37 34 32 11 
31 6 16 39 16 37 27 18 15 51 8 
2 27 17 72 49 70 6 15 18 84 41 
27 2 12 43 20 41 23 14 11 55 12 
2 23 13 68 45 66 2 11 14 80 37 
61 36 46 9 14 7 57 48 45 21 22 
70 45 55 0 23 2 66 57 54 12 31 
86 61 71 16 39 18 82 73 70 4 47 
1 24 14 69 46 67 3 12 15 81 38 
63 38 48 7 16 5 59 50 47 19 24 

29 44 48 36 34 5 25 11 10 22 23 
37 52 40 28 42 13 33 3 18 30 31 
18 33 59 47 23 6 14 22 1 11 12 
15 0 92 80 10 39 19 55 34 22 21 
14 29 63 51 19 10 10 26 5 7 8 
11 4 88 76 6 35 15 51 30 18 17 
48 63 29 17 53 24 44 8 29 41 42 
57 72 20 8 62 33 53 17 38 50 51 
73 88 4 8 78 49 69 33 54 66 67 
12 3 89 77 7 36 16 52 31 19 18 
50 65 27 15 55 26 46 10 31 43 44 

43 12 9 39 2 15 2 41 7 12 35 
35 4 17 31 6 7 10 49 1 4 43 
54 23 2 50 13 26 9 30 18 23 24 
87 56 35 83 46 59 42 3 51 56 9 
58 27 6 54 17 30 13 26 22 27 20 
83 52 31 79 42 55 38 1 47 52 5 
24 7 28 20 17 4 21 60 12 7 54 
15 16 37 11 26 13 30 69 21 16 63 
1 32 53 5 42 29 46 85 37 32 79 
84 53 32 80 43 56 39 0 48 53 6 
22 9 30 18 19 6 23 62 14 9 56 

29 36 40 47 26 43 5 19 36 40 38 
21 28 48 55 34 35 3 27 28 32 30 
40 47 29 36 15 54 16 8 47 51 49 
73 80 4 3 18 87 49 25 80 84 82 
44 51 25 32 11 58 20 4 51 55 53 
69 76 0 7 14 83 45 21 76 80 78 
10 17 59 66 45 24 14 38 17 21 19 
1 8 68 75 54 15 23 47 8 12 10 
15 8 84 91 70 1 39 63 8 4 6 
70 77 1 6 15 84 46 22 77 81 79 
8 15 61 68 47 22 16 40 15 19 17 

6 5 34 16 29 20 3 50 13 8 38 
14 3 42 24 21 28 5 42 21 16 30 
5 16 23 5 40 9 14 61 2 3 49 
38 49 10 28 73 24 47 94 31 36 82 
9 20 19 1 44 5 18 65 2 7 53 
34 45 6 24 69 20 43 90 27 32 78 
25 14 53 35 10 39 16 31 32 27 19 
34 23 62 44 1 48 25 22 41 36 10 
50 39 78 60 15 64 41 6 57 52 6 
35 46 7 25 70 21 44 91 28 33 79 
27 16 55 37 8 41 18 29 34 29 17 

33 27 18 13 21 7 49 15 18 25 35 
25 35 10 21 13 15 41 7 26 17 43 
44 16 29 2 32 4 60 26 7 36 24 
77 17 62 31 65 37 93 59 26 69 9 
48 12 33 2 36 8 64 30 3 40 20 
73 13 58 27 61 33 89 55 22 65 5 
14 46 1 32 2 26 30 4 37 6 54 
5 55 10 41 7 35 21 13 46 3 63 
11 71 26 57 23 51 5 29 62 19 79 
74 14 59 28 62 34 90 56 23 66 6 
12 48 3 34 0 28 28 6 39 4 56 

34 6 26 30 7 17 29 20 43 29 25 
26 14 34 22 15 25 21 28 51 37 33 
45 5 15 41 4 6 40 9 32 18 14 
78 38 18 74 37 27 73 24 1 15 19 
49 9 11 45 8 2 44 5 28 14 10 
74 34 14 70 33 23 69 20 3 11 15 
15 25 45 11 26 36 10 39 62 48 44 
6 34 54 2 35 45 1 48 71 57 53 
10 50 70 14 51 61 15 64 87 73 69 
75 35 15 71 34 24 70 21 2 12 16 
13 27 47 9 28 38 8 41 64 50 46 

19 39 34 23 30 42 47 37 12 7 14 
27 47 42 15 38 34 55 45 20 15 6 
8 28 23 34 19 53 36 26 1 4 25 
25 5 10 67 14 86 3 7 32 37 58 
4 24 19 38 15 57 32 22 3 8 29 
21 1 6 63 10 82 7 3 28 33 54 
38 58 53 4 49 23 66 56 31 26 5 
47 67 62 5 58 14 75 65 40 35 14 
63 83 78 21 74 2 91 81 56 51 30 
22 2 7 64 11 83 6 4 29 34 55 
40 60 55 2 51 21 68 58 33 28 7 

31 4 19 0 25 6 9 5 11 18 41 
23 4 27 8 33 2 17 3 3 10 49 
42 15 8 11 14 17 2 16 22 29 30 
75 48 25 44 19 50 35 49 55 62 3 
46 19 4 15 10 21 6 20 26 33 26 
71 44 21 40 15 46 31 45 51 58 1 
12 15 38 19 44 13 28 14 8 1 60 
3 24 47 28 53 22 37 23 17 10 69 
13 40 63 44 69 38 53 39 33 26 85 
72 45 22 41 16 47 32 46 52 59 0 
10 17 40 21 46 15 30 16 10 3 62 

21 26 6 19 17 24 33 31 24 22 15 
13 34 2 11 25 16 25 39 16 14 7 
32 15 17 30 6 35 44 20 35 33 26 
65 18 50 63 27 68 77 13 68 66 59 
36 11 21 34 2 39 48 16 39 37 30 
61 14 46 59 23 64 73 9 64 62 55 
2 45 13 0 36 5 14 50 5 3 4 
7 54 22 9 45 4 5 59 4 6 13 
23 70 38 25 61 20 11 75 20 22 29 
62 15 47 60 24 65 74 10 65 63 56 
0 47 15 2 38 3 12 52 3 1 6 

45 18 25 49 10 2 16 42 46 7 8 
53 10 17 41 18 6 24 34 54 1 16 
34 29 36 60 1 13 5 53 35 18 3 
1 62 69 93 34 46 28 86 2 51 36 
30 33 40 64 5 17 1 57 31 22 7 
5 58 65 89 30 42 24 82 6 47 32 
64 1 6 30 29 17 35 23 65 12 27 
73 10 3 21 38 26 44 14 74 21 36 
89 26 19 5 54 42 60 2 90 37 52 
4 59 66 90 31 43 25 83 5 48 33 
66 3 4 28 31 19 37 21 67 14 29 

13 2 90 78 8 37 17 53 32 20 19 
12 27 65 53 17 12 8 28 7 5 6 
2 17 75 63 7 22 2 38 17 5 4 
57 72 20 8 62 33 53 17 38 50 51 
34 49 43 31 39 10 30 6 15 27 28 
55 70 22 10 60 31 51 15 36 48 49 
9 6 86 74 4 33 13 49 28 16 15 
0 15 77 65 5 24 4 40 19 7 6 
3 18 74 62 8 21 1 37 16 4 3 
69 84 8 4 74 45 65 29 50 62 63 
26 41 51 39 31 2 22 14 7 19 20 

85 54 33 81 44 57 40 1 49 54 7 
60 29 8 56 19 32 15 24 24 29 18 
70 39 18 66 29 42 25 14 34 39 8 
15 16 37 11 26 13 30 69 21 16 63 
38 7 14 34 3 10 7 46 2 7 40 
17 14 35 13 24 11 28 67 19 14 61 
81 50 29 77 40 53 36 3 45 50 3 
72 41 20 68 31 44 27 12 36 41 6 
69 38 17 65 28 41 24 15 33 38 9 
3 28 49 1 38 25 42 81 33 28 75 
46 15 6 42 5 18 1 38 10 15 32 

71 78 2 5 16 85 47 23 78 82 80 
46 53 23 30 9 60 22 2 53 57 55 
56 63 13 20 1 70 32 8 63 67 65 
1 8 68 75 54 15 23 47 8 12 10 
24 31 45 52 31 38 0 24 31 35 33 
3 10 66 73 52 17 21 45 10 14 12 
67 74 2 9 12 81 43 19 74 78 76 
58 65 11 18 3 72 34 10 65 69 67 
55 62 14 21 0 69 31 7 62 66 64 
11 4 80 87 66 3 35 59 4 0 2 
32 39 37 44 23 46 8 16 39 43 41 

36 47 8 26 71 22 45 92 29 34 80 
11 22 17 1 46 3 20 67 4 9 55 
21 32 7 11 56 7 30 77 14 19 65 
34 23 62 44 1 48 25 22 41 36 10 
11 0 39 21 24 25 2 45 18 13 33 
32 21 60 42 3 46 23 24 39 34 12 
32 43 4 22 67 18 41 88 25 30 76 
23 34 5 13 58 9 32 79 16 21 67 
20 31 8 10 55 6 29 76 13 18 64 
46 35 74 56 11 60 37 10 53 48 2 
3 8 31 13 32 17 6 53 10 5 41 

75 15 60 29 63 35 91 57 24 67 7 
50 10 35 4 38 10 66 32 1 42 18 
60 0 45 14 48 20 76 42 9 52 8 
5 55 10 41 7 35 21 13 46 3 63 
28 32 13 18 16 12 44 10 23 20 40 
7 53 8 39 5 33 23 11 44 1 61 
71 11 56 25 59 31 87 53 20 63 3 
62 2 47 16 50 22 78 44 11 54 6 
59 1 44 13 47 19 75 41 8 51 9 
7 67 22 53 19 47 9 25 58 15 75 
36 24 21 10 24 4 52 18 15 28 32 

76 36 16 72 35 25 71 22 1 13 17 
51 11 9 47 10 0 46 3 26 12 8 
61 21 1 57 20 10 56 7 16 2 2 
6 34 54 2 35 45 1 48 71 57 53 
29 11 31 25 12 22 24 25 48 34 30 
8 32 52 4 33 43 3 46 69 55 51 
72 32 12 68 31 21 67 18 5 9 13 
63 23 3 59 22 12 58 9 14 0 4 
60 20 0 56 19 9 55 6 17 3 1 
6 46 66 10 47 57 11 60 83 69 65 
37 3 23 33 4 14 32 17 40 26 22 

23 3 8 65 12 84 5 5 30 35 56 
2 22 17 40 13 59 30 20 5 10 31 
8 12 7 50 3 69 20 10 15 20 41 
47 67 62 5 58 14 75 65 40 35 14 
24 44 39 18 35 37 52 42 17 12 9 
45 65 60 3 56 16 73 63 38 33 12 
19 1 4 61 8 80 9 1 26 31 52 
10 10 5 52 1 71 18 8 17 22 43 
7 13 8 49 4 68 21 11 14 19 40 
59 79 74 17 70 2 87 77 52 47 26 
16 36 31 26 27 45 44 34 9 4 17 

73 46 23 42 17 48 33 47 53 60 1 
48 21 2 17 8 23 8 22 28 35 24 
58 31 8 27 2 33 18 32 38 45 14 
3 24 47 28 53 22 37 23 17 10 69 
26 1 24 5 30 1 14 0 6 13 46 
5 22 45 26 51 20 35 21 15 8 67 
69 42 19 38 13 44 29 43 49 56 3 
60 33 10 29 4 35 20 34 40 47 12 
57 30 7 26 1 32 17 31 37 44 15 
9 36 59 40 65 34 49 35 29 22 81 
34 7 16 3 22 9 6 8 14 21 38 

63 16 48 61 25 66 75 11 66 64 57 
38 9 23 36 0 41 50 14 41 39 32 
48 1 33 46 10 51 60 4 51 49 42 
7 54 22 9 45 4 5 59 4 6 13 
16 31 1 14 22 19 28 36 19 17 10 
5 52 20 7 43 2 7 57 2 4 11 
59 12 44 57 21 62 71 7 62 60 53 
50 3 35 48 12 53 62 2 53 51 44 
47 0 32 45 9 50 59 5 50 48 41 
19 66 34 21 57 16 7 71 16 18 25 
24 23 9 22 14 27 36 28 27 25 18 

3 60 67 91 32 44 26 84 4 49 34 
28 35 42 66 7 19 1 59 29 24 9 
18 45 52 76 17 29 11 69 19 34 19 
73 10 3 21 38 26 44 14 74 21 36 
50 13 20 44 15 3 21 37 51 2 13 
71 8 1 23 36 24 42 16 72 19 34 
7 56 63 87 28 40 22 80 8 45 30 
16 47 54 78 19 31 13 71 17 36 21 
19 44 51 75 16 28 10 68 20 33 18 
85 22 15 9 50 38 56 2 86 33 48 
42 21 28 52 7 5 13 45 43 10 5 

72 41 20 68 31 44 27 12 36 41 6 
87 56 35 83 46 59 42 3 51 56 9 
5 36 57 9 46 33 50 89 41 36 83 
7 24 45 3 34 21 38 77 29 24 71 
77 46 25 73 36 49 32 7 41 46 1 
48 17 4 44 7 20 3 36 12 17 30 
68 37 16 64 27 40 23 16 32 37 10 
32 1 20 28 9 4 13 52 4 1 46 
53 22 1 49 12 25 8 31 17 22 25 
65 34 13 61 24 37 20 19 29 34 13 
66 35 14 62 25 38 21 18 30 35 12 

58 65 11 18 3 72 34 10 65 69 67 
73 80 4 3 18 87 49 25 80 84 82 
19 12 88 95 74 5 43 67 12 8 10 
7 0 76 83 62 7 31 55 0 4 2 
63 70 6 13 8 77 39 15 70 74 72 
34 41 35 42 21 48 10 14 41 45 43 
54 61 15 22 1 68 30 6 61 65 63 
18 25 51 58 37 32 6 30 25 29 27 
39 46 30 37 16 53 15 9 46 50 48 
51 58 18 25 4 65 27 3 58 62 60 
52 59 17 24 3 66 28 4 59 63 61 

23 34 5 13 58 9 32 79 16 21 67 
38 49 10 28 73 24 47 94 31 36 82 
54 43 82 64 19 68 45 2 61 56 10 
42 31 70 52 7 56 33 14 49 44 2 
28 39 0 18 63 14 37 84 21 26 72 
1 10 29 11 34 15 8 55 8 3 43 
19 30 9 9 54 5 28 75 12 17 63 
17 6 45 27 18 31 8 39 24 19 27 
4 15 24 6 39 10 13 60 3 2 48 
16 27 12 6 51 2 25 72 9 14 60 
17 28 11 7 52 3 26 73 10 15 61 

62 2 47 16 50 22 78 44 11 54 6 
77 17 62 31 65 37 93 59 26 69 9 
15 75 30 61 27 55 1 33 66 23 83 
3 63 18 49 15 43 13 21 54 11 71 
67 7 52 21 55 27 83 49 16 59 1 
38 22 23 8 26 2 54 20 13 30 30 
58 2 43 12 46 18 74 40 7 50 10 
22 38 7 24 10 18 38 4 29 14 46 
43 17 28 3 31 3 59 25 8 35 25 
55 5 40 9 43 15 71 37 4 47 13 
56 4 41 10 44 16 72 38 5 48 12 

63 23 3 59 22 12 58 9 14 0 4 
78 38 18 74 37 27 73 24 1 15 19 
14 54 74 18 55 65 19 68 91 77 73 
2 42 62 6 43 53 7 56 79 65 61 
68 28 8 64 27 17 63 14 9 5 9 
39 1 21 35 2 12 34 15 38 24 20 
59 19 1 55 18 8 54 5 18 4 0 
23 17 37 19 18 28 18 31 54 40 36 
44 4 16 40 3 7 39 10 33 19 15 
56 16 4 52 15 5 51 2 21 7 3 
57 17 3 53 16 6 52 3 20 6 2 

10 10 5 52 1 71 18 8 17 22 43 
25 5 10 67 14 86 3 7 32 37 58 
67 87 82 25 78 6 95 85 60 55 34 
55 75 70 13 66 6 83 73 48 43 22 
15 5 0 57 4 76 13 3 22 27 48 
14 34 29 28 25 47 42 32 7 2 19 
6 14 9 48 5 67 22 12 13 18 39 
30 50 45 12 41 31 58 48 23 18 3 
9 29 24 33 20 52 37 27 2 3 24 
3 17 12 45 8 64 25 15 10 15 36 
4 16 11 46 7 65 24 14 11 16 37 

60 33 10 29 4 35 20 34 40 47 12 
75 48 25 44 19 50 35 49 55 62 3 
17 44 67 48 73 42 57 43 37 30 89 
5 32 55 36 61 30 45 31 25 18 77 
65 38 15 34 9 40 25 39 45 52 7 
36 9 14 5 20 11 4 10 16 23 36 
56 29 6 25 0 31 16 30 36 43 16 
20 7 30 11 36 5 20 6 0 7 52 
41 14 9 10 15 16 1 15 21 28 31 
53 26 3 22 3 28 13 27 33 40 19 
54 27 4 23 2 29 14 28 34 41 18 

50 3 35 48 12 53 62 2 53 51 44 
65 18 50 63 27 68 77 13 68 66 59 
27 74 42 29 65 24 15 79 24 26 33 
15 62 30 17 53 12 3 67 12 14 21 
55 8 40 53 17 58 67 3 58 56 49 
26 21 11 24 12 29 38 26 29 27 20 
46 1 31 44 8 49 58 6 49 47 40 
10 37 5 8 28 13 22 42 13 11 4 
31 16 16 29 7 34 43 21 34 32 25 
43 4 28 41 5 46 55 9 46 44 37 
44 3 29 42 6 47 56 8 47 45 38 

16 47 54 78 19 31 13 71 17 36 21 
1 62 69 93 34 46 28 86 2 51 36 
93 30 23 1 58 46 64 6 94 41 56 
81 18 11 13 46 34 52 6 82 29 44 
11 52 59 83 24 36 18 76 12 41 26 
40 23 30 54 5 7 11 47 41 12 3 
20 43 50 74 15 27 9 67 21 32 17 
56 7 14 38 21 9 27 31 57 4 19 
35 28 35 59 0 12 6 52 36 17 2 
23 40 47 71 12 24 6 64 24 29 14 
22 41 48 72 13 25 7 65 23 30 15 

14 7 83 90 69 0 38 62 7 3 5 
17 24 52 59 38 31 7 31 24 28 26 
38 45 31 38 17 52 14 10 45 49 47 
10 3 79 86 65 4 34 58 3 1 1 
27 34 42 49 28 41 3 21 34 38 36 
14 21 55 62 41 28 10 34 21 25 23 
31 38 38 45 24 45 7 17 38 42 40 
70 77 1 6 15 84 46 22 77 81 79 
22 29 47 54 33 36 2 26 29 33 31 
17 24 52 59 38 31 7 31 24 28 26 
64 71 5 12 9 78 40 16 71 75 73 

49 38 77 59 14 63 40 7 56 51 5 
18 7 46 28 17 32 9 38 25 20 26 
3 14 25 7 38 11 12 59 4 1 47 
45 34 73 55 10 59 36 11 52 47 1 
8 3 36 18 27 22 1 48 15 10 36 
21 10 49 31 14 35 12 35 28 23 23 
4 7 32 14 31 18 5 52 11 6 40 
35 46 7 25 70 21 44 91 28 33 79 
13 2 41 23 22 27 4 43 20 15 31 
18 7 46 28 17 32 9 38 25 20 26 
29 40 1 19 64 15 38 85 22 27 73 

10 70 25 56 22 50 6 28 61 18 78 
21 39 6 25 9 19 37 3 30 13 47 
42 18 27 4 30 2 58 24 9 34 26 
6 66 21 52 18 46 10 24 57 14 74 
31 29 16 15 19 9 47 13 20 23 37 
18 42 3 28 6 22 34 0 33 10 50 
35 25 20 11 23 5 51 17 16 27 33 
74 14 59 28 62 34 90 56 23 66 6 
26 34 11 20 14 14 42 8 25 18 42 
21 39 6 25 9 19 37 3 30 13 47 
68 8 53 22 56 28 84 50 17 60 0 

9 49 69 13 50 60 14 63 86 72 68 
22 18 38 18 19 29 17 32 55 41 37 
43 3 17 39 2 8 38 11 34 20 16 
5 45 65 9 46 56 10 59 82 68 64 
32 8 28 28 9 19 27 22 45 31 27 
19 21 41 15 22 32 14 35 58 44 40 
36 4 24 32 5 15 31 18 41 27 23 
75 35 15 71 34 24 70 21 2 12 16 
27 13 33 23 14 24 22 27 50 36 32 
22 18 38 18 19 29 17 32 55 41 37 
69 29 9 65 28 18 64 15 8 6 10 

62 82 77 20 73 1 90 80 55 50 29 
31 51 46 11 42 30 59 49 24 19 2 
10 30 25 32 21 51 38 28 3 2 23 
58 78 73 16 69 3 86 76 51 46 25 
21 41 36 21 32 40 49 39 14 9 12 
34 54 49 8 45 27 62 52 27 22 1 
17 37 32 25 28 44 45 35 10 5 16 
22 2 7 64 11 83 6 4 29 34 55 
26 46 41 16 37 35 54 44 19 14 7 
31 51 46 11 42 30 59 49 24 19 2 
16 4 1 58 5 77 12 2 23 28 49 

12 39 62 43 68 37 52 38 32 25 84 
19 8 31 12 37 6 21 7 1 6 53 
40 13 10 9 16 15 0 14 20 27 32 
8 35 58 39 64 33 48 34 28 21 80 
29 2 21 2 27 4 11 3 9 16 43 
16 11 34 15 40 9 24 10 4 3 56 
33 6 17 2 23 8 7 7 13 20 39 
72 45 22 41 16 47 32 46 52 59 0 
24 3 26 7 32 1 16 2 4 11 48 
19 8 31 12 37 6 21 7 1 6 53 
66 39 16 35 10 41 26 40 46 53 6 

22 69 37 24 60 19 10 74 19 21 28 
9 38 6 7 29 12 21 43 12 10 3 
30 17 15 28 8 33 42 22 33 31 24 
18 65 33 20 56 15 6 70 15 17 24 
19 28 4 17 19 22 31 33 22 20 13 
6 41 9 4 32 9 18 46 9 7 0 
23 24 8 21 15 26 35 29 26 24 17 
62 15 47 60 24 65 74 10 65 63 56 
14 33 1 12 24 17 26 38 17 15 8 
9 38 6 7 29 12 21 43 12 10 3 
56 9 41 54 18 59 68 4 59 57 50 

88 25 18 6 53 41 59 1 89 36 51 
57 6 13 37 22 10 28 30 58 5 20 
36 27 34 58 1 11 7 51 37 16 1 
84 21 14 10 49 37 55 3 85 32 47 
47 16 23 47 12 0 18 40 48 5 10 
60 3 10 34 25 13 31 27 61 8 23 
43 20 27 51 8 4 14 44 44 9 6 
4 59 66 90 31 43 25 83 5 48 33 
52 11 18 42 17 5 23 35 53 0 15 
57 6 13 37 22 10 28 30 58 5 20 
10 53 60 84 25 37 19 77 11 42 27 

35 24 63 45 0 49 26 21 42 37 9 
42 31 70 52 7 56 33 14 49 44 2 
34 45 6 24 69 20 43 90 27 32 78 
41 52 13 31 76 27 50 97 34 39 85 
20 31 8 10 55 6 29 76 13 18 64 
49 38 77 59 14 63 40 7 56 51 5 
11 0 39 21 24 25 2 45 18 13 33 
13 24 15 3 48 1 22 69 6 11 57 
42 31 70 52 7 56 33 14 49 44 2 
46 35 74 56 11 60 37 10 53 48 2 
44 33 72 54 9 58 35 12 51 46 0 

4 56 11 42 8 36 20 14 47 4 64 
3 63 18 49 15 43 13 21 54 11 71 
73 13 58 27 61 33 89 55 22 65 5 
80 20 65 34 68 40 96 62 29 72 12 
59 1 44 13 47 19 75 41 8 51 9 
10 70 25 56 22 50 6 28 61 18 78 
28 32 13 18 16 12 44 10 23 20 40 
52 8 37 6 40 12 68 34 1 44 16 
3 63 18 49 15 43 13 21 54 11 71 
7 67 22 53 19 47 9 25 58 15 75 
5 65 20 51 17 45 11 23 56 13 73 

5 35 55 1 36 46 0 49 72 58 54 
2 42 62 6 43 53 7 56 79 65 61 
74 34 14 70 33 23 69 20 3 11 15 
81 41 21 77 40 30 76 27 4 18 22 
60 20 0 56 19 9 55 6 17 3 1 
9 49 69 13 50 60 14 63 86 72 68 
29 11 31 25 12 22 24 25 48 34 30 
53 13 7 49 12 2 48 1 24 10 6 
2 42 62 6 43 53 7 56 79 65 61 
6 46 66 10 47 57 11 60 83 69 65 
4 44 64 8 45 55 9 58 81 67 63 

48 68 63 6 59 13 76 66 41 36 15 
55 75 70 13 66 6 83 73 48 43 22 
21 1 6 63 10 82 7 3 28 33 54 
28 8 13 70 17 89 0 10 35 40 61 
7 13 8 49 4 68 21 11 14 19 40 
62 82 77 20 73 1 90 80 55 50 29 
24 44 39 18 35 37 52 42 17 12 9 
0 20 15 42 11 61 28 18 7 12 33 
55 75 70 13 66 6 83 73 48 43 22 
59 79 74 17 70 2 87 77 52 47 26 
57 77 72 15 68 4 85 75 50 45 24 

2 25 48 29 54 23 38 24 18 11 70 
5 32 55 36 61 30 45 31 25 18 77 
71 44 21 40 15 46 31 45 51 58 1 
78 51 28 47 22 53 38 52 58 65 6 
57 30 7 26 1 32 17 31 37 44 15 
12 39 62 43 68 37 52 38 32 25 84 
26 1 24 5 30 1 14 0 6 13 46 
50 23 0 19 6 25 10 24 30 37 22 
5 32 55 36 61 30 45 31 25 18 77 
9 36 59 40 65 34 49 35 29 22 81 
7 34 57 38 63 32 47 33 27 20 79 

8 55 23 10 46 5 4 60 5 7 14 
15 62 30 17 53 12 3 67 12 14 21 
61 14 46 59 23 64 73 9 64 62 55 
68 21 53 66 30 71 80 16 71 69 62 
47 0 32 45 9 50 59 5 50 48 41 
22 69 37 24 60 19 10 74 19 21 28 
16 31 1 14 22 19 28 36 19 17 10 
40 7 25 38 2 43 52 12 43 41 34 
15 62 30 17 53 12 3 67 12 14 21 
19 66 34 21 57 16 7 71 16 18 25 
17 64 32 19 55 14 5 69 14 16 23 

74 11 4 20 39 27 45 13 75 22 37 
81 18 11 13 46 34 52 6 82 29 44 
5 58 65 89 30 42 24 82 6 47 32 
2 65 72 96 37 49 31 89 1 54 39 
19 44 51 75 16 28 10 68 20 33 18 
88 25 18 6 53 41 59 1 89 36 51 
50 13 20 44 15 3 21 37 51 2 13 
26 37 44 68 9 21 3 61 27 26 11 
81 18 11 13 46 34 52 6 82 29 44 
85 22 15 9 50 38 56 2 86 33 48 
83 20 13 11 48 36 54 4 84 31 46 

39 21 24 7 27 1 55 21 12 31 29 
28 32 13 18 16 12 44 10 23 20 40 
67 7 52 21 55 27 83 49 16 59 1 
49 11 34 3 37 9 65 31 2 41 19 
4 56 11 42 8 36 20 14 47 4 64 
53 7 38 7 41 13 69 35 2 45 15 
30 30 15 16 18 10 46 12 21 22 38 
17 77 32 63 29 57 1 35 68 25 85 
46 14 31 0 34 6 62 28 5 38 22 
41 19 26 5 29 1 57 23 10 33 27 
5 65 20 51 17 45 11 23 56 13 73 

40 0 20 36 1 11 35 14 37 23 19 
29 11 31 25 12 22 24 25 48 34 30 
68 28 8 64 27 17 63 14 9 5 9 
50 10 10 46 9 1 45 4 27 13 9 
5 35 55 1 36 46 0 49 72 58 54 
54 14 6 50 13 3 49 0 23 9 5 
31 9 29 27 10 20 26 23 46 32 28 
16 56 76 20 57 67 21 70 93 79 75 
47 7 13 43 6 4 42 7 30 16 12 
42 2 18 38 1 9 37 12 35 21 17 
4 44 64 8 45 55 9 58 81 67 63 

13 33 28 29 24 48 41 31 6 1 20 
24 44 39 18 35 37 52 42 17 12 9 
15 5 0 57 4 76 13 3 22 27 48 
3 23 18 39 14 58 31 21 4 9 30 
48 68 63 6 59 13 76 66 41 36 15 
1 19 14 43 10 62 27 17 8 13 34 
22 42 37 20 33 39 50 40 15 10 11 
69 89 84 27 80 8 97 87 62 57 36 
6 26 21 36 17 55 34 24 1 6 27 
11 31 26 31 22 50 39 29 4 1 22 
57 77 72 15 68 4 85 75 50 45 24 

37 10 13 6 19 12 3 11 17 24 35 
26 1 24 5 30 1 14 0 6 13 46 
65 38 15 34 9 40 25 39 45 52 7 
47 20 3 16 9 22 7 21 27 34 25 
2 25 48 29 54 23 38 24 18 11 70 
51 24 1 20 5 26 11 25 31 38 21 
28 1 22 3 28 3 12 2 8 15 44 
19 46 69 50 75 44 59 45 39 32 91 
44 17 6 13 12 19 4 18 24 31 28 
39 12 11 8 17 14 1 13 19 26 33 
7 34 57 38 63 32 47 33 27 20 79 

27 20 12 25 11 30 39 25 30 28 21 
16 31 1 14 22 19 28 36 19 17 10 
55 8 40 53 17 58 67 3 58 56 49 
37 10 22 35 1 40 49 15 40 38 31 
8 55 23 10 46 5 4 60 5 7 14 
41 6 26 39 3 44 53 11 44 42 35 
18 29 3 16 20 21 30 34 21 19 12 
29 76 44 31 67 26 17 81 26 28 35 
34 13 19 32 4 37 46 18 37 35 28 
29 18 14 27 9 32 41 23 32 30 23 
17 64 32 19 55 14 5 69 14 16 23 

39 24 31 55 4 8 10 48 40 13 2 
50 13 20 44 15 3 21 37 51 2 13 
11 52 59 83 24 36 18 76 12 41 26 
29 34 41 65 6 18 0 58 30 23 8 
74 11 4 20 39 27 45 13 75 22 37 
25 38 45 69 10 22 4 62 26 27 12 
48 15 22 46 13 1 19 39 49 4 11 
95 32 25 1 60 48 66 8 96 43 58 
32 31 38 62 3 15 3 55 33 20 5 
37 26 33 57 2 10 8 50 38 15 0 
83 20 13 11 48 36 54 4 84 31 46 

1 39 59 3 40 50 4 53 76 62 58 
61 21 1 57 20 10 56 7 16 2 2 
16 24 44 12 25 35 11 38 61 47 43 
47 7 13 43 6 4 42 7 30 16 12 
13 27 47 9 28 38 8 41 64 50 46 
41 1 19 37 0 10 36 13 36 22 18 
15 55 75 19 56 66 20 69 92 78 74 
19 21 41 15 22 32 14 35 58 44 40 
52 12 8 48 11 1 47 2 25 11 7 
9 31 51 5 32 42 4 45 68 54 50 
69 29 9 65 28 18 64 15 8 6 10 

52 72 67 10 63 9 80 70 45 40 19 
8 12 7 50 3 69 20 10 15 20 41 
37 57 52 5 48 24 65 55 30 25 4 
6 26 21 36 17 55 34 24 1 6 27 
40 60 55 2 51 21 68 58 33 28 7 
12 32 27 30 23 49 40 30 5 0 21 
68 88 83 26 79 7 96 86 61 56 35 
34 54 49 8 45 27 62 52 27 22 1 
1 21 16 41 12 60 29 19 6 11 32 
44 64 59 2 55 17 72 62 37 32 11 
16 4 1 58 5 77 12 2 23 28 49 

2 29 52 33 58 27 42 28 22 15 74 
58 31 8 27 2 33 18 32 38 45 14 
13 14 37 18 43 12 27 13 7 0 59 
44 17 6 13 12 19 4 18 24 31 28 
10 17 40 21 46 15 30 16 10 3 62 
38 11 12 7 18 13 2 12 18 25 34 
18 45 68 49 74 43 58 44 38 31 90 
16 11 34 15 40 9 24 10 4 3 56 
49 22 1 18 7 24 9 23 29 36 23 
6 21 44 25 50 19 34 20 14 7 66 
66 39 16 35 10 41 26 40 46 53 6 

12 59 27 14 50 9 0 64 9 11 18 
48 1 33 46 10 51 60 4 51 49 42 
3 44 12 1 35 6 15 49 6 4 3 
34 13 19 32 4 37 46 18 37 35 28 
0 47 15 2 38 3 12 52 3 1 6 
28 19 13 26 10 31 40 24 31 29 22 
28 75 43 30 66 25 16 80 25 27 34 
6 41 9 4 32 9 18 46 9 7 0 
39 8 24 37 1 42 51 13 42 40 33 
4 51 19 6 42 1 8 56 1 3 10 
56 9 41 54 18 59 68 4 59 57 50 

78 15 8 16 43 31 49 9 79 26 41 
18 45 52 76 17 29 11 69 19 34 19 
63 0 7 31 28 16 34 24 64 11 26 
32 31 38 62 3 15 3 55 33 20 5 
66 3 4 28 31 19 37 21 67 14 29 
38 25 32 56 3 9 9 49 39 14 1 
94 31 24 0 59 47 65 7 95 42 57 
60 3 10 34 25 13 31 27 61 8 23 
27 36 43 67 8 20 2 60 28 25 10 
70 7 0 24 35 23 41 17 71 18 33 
10 53 60 84 25 37 19 77 11 42 27 

53 73 68 11 64 8 81 71 46 41 20 
13 33 28 29 24 48 41 31 6 1 20 
7 13 8 49 4 68 21 11 14 19 40 
49 69 64 7 60 12 77 67 42 37 16 
12 32 27 30 23 49 40 30 5 0 21 
2 22 17 40 13 59 30 20 5 10 31 
48 68 63 6 59 13 76 66 41 36 15 
1 19 14 43 10 62 27 17 8 13 34 
24 4 9 66 13 85 4 6 31 36 57 
10 10 5 52 1 71 18 8 17 22 43 
6 14 9 48 5 67 22 12 13 18 39 

3 30 53 34 59 28 43 29 23 16 75 
37 10 13 6 19 12 3 11 17 24 35 
57 30 7 26 1 32 17 31 37 44 15 
1 26 49 30 55 24 39 25 19 12 71 
38 11 12 7 18 13 2 12 18 25 34 
48 21 2 17 8 23 8 22 28 35 24 
2 25 48 29 54 23 38 24 18 11 70 
51 24 1 20 5 26 11 25 31 38 21 
74 47 24 43 18 49 34 48 54 61 2 
60 33 10 29 4 35 20 34 40 47 12 
56 29 6 25 0 31 16 30 36 43 16 

13 60 28 15 51 10 1 65 10 12 19 
27 20 12 25 11 30 39 25 30 28 21 
47 0 32 45 9 50 59 5 50 48 41 
9 56 24 11 47 6 3 61 6 8 15 
28 19 13 26 10 31 40 24 31 29 22 
38 9 23 36 0 41 50 14 41 39 32 
8 55 23 10 46 5 4 60 5 7 14 
41 6 26 39 3 44 53 11 44 42 35 
64 17 49 62 26 67 76 12 67 65 58 
50 3 35 48 12 53 62 2 53 51 44 
46 1 31 44 8 49 58 6 49 47 40 

79 16 9 15 44 32 50 8 80 27 42 
39 24 31 55 4 8 10 48 40 13 2 
19 44 51 75 16 28 10 68 20 33 18 
75 12 5 19 40 28 46 12 76 23 38 
38 25 32 56 3 9 9 49 39 14 1 
28 35 42 66 7 19 1 59 29 24 9 
74 11 4 20 39 27 45 13 75 22 37 
25 38 45 69 10 22 4 62 26 27 12 
2 61 68 92 33 45 27 85 3 50 35 
16 47 54 78 19 31 13 71 17 36 21 
20 43 50 74 15 27 9 67 21 32 17 

50 23 0 19 6 25 10 24 30 37 22 
70 43 20 39 14 45 30 44 50 57 2 
65 38 15 34 9 40 25 39 45 52 7 
8 19 42 23 48 17 32 18 12 5 64 
61 34 11 30 5 36 21 35 41 48 11 
11 38 61 42 67 36 51 37 31 24 83 
78 51 28 47 22 53 38 52 58 65 6 
68 41 18 37 12 43 28 42 48 55 4 
43 16 7 12 13 18 3 17 23 30 29 
38 11 12 7 18 13 2 12 18 25 34 
17 10 33 14 39 8 23 9 3 4 55 

40 7 25 38 2 43 52 12 43 41 34 
60 13 45 58 22 63 72 8 63 61 54 
55 8 40 53 17 58 67 3 58 56 49 
2 49 17 4 40 1 10 54 1 1 8 
51 4 36 49 13 54 63 1 54 52 45 
21 68 36 23 59 18 9 73 18 20 27 
68 21 53 66 30 71 80 16 71 69 62 
58 11 43 56 20 61 70 6 61 59 52 
33 14 18 31 5 36 45 19 36 34 27 
28 19 13 26 10 31 40 24 31 29 22 
7 40 8 5 31 10 19 45 10 8 1 

26 37 44 68 9 21 3 61 27 26 11 
6 57 64 88 29 41 23 81 7 46 31 
11 52 59 83 24 36 18 76 12 41 26 
68 5 2 26 33 21 39 19 69 16 31 
15 48 55 79 20 32 14 72 16 37 22 
87 24 17 7 52 40 58 0 88 35 50 
2 65 72 96 37 49 31 89 1 54 39 
8 55 62 86 27 39 21 79 9 44 29 
33 30 37 61 2 14 4 54 34 19 4 
38 25 32 56 3 9 9 49 39 14 1 
59 4 11 35 24 12 30 28 60 7 22 

10 57 25 12 48 7 2 62 7 9 16 
17 30 2 15 21 20 29 35 20 18 11 
40 7 25 38 2 43 52 12 43 41 34 
21 26 6 19 17 24 33 31 24 22 15 
46 1 31 44 8 49 58 6 49 47 40 
15 32 0 13 23 18 27 37 18 16 9 
30 17 15 28 8 33 42 22 33 31 24 
16 31 1 14 22 19 28 36 19 17 10 
10 37 5 8 28 13 22 42 13 11 4 
3 44 12 1 35 6 15 49 6 4 3 
62 15 47 60 24 65 74 10 65 63 56 

76 13 6 18 41 29 47 11 77 24 39 
49 14 21 45 14 2 20 38 50 3 12 
26 37 44 68 9 21 3 61 27 26 11 
45 18 25 49 10 2 16 42 46 7 8 
20 43 50 74 15 27 9 67 21 32 17 
51 12 19 43 16 4 22 36 52 1 14 
36 27 34 58 1 11 7 51 37 16 1 
50 13 20 44 15 3 21 37 51 2 13 
56 7 14 38 21 9 27 31 57 4 19 
63 0 7 31 28 16 34 24 64 11 26 
4 59 66 90 31 43 25 83 5 48 33 

66 3 4 28 31 19 37 21 67 14 29 
19 44 51 75 16 28 10 68 20 33 18 
51 12 19 43 16 4 22 36 52 1 14 
64 1 6 30 29 17 35 23 65 12 27 
28 35 42 66 7 19 1 59 29 24 9 
69 6 1 25 34 22 40 18 70 17 32 
78 15 8 16 43 31 49 9 79 26 41 
14 49 56 80 21 33 15 73 15 38 23 
69 6 1 25 34 22 40 18 70 17 32 
67 4 3 27 32 20 38 20 68 15 30 
60 3 10 34 25 13 31 27 61 8 23 

