11 19 

40 20 16 39 26 10 29 61 29 22 16 
31 29 7 30 17 1 20 52 20 31 25 
57 3 33 56 43 27 46 78 46 5 1 
42 18 18 41 28 12 31 63 31 20 14 
36 24 12 35 22 6 25 57 25 26 20 
5 55 19 4 9 25 6 26 6 57 51 
6 66 30 7 20 36 17 15 17 68 62 
45 15 21 44 31 15 34 66 34 17 11 
5 65 29 6 19 35 16 16 16 67 61 
12 72 36 13 26 42 23 9 23 74 68 
51 9 27 50 37 21 40 72 40 11 5 

17 19 23 62 25 2 13 22 3 2 56 
26 10 32 53 34 11 22 31 6 11 47 
0 36 6 79 8 15 4 5 20 15 73 
15 21 21 64 23 0 11 20 5 0 58 
21 15 27 58 29 6 17 26 1 6 52 
52 16 58 27 60 37 48 57 32 37 21 
63 27 69 16 71 48 59 68 43 48 10 
12 24 18 67 20 3 8 17 8 3 61 
62 26 68 17 70 47 58 67 42 47 11 
69 33 75 10 77 54 65 74 49 54 4 
6 30 12 73 14 9 2 11 14 9 67 

16 21 14 22 59 45 47 37 11 22 28 
7 12 5 31 50 36 38 28 20 13 19 
33 38 31 5 76 62 64 54 6 39 45 
18 23 16 20 61 47 49 39 9 24 30 
12 17 10 26 55 41 43 33 15 18 24 
19 14 21 57 24 10 12 2 46 13 7 
30 25 32 68 13 1 1 9 57 24 18 
21 26 19 17 64 50 52 42 6 27 33 
29 24 31 67 14 0 2 8 56 23 17 
36 31 38 74 7 7 5 15 63 30 24 
27 32 25 11 70 56 58 48 0 33 39 

17 23 38 40 54 33 48 10 35 11 7 
26 32 29 31 45 42 39 1 44 2 16 
0 6 55 57 71 16 65 27 18 28 10 
15 21 40 42 56 31 50 12 33 13 5 
21 27 34 36 50 37 44 6 39 7 11 
52 58 3 5 19 68 13 25 70 24 42 
63 69 8 6 8 79 2 36 81 35 53 
12 18 43 45 59 28 53 15 30 16 2 
62 68 7 5 9 78 3 35 80 34 52 
69 75 14 12 2 85 4 42 87 41 59 
6 12 49 51 65 22 59 21 24 22 4 

38 61 25 11 29 30 11 16 20 63 22 
29 52 34 20 38 39 20 7 11 54 31 
55 78 8 6 12 13 6 33 37 80 5 
40 63 23 9 27 28 9 18 22 65 20 
34 57 29 15 33 34 15 12 16 59 26 
3 26 60 46 64 65 46 19 15 28 57 
8 15 71 57 75 76 57 30 26 17 68 
43 66 20 6 24 25 6 21 25 68 17 
7 16 70 56 74 75 56 29 25 18 67 
14 9 77 63 81 82 63 36 32 11 74 
49 72 14 0 18 19 0 27 31 74 11 

23 41 56 56 0 49 59 20 45 3 9 
32 32 47 47 9 40 50 29 36 12 0 
6 58 73 73 17 66 76 3 62 14 26 
21 43 58 58 2 51 61 18 47 1 11 
27 37 52 52 4 45 55 24 41 7 5 
58 6 21 21 35 14 24 55 10 38 26 
69 5 10 10 46 3 13 66 1 49 37 
18 46 61 61 5 54 64 15 50 2 14 
68 4 11 11 45 4 14 65 0 48 36 
75 11 4 4 52 3 7 72 7 55 43 
12 52 67 67 11 60 70 9 56 8 20 

0 27 15 57 35 14 22 56 0 27 18 
9 36 24 48 44 5 13 47 9 36 9 
17 10 2 74 18 31 39 73 17 10 35 
2 25 13 59 33 16 24 58 2 25 20 
4 31 19 53 39 10 18 52 4 31 14 
35 62 50 22 70 21 13 21 35 62 17 
46 73 61 11 81 32 24 10 46 73 28 
5 22 10 62 30 19 27 61 5 22 23 
45 72 60 12 80 31 23 11 45 72 27 
52 79 67 5 87 38 30 4 52 79 34 
11 16 4 68 24 25 33 67 11 16 29 

54 43 3 13 13 5 45 25 48 46 25 
45 34 6 22 22 4 36 34 39 37 16 
71 60 20 4 4 22 62 8 65 63 42 
56 45 5 11 11 7 47 23 50 48 27 
50 39 1 17 17 1 41 29 44 42 21 
19 8 32 48 48 30 10 60 13 11 10 
8 3 43 59 59 41 1 71 2 0 21 
59 48 8 8 8 10 50 20 53 51 30 
9 2 42 58 58 40 0 70 3 1 20 
2 9 49 65 65 47 7 77 4 6 27 
65 54 14 2 2 16 56 14 59 57 36 

14 52 47 18 62 54 14 30 8 11 31 
23 43 38 27 53 45 23 39 17 20 22 
3 69 64 1 79 71 3 13 9 6 48 
12 54 49 16 64 56 12 28 6 9 33 
18 48 43 22 58 50 18 34 12 15 27 
49 17 12 53 27 19 49 65 43 46 4 
60 6 1 64 16 8 60 76 54 57 15 
9 57 52 13 67 59 9 25 3 6 36 
59 7 2 63 17 9 59 75 53 56 14 
66 0 5 70 10 2 66 82 60 63 21 
3 63 58 7 73 65 3 19 3 0 42 

44 41 46 33 35 45 24 2 33 57 50 
35 32 37 42 26 36 15 11 24 48 41 
61 58 63 16 52 62 41 15 50 74 67 
46 43 48 31 37 47 26 0 35 59 52 
40 37 42 37 31 41 20 6 29 53 46 
9 6 11 68 0 10 11 37 2 22 15 
2 5 0 79 11 1 22 48 13 11 4 
49 46 51 28 40 50 29 3 38 62 55 
1 4 1 78 10 0 21 47 12 12 5 
8 11 6 85 17 7 28 54 19 5 2 
55 52 57 22 46 56 35 9 44 68 61 

57 29 31 58 42 35 30 4 22 41 27 
48 20 40 49 33 44 21 13 31 32 18 
74 46 14 75 59 18 47 13 5 58 44 
59 31 29 60 44 33 32 2 20 43 29 
53 25 35 54 38 39 26 8 26 37 23 
22 6 66 23 7 70 5 39 57 6 8 
11 17 77 12 4 81 16 50 68 5 19 
62 34 26 63 47 30 35 1 17 46 32 
12 16 76 13 3 80 15 49 67 4 18 
5 23 83 6 10 87 22 56 74 11 25 
68 40 20 69 53 24 41 7 11 52 38 

15 18 34 25 17 4 5 17 63 34 26 
24 27 25 34 26 5 14 26 54 43 17 
2 1 51 8 0 21 12 0 80 17 43 
13 16 36 23 15 6 3 15 65 32 28 
19 22 30 29 21 0 9 21 59 38 22 
50 53 1 60 52 31 40 52 28 69 9 
61 64 12 71 63 42 51 63 17 80 20 
10 13 39 20 12 9 0 12 68 29 31 
60 63 11 70 62 41 50 62 18 79 19 
67 70 18 77 69 48 57 69 11 86 26 
4 7 45 14 6 15 6 6 74 23 37 

21 31 27 15 21 21 42 9 31 32 16 
30 40 36 6 12 12 33 18 40 41 25 
4 14 10 32 38 38 59 8 14 15 1 
19 29 25 17 23 23 44 7 29 30 14 
25 35 31 11 17 17 38 13 35 36 20 
56 66 62 20 14 14 7 44 66 67 51 
67 77 73 31 25 25 4 55 77 78 62 
16 26 22 20 26 26 47 4 26 27 11 
66 76 72 30 24 24 3 54 76 77 61 
73 83 79 37 31 31 10 61 83 84 68 
10 20 16 26 32 32 53 2 20 21 5 

28 32 41 25 33 29 22 4 46 36 44 
19 41 32 16 24 38 13 5 37 27 35 
45 15 58 42 50 12 39 21 63 53 61 
30 30 43 27 35 27 24 6 48 38 46 
24 36 37 21 29 33 18 0 42 32 40 
7 67 6 10 2 64 13 31 11 1 9 
18 78 5 21 13 75 24 42 0 10 2 
33 27 46 30 38 24 27 9 51 41 49 
17 77 4 20 12 74 23 41 1 9 1 
24 84 11 27 19 81 30 48 6 16 8 
39 21 52 36 44 18 33 15 57 47 55 

23 35 18 26 17 52 42 9 15 33 32 
32 26 27 17 8 43 33 0 6 24 23 
6 52 1 43 34 69 59 26 32 50 49 
21 37 16 28 19 54 44 11 17 35 34 
27 31 22 22 13 48 38 5 11 29 28 
58 0 53 9 18 17 7 26 20 2 3 
69 11 64 20 29 6 4 37 31 13 14 
18 40 13 31 22 57 47 14 20 38 37 
68 10 63 19 28 7 3 36 30 12 13 
75 17 70 26 35 0 10 43 37 19 20 
12 46 7 37 28 63 53 20 26 44 43 

5 46 34 37 31 30 15 22 11 63 50 
14 37 25 28 22 39 6 31 20 54 41 
12 63 51 54 48 13 32 5 6 80 67 
3 48 36 39 33 28 17 20 9 65 52 
9 42 30 33 27 34 11 26 15 59 46 
40 11 1 2 4 65 20 57 46 28 15 
51 0 12 9 15 76 31 68 57 17 4 
0 51 39 42 36 25 20 17 6 68 55 
50 1 11 8 14 75 30 67 56 18 5 
57 6 18 15 21 82 37 74 63 11 2 
6 57 45 48 42 19 26 11 0 74 61 

8 5 47 2 33 28 58 27 51 21 28 
17 14 38 11 24 37 49 18 42 12 19 
9 12 64 15 50 11 75 44 68 38 45 
6 3 49 0 35 26 60 29 53 23 30 
12 9 43 6 29 32 54 23 47 17 24 
43 40 12 37 2 63 23 8 16 14 7 
54 51 1 48 13 74 12 19 5 25 18 
3 0 52 3 38 23 63 32 56 26 33 
53 50 2 47 12 73 13 18 6 24 17 
60 57 5 54 19 80 6 25 1 31 24 
3 6 58 9 44 17 69 38 62 32 39 

21 25 26 23 14 25 19 6 26 10 3 
30 16 35 14 23 16 28 3 17 19 6 
4 42 9 40 3 42 2 23 43 7 20 
19 27 24 25 12 27 17 8 28 8 5 
25 21 30 19 18 21 23 2 22 14 1 
56 10 61 12 49 10 54 29 9 45 32 
67 21 72 23 60 21 65 40 20 56 43 
16 30 21 28 9 30 14 11 31 5 8 
66 20 71 22 59 20 64 39 19 55 42 
73 27 78 29 66 27 71 46 26 62 49 
10 36 15 34 3 36 8 17 37 1 14 

57 21 63 22 65 42 53 62 37 42 16 
3 39 3 82 5 18 7 2 23 18 76 
33 3 39 46 41 18 29 38 13 18 40 
56 20 62 23 64 41 52 61 36 41 17 
43 7 49 36 51 28 39 48 23 28 30 
27 9 33 52 35 12 23 32 7 12 46 
46 10 52 33 54 31 42 51 26 31 27 
78 42 84 1 86 63 74 83 58 63 5 
46 10 52 33 54 31 42 51 26 31 27 
5 41 1 84 3 20 9 0 25 20 78 
1 35 7 78 9 14 3 6 19 14 72 

24 19 26 62 19 5 7 3 51 18 12 
36 41 34 2 79 65 67 57 9 42 48 
0 5 2 38 43 29 31 21 27 6 12 
23 18 25 61 20 6 8 2 50 17 11 
10 5 12 48 33 19 21 11 37 4 2 
6 11 4 32 49 35 37 27 21 12 18 
13 8 15 51 30 16 18 8 40 7 1 
45 40 47 83 2 16 14 24 72 39 33 
13 8 15 51 30 16 18 8 40 7 1 
38 43 36 0 81 67 69 59 11 44 50 
32 37 30 6 75 61 63 53 5 38 44 

57 63 2 0 14 73 8 30 75 29 47 
3 3 58 60 74 13 68 30 15 31 13 
33 39 22 24 38 49 32 6 51 5 23 
56 62 1 1 15 72 9 29 74 28 46 
43 49 12 14 28 59 22 16 61 15 33 
27 33 28 30 44 43 38 0 45 1 17 
46 52 9 11 25 62 19 19 64 18 36 
78 84 23 21 7 94 13 51 96 50 68 
46 52 9 11 25 62 19 19 64 18 36 
5 1 60 62 76 11 70 32 13 33 15 
1 7 54 56 70 17 64 26 19 27 9 

2 21 65 51 69 70 51 24 20 23 62 
58 81 5 9 9 10 9 36 40 83 2 
22 45 41 27 45 46 27 0 4 47 38 
1 22 64 50 68 69 50 23 19 24 61 
12 35 51 37 55 56 37 10 6 37 48 
28 51 35 21 39 40 21 6 10 53 32 
9 32 54 40 58 59 40 13 9 34 51 
23 0 86 72 90 91 72 45 41 2 83 
9 32 54 40 58 59 40 13 9 34 51 
60 83 3 11 7 8 11 38 42 85 0 
54 77 9 5 13 14 5 32 36 79 6 

63 1 16 16 40 9 19 60 5 43 31 
3 61 76 76 20 69 79 0 65 17 29 
39 25 40 40 16 33 43 36 29 19 7 
62 2 17 17 39 10 20 59 6 42 30 
49 15 30 30 26 23 33 46 19 29 17 
33 31 46 46 10 39 49 30 35 13 1 
52 12 27 27 29 20 30 49 16 32 20 
84 20 5 5 61 12 2 81 16 64 52 
52 12 27 27 29 20 30 49 16 32 20 
1 63 78 78 22 71 81 2 67 19 31 
7 57 72 72 16 65 75 4 61 13 25 

40 67 55 17 75 26 18 16 40 67 22 
20 7 5 77 15 34 42 76 20 7 38 
16 43 31 41 51 2 6 40 16 43 2 
39 66 54 18 74 25 17 17 39 66 21 
26 53 41 31 61 12 4 30 26 53 8 
10 37 25 47 45 4 12 46 10 37 8 
29 56 44 28 64 15 7 27 29 56 11 
61 88 76 4 96 47 39 5 61 88 43 
29 56 44 28 64 15 7 27 29 56 11 
22 5 7 79 13 36 44 78 22 5 40 
16 11 1 73 19 30 38 72 16 11 34 

14 3 37 53 53 35 5 65 8 6 15 
74 63 23 7 7 25 65 5 68 66 45 
38 27 13 29 29 11 29 41 32 30 9 
15 4 36 52 52 34 6 64 9 7 14 
28 17 23 39 39 21 19 51 22 20 1 
44 33 7 23 23 5 35 35 38 36 15 
25 14 26 42 42 24 16 54 19 17 4 
7 18 58 74 74 56 16 86 13 15 36 
25 14 26 42 42 24 16 54 19 17 4 
76 65 25 9 9 27 67 3 70 68 47 
70 59 19 3 3 21 61 9 64 62 41 

54 12 7 58 22 14 54 70 48 51 9 
6 72 67 2 82 74 6 10 12 9 51 
30 36 31 34 46 38 30 46 24 27 15 
53 13 8 57 23 15 53 69 47 50 8 
40 26 21 44 36 28 40 56 34 37 5 
24 42 37 28 52 44 24 40 18 21 21 
43 23 18 47 33 25 43 59 37 40 2 
75 9 14 79 1 7 75 91 69 72 30 
43 23 18 47 33 25 43 59 37 40 2 
8 74 69 4 84 76 8 8 14 11 53 
2 68 63 2 78 70 2 14 8 5 47 

4 1 6 73 5 5 16 42 7 17 10 
64 61 66 13 55 65 44 18 53 77 70 
28 25 30 49 19 29 8 18 17 41 34 
5 2 7 72 4 6 15 41 6 18 11 
18 15 20 59 9 19 2 28 7 31 24 
34 31 36 43 25 35 14 12 23 47 40 
15 12 17 62 6 16 5 31 4 28 21 
17 20 15 94 26 16 37 63 28 4 11 
15 12 17 62 6 16 5 31 4 28 21 
66 63 68 11 57 67 46 20 55 79 72 
60 57 62 17 51 61 40 14 49 73 66 

17 11 71 18 2 75 10 44 62 1 13 
77 49 11 78 62 15 50 16 2 61 47 
41 13 47 42 26 51 14 20 38 25 11 
18 10 70 19 3 74 9 43 61 2 12 
31 3 57 32 16 61 4 30 48 15 1 
47 19 41 48 32 45 20 14 32 31 17 
28 0 60 29 13 64 1 33 51 12 2 
4 32 92 3 19 96 31 65 83 20 34 
28 0 60 29 13 64 1 33 51 12 2 
79 51 9 80 64 13 52 18 0 63 49 
73 45 15 74 58 19 46 12 6 57 43 

55 58 6 65 57 36 45 57 23 74 14 
5 2 54 5 3 24 15 3 83 14 46 
31 34 18 41 33 12 21 33 47 50 10 
54 57 5 64 56 35 44 56 24 73 13 
41 44 8 51 43 22 31 43 37 60 0 
25 28 24 35 27 6 15 27 53 44 16 
44 47 5 54 46 25 34 46 34 63 3 
76 79 27 86 78 57 66 78 2 95 35 
44 47 5 54 46 25 34 46 34 63 3 
7 4 56 3 5 26 17 5 85 12 48 
1 2 50 9 1 20 11 1 79 18 42 

61 71 67 25 19 19 2 49 71 72 56 
1 11 7 35 41 41 62 11 11 12 4 
37 47 43 1 5 5 26 25 47 48 32 
60 70 66 24 18 18 3 48 70 71 55 
47 57 53 11 5 5 16 35 57 58 42 
31 41 37 5 11 11 32 19 41 42 26 
50 60 56 14 8 8 13 38 60 61 45 
82 92 88 46 40 40 19 70 92 93 77 
50 60 56 14 8 8 13 38 60 61 45 
1 9 5 37 43 43 64 13 9 10 6 
5 15 11 31 37 37 58 7 15 16 0 

12 72 1 15 7 69 18 36 6 4 4 
48 12 61 45 53 9 42 24 66 56 64 
12 48 25 9 17 45 6 12 30 20 28 
11 71 2 14 6 68 17 35 7 3 5 
2 58 15 1 7 55 4 22 20 10 18 
18 42 31 15 23 39 12 6 36 26 34 
1 61 12 4 4 58 7 25 17 7 15 
33 93 20 36 28 90 39 57 15 25 17 
1 61 12 4 4 58 7 25 17 7 15 
50 10 63 47 55 7 44 26 68 58 66 
44 16 57 41 49 13 38 20 62 52 60 

63 5 58 14 23 12 2 31 25 7 8 
3 55 2 46 37 72 62 29 35 53 52 
39 19 34 10 1 36 26 7 1 17 16 
62 4 57 13 22 13 3 30 24 6 7 
49 9 44 0 9 26 16 17 11 7 6 
33 25 28 16 7 42 32 1 5 23 22 
52 6 47 3 12 23 13 20 14 4 3 
84 26 79 35 44 9 19 52 46 28 29 
52 6 47 3 12 23 13 20 14 4 3 
1 57 4 48 39 74 64 31 37 55 54 
7 51 2 42 33 68 58 25 31 49 48 

45 6 6 3 9 70 25 62 51 23 10 
15 66 54 57 51 10 35 2 9 83 70 
21 30 18 21 15 46 1 38 27 47 34 
44 7 5 2 8 69 24 61 50 24 11 
31 20 8 11 5 56 11 48 37 37 24 
15 36 24 27 21 40 5 32 21 53 40 
34 17 5 8 2 59 14 51 40 34 21 
66 15 27 24 30 91 46 83 72 2 11 
34 17 5 8 2 59 14 51 40 34 21 
17 68 56 59 53 8 37 0 11 85 72 
11 62 50 53 47 14 31 6 5 79 66 

48 45 7 42 7 68 18 13 11 19 12 
12 15 67 18 53 8 78 47 71 41 48 
24 21 31 18 17 44 42 11 35 5 12 
47 44 8 41 6 67 19 12 12 18 11 
34 31 21 28 7 54 32 1 25 5 2 
18 15 37 12 23 38 48 17 41 11 18 
37 34 18 31 4 57 29 2 22 8 1 
69 66 14 63 28 89 3 34 10 40 33 
37 34 18 31 4 57 29 2 22 8 1 
14 17 69 20 55 6 80 49 73 43 50 
8 11 63 14 49 12 74 43 67 37 44 

61 15 66 17 54 15 59 34 14 50 37 
1 45 6 43 6 45 1 26 46 10 23 
37 9 42 7 30 9 35 10 10 26 13 
60 14 65 16 53 14 58 33 13 49 36 
47 1 52 3 40 1 45 20 0 36 23 
31 15 36 13 24 15 29 4 16 20 7 
50 4 55 6 43 4 48 23 3 39 26 
82 36 87 38 75 36 80 55 35 71 58 
50 4 55 6 43 4 48 23 3 39 26 
1 47 4 45 8 47 3 28 48 12 25 
5 41 10 39 2 41 3 22 42 6 19 

33 38 31 5 76 62 64 54 6 39 45 
3 2 5 41 40 26 28 18 30 3 9 
39 44 37 1 82 68 70 60 12 45 51 
46 41 48 84 3 17 15 25 73 40 34 
41 46 39 3 84 70 72 62 14 47 53 
18 23 16 20 61 47 49 39 9 24 30 
29 34 27 9 72 58 60 50 2 35 41 
38 43 36 0 81 67 69 59 11 44 50 
13 18 11 25 56 42 44 34 14 19 25 
18 23 16 20 61 47 49 39 9 24 30 
40 35 42 78 3 11 9 19 67 34 28 

0 6 55 57 71 16 65 27 18 28 10 
36 42 19 21 35 52 29 9 54 8 26 
6 0 61 63 77 10 71 33 12 34 16 
79 85 24 22 8 95 14 52 97 51 69 
8 2 63 65 79 8 73 35 10 36 18 
15 21 40 42 56 31 50 12 33 13 5 
4 10 51 53 67 20 61 23 22 24 6 
5 1 60 62 76 11 70 32 13 33 15 
20 26 35 37 51 36 45 7 38 8 10 
15 21 40 42 56 31 50 12 33 13 5 
73 79 18 16 2 89 8 46 91 45 63 

55 78 8 6 12 13 6 33 37 80 5 
19 42 44 30 48 49 30 3 1 44 41 
61 84 2 12 6 7 12 39 43 86 1 
24 1 87 73 91 92 73 46 42 1 84 
63 86 0 14 4 5 14 41 45 88 3 
40 63 23 9 27 28 9 18 22 65 20 
51 74 12 2 16 17 2 29 33 76 9 
60 83 3 11 7 8 11 38 42 85 0 
35 58 28 14 32 33 14 13 17 60 25 
40 63 23 9 27 28 9 18 22 65 20 
18 5 81 67 85 86 67 40 36 7 78 

6 58 73 73 17 66 76 3 62 14 26 
42 22 37 37 19 30 40 39 26 22 10 
0 64 79 79 23 72 82 3 68 20 32 
85 21 6 6 62 13 3 82 17 65 53 
2 66 81 81 25 74 84 5 70 22 34 
21 43 58 58 2 51 61 18 47 1 11 
10 54 69 69 13 62 72 7 58 10 22 
1 63 78 78 22 71 81 2 67 19 31 
26 38 53 53 3 46 56 23 42 6 6 
21 43 58 58 2 51 61 18 47 1 11 
79 15 0 0 56 7 3 76 11 59 47 

17 10 2 74 18 31 39 73 17 10 35 
19 46 34 38 54 5 3 37 19 46 1 
23 4 8 80 12 37 45 79 23 4 41 
62 89 77 5 97 48 40 6 62 89 44 
25 2 10 82 10 39 47 81 25 2 43 
2 25 13 59 33 16 24 58 2 25 20 
13 14 2 70 22 27 35 69 13 14 31 
22 5 7 79 13 36 44 78 22 5 40 
3 30 18 54 38 11 19 53 3 30 15 
2 25 13 59 33 16 24 58 2 25 20 
56 83 71 1 91 42 34 0 56 83 38 

71 60 20 4 4 22 62 8 65 63 42 
35 24 16 32 32 14 26 44 29 27 6 
77 66 26 10 10 28 68 2 71 69 48 
8 19 59 75 75 57 17 87 14 16 37 
79 68 28 12 12 30 70 0 73 71 50 
56 45 5 11 11 7 47 23 50 48 27 
67 56 16 0 0 18 58 12 61 59 38 
76 65 25 9 9 27 67 3 70 68 47 
51 40 0 16 16 2 42 28 45 43 22 
56 45 5 11 11 7 47 23 50 48 27 
2 13 53 69 69 51 11 81 8 10 31 

3 69 64 1 79 71 3 13 9 6 48 
33 33 28 37 43 35 33 49 27 30 12 
9 75 70 5 85 77 9 7 15 12 54 
76 10 15 80 0 8 76 92 70 73 31 
11 77 72 7 87 79 11 5 17 14 56 
12 54 49 16 64 56 12 28 6 9 33 
1 65 60 5 75 67 1 17 5 2 44 
8 74 69 4 84 76 8 8 14 11 53 
17 49 44 21 59 51 17 33 11 14 28 
12 54 49 16 64 56 12 28 6 9 33 
70 4 9 74 6 2 70 86 64 67 25 

61 58 63 16 52 62 41 15 50 74 67 
25 22 27 52 16 26 5 21 14 38 31 
67 64 69 10 58 68 47 21 56 80 73 
18 21 16 95 27 17 38 64 29 5 12 
69 66 71 8 60 70 49 23 58 82 75 
46 43 48 31 37 47 26 0 35 59 52 
57 54 59 20 48 58 37 11 46 70 63 
66 63 68 11 57 67 46 20 55 79 72 
41 38 43 36 32 42 21 5 30 54 47 
46 43 48 31 37 47 26 0 35 59 52 
12 15 10 89 21 11 32 58 23 1 6 

74 46 14 75 59 18 47 13 5 58 44 
38 10 50 39 23 54 11 23 41 22 8 
80 52 8 81 65 12 53 19 1 64 50 
5 33 93 4 20 97 32 66 84 21 35 
82 54 6 83 67 10 55 21 3 66 52 
59 31 29 60 44 33 32 2 20 43 29 
70 42 18 71 55 22 43 9 9 54 40 
79 51 9 80 64 13 52 18 0 63 49 
54 26 34 55 39 38 27 7 25 38 24 
59 31 29 60 44 33 32 2 20 43 29 
1 27 87 2 14 91 26 60 78 15 29 

2 1 51 8 0 21 12 0 80 17 43 
34 37 15 44 36 15 24 36 44 53 7 
8 5 57 2 6 27 18 6 86 11 49 
77 80 28 87 79 58 67 79 1 96 36 
10 7 59 0 8 29 20 8 88 9 51 
13 16 36 23 15 6 3 15 65 32 28 
2 5 47 12 4 17 8 4 76 21 39 
7 4 56 3 5 26 17 5 85 12 48 
18 21 31 28 20 1 8 20 60 37 23 
13 16 36 23 15 6 3 15 65 32 28 
71 74 22 81 73 52 61 73 7 90 30 

4 14 10 32 38 38 59 8 14 15 1 
40 50 46 4 2 2 23 28 50 51 35 
2 8 4 38 44 44 65 14 8 9 7 
83 93 89 47 41 41 20 71 93 94 78 
4 6 2 40 46 46 67 16 6 7 9 
19 29 25 17 23 23 44 7 29 30 14 
8 18 14 28 34 34 55 4 18 19 3 
1 9 5 37 43 43 64 13 9 10 6 
24 34 30 12 18 18 39 12 34 35 19 
19 29 25 17 23 23 44 7 29 30 14 
77 87 83 41 35 35 14 65 87 88 72 

45 15 58 42 50 12 39 21 63 53 61 
9 51 22 6 14 48 3 15 27 17 25 
51 9 64 48 56 6 45 27 69 59 67 
34 94 21 37 29 91 40 58 16 26 18 
53 7 66 50 58 4 47 29 71 61 69 
30 30 43 27 35 27 24 6 48 38 46 
41 19 54 38 46 16 35 17 59 49 57 
50 10 63 47 55 7 44 26 68 58 66 
25 35 38 22 30 32 19 1 43 33 41 
30 30 43 27 35 27 24 6 48 38 46 
28 88 15 31 23 85 34 52 10 20 12 

6 52 1 43 34 69 59 26 32 50 49 
42 16 37 7 2 33 23 10 4 14 13 
0 58 5 49 40 75 65 32 38 56 55 
85 27 80 36 45 10 20 53 47 29 30 
2 60 7 51 42 77 67 34 40 58 57 
21 37 16 28 19 54 44 11 17 35 34 
10 48 5 39 30 65 55 22 28 46 45 
1 57 4 48 39 74 64 31 37 55 54 
26 32 21 23 14 49 39 6 12 30 29 
21 37 16 28 19 54 44 11 17 35 34 
79 21 74 30 39 4 14 47 41 23 24 

12 63 51 54 48 13 32 5 6 80 67 
24 27 15 18 12 49 4 41 30 44 31 
18 69 57 60 54 7 38 1 12 86 73 
67 16 28 25 31 92 47 84 73 1 12 
20 71 59 62 56 5 40 3 14 88 75 
3 48 36 39 33 28 17 20 9 65 52 
8 59 47 50 44 17 28 9 2 76 63 
17 68 56 59 53 8 37 0 11 85 72 
8 43 31 34 28 33 12 25 14 60 47 
3 48 36 39 33 28 17 20 9 65 52 
61 10 22 19 25 86 41 78 67 7 6 

9 12 64 15 50 11 75 44 68 38 45 
27 24 28 21 14 47 39 8 32 2 9 
15 18 70 21 56 5 81 50 74 44 51 
70 67 15 64 29 90 4 35 11 41 34 
17 20 72 23 58 3 83 52 76 46 53 
6 3 49 0 35 26 60 29 53 23 30 
5 8 60 11 46 15 71 40 64 34 41 
14 17 69 20 55 6 80 49 73 43 50 
11 8 44 5 30 31 55 24 48 18 25 
6 3 49 0 35 26 60 29 53 23 30 
64 61 9 58 23 84 2 29 5 35 28 

4 42 9 40 3 42 2 23 43 7 20 
40 6 45 4 33 6 38 13 7 29 16 
2 48 3 46 9 48 4 29 49 13 26 
83 37 88 39 76 37 81 56 36 72 59 
4 50 1 48 11 50 6 31 51 15 28 
19 27 24 25 12 27 17 8 28 8 5 
8 38 13 36 1 38 6 19 39 3 16 
1 47 4 45 8 47 3 28 48 12 25 
24 22 29 20 17 22 22 3 23 13 0 
19 27 24 25 12 27 17 8 28 8 5 
77 31 82 33 70 31 75 50 30 66 53 

33 39 22 24 38 49 32 6 51 5 23 
38 44 17 19 33 54 27 11 56 10 28 
31 37 24 26 40 47 34 4 49 3 21 
5 1 60 62 76 11 70 32 13 33 15 
76 82 21 19 5 92 11 49 94 48 66 
62 68 7 5 9 78 3 35 80 34 52 
64 70 9 7 7 80 1 37 82 36 54 
54 60 1 3 17 70 11 27 72 26 44 
6 12 49 51 65 22 59 21 24 22 4 
39 45 16 18 32 55 26 12 57 11 29 
45 51 10 12 26 61 20 18 63 17 35 

22 45 41 27 45 46 27 0 4 47 38 
17 40 46 32 50 51 32 5 1 42 43 
24 47 39 25 43 44 25 2 6 49 36 
60 83 3 11 7 8 11 38 42 85 0 
21 2 84 70 88 89 70 43 39 4 81 
7 16 70 56 74 75 56 29 25 18 67 
9 14 72 58 76 77 58 31 27 16 69 
1 24 62 48 66 67 48 21 17 26 59 
49 72 14 0 18 19 0 27 31 74 11 
16 39 47 33 51 52 33 6 2 41 44 
10 33 53 39 57 58 39 12 8 35 50 

39 25 40 40 16 33 43 36 29 19 7 
44 20 35 35 21 28 38 41 24 24 12 
37 27 42 42 14 35 45 34 31 17 5 
1 63 78 78 22 71 81 2 67 19 31 
82 18 3 3 59 10 0 79 14 62 50 
68 4 11 11 45 4 14 65 0 48 36 
70 6 9 9 47 2 12 67 2 50 38 
60 4 19 19 37 12 22 57 8 40 28 
12 52 67 67 11 60 70 9 56 8 20 
45 19 34 34 22 27 37 42 23 25 13 
51 13 28 28 28 21 31 48 17 31 19 

16 43 31 41 51 2 6 40 16 43 2 
21 48 36 36 56 7 1 35 21 48 3 
14 41 29 43 49 0 8 42 14 41 4 
22 5 7 79 13 36 44 78 22 5 40 
59 86 74 2 94 45 37 3 59 86 41 
45 72 60 12 80 31 23 11 45 72 27 
47 74 62 10 82 33 25 9 47 74 29 
37 64 52 20 72 23 15 19 37 64 19 
11 16 4 68 24 25 33 67 11 16 29 
22 49 37 35 57 8 0 34 22 49 4 
28 55 43 29 63 14 6 28 28 55 10 

38 27 13 29 29 11 29 41 32 30 9 
33 22 18 34 34 16 24 46 27 25 4 
40 29 11 27 27 9 31 39 34 32 11 
76 65 25 9 9 27 67 3 70 68 47 
5 16 56 72 72 54 14 84 11 13 34 
9 2 42 58 58 40 0 70 3 1 20 
7 4 44 60 60 42 2 72 1 1 22 
17 6 34 50 50 32 8 62 11 9 12 
65 54 14 2 2 16 56 14 59 57 36 
32 21 19 35 35 17 23 47 26 24 3 
26 15 25 41 41 23 17 53 20 18 3 

30 36 31 34 46 38 30 46 24 27 15 
35 31 26 39 41 33 35 51 29 32 10 
28 38 33 32 48 40 28 44 22 25 17 
8 74 69 4 84 76 8 8 14 11 53 
73 7 12 77 3 5 73 89 67 70 28 
59 7 2 63 17 9 59 75 53 56 14 
61 5 0 65 15 7 61 77 55 58 16 
51 15 10 55 25 17 51 67 45 48 6 
3 63 58 7 73 65 3 19 3 0 42 
36 30 25 40 40 32 36 52 30 33 9 
42 24 19 46 34 26 42 58 36 39 3 

28 25 30 49 19 29 8 18 17 41 34 
23 20 25 54 14 24 3 23 12 36 29 
30 27 32 47 21 31 10 16 19 43 36 
66 63 68 11 57 67 46 20 55 79 72 
15 18 13 92 24 14 35 61 26 2 9 
1 4 1 78 10 0 21 47 12 12 5 
3 6 1 80 12 2 23 49 14 10 3 
7 4 9 70 2 8 13 39 4 20 13 
55 52 57 22 46 56 35 9 44 68 61 
22 19 24 55 13 23 2 24 11 35 28 
16 13 18 61 7 17 4 30 5 29 22 

41 13 47 42 26 51 14 20 38 25 11 
36 8 52 37 21 56 9 25 43 20 6 
43 15 45 44 28 49 16 18 36 27 13 
79 51 9 80 64 13 52 18 0 63 49 
2 30 90 1 17 94 29 63 81 18 32 
12 16 76 13 3 80 15 49 67 4 18 
10 18 78 11 5 82 17 51 69 6 20 
20 8 68 21 5 72 7 41 59 4 10 
68 40 20 69 53 24 41 7 11 52 38 
35 7 53 36 20 57 8 26 44 19 5 
29 1 59 30 14 63 2 32 50 13 1 

31 34 18 41 33 12 21 33 47 50 10 
36 39 13 46 38 17 26 38 42 55 5 
29 32 20 39 31 10 19 31 49 48 12 
7 4 56 3 5 26 17 5 85 12 48 
74 77 25 84 76 55 64 76 4 93 33 
60 63 11 70 62 41 50 62 18 79 19 
62 65 13 72 64 43 52 64 16 81 21 
52 55 3 62 54 33 42 54 26 71 11 
4 7 45 14 6 15 6 6 74 23 37 
37 40 12 47 39 18 27 39 41 56 4 
43 46 6 53 45 24 33 45 35 62 2 

37 47 43 1 5 5 26 25 47 48 32 
42 52 48 6 0 0 21 30 52 53 37 
35 45 41 1 7 7 28 23 45 46 30 
1 9 5 37 43 43 64 13 9 10 6 
80 90 86 44 38 38 17 68 90 91 75 
66 76 72 30 24 24 3 54 76 77 61 
68 78 74 32 26 26 5 56 78 79 63 
58 68 64 22 16 16 5 46 68 69 53 
10 20 16 26 32 32 53 2 20 21 5 
43 53 49 7 1 1 20 31 53 54 38 
49 59 55 13 7 7 14 37 59 60 44 

12 48 25 9 17 45 6 12 30 20 28 
7 53 20 4 12 50 1 17 25 15 23 
14 46 27 11 19 43 8 10 32 22 30 
50 10 63 47 55 7 44 26 68 58 66 
31 91 18 34 26 88 37 55 13 23 15 
17 77 4 20 12 74 23 41 1 9 1 
19 79 6 22 14 76 25 43 1 11 3 
9 69 4 12 4 66 15 33 9 1 7 
39 21 52 36 44 18 33 15 57 47 55 
6 54 19 3 11 51 0 18 24 14 22 
0 60 13 3 5 57 6 24 18 8 16 

39 19 34 10 1 36 26 7 1 17 16 
44 14 39 5 4 31 21 12 6 12 11 
37 21 32 12 3 38 28 5 1 19 18 
1 57 4 48 39 74 64 31 37 55 54 
82 24 77 33 42 7 17 50 44 26 27 
68 10 63 19 28 7 3 36 30 12 13 
70 12 65 21 30 5 5 38 32 14 15 
60 2 55 11 20 15 5 28 22 4 5 
12 46 7 37 28 63 53 20 26 44 43 
45 13 40 4 5 30 20 13 7 11 10 
51 7 46 2 11 24 14 19 13 5 4 

21 30 18 21 15 46 1 38 27 47 34 
26 25 13 16 10 51 6 43 32 42 29 
19 32 20 23 17 44 1 36 25 49 36 
17 68 56 59 53 8 37 0 11 85 72 
64 13 25 22 28 89 44 81 70 4 9 
50 1 11 8 14 75 30 67 56 18 5 
52 1 13 10 16 77 32 69 58 16 3 
42 9 3 0 6 67 22 59 48 26 13 
6 57 45 48 42 19 26 11 0 74 61 
27 24 12 15 9 52 7 44 33 41 28 
33 18 6 9 3 58 13 50 39 35 22 

24 21 31 18 17 44 42 11 35 5 12 
29 26 26 23 12 49 37 6 30 0 7 
22 19 33 16 19 42 44 13 37 7 14 
14 17 69 20 55 6 80 49 73 43 50 
67 64 12 61 26 87 1 32 8 38 31 
53 50 2 47 12 73 13 18 6 24 17 
55 52 0 49 14 75 11 20 4 26 19 
45 42 10 39 4 65 21 10 14 16 9 
3 6 58 9 44 17 69 38 62 32 39 
30 27 25 24 11 50 36 5 29 1 6 
36 33 19 30 5 56 30 1 23 7 0 

37 9 42 7 30 9 35 10 10 26 13 
42 4 47 2 35 4 40 15 5 31 18 
35 11 40 9 28 11 33 8 12 24 11 
1 47 4 45 8 47 3 28 48 12 25 
80 34 85 36 73 34 78 53 33 69 56 
66 20 71 22 59 20 64 39 19 55 42 
68 22 73 24 61 22 66 41 21 57 44 
58 12 63 14 51 12 56 31 11 47 34 
10 36 15 34 3 36 8 17 37 1 14 
43 3 48 1 36 3 41 16 4 32 19 
49 3 54 5 42 3 47 22 2 38 25 

55 78 8 6 12 13 6 33 37 80 5 
61 84 2 12 6 7 12 39 43 86 1 
0 23 63 49 67 68 49 22 18 25 60 
2 21 65 51 69 70 51 24 20 23 62 
16 7 79 65 83 84 65 38 34 9 76 
71 94 8 22 4 3 22 49 53 96 11 
10 13 73 59 77 78 59 32 28 15 70 
28 51 35 21 39 40 21 6 10 53 32 
73 96 10 24 6 5 24 51 55 98 13 
27 50 36 22 40 41 22 5 9 52 33 
45 68 18 4 22 23 4 23 27 70 15 

6 58 73 73 17 66 76 3 62 14 26 
0 64 79 79 23 72 82 3 68 20 32 
61 3 18 18 38 11 21 58 7 41 29 
63 1 16 16 40 9 19 60 5 43 31 
77 13 2 2 54 5 5 74 9 57 45 
10 74 89 89 33 82 92 13 78 30 42 
71 7 8 8 48 1 11 68 3 51 39 
33 31 46 46 10 39 49 30 35 13 1 
12 76 91 91 35 84 94 15 80 32 44 
34 30 45 45 11 38 48 31 34 14 2 
16 48 63 63 7 56 66 13 52 4 16 

17 10 2 74 18 31 39 73 17 10 35 
23 4 8 80 12 37 45 79 23 4 41 
38 65 53 19 73 24 16 18 38 65 20 
40 67 55 17 75 26 18 16 40 67 22 
54 81 69 3 89 40 32 2 54 81 36 
33 6 18 90 2 47 55 89 33 6 51 
48 75 63 9 83 34 26 8 48 75 30 
10 37 25 47 45 4 12 46 10 37 8 
35 8 20 92 0 49 57 91 35 8 53 
11 38 26 46 46 3 11 45 11 38 7 
7 20 8 64 28 21 29 63 7 20 25 

71 60 20 4 4 22 62 8 65 63 42 
77 66 26 10 10 28 68 2 71 69 48 
16 5 35 51 51 33 7 63 10 8 13 
14 3 37 53 53 35 5 65 8 6 15 
0 11 51 67 67 49 9 79 6 8 29 
87 76 36 20 20 38 78 8 81 79 58 
6 5 45 61 61 43 3 73 0 2 23 
44 33 7 23 23 5 35 35 38 36 15 
89 78 38 22 22 40 80 10 83 81 60 
43 32 8 24 24 6 34 36 37 35 14 
61 50 10 6 6 12 52 18 55 53 32 

3 69 64 1 79 71 3 13 9 6 48 
9 75 70 5 85 77 9 7 15 12 54 
52 14 9 56 24 16 52 68 46 49 7 
54 12 7 58 22 14 54 70 48 51 9 
68 2 7 72 8 0 68 84 62 65 23 
19 85 80 15 95 87 19 3 25 22 64 
62 4 1 66 14 6 62 78 56 59 17 
24 42 37 28 52 44 24 40 18 21 21 
21 87 82 17 97 89 21 5 27 24 66 
25 41 36 29 51 43 25 41 19 22 20 
7 59 54 11 69 61 7 23 1 4 38 

61 58 63 16 52 62 41 15 50 74 67 
67 64 69 10 58 68 47 21 56 80 73 
6 3 8 71 3 7 14 40 5 19 12 
4 1 6 73 5 5 16 42 7 17 10 
10 13 8 87 19 9 30 56 21 3 4 
77 74 79 0 68 78 57 31 66 90 83 
4 7 2 81 13 3 24 50 15 9 2 
34 31 36 43 25 35 14 12 23 47 40 
79 76 81 2 70 80 59 33 68 92 85 
33 30 35 44 24 34 13 13 22 46 39 
51 48 53 26 42 52 31 5 40 64 57 

74 46 14 75 59 18 47 13 5 58 44 
80 52 8 81 65 12 53 19 1 64 50 
19 9 69 20 4 73 8 42 60 3 11 
17 11 71 18 2 75 10 44 62 1 13 
3 25 85 4 12 89 24 58 76 13 27 
90 62 2 91 75 2 63 29 11 74 60 
9 19 79 10 6 83 18 52 70 7 21 
47 19 41 48 32 45 20 14 32 31 17 
92 64 4 93 77 0 65 31 13 76 62 
46 18 42 47 31 46 19 15 33 30 16 
64 36 24 65 49 28 37 3 15 48 34 

2 1 51 8 0 21 12 0 80 17 43 
8 5 57 2 6 27 18 6 86 11 49 
53 56 4 63 55 34 43 55 25 72 12 
55 58 6 65 57 36 45 57 23 74 14 
69 72 20 79 71 50 59 71 9 88 28 
18 15 67 8 16 37 28 16 96 1 59 
63 66 14 73 65 44 53 65 15 82 22 
25 28 24 35 27 6 15 27 53 44 16 
20 17 69 10 18 39 30 18 98 1 61 
26 29 23 36 28 7 16 28 52 45 15 
8 11 41 18 10 11 2 10 70 27 33 

4 14 10 32 38 38 59 8 14 15 1 
2 8 4 38 44 44 65 14 8 9 7 
59 69 65 23 17 17 4 47 69 70 54 
61 71 67 25 19 19 2 49 71 72 56 
75 85 81 39 33 33 12 63 85 86 70 
12 2 6 48 54 54 75 24 2 1 17 
69 79 75 33 27 27 6 57 79 80 64 
31 41 37 5 11 11 32 19 41 42 26 
14 4 8 50 56 56 77 26 4 3 19 
32 42 38 4 10 10 31 20 42 43 27 
14 24 20 22 28 28 49 2 24 25 9 

45 15 58 42 50 12 39 21 63 53 61 
51 9 64 48 56 6 45 27 69 59 67 
10 70 3 13 5 67 16 34 8 2 6 
12 72 1 15 7 69 18 36 6 4 4 
26 86 13 29 21 83 32 50 8 18 10 
61 1 74 58 66 4 55 37 79 69 77 
20 80 7 23 15 77 26 44 2 12 4 
18 42 31 15 23 39 12 6 36 26 34 
63 3 76 60 68 6 57 39 81 71 79 
17 43 30 14 22 40 11 7 35 25 33 
35 25 48 32 40 22 29 11 53 43 51 

6 52 1 43 34 69 59 26 32 50 49 
0 58 5 49 40 75 65 32 38 56 55 
61 3 56 12 21 14 4 29 23 5 6 
63 5 58 14 23 12 2 31 25 7 8 
77 19 72 28 37 2 12 45 39 21 22 
10 68 15 59 50 85 75 42 48 66 65 
71 13 66 22 31 4 6 39 33 15 16 
33 25 28 16 7 42 32 1 5 23 22 
12 70 17 61 52 87 77 44 50 68 67 
34 24 29 15 6 41 31 2 4 22 21 
16 42 11 33 24 59 49 16 22 40 39 

12 63 51 54 48 13 32 5 6 80 67 
18 69 57 60 54 7 38 1 12 86 73 
43 8 4 1 7 68 23 60 49 25 12 
45 6 6 3 9 70 25 62 51 23 10 
59 8 20 17 23 84 39 76 65 9 4 
28 79 67 70 64 3 48 11 22 96 83 
53 2 14 11 17 78 33 70 59 15 2 
15 36 24 27 21 40 5 32 21 53 40 
30 81 69 72 66 5 50 13 24 98 85 
16 35 23 26 20 41 4 33 22 52 39 
2 53 41 44 38 23 22 15 4 70 57 

9 12 64 15 50 11 75 44 68 38 45 
15 18 70 21 56 5 81 50 74 44 51 
46 43 9 40 5 66 20 11 13 17 10 
48 45 7 42 7 68 18 13 11 19 12 
62 59 7 56 21 82 4 27 3 33 26 
25 28 80 31 66 5 91 60 84 54 61 
56 53 1 50 15 76 10 21 3 27 20 
18 15 37 12 23 38 48 17 41 11 18 
27 30 82 33 68 7 93 62 86 56 63 
19 16 36 13 22 39 47 16 40 10 17 
1 2 54 5 40 21 65 34 58 28 35 

4 42 9 40 3 42 2 23 43 7 20 
2 48 3 46 9 48 4 29 49 13 26 
59 13 64 15 52 13 57 32 12 48 35 
61 15 66 17 54 15 59 34 14 50 37 
75 29 80 31 68 29 73 48 28 64 51 
12 58 7 56 19 58 14 39 59 23 36 
69 23 74 25 62 23 67 42 22 58 45 
31 15 36 13 24 15 29 4 16 20 7 
14 60 9 58 21 60 16 41 61 25 38 
32 14 37 12 25 14 30 5 15 21 8 
14 32 19 30 7 32 12 13 33 3 10 

61 3 18 18 38 11 21 58 7 41 29 
84 20 5 5 61 12 2 81 16 64 52 
2 66 81 81 25 74 84 5 70 22 34 
12 52 67 67 11 60 70 9 56 8 20 
6 70 85 85 29 78 88 9 74 26 38 
7 71 86 86 30 79 89 10 75 27 39 
12 52 67 67 11 60 70 9 56 8 20 
39 25 40 40 16 33 43 36 29 19 7 
43 21 36 36 20 29 39 40 25 23 11 
86 22 7 7 63 14 4 83 18 66 54 
1 63 78 78 22 71 81 2 67 19 31 

38 65 53 19 73 24 16 18 38 65 20 
61 88 76 4 96 47 39 5 61 88 43 
25 2 10 82 10 39 47 81 25 2 43 
11 16 4 68 24 25 33 67 11 16 29 
29 2 14 86 6 43 51 85 29 2 47 
30 3 15 87 5 44 52 86 30 3 48 
11 16 4 68 24 25 33 67 11 16 29 
16 43 31 41 51 2 6 40 16 43 2 
20 47 35 37 55 6 2 36 20 47 2 
63 90 78 6 98 49 41 7 63 90 45 
22 5 7 79 13 36 44 78 22 5 40 

16 5 35 51 51 33 7 63 10 8 13 
7 18 58 74 74 56 16 86 13 15 36 
79 68 28 12 12 30 70 0 73 71 50 
65 54 14 2 2 16 56 14 59 57 36 
83 72 32 16 16 34 74 4 77 75 54 
84 73 33 17 17 35 75 5 78 76 55 
65 54 14 2 2 16 56 14 59 57 36 
38 27 13 29 29 11 29 41 32 30 9 
34 23 17 33 33 15 25 45 28 26 5 
9 20 60 76 76 58 18 88 15 17 38 
76 65 25 9 9 27 67 3 70 68 47 

52 14 9 56 24 16 52 68 46 49 7 
75 9 14 79 1 7 75 91 69 72 30 
11 77 72 7 87 79 11 5 17 14 56 
3 63 58 7 73 65 3 19 3 0 42 
15 81 76 11 91 83 15 1 21 18 60 
16 82 77 12 92 84 16 0 22 19 61 
3 63 58 7 73 65 3 19 3 0 42 
30 36 31 34 46 38 30 46 24 27 15 
34 32 27 38 42 34 34 50 28 31 11 
77 11 16 81 1 9 77 93 71 74 32 
8 74 69 4 84 76 8 8 14 11 53 

6 3 8 71 3 7 14 40 5 19 12 
17 20 15 94 26 16 37 63 28 4 11 
69 66 71 8 60 70 49 23 58 82 75 
55 52 57 22 46 56 35 9 44 68 61 
73 70 75 4 64 74 53 27 62 86 79 
74 71 76 3 65 75 54 28 63 87 80 
55 52 57 22 46 56 35 9 44 68 61 
28 25 30 49 19 29 8 18 17 41 34 
24 21 26 53 15 25 4 22 13 37 30 
19 22 17 96 28 18 39 65 30 6 13 
66 63 68 11 57 67 46 20 55 79 72 

19 9 69 20 4 73 8 42 60 3 11 
4 32 92 3 19 96 31 65 83 20 34 
82 54 6 83 67 10 55 21 3 66 52 
68 40 20 69 53 24 41 7 11 52 38 
86 58 2 87 71 6 59 25 7 70 56 
87 59 1 88 72 5 60 26 8 71 57 
68 40 20 69 53 24 41 7 11 52 38 
41 13 47 42 26 51 14 20 38 25 11 
37 9 51 38 22 55 10 24 42 21 7 
6 34 94 5 21 98 33 67 85 22 36 
79 51 9 80 64 13 52 18 0 63 49 

53 56 4 63 55 34 43 55 25 72 12 
76 79 27 86 78 57 66 78 2 95 35 
10 7 59 0 8 29 20 8 88 9 51 
4 7 45 14 6 15 6 6 74 23 37 
14 11 63 4 12 33 24 12 92 5 55 
15 12 64 5 13 34 25 13 93 4 56 
4 7 45 14 6 15 6 6 74 23 37 
31 34 18 41 33 12 21 33 47 50 10 
35 38 14 45 37 16 25 37 43 54 6 
78 81 29 88 80 59 68 80 0 97 37 
7 4 56 3 5 26 17 5 85 12 48 

59 69 65 23 17 17 4 47 69 70 54 
82 92 88 46 40 40 19 70 92 93 77 
4 6 2 40 46 46 67 16 6 7 9 
10 20 16 26 32 32 53 2 20 21 5 
8 2 2 44 50 50 71 20 2 3 13 
9 1 3 45 51 51 72 21 1 2 14 
10 20 16 26 32 32 53 2 20 21 5 
37 47 43 1 5 5 26 25 47 48 32 
41 51 47 5 1 1 22 29 51 52 36 
84 94 90 48 42 42 21 72 94 95 79 
1 9 5 37 43 43 64 13 9 10 6 

10 70 3 13 5 67 16 34 8 2 6 
33 93 20 36 28 90 39 57 15 25 17 
53 7 66 50 58 4 47 29 71 61 69 
39 21 52 36 44 18 33 15 57 47 55 
57 3 70 54 62 0 51 33 75 65 73 
58 2 71 55 63 1 52 34 76 66 74 
39 21 52 36 44 18 33 15 57 47 55 
12 48 25 9 17 45 6 12 30 20 28 
8 52 21 5 13 49 2 16 26 16 24 
35 95 22 38 30 92 41 59 17 27 19 
50 10 63 47 55 7 44 26 68 58 66 

61 3 56 12 21 14 4 29 23 5 6 
84 26 79 35 44 9 19 52 46 28 29 
2 60 7 51 42 77 67 34 40 58 57 
12 46 7 37 28 63 53 20 26 44 43 
6 64 11 55 46 81 71 38 44 62 61 
7 65 12 56 47 82 72 39 45 63 62 
12 46 7 37 28 63 53 20 26 44 43 
39 19 34 10 1 36 26 7 1 17 16 
43 15 38 6 3 32 22 11 5 13 12 
86 28 81 37 46 11 21 54 48 30 31 
1 57 4 48 39 74 64 31 37 55 54 

43 8 4 1 7 68 23 60 49 25 12 
66 15 27 24 30 91 46 83 72 2 11 
20 71 59 62 56 5 40 3 14 88 75 
6 57 45 48 42 19 26 11 0 74 61 
24 75 63 66 60 1 44 7 18 92 79 
25 76 64 67 61 0 45 8 19 93 80 
6 57 45 48 42 19 26 11 0 74 61 
21 30 18 21 15 46 1 38 27 47 34 
25 26 14 17 11 50 5 42 31 43 30 
68 17 29 26 32 93 48 85 74 0 13 
17 68 56 59 53 8 37 0 11 85 72 

46 43 9 40 5 66 20 11 13 17 10 
69 66 14 63 28 89 3 34 10 40 33 
17 20 72 23 58 3 83 52 76 46 53 
3 6 58 9 44 17 69 38 62 32 39 
21 24 76 27 62 1 87 56 80 50 57 
22 25 77 28 63 2 88 57 81 51 58 
3 6 58 9 44 17 69 38 62 32 39 
24 21 31 18 17 44 42 11 35 5 12 
28 25 27 22 13 48 38 7 31 1 8 
71 68 16 65 30 91 5 36 12 42 35 
14 17 69 20 55 6 80 49 73 43 50 

59 13 64 15 52 13 57 32 12 48 35 
82 36 87 38 75 36 80 55 35 71 58 
4 50 1 48 11 50 6 31 51 15 28 
10 36 15 34 3 36 8 17 37 1 14 
8 54 3 52 15 54 10 35 55 19 32 
9 55 4 53 16 55 11 36 56 20 33 
10 36 15 34 3 36 8 17 37 1 14 
37 9 42 7 30 9 35 10 10 26 13 
41 5 46 3 34 5 39 14 6 30 17 
84 38 89 40 77 38 82 57 37 73 60 
1 47 4 45 8 47 3 28 48 12 25 

23 4 8 80 12 37 45 79 23 4 41 
41 68 56 16 76 27 19 15 41 68 23 
56 83 71 1 91 42 34 0 56 83 38 
56 83 71 1 91 42 34 0 56 83 38 
0 27 15 57 35 14 22 56 0 27 18 
49 76 64 8 84 35 27 7 49 76 31 
59 86 74 2 94 45 37 3 59 86 41 
20 7 5 77 15 34 42 76 20 7 38 
45 72 60 12 80 31 23 11 45 72 27 
3 24 12 60 32 17 25 59 3 24 21 
9 36 24 48 44 5 13 47 9 36 9 

77 66 26 10 10 28 68 2 71 69 48 
13 2 38 54 54 36 4 66 7 5 16 
2 13 53 69 69 51 11 81 8 10 31 
2 13 53 69 69 51 11 81 8 10 31 
54 43 3 13 13 5 45 25 48 46 25 
5 6 46 62 62 44 4 74 1 3 24 
5 16 56 72 72 54 14 84 11 13 34 
74 63 23 7 7 25 65 5 68 66 45 
9 2 42 58 58 40 0 70 3 1 20 
57 46 6 10 10 8 48 22 51 49 28 
45 34 6 22 22 4 36 34 39 37 16 

9 75 70 5 85 77 9 7 15 12 54 
55 11 6 59 21 13 55 71 49 52 10 
70 4 9 74 6 2 70 86 64 67 25 
70 4 9 74 6 2 70 86 64 67 25 
14 52 47 18 62 54 14 30 8 11 31 
63 3 2 67 13 5 63 79 57 60 18 
73 7 12 77 3 5 73 89 67 70 28 
6 72 67 2 82 74 6 10 12 9 51 
59 7 2 63 17 9 59 75 53 56 14 
11 55 50 15 65 57 11 27 5 8 34 
23 43 38 27 53 45 23 39 17 20 22 

67 64 69 10 58 68 47 21 56 80 73 
3 0 5 74 6 4 17 43 8 16 9 
12 15 10 89 21 11 32 58 23 1 6 
12 15 10 89 21 11 32 58 23 1 6 
44 41 46 33 35 45 24 2 33 57 50 
5 8 3 82 14 4 25 51 16 8 1 
15 18 13 92 24 14 35 61 26 2 9 
64 61 66 13 55 65 44 18 53 77 70 
1 4 1 78 10 0 21 47 12 12 5 
47 44 49 30 38 48 27 1 36 60 53 
35 32 37 42 26 36 15 11 24 48 41 

80 52 8 81 65 12 53 19 1 64 50 
16 12 72 17 1 76 11 45 63 0 14 
1 27 87 2 14 91 26 60 78 15 29 
1 27 87 2 14 91 26 60 78 15 29 
57 29 31 58 42 35 30 4 22 41 27 
8 20 80 9 7 84 19 53 71 8 22 
2 30 90 1 17 94 29 63 81 18 32 
77 49 11 78 62 15 50 16 2 61 47 
12 16 76 13 3 80 15 49 67 4 18 
60 32 28 61 45 32 33 1 19 44 30 
48 20 40 49 33 44 21 13 31 32 18 

8 5 57 2 6 27 18 6 86 11 49 
56 59 7 66 58 37 46 58 22 75 15 
71 74 22 81 73 52 61 73 7 90 30 
71 74 22 81 73 52 61 73 7 90 30 
15 18 34 25 17 4 5 17 63 34 26 
64 67 15 74 66 45 54 66 14 83 23 
74 77 25 84 76 55 64 76 4 93 33 
5 2 54 5 3 24 15 3 83 14 46 
60 63 11 70 62 41 50 62 18 79 19 
12 15 37 22 14 7 2 14 66 31 29 
24 27 25 34 26 5 14 26 54 43 17 

2 8 4 38 44 44 65 14 8 9 7 
62 72 68 26 20 20 1 50 72 73 57 
77 87 83 41 35 35 14 65 87 88 72 
77 87 83 41 35 35 14 65 87 88 72 
21 31 27 15 21 21 42 9 31 32 16 
70 80 76 34 28 28 7 58 80 81 65 
80 90 86 44 38 38 17 68 90 91 75 
1 11 7 35 41 41 62 11 11 12 4 
66 76 72 30 24 24 3 54 76 77 61 
18 28 24 18 24 24 45 6 28 29 13 
30 40 36 6 12 12 33 18 40 41 25 

51 9 64 48 56 6 45 27 69 59 67 
13 73 0 16 8 70 19 37 5 5 3 
28 88 15 31 23 85 34 52 10 20 12 
28 88 15 31 23 85 34 52 10 20 12 
28 32 41 25 33 29 22 4 46 36 44 
21 81 8 24 16 78 27 45 3 13 5 
31 91 18 34 26 88 37 55 13 23 15 
48 12 61 45 53 9 42 24 66 56 64 
17 77 4 20 12 74 23 41 1 9 1 
31 29 44 28 36 26 25 7 49 39 47 
19 41 32 16 24 38 13 5 37 27 35 

0 58 5 49 40 75 65 32 38 56 55 
64 6 59 15 24 11 1 32 26 8 9 
79 21 74 30 39 4 14 47 41 23 24 
79 21 74 30 39 4 14 47 41 23 24 
23 35 18 26 17 52 42 9 15 33 32 
72 14 67 23 32 3 7 40 34 16 17 
82 24 77 33 42 7 17 50 44 26 27 
3 55 2 46 37 72 62 29 35 53 52 
68 10 63 19 28 7 3 36 30 12 13 
20 38 15 29 20 55 45 12 18 36 35 
32 26 27 17 8 43 33 0 6 24 23 

18 69 57 60 54 7 38 1 12 86 73 
46 5 7 4 10 71 26 63 52 22 9 
61 10 22 19 25 86 41 78 67 7 6 
61 10 22 19 25 86 41 78 67 7 6 
5 46 34 37 31 30 15 22 11 63 50 
54 3 15 12 18 79 34 71 60 14 1 
64 13 25 22 28 89 44 81 70 4 9 
15 66 54 57 51 10 35 2 9 83 70 
50 1 11 8 14 75 30 67 56 18 5 
2 49 37 40 34 27 18 19 8 66 53 
14 37 25 28 22 39 6 31 20 54 41 

15 18 70 21 56 5 81 50 74 44 51 
49 46 6 43 8 69 17 14 10 20 13 
64 61 9 58 23 84 2 29 5 35 28 
64 61 9 58 23 84 2 29 5 35 28 
8 5 47 2 33 28 58 27 51 21 28 
57 54 2 51 16 77 9 22 2 28 21 
67 64 12 61 26 87 1 32 8 38 31 
12 15 67 18 53 8 78 47 71 41 48 
53 50 2 47 12 73 13 18 6 24 17 
5 2 50 1 36 25 61 30 54 24 31 
17 14 38 11 24 37 49 18 42 12 19 

2 48 3 46 9 48 4 29 49 13 26 
62 16 67 18 55 16 60 35 15 51 38 
77 31 82 33 70 31 75 50 30 66 53 
77 31 82 33 70 31 75 50 30 66 53 
21 25 26 23 14 25 19 6 26 10 3 
70 24 75 26 63 24 68 43 23 59 46 
80 34 85 36 73 34 78 53 33 69 56 
1 45 6 43 6 45 1 26 46 10 23 
66 20 71 22 59 20 64 39 19 55 42 
18 28 23 26 11 28 16 9 29 7 6 
30 16 35 14 23 16 28 3 17 19 6 

54 43 3 13 13 5 45 25 48 46 25 
81 70 30 14 14 32 72 2 75 73 52 
69 58 18 2 2 20 60 10 63 61 40 
3 14 54 70 70 52 12 82 9 11 32 
89 78 38 22 22 40 80 10 83 81 60 
40 29 11 27 27 9 31 39 34 32 11 
32 21 19 35 35 17 23 47 26 24 3 
2 13 53 69 69 51 11 81 8 10 31 
54 43 3 13 13 5 45 25 48 46 25 
81 70 30 14 14 32 72 2 75 73 52 
36 25 15 31 31 13 27 43 30 28 7 

14 52 47 18 62 54 14 30 8 11 31 
13 79 74 9 89 81 13 3 19 16 58 
1 67 62 3 77 69 1 15 7 4 46 
71 5 10 75 5 3 71 87 65 68 26 
21 87 82 17 97 89 21 5 27 24 66 
28 38 33 32 48 40 28 44 22 25 17 
36 30 25 40 40 32 36 52 30 33 9 
70 4 9 74 6 2 70 86 64 67 25 
14 52 47 18 62 54 14 30 8 11 31 
13 79 74 9 89 81 13 3 19 16 58 
32 34 29 36 44 36 32 48 26 29 13 

44 41 46 33 35 45 24 2 33 57 50 
71 68 73 6 62 72 51 25 60 84 77 
59 56 61 18 50 60 39 13 48 72 65 
13 16 11 90 22 12 33 59 24 0 7 
79 76 81 2 70 80 59 33 68 92 85 
30 27 32 47 21 31 10 16 19 43 36 
22 19 24 55 13 23 2 24 11 35 28 
12 15 10 89 21 11 32 58 23 1 6 
44 41 46 33 35 45 24 2 33 57 50 
71 68 73 6 62 72 51 25 60 84 77 
26 23 28 51 17 27 6 20 15 39 32 

57 29 31 58 42 35 30 4 22 41 27 
84 56 4 85 69 8 57 23 5 68 54 
72 44 16 73 57 20 45 11 7 56 42 
0 28 88 1 15 92 27 61 79 16 30 
92 64 4 93 77 0 65 31 13 76 62 
43 15 45 44 28 49 16 18 36 27 13 
35 7 53 36 20 57 8 26 44 19 5 
1 27 87 2 14 91 26 60 78 15 29 
57 29 31 58 42 35 30 4 22 41 27 
84 56 4 85 69 8 57 23 5 68 54 
39 11 49 40 24 53 12 22 40 23 9 

15 18 34 25 17 4 5 17 63 34 26 
12 9 61 2 10 31 22 10 90 7 53 
0 3 49 10 2 19 10 2 78 19 41 
72 75 23 82 74 53 62 74 6 91 31 
20 17 69 10 18 39 30 18 98 1 61 
29 32 20 39 31 10 19 31 49 48 12 
37 40 12 47 39 18 27 39 41 56 4 
71 74 22 81 73 52 61 73 7 90 30 
15 18 34 25 17 4 5 17 63 34 26 
12 9 61 2 10 31 22 10 90 7 53 
33 36 16 43 35 14 23 35 45 52 8 

21 31 27 15 21 21 42 9 31 32 16 
6 4 0 42 48 48 69 18 4 5 11 
6 16 12 30 36 36 57 6 16 17 1 
78 88 84 42 36 36 15 66 88 89 73 
14 4 8 50 56 56 77 26 4 3 19 
35 45 41 1 7 7 28 23 45 46 30 
43 53 49 7 1 1 20 31 53 54 38 
77 87 83 41 35 35 14 65 87 88 72 
21 31 27 15 21 21 42 9 31 32 16 
6 4 0 42 48 48 69 18 4 5 11 
39 49 45 3 3 3 24 27 49 50 34 

28 32 41 25 33 29 22 4 46 36 44 
55 5 68 52 60 2 49 31 73 63 71 
43 17 56 40 48 14 37 19 61 51 59 
29 89 16 32 24 86 35 53 11 21 13 
63 3 76 60 68 6 57 39 81 71 79 
14 46 27 11 19 43 8 10 32 22 30 
6 54 19 3 11 51 0 18 24 14 22 
28 88 15 31 23 85 34 52 10 20 12 
28 32 41 25 33 29 22 4 46 36 44 
55 5 68 52 60 2 49 31 73 63 71 
10 50 23 7 15 47 4 14 28 18 26 

23 35 18 26 17 52 42 9 15 33 32 
4 62 9 53 44 79 69 36 42 60 59 
8 50 3 41 32 67 57 24 30 48 47 
80 22 75 31 40 5 15 48 42 24 25 
12 70 17 61 52 87 77 44 50 68 67 
37 21 32 12 3 38 28 5 1 19 18 
45 13 40 4 5 30 20 13 7 11 10 
79 21 74 30 39 4 14 47 41 23 24 
23 35 18 26 17 52 42 9 15 33 32 
4 62 9 53 44 79 69 36 42 60 59 
41 17 36 8 1 34 24 9 3 15 14 

5 46 34 37 31 30 15 22 11 63 50 
22 73 61 64 58 3 42 5 16 90 77 
10 61 49 52 46 15 30 7 4 78 65 
62 11 23 20 26 87 42 79 68 6 7 
30 81 69 72 66 5 50 13 24 98 85 
19 32 20 23 17 44 1 36 25 49 36 
27 24 12 15 9 52 7 44 33 41 28 
61 10 22 19 25 86 41 78 67 7 6 
5 46 34 37 31 30 15 22 11 63 50 
22 73 61 64 58 3 42 5 16 90 77 
23 28 16 19 13 48 3 40 29 45 32 

8 5 47 2 33 28 58 27 51 21 28 
19 22 74 25 60 1 85 54 78 48 55 
7 10 62 13 48 13 73 42 66 36 43 
65 62 10 59 24 85 1 30 6 36 29 
27 30 82 33 68 7 93 62 86 56 63 
22 19 33 16 19 42 44 13 37 7 14 
30 27 25 24 11 50 36 5 29 1 6 
64 61 9 58 23 84 2 29 5 35 28 
8 5 47 2 33 28 58 27 51 21 28 
19 22 74 25 60 1 85 54 78 48 55 
26 23 29 20 15 46 40 9 33 3 10 

21 25 26 23 14 25 19 6 26 10 3 
6 52 1 50 13 52 8 33 53 17 30 
6 40 11 38 1 40 4 21 41 5 18 
78 32 83 34 71 32 76 51 31 67 54 
14 60 9 58 21 60 16 41 61 25 38 
35 11 40 9 28 11 33 8 12 24 11 
43 3 48 1 36 3 41 16 4 32 19 
77 31 82 33 70 31 75 50 30 66 53 
21 25 26 23 14 25 19 6 26 10 3 
6 52 1 50 13 52 8 33 53 17 30 
39 7 44 5 32 7 37 12 8 28 15 

68 2 7 72 8 0 68 84 62 65 23 
57 9 4 61 19 11 57 73 51 54 12 
17 49 44 21 59 51 17 33 11 14 28 
1 65 60 5 75 67 1 17 5 2 44 
1 65 60 5 75 67 1 17 5 2 44 
19 47 42 23 57 49 19 35 13 16 26 
59 7 2 63 17 9 59 75 53 56 14 
11 77 72 7 87 79 11 5 17 14 56 
62 4 1 66 14 6 62 78 56 59 17 
60 6 1 64 16 8 60 76 54 57 15 
39 27 22 43 37 29 39 55 33 36 6 

10 13 8 87 19 9 30 56 21 3 4 
1 2 3 76 8 2 19 45 10 14 7 
41 38 43 36 32 42 21 5 30 54 47 
57 54 59 20 48 58 37 11 46 70 63 
57 54 59 20 48 58 37 11 46 70 63 
39 36 41 38 30 40 19 7 28 52 45 
1 4 1 78 10 0 21 47 12 12 5 
69 66 71 8 60 70 49 23 58 82 75 
4 7 2 81 13 3 24 50 15 9 2 
2 5 0 79 11 1 22 48 13 11 4 
19 16 21 58 10 20 1 27 8 32 25 

3 25 85 4 12 89 24 58 76 13 27 
14 14 74 15 1 78 13 47 65 2 16 
54 26 34 55 39 38 27 7 25 38 24 
70 42 18 71 55 22 43 9 9 54 40 
70 42 18 71 55 22 43 9 9 54 40 
52 24 36 53 37 40 25 9 27 36 22 
12 16 76 13 3 80 15 49 67 4 18 
82 54 6 83 67 10 55 21 3 66 52 
9 19 79 10 6 83 18 52 70 7 21 
11 17 77 12 4 81 16 50 68 5 19 
32 4 56 33 17 60 5 29 47 16 2 

69 72 20 79 71 50 59 71 9 88 28 
58 61 9 68 60 39 48 60 20 77 17 
18 21 31 28 20 1 8 20 60 37 23 
2 5 47 12 4 17 8 4 76 21 39 
2 5 47 12 4 17 8 4 76 21 39 
20 23 29 30 22 1 10 22 58 39 21 
60 63 11 70 62 41 50 62 18 79 19 
10 7 59 0 8 29 20 8 88 9 51 
63 66 14 73 65 44 53 65 15 82 22 
61 64 12 71 63 42 51 63 17 80 20 
40 43 9 50 42 21 30 42 38 59 1 

75 85 81 39 33 33 12 63 85 86 70 
64 74 70 28 22 22 1 52 74 75 59 
24 34 30 12 18 18 39 12 34 35 19 
8 18 14 28 34 34 55 4 18 19 3 
8 18 14 28 34 34 55 4 18 19 3 
26 36 32 10 16 16 37 14 36 37 21 
66 76 72 30 24 24 3 54 76 77 61 
4 6 2 40 46 46 67 16 6 7 9 
69 79 75 33 27 27 6 57 79 80 64 
67 77 73 31 25 25 4 55 77 78 62 
46 56 52 10 4 4 17 34 56 57 41 

26 86 13 29 21 83 32 50 8 18 10 
15 75 2 18 10 72 21 39 3 7 1 
25 35 38 22 30 32 19 1 43 33 41 
41 19 54 38 46 16 35 17 59 49 57 
41 19 54 38 46 16 35 17 59 49 57 
23 37 36 20 28 34 17 1 41 31 39 
17 77 4 20 12 74 23 41 1 9 1 
53 7 66 50 58 4 47 29 71 61 69 
20 80 7 23 15 77 26 44 2 12 4 
18 78 5 21 13 75 24 42 0 10 2 
3 57 16 0 8 54 3 21 21 11 19 

77 19 72 28 37 2 12 45 39 21 22 
66 8 61 17 26 9 1 34 28 10 11 
26 32 21 23 14 49 39 6 12 30 29 
10 48 5 39 30 65 55 22 28 46 45 
10 48 5 39 30 65 55 22 28 46 45 
28 30 23 21 12 47 37 4 10 28 27 
68 10 63 19 28 7 3 36 30 12 13 
2 60 7 51 42 77 67 34 40 58 57 
71 13 66 22 31 4 6 39 33 15 16 
69 11 64 20 29 6 4 37 31 13 14 
48 10 43 1 8 27 17 16 10 8 7 

59 8 20 17 23 84 39 76 65 9 4 
48 3 9 6 12 73 28 65 54 20 7 
8 43 31 34 28 33 12 25 14 60 47 
8 59 47 50 44 17 28 9 2 76 63 
8 59 47 50 44 17 28 9 2 76 63 
10 41 29 32 26 35 10 27 16 58 45 
50 1 11 8 14 75 30 67 56 18 5 
20 71 59 62 56 5 40 3 14 88 75 
53 2 14 11 17 78 33 70 59 15 2 
51 0 12 9 15 76 31 68 57 17 4 
30 21 9 12 6 55 10 47 36 38 25 

62 59 7 56 21 82 4 27 3 33 26 
51 48 4 45 10 71 15 16 8 22 15 
11 8 44 5 30 31 55 24 48 18 25 
5 8 60 11 46 15 71 40 64 34 41 
5 8 60 11 46 15 71 40 64 34 41 
13 10 42 7 28 33 53 22 46 16 23 
53 50 2 47 12 73 13 18 6 24 17 
17 20 72 23 58 3 83 52 76 46 53 
56 53 1 50 15 76 10 21 3 27 20 
54 51 1 48 13 74 12 19 5 25 18 
33 30 22 27 8 53 33 2 26 4 3 

75 29 80 31 68 29 73 48 28 64 51 
64 18 69 20 57 18 62 37 17 53 40 
24 22 29 20 17 22 22 3 23 13 0 
8 38 13 36 1 38 6 19 39 3 16 
8 38 13 36 1 38 6 19 39 3 16 
26 20 31 18 19 20 24 1 21 15 2 
66 20 71 22 59 20 64 39 19 55 42 
4 50 1 48 11 50 6 31 51 15 28 
69 23 74 25 62 23 67 42 22 58 45 
67 21 72 23 60 21 65 40 20 56 43 
46 0 51 2 39 0 44 19 1 35 22 

58 55 60 19 49 59 38 12 47 71 64 
8 11 6 85 17 7 28 54 19 5 2 
3 6 1 80 12 2 23 49 14 10 3 
62 59 64 15 53 63 42 16 51 75 68 
18 21 16 95 27 17 38 64 29 5 12 
10 13 8 87 19 9 30 56 21 3 4 
58 55 60 19 49 59 38 12 47 71 64 
74 71 76 3 65 75 54 28 63 87 80 
52 49 54 25 43 53 32 6 41 65 58 
55 52 57 22 46 56 35 9 44 68 61 
13 10 15 64 4 14 7 33 2 26 19 

71 43 17 72 56 21 44 10 8 55 41 
5 23 83 6 10 87 22 56 74 11 25 
10 18 78 11 5 82 17 51 69 6 20 
75 47 13 76 60 17 48 14 4 59 45 
5 33 93 4 20 97 32 66 84 21 35 
3 25 85 4 12 89 24 58 76 13 27 
71 43 17 72 56 21 44 10 8 55 41 
87 59 1 88 72 5 60 26 8 71 57 
65 37 23 66 50 27 38 4 14 49 35 
68 40 20 69 53 24 41 7 11 52 38 
26 2 62 27 11 66 1 35 53 10 4 

1 4 48 11 3 18 9 3 77 20 40 
67 70 18 77 69 48 57 69 11 86 26 
62 65 13 72 64 43 52 64 16 81 21 
3 0 52 7 1 22 13 1 81 16 44 
77 80 28 87 79 58 67 79 1 96 36 
69 72 20 79 71 50 59 71 9 88 28 
1 4 48 11 3 18 9 3 77 20 40 
15 12 64 5 13 34 25 13 93 4 56 
7 10 42 17 9 12 3 9 71 26 34 
4 7 45 14 6 15 6 6 74 23 37 
46 49 3 56 48 27 36 48 32 65 5 

7 17 13 29 35 35 56 5 17 18 2 
73 83 79 37 31 31 10 61 83 84 68 
68 78 74 32 26 26 5 56 78 79 63 
3 13 9 33 39 39 60 9 13 14 2 
83 93 89 47 41 41 20 71 93 94 78 
75 85 81 39 33 33 12 63 85 86 70 
7 17 13 29 35 35 56 5 17 18 2 
9 1 3 45 51 51 72 21 1 2 14 
13 23 19 23 29 29 50 1 23 24 8 
10 20 16 26 32 32 53 2 20 21 5 
52 62 58 16 10 10 11 40 62 63 47 

42 18 55 39 47 15 36 18 60 50 58 
24 84 11 27 19 81 30 48 6 16 8 
19 79 6 22 14 76 25 43 1 11 3 
46 14 59 43 51 11 40 22 64 54 62 
34 94 21 37 29 91 40 58 16 26 18 
26 86 13 29 21 83 32 50 8 18 10 
42 18 55 39 47 15 36 18 60 50 58 
58 2 71 55 63 1 52 34 76 66 74 
36 24 49 33 41 21 30 12 54 44 52 
39 21 52 36 44 18 33 15 57 47 55 
3 63 10 6 2 60 9 27 15 5 13 

9 49 4 40 31 66 56 23 29 47 46 
75 17 70 26 35 0 10 43 37 19 20 
70 12 65 21 30 5 5 38 32 14 15 
5 53 0 44 35 70 60 27 33 51 50 
85 27 80 36 45 10 20 53 47 29 30 
77 19 72 28 37 2 12 45 39 21 22 
9 49 4 40 31 66 56 23 29 47 46 
7 65 12 56 47 82 72 39 45 63 62 
15 43 10 34 25 60 50 17 23 41 40 
12 46 7 37 28 63 53 20 26 44 43 
54 4 49 5 14 21 11 22 16 2 1 

9 60 48 51 45 16 29 8 3 77 64 
57 6 18 15 21 82 37 74 63 11 2 
52 1 13 10 16 77 32 69 58 16 3 
13 64 52 55 49 12 33 4 7 81 68 
67 16 28 25 31 92 47 84 73 1 12 
59 8 20 17 23 84 39 76 65 9 4 
9 60 48 51 45 16 29 8 3 77 64 
25 76 64 67 61 0 45 8 19 93 80 
3 54 42 45 39 22 23 14 3 71 58 
6 57 45 48 42 19 26 11 0 74 61 
36 15 3 6 0 61 16 53 42 32 19 

6 9 61 12 47 14 72 41 65 35 42 
60 57 5 54 19 80 6 25 1 31 24 
55 52 0 49 14 75 11 20 4 26 19 
10 13 65 16 51 10 76 45 69 39 46 
70 67 15 64 29 90 4 35 11 41 34 
62 59 7 56 21 82 4 27 3 33 26 
6 9 61 12 47 14 72 41 65 35 42 
22 25 77 28 63 2 88 57 81 51 58 
0 3 55 6 41 20 66 35 59 29 36 
3 6 58 9 44 17 69 38 62 32 39 
39 36 16 33 2 59 27 4 20 10 3 

7 39 12 37 0 39 5 20 40 4 17 
73 27 78 29 66 27 71 46 26 62 49 
68 22 73 24 61 22 66 41 21 57 44 
3 43 8 41 4 43 1 24 44 8 21 
83 37 88 39 76 37 81 56 36 72 59 
75 29 80 31 68 29 73 48 28 64 51 
7 39 12 37 0 39 5 20 40 4 17 
9 55 4 53 16 55 11 36 56 20 33 
13 33 18 31 6 33 11 14 34 2 11 
10 36 15 34 3 36 8 17 37 1 14 
52 6 57 8 45 6 50 25 5 41 28 

13 15 75 14 2 79 14 48 66 3 17 
16 12 72 17 1 76 11 45 63 0 14 
11 17 77 12 4 81 16 50 68 5 19 
90 62 2 91 75 2 63 29 11 74 60 
22 6 66 23 7 70 5 39 57 6 8 
12 16 76 13 3 80 15 49 67 4 18 
33 5 55 34 18 59 6 28 46 17 3 
59 31 29 60 44 33 32 2 20 43 29 
24 4 64 25 9 68 3 37 55 8 6 
0 28 88 1 15 92 27 61 79 16 30 
7 21 81 8 8 85 20 54 72 9 23 

59 62 10 69 61 40 49 61 19 78 18 
56 59 7 66 58 37 46 58 22 75 15 
61 64 12 71 63 42 51 63 17 80 20 
18 15 67 8 16 37 28 16 96 1 59 
50 53 1 60 52 31 40 52 28 69 9 
60 63 11 70 62 41 50 62 18 79 19 
39 42 10 49 41 20 29 41 39 58 2 
13 16 36 23 15 6 3 15 65 32 28 
48 51 1 58 50 29 38 50 30 67 7 
72 75 23 82 74 53 62 74 6 91 31 
65 68 16 75 67 46 55 67 13 84 24 

65 75 71 29 23 23 2 53 75 76 60 
62 72 68 26 20 20 1 50 72 73 57 
67 77 73 31 25 25 4 55 77 78 62 
12 2 6 48 54 54 75 24 2 1 17 
56 66 62 20 14 14 7 44 66 67 51 
66 76 72 30 24 24 3 54 76 77 61 
45 55 51 9 3 3 18 33 55 56 40 
19 29 25 17 23 23 44 7 29 30 14 
54 64 60 18 12 12 9 42 64 65 49 
78 88 84 42 36 36 15 66 88 89 73 
71 81 77 35 29 29 8 59 81 82 66 

16 76 3 19 11 73 22 40 2 8 0 
13 73 0 16 8 70 19 37 5 5 3 
18 78 5 21 13 75 24 42 0 10 2 
61 1 74 58 66 4 55 37 79 69 77 
7 67 6 10 2 64 13 31 11 1 9 
17 77 4 20 12 74 23 41 1 9 1 
4 56 17 1 9 53 2 20 22 12 20 
30 30 43 27 35 27 24 6 48 38 46 
5 65 8 8 0 62 11 29 13 3 11 
29 89 16 32 24 86 35 53 11 21 13 
22 82 9 25 17 79 28 46 4 14 6 

67 9 62 18 27 8 2 35 29 11 12 
64 6 59 15 24 11 1 32 26 8 9 
69 11 64 20 29 6 4 37 31 13 14 
10 68 15 59 50 85 75 42 48 66 65 
58 0 53 9 18 17 7 26 20 2 3 
68 10 63 19 28 7 3 36 30 12 13 
47 11 42 2 7 28 18 15 9 9 8 
21 37 16 28 19 54 44 11 17 35 34 
56 2 51 7 16 19 9 24 18 0 1 
80 22 75 31 40 5 15 48 42 24 25 
73 15 68 24 33 2 8 41 35 17 18 

49 2 10 7 13 74 29 66 55 19 6 
46 5 7 4 10 71 26 63 52 22 9 
51 0 12 9 15 76 31 68 57 17 4 
28 79 67 70 64 3 48 11 22 96 83 
40 11 1 2 4 65 20 57 46 28 15 
50 1 11 8 14 75 30 67 56 18 5 
29 22 10 13 7 54 9 46 35 39 26 
3 48 36 39 33 28 17 20 9 65 52 
38 13 1 4 2 63 18 55 44 30 17 
62 11 23 20 26 87 42 79 68 6 7 
55 4 16 13 19 80 35 72 61 13 0 

52 49 3 46 11 72 14 17 7 23 16 
49 46 6 43 8 69 17 14 10 20 13 
54 51 1 48 13 74 12 19 5 25 18 
25 28 80 31 66 5 91 60 84 54 61 
43 40 12 37 2 63 23 8 16 14 7 
53 50 2 47 12 73 13 18 6 24 17 
32 29 23 26 9 52 34 3 27 3 4 
6 3 49 0 35 26 60 29 53 23 30 
41 38 14 35 0 61 25 6 18 12 5 
65 62 10 59 24 85 1 30 6 36 29 
58 55 3 52 17 78 8 23 1 29 22 

65 19 70 21 58 19 63 38 18 54 41 
62 16 67 18 55 16 60 35 15 51 38 
67 21 72 23 60 21 65 40 20 56 43 
12 58 7 56 19 58 14 39 59 23 36 
56 10 61 12 49 10 54 29 9 45 32 
66 20 71 22 59 20 64 39 19 55 42 
45 1 50 1 38 1 43 18 2 34 21 
19 27 24 25 12 27 17 8 28 8 5 
54 8 59 10 47 8 52 27 7 43 30 
78 32 83 34 71 32 76 51 31 67 54 
71 25 76 27 64 25 69 44 24 60 47 

72 75 23 82 74 53 62 74 6 91 31 
44 47 5 54 46 25 34 46 34 63 3 
16 13 65 6 14 35 26 14 94 3 57 
73 76 24 83 75 54 63 75 5 92 32 
57 60 8 67 59 38 47 59 21 76 16 
20 17 69 10 18 39 30 18 98 1 61 
45 48 4 55 47 26 35 47 33 64 4 
11 14 38 21 13 8 1 13 67 30 30 
7 4 56 3 5 26 17 5 85 12 48 
56 59 7 66 58 37 46 58 22 75 15 
42 45 7 52 44 23 32 44 36 61 1 

78 88 84 42 36 36 15 66 88 89 73 
50 60 56 14 8 8 13 38 60 61 45 
10 0 4 46 52 52 73 22 0 1 15 
79 89 85 43 37 37 16 67 89 90 74 
63 73 69 27 21 21 0 51 73 74 58 
14 4 8 50 56 56 77 26 4 3 19 
51 61 57 15 9 9 12 39 61 62 46 
17 27 23 19 25 25 46 5 27 28 12 
1 9 5 37 43 43 64 13 9 10 6 
62 72 68 26 20 20 1 50 72 73 57 
48 58 54 12 6 6 15 36 58 59 43 

29 89 16 32 24 86 35 53 11 21 13 
1 61 12 4 4 58 7 25 17 7 15 
59 1 72 56 64 2 53 35 77 67 75 
30 90 17 33 25 87 36 54 12 22 14 
14 74 1 17 9 71 20 38 4 6 2 
63 3 76 60 68 6 57 39 81 71 79 
2 62 11 5 3 59 8 26 16 6 14 
32 28 45 29 37 25 26 8 50 40 48 
50 10 63 47 55 7 44 26 68 58 66 
13 73 0 16 8 70 19 37 5 5 3 
1 59 14 2 6 56 5 23 19 9 17 

80 22 75 31 40 5 15 48 42 24 25 
52 6 47 3 12 23 13 20 14 4 3 
8 66 13 57 48 83 73 40 46 64 63 
81 23 76 32 41 6 16 49 43 25 26 
65 7 60 16 25 10 0 33 27 9 10 
12 70 17 61 52 87 77 44 50 68 67 
53 5 48 4 13 22 12 21 15 3 2 
19 39 14 30 21 56 46 13 19 37 36 
1 57 4 48 39 74 64 31 37 55 54 
64 6 59 15 24 11 1 32 26 8 9 
50 8 45 1 10 25 15 18 12 6 5 

62 11 23 20 26 87 42 79 68 6 7 
34 17 5 8 2 59 14 51 40 34 21 
26 77 65 68 62 1 46 9 20 94 81 
63 12 24 21 27 88 43 80 69 5 8 
47 4 8 5 11 72 27 64 53 21 8 
30 81 69 72 66 5 50 13 24 98 85 
35 16 4 7 1 60 15 52 41 33 20 
1 50 38 41 35 26 19 18 7 67 54 
17 68 56 59 53 8 37 0 11 85 72 
46 5 7 4 10 71 26 63 52 22 9 
32 19 7 10 4 57 12 49 38 36 23 

65 62 10 59 24 85 1 30 6 36 29 
37 34 18 31 4 57 29 2 22 8 1 
23 26 78 29 64 3 89 58 82 52 59 
66 63 11 60 25 86 0 31 7 37 30 
50 47 5 44 9 70 16 15 9 21 14 
27 30 82 33 68 7 93 62 86 56 63 
38 35 17 32 3 58 28 3 21 9 2 
4 1 51 2 37 24 62 31 55 25 32 
14 17 69 20 55 6 80 49 73 43 50 
49 46 6 43 8 69 17 14 10 20 13 
35 32 20 29 6 55 31 0 24 6 1 

78 32 83 34 71 32 76 51 31 67 54 
50 4 55 6 43 4 48 23 3 39 26 
10 56 5 54 17 56 12 37 57 21 34 
79 33 84 35 72 33 77 52 32 68 55 
63 17 68 19 56 17 61 36 16 52 39 
14 60 9 58 21 60 16 41 61 25 38 
51 5 56 7 44 5 49 24 4 40 27 
17 29 22 27 10 29 15 10 30 6 7 
1 47 4 45 8 47 3 28 48 12 25 
62 16 67 18 55 16 60 35 15 51 38 
48 2 53 4 41 2 46 21 1 37 24 

6 16 12 30 36 36 57 6 16 17 1 
3 13 9 33 39 39 60 9 13 14 2 
55 65 61 19 13 13 8 43 65 66 50 
4 6 2 40 46 46 67 16 6 7 9 
4 14 10 32 38 38 59 8 14 15 1 
25 35 31 11 17 17 38 13 35 36 20 
16 26 22 20 26 26 47 4 26 27 11 
4 14 10 32 38 38 59 8 14 15 1 
84 94 90 48 42 42 21 72 94 95 79 
13 3 7 49 55 55 76 25 3 2 18 
47 57 53 11 5 5 16 35 57 58 42 

43 17 56 40 48 14 37 19 61 51 59 
46 14 59 43 51 11 40 22 64 54 62 
6 66 7 9 1 63 12 30 12 2 10 
53 7 66 50 58 4 47 29 71 61 69 
45 15 58 42 50 12 39 21 63 53 61 
24 36 37 21 29 33 18 0 42 32 40 
33 27 46 30 38 24 27 9 51 41 49 
45 15 58 42 50 12 39 21 63 53 61 
35 95 22 38 30 92 41 59 17 27 19 
62 2 75 59 67 5 56 38 80 70 78 
2 58 15 1 7 55 4 22 20 10 18 

8 50 3 41 32 67 57 24 30 48 47 
5 53 0 44 35 70 60 27 33 51 50 
57 1 52 8 17 18 8 25 19 1 2 
2 60 7 51 42 77 67 34 40 58 57 
6 52 1 43 34 69 59 26 32 50 49 
27 31 22 22 13 48 38 5 11 29 28 
18 40 13 31 22 57 47 14 20 38 37 
6 52 1 43 34 69 59 26 32 50 49 
86 28 81 37 46 11 21 54 48 30 31 
11 69 16 60 51 86 76 43 49 67 66 
49 9 44 0 9 26 16 17 11 7 6 

10 61 49 52 46 15 30 7 4 78 65 
13 64 52 55 49 12 33 4 7 81 68 
39 12 0 3 3 64 19 56 45 29 16 
20 71 59 62 56 5 40 3 14 88 75 
12 63 51 54 48 13 32 5 6 80 67 
9 42 30 33 27 34 11 26 15 59 46 
0 51 39 42 36 25 20 17 6 68 55 
12 63 51 54 48 13 32 5 6 80 67 
68 17 29 26 32 93 48 85 74 0 13 
29 80 68 71 65 4 49 12 23 97 84 
31 20 8 11 5 56 11 48 37 37 24 

7 10 62 13 48 13 73 42 66 36 43 
10 13 65 16 51 10 76 45 69 39 46 
42 39 13 36 1 62 24 7 17 13 6 
17 20 72 23 58 3 83 52 76 46 53 
9 12 64 15 50 11 75 44 68 38 45 
12 9 43 6 29 32 54 23 47 17 24 
3 0 52 3 38 23 63 32 56 26 33 
9 12 64 15 50 11 75 44 68 38 45 
71 68 16 65 30 91 5 36 12 42 35 
26 29 81 32 67 6 92 61 85 55 62 
34 31 21 28 7 54 32 1 25 5 2 

6 40 11 38 1 40 4 21 41 5 18 
3 43 8 41 4 43 1 24 44 8 21 
55 9 60 11 48 9 53 28 8 44 31 
4 50 1 48 11 50 6 31 51 15 28 
4 42 9 40 3 42 2 23 43 7 20 
25 21 30 19 18 21 23 2 22 14 1 
16 30 21 28 9 30 14 11 31 5 8 
4 42 9 40 3 42 2 23 43 7 20 
84 38 89 40 77 38 82 57 37 73 60 
13 59 8 57 20 59 15 40 60 24 37 
47 1 52 3 40 1 45 20 0 36 23 

49 11 62 46 54 8 43 25 67 57 65 
59 1 72 56 64 2 53 35 77 67 75 
55 5 68 52 60 2 49 31 73 63 71 
13 47 26 10 18 44 7 11 31 21 29 
7 53 20 4 12 50 1 17 25 15 23 
7 53 20 4 12 50 1 17 25 15 23 
14 74 1 17 9 71 20 38 4 6 2 
37 23 50 34 42 20 31 13 55 45 53 
59 1 72 56 64 2 53 35 77 67 75 
60 0 73 57 65 3 54 36 78 68 76 
44 16 57 41 49 13 38 20 62 52 60 

2 56 3 47 38 73 63 30 36 54 53 
8 66 13 57 48 83 73 40 46 64 63 
4 62 9 53 44 79 69 36 42 60 59 
38 20 33 11 2 37 27 6 0 18 17 
44 14 39 5 4 31 21 12 6 12 11 
44 14 39 5 4 31 21 12 6 12 11 
65 7 60 16 25 10 0 33 27 9 10 
14 44 9 35 26 61 51 18 24 42 41 
8 66 13 57 48 83 73 40 46 64 63 
9 67 14 58 49 84 74 41 47 65 64 
7 51 2 42 33 68 58 25 31 49 48 

16 67 55 58 52 9 36 1 10 84 71 
26 77 65 68 62 1 46 9 20 94 81 
22 73 61 64 58 3 42 5 16 90 77 
20 31 19 22 16 45 0 37 26 48 35 
26 25 13 16 10 51 6 43 32 42 29 
26 25 13 16 10 51 6 43 32 42 29 
47 4 8 5 11 72 27 64 53 21 8 
4 55 43 46 40 21 24 13 2 72 59 
26 77 65 68 62 1 46 9 20 94 81 
27 78 66 69 63 2 47 10 21 95 82 
11 62 50 53 47 14 31 6 5 79 66 

13 16 68 19 54 7 79 48 72 42 49 
23 26 78 29 64 3 89 58 82 52 59 
19 22 74 25 60 1 85 54 78 48 55 
23 20 32 17 18 43 43 12 36 6 13 
29 26 26 23 12 49 37 6 30 0 7 
29 26 26 23 12 49 37 6 30 0 7 
50 47 5 44 9 70 16 15 9 21 14 
1 4 56 7 42 19 67 36 60 30 37 
23 26 78 29 64 3 89 58 82 52 59 
24 27 79 30 65 4 90 59 83 53 60 
8 11 63 14 49 12 74 43 67 37 44 

0 46 5 44 7 46 2 27 47 11 24 
10 56 5 54 17 56 12 37 57 21 34 
6 52 1 50 13 52 8 33 53 17 30 
36 10 41 8 29 10 34 9 11 25 12 
42 4 47 2 35 4 40 15 5 31 18 
42 4 47 2 35 4 40 15 5 31 18 
63 17 68 19 56 17 61 36 16 52 39 
12 34 17 32 5 34 10 15 35 1 12 
10 56 5 54 17 56 12 37 57 21 34 
11 57 6 55 18 57 13 38 58 22 35 
5 41 10 39 2 41 3 22 42 6 19 

51 7 46 2 11 24 14 19 13 5 4 
9 67 14 58 49 84 74 41 47 65 64 
64 6 59 15 24 11 1 32 26 8 9 
48 10 43 1 8 27 17 16 10 8 7 
56 2 51 7 16 19 9 24 18 0 1 
6 64 11 55 46 81 71 38 44 62 61 
45 13 40 4 5 30 20 13 7 11 10 
27 31 22 22 13 48 38 5 11 29 28 
69 11 64 20 29 6 4 37 31 13 14 
59 1 54 10 19 16 6 27 21 3 4 
67 9 62 18 27 8 2 35 29 11 12 

33 18 6 9 3 58 13 50 39 35 22 
27 78 66 69 63 2 47 10 21 95 82 
46 5 7 4 10 71 26 63 52 22 9 
30 21 9 12 6 55 10 47 36 38 25 
38 13 1 4 2 63 18 55 44 30 17 
24 75 63 66 60 1 44 7 18 92 79 
27 24 12 15 9 52 7 44 33 41 28 
9 42 30 33 27 34 11 26 15 59 46 
51 0 12 9 15 76 31 68 57 17 4 
41 10 2 1 5 66 21 58 47 27 14 
49 2 10 7 13 74 29 66 55 19 6 

36 33 19 30 5 56 30 1 23 7 0 
24 27 79 30 65 4 90 59 83 53 60 
49 46 6 43 8 69 17 14 10 20 13 
33 30 22 27 8 53 33 2 26 4 3 
41 38 14 35 0 61 25 6 18 12 5 
21 24 76 27 62 1 87 56 80 50 57 
30 27 25 24 11 50 36 5 29 1 6 
12 9 43 6 29 32 54 23 47 17 24 
54 51 1 48 13 74 12 19 5 25 18 
44 41 11 38 3 64 22 9 15 15 8 
52 49 3 46 11 72 14 17 7 23 16 

49 3 54 5 42 3 47 22 2 38 25 
11 57 6 55 18 57 13 38 58 22 35 
62 16 67 18 55 16 60 35 15 51 38 
46 0 51 2 39 0 44 19 1 35 22 
54 8 59 10 47 8 52 27 7 43 30 
8 54 3 52 15 54 10 35 55 19 32 
43 3 48 1 36 3 41 16 4 32 19 
25 21 30 19 18 21 23 2 22 14 1 
67 21 72 23 60 21 65 40 20 56 43 
57 11 62 13 50 11 55 30 10 46 33 
65 19 70 21 58 19 63 38 18 54 41 

18 69 57 60 54 7 38 1 12 86 73 
40 11 1 2 4 65 20 57 46 28 15 
13 64 52 55 49 12 33 4 7 81 68 
31 20 8 11 5 56 11 48 37 37 24 
22 29 17 20 14 47 2 39 28 46 33 
57 6 18 15 21 82 37 74 63 11 2 
47 4 8 5 11 72 27 64 53 21 8 
14 37 25 28 22 39 6 31 20 54 41 
20 31 19 22 16 45 0 37 26 48 35 
38 13 1 4 2 63 18 55 44 30 17 
37 14 2 5 1 62 17 54 43 31 18 

15 18 70 21 56 5 81 50 74 44 51 
43 40 12 37 2 63 23 8 16 14 7 
10 13 65 16 51 10 76 45 69 39 46 
34 31 21 28 7 54 32 1 25 5 2 
25 22 30 19 16 45 41 10 34 4 11 
60 57 5 54 19 80 6 25 1 31 24 
50 47 5 44 9 70 16 15 9 21 14 
17 14 38 11 24 37 49 18 42 12 19 
23 20 32 17 18 43 43 12 36 6 13 
41 38 14 35 0 61 25 6 18 12 5 
40 37 15 34 1 60 26 5 19 11 4 

2 48 3 46 9 48 4 29 49 13 26 
56 10 61 12 49 10 54 29 9 45 32 
3 43 8 41 4 43 1 24 44 8 21 
47 1 52 3 40 1 45 20 0 36 23 
38 8 43 6 31 8 36 11 9 27 14 
73 27 78 29 66 27 71 46 26 62 49 
63 17 68 19 56 17 61 36 16 52 39 
30 16 35 14 23 16 28 3 17 19 6 
36 10 41 8 29 10 34 9 11 25 12 
54 8 59 10 47 8 52 27 7 43 30 
53 7 58 9 46 7 51 26 6 42 29 

3 0 52 3 38 23 63 32 56 26 33 
54 51 1 48 13 74 12 19 5 25 18 
42 39 13 36 1 62 24 7 17 13 6 
45 42 10 39 4 65 21 10 14 16 9 
39 36 16 33 2 59 27 4 20 10 3 
22 25 77 28 63 2 88 57 81 51 58 
23 20 32 17 18 43 43 12 36 6 13 
14 17 69 20 55 6 80 49 73 43 50 
3 6 58 9 44 17 69 38 62 32 39 
71 68 16 65 30 91 5 36 12 42 35 
58 55 3 52 17 78 8 23 1 29 22 

16 30 21 28 9 30 14 11 31 5 8 
67 21 72 23 60 21 65 40 20 56 43 
55 9 60 11 48 9 53 28 8 44 31 
58 12 63 14 51 12 56 31 11 47 34 
52 6 57 8 45 6 50 25 5 41 28 
9 55 4 53 16 55 11 36 56 20 33 
36 10 41 8 29 10 34 9 11 25 12 
1 47 4 45 8 47 3 28 48 12 25 
10 36 15 34 3 36 8 17 37 1 14 
84 38 89 40 77 38 82 57 37 73 60 
71 25 76 27 64 25 69 44 24 60 47 

13 33 18 31 6 33 11 14 34 2 11 
16 30 21 28 9 30 14 11 31 5 8 
68 22 73 24 61 22 66 41 21 57 44 
19 27 24 25 12 27 17 8 28 8 5 
54 8 59 10 47 8 52 27 7 43 30 
7 53 2 51 14 53 9 34 54 18 31 
79 33 84 35 72 33 77 52 32 68 55 
48 2 53 4 41 2 46 21 1 37 24 
72 26 77 28 65 26 70 45 25 61 48 
42 4 47 2 35 4 40 15 5 31 18 
49 3 54 5 42 3 47 22 2 38 25 

