12 7 

59 84 60 74 1 49 1 45 12 20 36 12 
55 80 56 70 3 45 3 41 8 16 32 8 
8 33 9 23 50 2 50 6 39 31 15 39 
2 23 1 13 60 12 60 16 49 41 25 49 
13 38 14 28 45 3 45 1 34 26 10 34 
42 67 43 57 16 32 16 28 5 3 19 5 
46 71 47 61 12 36 12 32 1 7 23 1 
25 50 26 40 33 15 33 11 22 14 2 22 
11 36 12 26 47 1 47 3 36 28 12 36 
68 93 69 83 10 58 10 54 21 29 45 21 
21 46 22 36 37 11 37 7 26 18 2 26 
18 43 19 33 40 8 40 4 29 21 5 29 

3 74 0 63 21 54 80 53 53 86 23 24 
7 70 4 59 17 50 76 49 49 82 19 20 
54 23 51 12 30 3 29 2 2 35 28 27 
64 13 61 2 40 7 19 8 8 25 38 37 
49 28 46 17 25 8 34 7 7 40 23 22 
20 57 17 46 4 37 63 36 36 69 6 7 
16 61 13 50 8 41 67 40 40 73 10 11 
37 40 34 29 13 20 46 19 19 52 11 10 
51 26 48 15 27 6 32 5 5 38 25 24 
6 83 9 72 30 63 89 62 62 95 32 33 
41 36 38 25 17 16 42 15 15 48 15 14 
44 33 41 22 20 13 39 12 12 45 18 17 

64 65 1 50 86 1 3 46 60 72 46 73 
60 61 5 46 82 5 1 42 56 68 42 69 
13 14 52 1 35 52 48 5 9 21 5 22 
3 4 62 11 25 62 58 15 1 11 15 12 
18 19 47 4 40 47 43 0 14 26 0 27 
47 48 18 33 69 18 14 29 43 55 29 56 
51 52 14 37 73 14 10 33 47 59 33 60 
30 31 35 16 52 35 31 12 26 38 12 39 
16 17 49 2 38 49 45 2 12 24 2 25 
73 74 8 59 95 8 12 55 69 81 55 82 
26 27 39 12 48 39 35 8 22 34 8 35 
23 24 42 9 45 42 38 5 19 31 5 32 

63 14 84 10 74 45 46 62 44 7 1 83 
59 10 80 6 70 41 42 58 40 3 5 79 
12 37 33 41 23 6 5 11 7 44 52 32 
2 47 23 51 13 16 15 1 17 54 62 22 
17 32 38 36 28 1 0 16 2 39 47 37 
46 3 67 7 57 28 29 45 27 10 18 66 
50 1 71 3 61 32 33 49 31 6 14 70 
29 20 50 24 40 11 12 28 10 27 35 49 
15 34 36 38 26 3 2 14 4 41 49 35 
72 23 93 19 83 54 55 71 53 16 8 92 
25 24 46 28 36 7 8 24 6 31 39 45 
22 27 43 31 33 4 5 21 3 34 42 42 

5 19 79 36 49 37 39 15 6 76 67 82 
9 15 75 32 45 33 35 11 2 72 63 78 
56 32 28 15 2 14 12 36 45 25 16 31 
66 42 18 25 12 24 22 46 55 15 6 21 
51 27 33 10 3 9 7 31 40 30 21 36 
22 2 62 19 32 20 22 2 11 59 50 65 
18 6 66 23 36 24 26 2 7 63 54 69 
39 15 45 2 15 3 5 19 28 42 33 48 
53 29 31 12 1 11 9 33 42 28 19 34 
4 28 88 45 58 46 48 24 15 85 76 91 
43 19 41 2 11 1 1 23 32 38 29 44 
46 22 38 5 8 4 2 26 35 35 26 41 

32 37 72 29 7 59 13 88 49 23 9 54 
28 33 68 25 11 55 9 84 45 19 13 50 
19 14 21 22 58 8 38 37 2 28 60 3 
29 24 11 32 68 2 48 27 12 38 70 7 
14 9 26 17 53 13 33 42 3 23 55 8 
15 20 55 12 24 42 4 71 32 6 26 37 
19 24 59 16 20 46 0 75 36 10 22 41 
2 3 38 5 41 25 21 54 15 11 43 20 
16 11 24 19 55 11 35 40 1 25 57 6 
41 46 81 38 2 68 22 97 58 32 0 63 
6 1 34 9 45 21 25 50 11 15 47 16 
9 4 31 12 48 18 28 47 8 18 50 13 

62 15 59 4 38 5 21 6 6 27 36 35 
87 10 84 21 63 30 4 31 31 2 61 60 
63 14 60 3 39 6 20 7 7 26 37 36 
77 0 74 11 53 20 6 21 21 12 51 50 
4 73 1 62 20 53 79 52 52 85 22 23 
52 25 49 14 28 5 31 4 4 37 26 25 
4 73 1 62 20 53 79 52 52 85 22 23 
48 29 45 18 24 9 35 8 8 41 22 21 
15 62 12 51 9 42 68 41 41 74 11 12 
23 54 20 43 1 34 60 33 33 66 3 4 
39 38 36 27 15 18 44 17 17 50 13 12 
15 62 12 51 9 42 68 41 41 74 11 12 

5 6 60 9 27 60 56 13 1 13 13 14 
20 19 85 34 2 85 81 38 24 12 38 11 
4 5 61 10 26 61 57 14 0 12 14 13 
10 9 75 24 12 75 71 28 14 2 28 1 
63 64 2 49 85 2 2 45 59 71 45 72 
15 16 50 1 37 50 46 3 11 23 3 24 
63 64 2 49 85 2 2 45 59 71 45 72 
19 20 46 5 41 46 42 1 15 27 1 28 
52 53 13 38 74 13 9 34 48 60 34 61 
44 45 21 30 66 21 17 26 40 52 26 53 
28 29 37 14 50 37 33 10 24 36 10 37 
52 53 13 38 74 13 9 34 48 60 34 61 

4 45 25 49 15 14 13 3 15 52 60 24 
21 70 0 74 10 39 38 22 40 77 85 1 
3 46 24 50 14 15 14 2 16 53 61 23 
11 60 10 64 0 29 28 12 30 67 75 9 
62 13 83 9 73 44 45 61 43 6 2 82 
14 35 35 39 25 4 3 13 5 42 50 34 
62 13 83 9 73 44 45 61 43 6 2 82 
18 31 39 35 29 0 1 17 1 38 46 38 
51 2 72 2 62 33 34 50 32 5 13 71 
43 6 64 10 54 25 26 42 24 13 21 63 
27 22 48 26 38 9 10 26 8 29 37 47 
51 2 72 2 62 33 34 50 32 5 13 71 

64 40 20 23 10 22 20 44 53 17 8 23 
89 65 5 48 35 47 45 69 78 8 17 2 
65 41 19 24 11 23 21 45 54 16 7 22 
79 55 5 38 25 37 35 59 68 2 7 8 
6 18 78 35 48 36 38 14 5 75 66 81 
54 30 30 13 0 12 10 34 43 27 18 33 
6 18 78 35 48 36 38 14 5 75 66 81 
50 26 34 9 4 8 6 30 39 31 22 37 
17 7 67 24 37 25 27 3 6 64 55 70 
25 1 59 16 29 17 19 5 14 56 47 62 
41 17 43 0 13 1 3 21 30 40 31 46 
17 7 67 24 37 25 27 3 6 64 55 70 

27 22 13 30 66 0 46 29 10 36 68 5 
52 47 12 55 91 25 71 4 35 61 93 30 
28 23 12 31 67 1 47 28 11 37 69 6 
42 37 2 45 81 15 61 14 25 51 83 20 
31 36 71 28 8 58 12 87 48 22 10 53 
17 12 23 20 56 10 36 39 0 26 58 5 
31 36 71 28 8 58 12 87 48 22 10 53 
13 8 27 16 52 14 32 43 4 22 54 9 
20 25 60 17 19 47 1 76 37 11 21 42 
12 17 52 9 27 39 7 68 29 3 29 34 
4 1 36 7 43 23 23 52 13 13 45 18 
20 25 60 17 19 47 1 76 37 11 21 42 

67 68 2 53 89 2 6 49 63 75 49 76 
10 9 75 24 12 75 71 28 14 2 28 1 
64 65 1 50 86 1 3 46 60 72 46 73 
1 2 64 13 23 64 60 17 3 9 17 10 
43 44 22 29 65 22 18 25 39 51 25 52 
10 11 55 4 32 55 51 8 6 18 8 19 
16 15 81 30 6 81 77 34 20 8 34 7 
11 12 54 3 33 54 50 7 7 19 7 20 
11 12 54 3 33 54 50 7 7 19 7 20 
22 21 87 36 0 87 83 40 26 14 40 13 
41 42 24 27 63 24 20 23 37 49 23 50 
40 41 25 26 62 25 21 22 36 48 22 49 

66 17 87 13 77 48 49 65 47 10 2 86 
11 60 10 64 0 29 28 12 30 67 75 9 
63 14 84 10 74 45 46 62 44 7 1 83 
0 49 21 53 11 18 17 1 19 56 64 20 
42 7 63 11 53 24 25 41 23 14 22 62 
9 40 30 44 20 9 8 8 10 47 55 29 
17 66 4 70 6 35 34 18 36 73 81 3 
10 39 31 43 21 8 7 9 9 46 54 30 
10 39 31 43 21 8 7 9 9 46 54 30 
23 72 2 76 12 41 40 24 42 79 87 3 
40 9 61 13 51 22 23 39 21 16 24 60 
39 10 60 14 50 21 22 38 20 17 25 59 

2 22 82 39 52 40 42 18 9 79 70 85 
79 55 5 38 25 37 35 59 68 2 7 8 
5 19 79 36 49 37 39 15 6 76 67 82 
68 44 16 27 14 26 24 48 57 13 4 19 
26 2 58 15 28 16 18 6 15 55 46 61 
59 35 25 18 5 17 15 39 48 22 13 28 
85 61 1 44 31 43 41 65 74 4 13 2 
58 34 26 17 4 16 14 38 47 23 14 29 
58 34 26 17 4 16 14 38 47 23 14 29 
91 67 7 50 37 49 47 71 80 10 19 4 
28 4 56 13 26 14 16 8 17 53 44 59 
29 5 55 12 25 13 15 9 18 52 43 58 

35 40 75 32 4 62 16 91 52 26 6 57 
42 37 2 45 81 15 61 14 25 51 83 20 
32 37 72 29 7 59 13 88 49 23 9 54 
31 26 9 34 70 4 50 25 14 40 72 9 
11 16 51 8 28 38 8 67 28 2 30 33 
22 17 18 25 61 5 41 34 5 31 63 0 
48 43 8 51 87 21 67 8 31 57 89 26 
21 16 19 24 60 6 40 35 4 30 62 1 
21 16 19 24 60 6 40 35 4 30 62 1 
54 49 14 57 93 27 73 2 37 63 95 32 
9 14 49 6 30 36 10 65 26 0 32 31 
8 13 48 5 31 35 11 64 25 1 33 30 

1 50 20 54 10 19 18 2 20 57 65 19 
2 51 19 55 9 20 19 3 21 58 66 18 
64 15 85 11 75 46 47 63 45 8 0 84 
13 36 34 40 24 5 4 12 6 43 51 33 
23 72 2 76 12 41 40 24 42 79 87 3 
64 15 85 11 75 46 47 63 45 8 0 84 
60 11 81 7 71 42 43 59 41 4 4 80 
17 32 38 36 28 1 0 16 2 39 47 37 
3 46 24 50 14 15 14 2 16 53 61 23 
9 58 12 62 2 27 26 10 28 65 73 11 
17 32 38 36 28 1 0 16 2 39 47 37 
10 59 11 63 1 28 27 11 29 66 74 10 

69 45 15 28 15 27 25 49 58 12 3 18 
70 46 14 29 16 28 26 50 59 11 2 17 
4 20 80 37 50 38 40 16 7 77 68 83 
55 31 29 14 1 13 11 35 44 26 17 32 
91 67 7 50 37 49 47 71 80 10 19 4 
4 20 80 37 50 38 40 16 7 77 68 83 
8 16 76 33 46 34 36 12 3 73 64 79 
51 27 33 10 3 9 7 31 40 30 21 36 
65 41 19 24 11 23 21 45 54 16 7 22 
77 53 7 36 23 35 33 57 66 4 5 10 
51 27 33 10 3 9 7 31 40 30 21 36 
78 54 6 37 24 36 34 58 67 3 6 9 

32 27 8 35 71 5 51 24 15 41 73 10 
33 28 7 36 72 6 52 23 16 42 74 11 
33 38 73 30 6 60 14 89 50 24 8 55 
18 13 22 21 57 9 37 38 1 27 59 4 
54 49 14 57 93 27 73 2 37 63 95 32 
33 38 73 30 6 60 14 89 50 24 8 55 
29 34 69 26 10 56 10 85 46 20 12 51 
14 9 26 17 53 13 33 42 3 23 55 8 
28 23 12 31 67 1 47 28 11 37 69 6 
40 35 0 43 79 13 59 16 23 49 81 18 
14 9 26 17 53 13 33 42 3 23 55 8 
41 36 1 44 80 14 60 15 24 50 82 19 

68 44 16 27 14 26 24 48 57 13 4 19 
19 5 65 22 35 23 25 1 8 62 53 68 
89 65 5 48 35 47 45 69 78 8 17 2 
15 9 69 26 39 27 29 5 4 66 57 72 
79 55 5 38 25 37 35 59 68 2 7 8 
50 26 34 9 4 8 6 30 39 31 22 37 
51 27 33 10 3 9 7 31 40 30 21 36 
67 43 17 26 13 25 23 47 56 14 5 20 
49 25 35 8 5 7 5 29 38 32 23 38 
12 12 72 29 42 30 32 8 1 69 60 75 
4 20 80 37 50 38 40 16 7 77 68 83 
88 64 4 47 34 46 44 68 77 7 16 1 

31 26 9 34 70 4 50 25 14 40 72 9 
18 23 58 15 21 45 1 74 35 9 23 40 
52 47 12 55 91 25 71 4 35 61 93 30 
22 27 62 19 17 49 3 78 39 13 19 44 
42 37 2 45 81 15 61 14 25 51 83 20 
13 8 27 16 52 14 32 43 4 22 54 9 
14 9 26 17 53 13 33 42 3 23 55 8 
30 25 10 33 69 3 49 26 13 39 71 8 
12 7 28 15 51 15 31 44 5 21 53 10 
25 30 65 22 14 52 6 81 42 16 16 47 
33 38 73 30 6 60 14 89 50 24 8 55 
51 46 11 54 90 24 70 5 34 60 92 29 

37 42 77 34 2 64 18 93 54 28 4 59 
13 18 53 10 26 40 6 69 30 4 28 35 
47 42 7 50 86 20 66 9 30 56 88 25 
4 1 36 7 43 23 23 52 13 13 45 18 
17 12 23 20 56 10 36 39 0 26 58 5 
5 0 35 8 44 22 24 51 12 14 46 17 
7 2 33 10 46 20 26 49 10 16 48 15 
17 22 57 14 22 44 2 73 34 8 24 39 
26 31 66 23 13 53 7 82 43 17 15 48 
44 39 4 47 83 17 63 12 27 53 85 22 
35 30 5 38 74 8 54 21 18 44 76 13 
50 45 10 53 89 23 69 6 33 59 91 28 

