20 8 

31 24 45 8 37 63 57 15 11 62 16 12 17 15 30 23 14 17 6 59 
86 79 10 47 18 8 2 70 44 7 71 43 38 70 85 32 69 38 49 4 
71 64 5 32 3 23 17 55 29 22 56 28 23 55 70 17 54 23 34 19 
2 5 74 37 66 92 86 14 40 91 13 41 46 14 1 52 15 46 35 88 
77 70 1 38 9 17 11 61 35 16 62 34 29 61 76 23 60 29 40 13 
53 46 23 14 15 41 35 37 11 40 38 10 5 37 52 1 36 5 16 37 
89 82 13 50 21 5 1 73 47 4 74 46 41 73 88 35 72 41 52 1 
17 10 59 22 51 77 71 1 25 76 2 26 31 1 16 37 0 31 20 73 
93 86 17 54 25 1 5 77 51 0 78 50 45 77 92 39 76 45 56 3 
87 80 11 48 19 7 1 71 45 6 72 44 39 71 86 33 70 39 50 3 
25 18 51 14 43 69 63 9 17 68 10 18 23 9 24 29 8 23 12 65 
40 33 36 1 28 54 48 24 2 53 25 3 8 24 39 14 23 8 3 50 
35 28 41 4 33 59 53 19 7 58 20 8 13 19 34 19 18 13 2 55 
74 67 2 35 6 20 14 58 32 19 59 31 26 58 73 20 57 26 37 16 
8 1 68 31 60 86 80 8 34 85 7 35 40 8 7 46 9 40 29 82 
49 42 27 10 19 45 39 33 7 44 34 6 1 33 48 5 32 1 12 41 
89 82 13 50 21 5 1 73 47 4 74 46 41 73 88 35 72 41 52 1 
76 69 0 37 8 18 12 60 34 17 61 33 28 60 75 22 59 28 39 14 
9 2 67 30 59 85 79 7 33 84 6 34 39 7 8 45 8 39 28 81 
96 89 20 57 28 2 8 80 54 3 81 53 48 80 95 42 79 48 59 6 

17 11 32 17 43 4 48 45 18 49 56 15 55 51 52 28 6 7 15 18 
72 44 87 72 12 59 7 10 73 6 1 40 0 4 3 27 49 62 40 37 
57 29 72 57 3 44 8 5 58 9 16 25 15 11 12 12 34 47 25 22 
12 40 3 12 72 25 77 74 11 78 85 44 84 80 81 57 35 22 44 47 
63 35 78 63 3 50 2 1 64 3 10 31 9 5 6 18 40 53 31 28 
39 11 54 39 21 26 26 23 40 27 34 7 33 29 30 6 16 29 7 4 
75 47 90 75 15 62 10 13 76 9 2 43 3 7 6 30 52 65 43 40 
3 25 18 3 57 10 62 59 4 63 70 29 69 65 66 42 20 7 29 32 
79 51 94 79 19 66 14 17 80 13 6 47 7 11 10 34 56 69 47 44 
73 45 88 73 13 60 8 11 74 7 0 41 1 5 4 28 50 63 41 38 
11 17 26 11 49 2 54 51 12 55 62 21 61 57 58 34 12 1 21 24 
26 2 41 26 34 13 39 36 27 40 47 6 46 42 43 19 3 16 6 9 
21 7 36 21 39 8 44 41 22 45 52 11 51 47 48 24 2 11 11 14 
60 32 75 60 0 47 5 2 61 6 13 28 12 8 9 15 37 50 28 25 
6 34 9 6 66 19 71 68 5 72 79 38 78 74 75 51 29 16 38 41 
35 7 50 35 25 22 30 27 36 31 38 3 37 33 34 10 12 25 3 0 
75 47 90 75 15 62 10 13 76 9 2 43 3 7 6 30 52 65 43 40 
62 34 77 62 2 49 3 0 63 4 11 30 10 6 7 17 39 52 30 27 
5 33 10 5 65 18 70 67 4 71 78 37 77 73 74 50 28 15 37 40 
82 54 97 82 22 69 17 20 83 16 9 50 10 14 13 37 59 72 50 47 

14 19 66 33 46 27 34 65 14 55 27 30 21 31 34 9 52 26 31 42 
69 36 11 22 9 28 21 10 41 0 82 25 34 24 21 64 3 81 86 13 
54 21 26 7 6 13 6 25 26 15 67 10 19 9 6 49 12 66 71 2 
15 48 95 62 75 56 63 94 43 84 2 59 50 60 63 20 81 3 2 71 
60 27 20 13 0 19 12 19 32 9 73 16 25 15 12 55 6 72 77 4 
36 3 44 11 24 5 12 43 8 33 49 8 1 9 12 31 30 48 53 20 
72 39 8 25 12 31 24 7 44 3 85 28 37 27 24 67 6 84 89 16 
0 33 80 47 60 41 48 79 28 69 13 44 35 45 48 5 66 12 17 56 
76 43 4 29 16 35 28 3 48 7 89 32 41 31 28 71 10 88 93 20 
70 37 10 23 10 29 22 9 42 1 83 26 35 25 22 65 4 82 87 14 
8 25 72 39 52 33 40 71 20 61 21 36 27 37 40 3 58 20 25 48 
23 10 57 24 37 18 25 56 5 46 36 21 12 22 25 18 43 35 40 33 
18 15 62 29 42 23 30 61 10 51 31 26 17 27 30 13 48 30 35 38 
57 24 23 10 3 16 9 22 29 12 70 13 22 12 9 52 9 69 74 1 
9 42 89 56 69 50 57 88 37 78 4 53 44 54 57 14 75 3 8 65 
32 1 48 15 28 9 16 47 4 37 45 12 3 13 16 27 34 44 49 24 
72 39 8 25 12 31 24 7 44 3 85 28 37 27 24 67 6 84 89 16 
59 26 21 12 1 18 11 20 31 10 72 15 24 14 11 54 7 71 76 3 
8 41 88 55 68 49 56 87 36 77 5 52 43 53 56 13 74 4 9 64 
79 46 1 32 19 38 31 0 51 10 92 35 44 34 31 74 13 91 96 23 

46 65 65 32 23 45 26 54 15 44 45 62 27 7 51 31 4 64 54 0 
9 10 10 87 32 10 81 1 40 11 10 7 82 48 4 24 59 9 1 55 
6 25 25 72 17 5 66 14 25 4 5 22 67 33 11 9 44 24 14 40 
75 94 94 3 52 74 3 83 44 73 74 91 2 36 80 60 25 93 83 29 
0 19 19 78 23 1 72 8 31 2 1 16 73 39 5 15 50 18 8 46 
24 43 43 54 1 23 48 32 7 22 23 40 49 15 29 9 26 42 32 22 
12 7 7 90 35 13 84 4 43 14 13 4 85 51 7 27 62 6 4 58 
60 79 79 18 37 59 12 68 29 58 59 76 13 21 65 45 10 78 68 14 
16 3 3 94 39 17 88 8 47 18 17 0 89 55 11 31 66 2 8 62 
10 9 9 88 33 11 82 2 41 12 11 6 83 49 5 25 60 8 2 56 
52 71 71 26 29 51 20 60 21 50 51 68 21 13 57 37 2 70 60 6 
37 56 56 41 14 36 35 45 6 35 36 53 36 2 42 22 13 55 45 9 
42 61 61 36 19 41 30 50 11 40 41 58 31 3 47 27 8 60 50 4 
3 22 22 75 20 2 69 11 28 1 2 19 70 36 8 12 47 21 11 43 
69 88 88 9 46 68 3 77 38 67 68 85 4 30 74 54 19 87 77 23 
28 47 47 50 5 27 44 36 3 26 27 44 45 11 33 13 22 46 36 18 
12 7 7 90 35 13 84 4 43 14 13 4 85 51 7 27 62 6 4 58 
1 20 20 77 22 0 71 9 30 1 0 17 72 38 6 14 49 19 9 45 
68 87 87 10 45 67 4 76 37 66 67 84 5 29 73 53 18 86 76 22 
19 0 0 97 42 20 91 11 50 21 20 3 92 58 14 34 69 1 11 65 

35 33 51 20 33 20 46 31 7 63 59 38 18 34 1 3 26 16 60 15 
20 22 4 75 22 75 9 24 48 8 4 17 73 21 56 52 29 71 5 40 
5 7 11 60 7 60 6 9 33 23 19 2 58 6 41 37 14 56 20 25 
64 62 80 9 62 9 75 60 36 92 88 67 11 63 28 32 55 13 89 44 
11 13 5 66 13 66 0 15 39 17 13 8 64 12 47 43 20 62 14 31 
13 11 29 42 11 42 24 9 15 41 37 16 40 12 23 19 4 38 38 7 
23 25 7 78 25 78 12 27 51 5 1 20 76 24 59 55 32 74 2 43 
49 47 65 6 47 6 60 45 21 77 73 52 4 48 13 17 40 2 74 29 
27 29 11 82 29 82 16 31 55 1 3 24 80 28 63 59 36 78 2 47 
21 23 5 76 23 76 10 25 49 7 3 18 74 22 57 53 30 72 4 41 
41 39 57 14 39 14 52 37 13 69 65 44 12 40 5 9 32 10 66 21 
26 24 42 29 24 29 37 22 2 54 50 29 27 25 10 6 17 25 51 6 
31 29 47 24 29 24 42 27 3 59 55 34 22 30 5 1 22 20 56 11 
8 10 8 63 10 63 3 12 36 20 16 5 61 9 44 40 17 59 17 28 
58 56 74 3 56 3 69 54 30 86 82 61 5 57 22 26 49 7 83 38 
17 15 33 38 15 38 28 13 11 45 41 20 36 16 19 15 8 34 42 3 
23 25 7 78 25 78 12 27 51 5 1 20 76 24 59 55 32 74 2 43 
10 12 6 65 12 65 1 14 38 18 14 7 63 11 46 42 19 61 15 30 
57 55 73 2 55 2 68 53 29 85 81 60 4 56 21 25 48 6 82 37 
30 32 14 85 32 85 19 34 58 2 6 27 83 31 66 62 39 81 5 50 

8 49 8 5 23 12 12 7 6 10 19 11 62 29 29 31 58 53 35 11 
63 6 47 50 78 67 43 62 49 45 36 66 7 84 84 86 3 2 20 44 
48 9 32 35 63 52 28 47 34 30 21 51 22 69 69 71 18 13 5 29 
21 78 37 34 6 17 41 22 35 39 48 18 91 0 0 2 87 82 64 40 
54 3 38 41 69 58 34 53 40 36 27 57 16 75 75 77 12 7 11 35 
30 27 14 17 45 34 10 29 16 12 3 33 40 51 51 53 36 31 13 11 
66 9 50 53 81 70 46 65 52 48 39 69 4 87 87 89 0 5 23 47 
6 63 22 19 9 2 26 7 20 24 33 3 76 15 15 17 72 67 49 25 
70 13 54 57 85 74 50 69 56 52 43 73 0 91 91 93 4 9 27 51 
64 7 48 51 79 68 44 63 50 46 37 67 6 85 85 87 2 3 21 45 
2 55 14 11 17 6 18 1 12 16 25 5 68 23 23 25 64 59 41 17 
17 40 1 4 32 21 3 16 3 1 10 20 53 38 38 40 49 44 26 2 
12 45 4 1 27 16 8 11 2 6 15 15 58 33 33 35 54 49 31 7 
51 6 35 38 66 55 31 50 37 33 24 54 19 72 72 74 15 10 8 32 
15 72 31 28 0 11 35 16 29 33 42 12 85 6 6 8 81 76 58 34 
26 31 10 13 41 30 6 25 12 8 1 29 44 47 47 49 40 35 17 7 
66 9 50 53 81 70 46 65 52 48 39 69 4 87 87 89 0 5 23 47 
53 4 37 40 68 57 33 52 39 35 26 56 17 74 74 76 13 8 10 34 
14 71 30 27 1 10 34 15 28 32 41 11 84 7 7 9 80 75 57 33 
73 16 57 60 88 77 53 72 59 55 46 76 3 94 94 96 7 12 30 54 

50 9 20 32 6 56 4 4 31 26 3 5 1 29 43 6 12 31 3 52 
5 64 75 23 49 1 51 59 24 81 58 50 56 26 12 61 43 86 58 3 
10 49 60 8 34 16 36 44 9 66 43 35 41 11 3 46 28 71 43 12 
79 20 9 61 35 85 33 25 60 3 26 34 28 58 72 23 41 2 26 81 
4 55 66 14 40 10 42 50 15 72 49 41 47 17 3 52 34 77 49 6 
28 31 42 10 16 34 18 26 9 48 25 17 23 7 21 28 10 53 25 30 
8 67 78 26 52 2 54 62 27 84 61 53 59 29 15 64 46 89 61 6 
64 5 6 46 20 70 18 10 45 12 11 19 13 43 57 8 26 17 11 66 
12 71 82 30 56 6 58 66 31 88 65 57 63 33 19 68 50 93 65 10 
6 65 76 24 50 0 52 60 25 82 59 51 57 27 13 62 44 87 59 4 
56 3 14 38 12 62 10 2 37 20 3 11 5 35 49 0 18 25 3 58 
41 18 29 23 3 47 5 13 22 35 12 4 10 20 34 15 3 40 12 43 
46 13 24 28 2 52 0 8 27 30 7 1 5 25 39 10 8 35 7 48 
7 52 63 11 37 13 39 47 12 69 46 38 44 14 0 49 31 74 46 9 
73 14 3 55 29 79 27 19 54 3 20 28 22 52 66 17 35 8 20 75 
32 27 38 14 12 38 14 22 13 44 21 13 19 11 25 24 6 49 21 34 
8 67 78 26 52 2 54 62 27 84 61 53 59 29 15 64 46 89 61 6 
5 54 65 13 39 11 41 49 14 71 48 40 46 16 2 51 33 76 48 7 
72 13 2 54 28 78 26 18 53 4 19 27 21 51 65 16 34 9 19 74 
15 74 85 33 59 9 61 69 34 91 68 60 66 36 22 71 53 96 68 13 

14 42 1 14 74 27 79 76 13 80 87 46 86 82 83 59 37 24 46 49 
7 35 8 7 67 20 72 69 6 73 80 39 79 75 76 52 30 17 39 42 
62 34 77 62 2 49 3 0 63 4 11 30 10 6 7 17 39 52 30 27 
25 3 40 25 35 12 40 37 26 41 48 7 47 43 44 20 2 15 7 10 
54 26 69 54 6 41 11 8 55 12 19 22 18 14 15 9 31 44 22 19 
80 52 95 80 20 67 15 18 81 14 7 48 8 12 11 35 57 70 48 45 
74 46 89 74 14 61 9 12 75 8 1 42 2 6 5 29 51 64 42 39 
2 26 17 2 58 11 63 60 3 64 71 30 70 66 67 43 21 8 30 33 
28 0 43 28 32 15 37 34 29 38 45 4 44 40 41 17 5 18 4 7 
79 51 94 79 19 66 14 17 80 13 6 47 7 11 10 34 56 69 47 44 
1 27 16 1 59 12 64 61 2 65 72 31 71 67 68 44 22 9 31 34 
29 1 44 29 31 16 36 33 30 37 44 3 43 39 40 16 6 19 3 6 
34 6 49 34 26 21 31 28 35 32 39 2 38 34 35 11 11 24 2 1 
2 26 17 2 58 11 63 60 3 64 71 30 70 66 67 43 21 8 30 33 
13 41 2 13 73 26 78 75 12 79 86 45 85 81 82 58 36 23 45 48 
40 12 55 40 20 27 25 22 41 26 33 8 32 28 29 5 17 30 8 5 
3 25 18 3 57 10 62 59 4 63 70 29 69 65 66 42 20 7 29 32 
34 6 49 34 26 21 31 28 35 32 39 2 38 34 35 11 11 24 2 1 
23 5 38 23 37 10 42 39 24 43 50 9 49 45 46 22 0 13 9 12 
76 48 91 76 16 63 11 14 77 10 3 44 4 8 7 31 53 66 44 41 

17 50 97 64 77 58 65 96 45 86 4 61 52 62 65 22 83 5 0 73 
10 43 90 57 70 51 58 89 38 79 3 54 45 55 58 15 76 2 7 66 
59 26 21 12 1 18 11 20 31 10 72 15 24 14 11 54 7 71 76 3 
22 11 58 25 38 19 26 57 6 47 35 22 13 23 26 17 44 34 39 34 
51 18 29 4 9 10 3 28 23 18 64 7 16 6 3 46 15 63 68 5 
77 44 3 30 17 36 29 2 49 8 90 33 42 32 29 72 11 89 94 21 
71 38 9 24 11 30 23 8 43 2 84 27 36 26 23 66 5 83 88 15 
1 34 81 48 61 42 49 80 29 70 12 45 36 46 49 6 67 11 16 57 
25 8 55 22 35 16 23 54 3 44 38 19 10 20 23 20 41 37 42 31 
76 43 4 29 16 35 28 3 48 7 89 32 41 31 28 71 10 88 93 20 
2 35 82 49 62 43 50 81 30 71 11 46 37 47 50 7 68 10 15 58 
26 7 54 21 34 15 22 53 2 43 39 18 9 19 22 21 40 38 43 30 
31 2 49 16 29 10 17 48 3 38 44 13 4 14 17 26 35 43 48 25 
1 34 81 48 61 42 49 80 29 70 12 45 36 46 49 6 67 11 16 57 
16 49 96 63 76 57 64 95 44 85 3 60 51 61 64 21 82 4 1 72 
37 4 43 10 23 4 11 42 9 32 50 7 2 8 11 32 29 49 54 19 
0 33 80 47 60 41 48 79 28 69 13 44 35 45 48 5 66 12 17 56 
31 2 49 16 29 10 17 48 3 38 44 13 4 14 17 26 35 43 48 25 
20 13 60 27 40 21 28 59 8 49 33 24 15 25 28 15 46 32 37 36 
73 40 7 26 13 32 25 6 45 4 86 29 38 28 25 68 7 85 90 17 

77 96 96 1 54 76 5 85 46 75 76 93 4 38 82 62 27 95 85 31 
70 89 89 8 47 69 2 78 39 68 69 86 3 31 75 55 20 88 78 24 
1 20 20 77 22 0 71 9 30 1 0 17 72 38 6 14 49 19 9 45 
38 57 57 40 15 37 34 46 7 36 37 54 35 1 43 23 12 56 46 8 
9 28 28 69 14 8 63 17 22 7 8 25 64 30 14 6 41 27 17 37 
17 2 2 95 40 18 89 9 48 19 18 1 90 56 12 32 67 1 9 63 
11 8 8 89 34 12 83 3 42 13 12 5 84 50 6 26 61 7 3 57 
61 80 80 17 38 60 11 69 30 59 60 77 12 22 66 46 11 79 69 15 
35 54 54 43 12 34 37 43 4 33 34 51 38 4 40 20 15 53 43 11 
16 3 3 94 39 17 88 8 47 18 17 0 89 55 11 31 66 2 8 62 
62 81 81 16 39 61 10 70 31 60 61 78 11 23 67 47 12 80 70 16 
34 53 53 44 11 33 38 42 3 32 33 50 39 5 39 19 16 52 42 12 
29 48 48 49 6 28 43 37 2 27 28 45 44 10 34 14 21 47 37 17 
61 80 80 17 38 60 11 69 30 59 60 77 12 22 66 46 11 79 69 15 
76 95 95 2 53 75 4 84 45 74 75 92 3 37 81 61 26 94 84 30 
23 42 42 55 0 22 49 31 8 21 22 39 50 16 28 8 27 41 31 23 
60 79 79 18 37 59 12 68 29 58 59 76 13 21 65 45 10 78 68 14 
29 48 48 49 6 28 43 37 2 27 28 45 44 10 34 14 21 47 37 17 
40 59 59 38 17 39 32 48 9 38 39 56 33 1 45 25 10 58 48 6 
13 6 6 91 36 14 85 5 44 15 14 3 86 52 8 28 63 5 5 59 

66 64 82 11 64 11 77 62 38 94 90 69 13 65 30 34 57 15 91 46 
59 57 75 4 57 4 70 55 31 87 83 62 6 58 23 27 50 8 84 39 
10 12 6 65 12 65 1 14 38 18 14 7 63 11 46 42 19 61 15 30 
27 25 43 28 25 28 38 23 1 55 51 30 26 26 9 5 18 24 52 7 
2 4 14 57 4 57 9 6 30 26 22 1 55 3 38 34 11 53 23 22 
28 30 12 83 30 83 17 32 56 0 4 25 81 29 64 60 37 79 3 48 
22 24 6 77 24 77 11 26 50 6 2 19 75 23 58 54 31 73 3 42 
50 48 66 5 48 5 61 46 22 78 74 53 3 49 14 18 41 1 75 30 
24 22 40 31 22 31 35 20 4 52 48 27 29 23 12 8 15 27 49 4 
27 29 11 82 29 82 16 31 55 1 3 24 80 28 63 59 36 78 2 47 
51 49 67 4 49 4 62 47 23 79 75 54 2 50 15 19 42 0 76 31 
23 21 39 32 21 32 34 19 5 51 47 26 30 22 13 9 14 28 48 3 
18 16 34 37 16 37 29 14 10 46 42 21 35 17 18 14 9 33 43 2 
50 48 66 5 48 5 61 46 22 78 74 53 3 49 14 18 41 1 75 30 
65 63 81 10 63 10 76 61 37 93 89 68 12 64 29 33 56 14 90 45 
12 10 28 43 10 43 23 8 16 40 36 15 41 11 24 20 3 39 37 8 
49 47 65 6 47 6 60 45 21 77 73 52 4 48 13 17 40 2 74 29 
18 16 34 37 16 37 29 14 10 46 42 21 35 17 18 14 9 33 43 2 
29 27 45 26 27 26 40 25 1 57 53 32 24 28 7 3 20 22 54 9 
24 26 8 79 26 79 13 28 52 4 0 21 77 25 60 56 33 75 1 44 

23 80 39 36 8 19 43 24 37 41 50 20 93 2 2 0 89 84 66 42 
16 73 32 29 1 12 36 17 30 34 43 13 86 5 5 7 82 77 59 35 
53 4 37 40 68 57 33 52 39 35 26 56 17 74 74 76 13 8 10 34 
16 41 0 3 31 20 4 15 2 2 11 19 54 37 37 39 50 45 27 3 
45 12 29 32 60 49 25 44 31 27 18 48 25 66 66 68 21 16 2 26 
71 14 55 58 86 75 51 70 57 53 44 74 1 92 92 94 5 10 28 52 
65 8 49 52 80 69 45 64 51 47 38 68 5 86 86 88 1 4 22 46 
7 64 23 20 8 3 27 8 21 25 34 4 77 14 14 16 73 68 50 26 
19 38 3 6 34 23 1 18 5 1 8 22 51 40 40 42 47 42 24 0 
70 13 54 57 85 74 50 69 56 52 43 73 0 91 91 93 4 9 27 51 
8 65 24 21 7 4 28 9 22 26 35 5 78 13 13 15 74 69 51 27 
20 37 4 7 35 24 0 19 6 2 7 23 50 41 41 43 46 41 23 1 
25 32 9 12 40 29 5 24 11 7 2 28 45 46 46 48 41 36 18 6 
7 64 23 20 8 3 27 8 21 25 34 4 77 14 14 16 73 68 50 26 
22 79 38 35 7 18 42 23 36 40 49 19 92 1 1 1 88 83 65 41 
31 26 15 18 46 35 11 30 17 13 4 34 39 52 52 54 35 30 12 12 
6 63 22 19 9 2 26 7 20 24 33 3 76 15 15 17 72 67 49 25 
25 32 9 12 40 29 5 24 11 7 2 28 45 46 46 48 41 36 18 6 
14 43 2 1 29 18 6 13 0 4 13 17 56 35 35 37 52 47 29 5 
67 10 51 54 82 71 47 66 53 49 40 70 3 88 88 90 1 6 24 48 

81 22 11 63 37 87 35 27 62 5 28 36 30 60 74 25 43 0 28 83 
74 15 4 56 30 80 28 20 55 2 21 29 23 53 67 18 36 7 21 76 
5 54 65 13 39 11 41 49 14 71 48 40 46 16 2 51 33 76 48 7 
42 17 28 24 2 48 4 12 23 34 11 3 9 21 35 14 4 39 11 44 
13 46 57 5 31 19 33 41 6 63 40 32 38 8 6 43 25 68 40 15 
13 72 83 31 57 7 59 67 32 89 66 58 64 34 20 69 51 94 66 11 
7 66 77 25 51 1 53 61 26 83 60 52 58 28 14 63 45 88 60 5 
65 6 5 47 21 71 19 11 46 11 12 20 14 44 58 9 27 16 12 67 
39 20 31 21 5 45 7 15 20 37 14 6 12 18 32 17 1 42 14 41 
12 71 82 30 56 6 58 66 31 88 65 57 63 33 19 68 50 93 65 10 
66 7 4 48 22 72 20 12 47 10 13 21 15 45 59 10 28 15 13 68 
38 21 32 20 6 44 8 16 19 38 15 7 13 17 31 18 0 43 15 40 
33 26 37 15 11 39 13 21 14 43 20 12 18 12 26 23 5 48 20 35 
65 6 5 47 21 71 19 11 46 11 12 20 14 44 58 9 27 16 12 67 
80 21 10 62 36 86 34 26 61 4 27 35 29 59 73 24 42 1 27 82 
27 32 43 9 17 33 19 27 8 49 26 18 24 6 20 29 11 54 26 29 
64 5 6 46 20 70 18 10 45 12 11 19 13 43 57 8 26 17 11 66 
33 26 37 15 11 39 13 21 14 43 20 12 18 12 26 23 5 48 20 35 
44 15 26 26 0 50 2 10 25 32 9 1 7 23 37 12 6 37 9 46 
9 68 79 27 53 3 55 63 28 85 62 54 60 30 16 65 47 90 62 7 

3 36 83 50 63 44 51 82 31 72 10 47 38 48 51 8 69 9 14 59 
25 8 55 22 35 16 23 54 3 44 38 19 10 20 23 20 41 37 42 31 
18 51 98 65 78 59 66 97 46 87 5 62 53 63 66 23 84 6 1 74 
3 36 83 50 63 44 51 82 31 72 10 47 38 48 51 8 69 9 14 59 
57 24 23 10 3 16 9 22 29 12 70 13 22 12 9 52 9 69 74 1 
10 23 70 37 50 31 38 69 18 59 23 34 25 35 38 5 56 22 27 46 
62 29 18 15 2 21 14 17 34 7 75 18 27 17 14 57 4 74 79 6 
59 26 21 12 1 18 11 20 31 10 72 15 24 14 11 54 7 71 76 3 
4 37 84 51 64 45 52 83 32 73 9 48 39 49 52 9 70 8 13 60 
63 30 17 16 3 22 15 16 35 6 76 19 28 18 15 58 3 75 80 7 
70 37 10 23 10 29 22 9 42 1 83 26 35 25 22 65 4 82 87 14 
29 4 51 18 31 12 19 50 1 40 42 15 6 16 19 24 37 41 46 27 
69 36 11 22 9 28 21 10 41 0 82 25 34 24 21 64 3 81 86 13 
65 32 15 18 5 24 17 14 37 4 78 21 30 20 17 60 1 77 82 9 
66 33 14 19 6 25 18 13 38 3 79 22 31 21 18 61 0 78 83 10 
42 9 38 5 18 1 6 37 14 27 55 2 7 3 6 37 24 54 59 14 
20 13 60 27 40 21 28 59 8 49 33 24 15 25 28 15 46 32 37 36 
7 26 73 40 53 34 41 72 21 62 20 37 28 38 41 2 59 19 24 49 
29 4 51 18 31 12 19 50 1 40 42 15 6 16 19 24 37 41 46 27 
32 1 48 15 28 9 16 47 4 37 45 12 3 13 16 27 34 44 49 24 

63 82 82 15 40 62 9 71 32 61 62 79 10 24 68 48 13 81 71 17 
35 54 54 43 12 34 37 43 4 33 34 51 38 4 40 20 15 53 43 11 
78 97 97 0 55 77 6 86 47 76 77 94 5 39 83 63 28 96 86 32 
63 82 82 15 40 62 9 71 32 61 62 79 10 24 68 48 13 81 71 17 
3 22 22 75 20 2 69 11 28 1 2 19 70 36 8 12 47 21 11 43 
50 69 69 28 27 49 22 58 19 48 49 66 23 11 55 35 0 68 58 4 
2 17 17 80 25 3 74 6 33 4 3 14 75 41 3 17 52 16 6 48 
1 20 20 77 22 0 71 9 30 1 0 17 72 38 6 14 49 19 9 45 
64 83 83 14 41 63 8 72 33 62 63 80 9 25 69 49 14 82 72 18 
3 16 16 81 26 4 75 5 34 5 4 13 76 42 2 18 53 15 5 49 
10 9 9 88 33 11 82 2 41 12 11 6 83 49 5 25 60 8 2 56 
31 50 50 47 8 30 41 39 0 29 30 47 42 8 36 16 19 49 39 15 
9 10 10 87 32 10 81 1 40 11 10 7 82 48 4 24 59 9 1 55 
5 14 14 83 28 6 77 3 36 7 6 11 78 44 0 20 55 13 3 51 
6 13 13 84 29 7 78 2 37 8 7 10 79 45 1 21 56 12 2 52 
18 37 37 60 5 17 54 26 13 16 17 34 55 21 23 3 32 36 26 28 
40 59 59 38 17 39 32 48 9 38 39 56 33 1 45 25 10 58 48 6 
53 72 72 25 30 52 19 61 22 51 52 69 20 14 58 38 3 71 61 7 
31 50 50 47 8 30 41 39 0 29 30 47 42 8 36 16 19 49 39 15 
28 47 47 50 5 27 44 36 3 26 27 44 45 11 33 13 22 46 36 18 

52 50 68 3 50 3 63 48 24 80 76 55 1 51 16 20 43 1 77 32 
24 22 40 31 22 31 35 20 4 52 48 27 29 23 12 8 15 27 49 4 
67 65 83 12 65 12 78 63 39 95 91 70 14 66 31 35 58 16 92 47 
52 50 68 3 50 3 63 48 24 80 76 55 1 51 16 20 43 1 77 32 
8 10 8 63 10 63 3 12 36 20 16 5 61 9 44 40 17 59 17 28 
39 37 55 16 37 16 50 35 11 67 63 42 14 38 3 7 30 12 64 19 
13 15 3 68 15 68 2 17 41 15 11 10 66 14 49 45 22 64 12 33 
10 12 6 65 12 65 1 14 38 18 14 7 63 11 46 42 19 61 15 30 
53 51 69 2 51 2 64 49 25 81 77 56 0 52 17 21 44 2 78 33 
14 16 2 69 16 69 3 18 42 14 10 11 67 15 50 46 23 65 11 34 
21 23 5 76 23 76 10 25 49 7 3 18 74 22 57 53 30 72 4 41 
20 18 36 35 18 35 31 16 8 48 44 23 33 19 16 12 11 31 45 0 
20 22 4 75 22 75 9 24 48 8 4 17 73 21 56 52 29 71 5 40 
16 18 0 71 18 71 5 20 44 12 8 13 69 17 52 48 25 67 9 36 
17 19 1 72 19 72 6 21 45 11 7 14 70 18 53 49 26 68 8 37 
7 5 23 48 5 48 18 3 21 35 31 10 46 6 29 25 2 44 32 13 
29 27 45 26 27 26 40 25 1 57 53 32 24 28 7 3 20 22 54 9 
42 40 58 13 40 13 53 38 14 70 66 45 11 41 6 10 33 9 67 22 
20 18 36 35 18 35 31 16 8 48 44 23 33 19 16 12 11 31 45 0 
17 15 33 38 15 38 28 13 11 45 41 20 36 16 19 15 8 34 42 3 

9 66 25 22 6 5 29 10 23 27 36 6 79 12 12 14 75 70 52 28 
19 38 3 6 34 23 1 18 5 1 8 22 51 40 40 42 47 42 24 0 
24 81 40 37 9 20 44 25 38 42 51 21 94 3 3 1 90 85 67 43 
9 66 25 22 6 5 29 10 23 27 36 6 79 12 12 14 75 70 52 28 
51 6 35 38 66 55 31 50 37 33 24 54 19 72 72 74 15 10 8 32 
4 53 12 9 19 8 16 3 10 14 23 7 66 25 25 27 62 57 39 15 
56 1 40 43 71 60 36 55 42 38 29 59 14 77 77 79 10 5 13 37 
53 4 37 40 68 57 33 52 39 35 26 56 17 74 74 76 13 8 10 34 
10 67 26 23 5 6 30 11 24 28 37 7 80 11 11 13 76 71 53 29 
57 0 41 44 72 61 37 56 43 39 30 60 13 78 78 80 9 4 14 38 
64 7 48 51 79 68 44 63 50 46 37 67 6 85 85 87 2 3 21 45 
23 34 7 10 38 27 3 22 9 5 4 26 47 44 44 46 43 38 20 4 
63 6 47 50 78 67 43 62 49 45 36 66 7 84 84 86 3 2 20 44 
59 2 43 46 74 63 39 58 45 41 32 62 11 80 80 82 7 2 16 40 
60 3 44 47 75 64 40 59 46 42 33 63 10 81 81 83 6 1 17 41 
36 21 20 23 51 40 16 35 22 18 9 39 34 57 57 59 30 25 7 17 
14 43 2 1 29 18 6 13 0 4 13 17 56 35 35 37 52 47 29 5 
1 56 15 12 16 5 19 0 13 17 26 4 69 22 22 24 65 60 42 18 
23 34 7 10 38 27 3 22 9 5 4 26 47 44 44 46 43 38 20 4 
26 31 10 13 41 30 6 25 12 8 1 29 44 47 47 49 40 35 17 7 

67 8 3 49 23 73 21 13 48 9 14 22 16 46 60 11 29 14 14 69 
39 20 31 21 5 45 7 15 20 37 14 6 12 18 32 17 1 42 14 41 
82 23 12 64 38 88 36 28 63 6 29 37 31 61 75 26 44 1 29 84 
67 8 3 49 23 73 21 13 48 9 14 22 16 46 60 11 29 14 14 69 
7 52 63 11 37 13 39 47 12 69 46 38 44 14 0 49 31 74 46 9 
54 5 16 36 10 60 8 0 35 22 1 9 3 33 47 2 16 27 1 56 
2 57 68 16 42 8 44 52 17 74 51 43 49 19 5 54 36 79 51 4 
5 54 65 13 39 11 41 49 14 71 48 40 46 16 2 51 33 76 48 7 
68 9 2 50 24 74 22 14 49 8 15 23 17 47 61 12 30 13 15 70 
1 58 69 17 43 7 45 53 18 75 52 44 50 20 6 55 37 80 52 3 
6 65 76 24 50 0 52 60 25 82 59 51 57 27 13 62 44 87 59 4 
35 24 35 17 9 41 11 19 16 41 18 10 16 14 28 21 3 46 18 37 
5 64 75 23 49 1 51 59 24 81 58 50 56 26 12 61 43 86 58 3 
1 60 71 19 45 5 47 55 20 77 54 46 52 22 8 57 39 82 54 1 
2 61 72 20 46 4 48 56 21 78 55 47 53 23 9 58 40 83 55 0 
22 37 48 4 22 28 24 32 3 54 31 23 29 1 15 34 16 59 31 24 
44 15 26 26 0 50 2 10 25 32 9 1 7 23 37 12 6 37 9 46 
57 2 13 39 13 63 11 3 38 19 4 12 6 36 50 1 19 24 4 59 
35 24 35 17 9 41 11 19 16 41 18 10 16 14 28 21 3 46 18 37 
32 27 38 14 12 38 14 22 13 44 21 13 19 11 25 24 6 49 21 34 

60 79 79 18 37 59 12 68 29 58 59 76 13 21 65 45 10 78 68 14 
27 46 46 51 4 26 45 35 4 25 26 43 46 12 32 12 23 45 35 19 
20 1 1 98 43 21 92 12 51 22 21 4 93 59 15 35 70 2 12 66 
13 32 32 65 10 12 59 21 18 11 12 29 60 26 18 2 37 31 21 33 
0 19 19 78 23 1 72 8 31 2 1 16 73 39 5 15 50 18 8 46 
19 38 38 59 4 18 53 27 12 17 18 35 54 20 24 4 31 37 27 27 
12 31 31 66 11 11 60 20 19 10 11 28 61 27 17 3 38 30 20 34 
19 0 0 97 42 20 91 11 50 21 20 3 92 58 14 34 69 1 11 65 
32 51 51 46 9 31 40 40 1 30 31 48 41 7 37 17 18 50 40 14 
9 10 10 87 32 10 81 1 40 11 10 7 82 48 4 24 59 9 1 55 
73 92 92 5 50 72 1 81 42 71 72 89 0 34 78 58 23 91 81 27 
16 35 35 62 7 15 56 24 15 14 15 32 57 23 21 1 34 34 24 30 
25 44 44 53 2 24 47 33 6 23 24 41 48 14 30 10 25 43 33 21 
15 34 34 63 8 14 57 23 16 13 14 31 58 24 20 0 35 33 23 31 
12 31 31 66 11 11 60 20 19 10 11 28 61 27 17 3 38 30 20 34 
55 74 74 23 32 54 17 63 24 53 54 71 18 16 60 40 5 73 63 9 
6 13 13 84 29 7 78 2 37 8 7 10 79 45 1 21 56 12 2 52 
72 91 91 6 49 71 0 80 41 70 71 88 1 33 77 57 22 90 80 26 
77 96 96 1 54 76 5 85 46 75 76 93 4 38 82 62 27 95 85 31 
4 23 23 74 19 3 68 12 27 2 3 20 69 35 9 11 46 22 12 42 

49 47 65 6 47 6 60 45 21 77 73 52 4 48 13 17 40 2 74 29 
16 14 32 39 14 39 27 12 12 44 40 19 37 15 20 16 7 35 41 4 
31 33 15 86 33 86 20 35 59 3 7 28 84 32 67 63 40 82 6 51 
2 0 18 53 0 53 13 2 26 30 26 5 51 1 34 30 7 49 27 18 
11 13 5 66 13 66 0 15 39 17 13 8 64 12 47 43 20 62 14 31 
8 6 24 47 6 47 19 4 20 36 32 11 45 7 28 24 1 43 33 12 
1 1 17 54 1 54 12 3 27 29 25 4 52 0 35 31 8 50 26 19 
30 32 14 85 32 85 19 34 58 2 6 27 83 31 66 62 39 81 5 50 
21 19 37 34 19 34 32 17 7 49 45 24 32 20 15 11 12 30 46 1 
20 22 4 75 22 75 9 24 48 8 4 17 73 21 56 52 29 71 5 40 
62 60 78 7 60 7 73 58 34 90 86 65 9 61 26 30 53 11 87 42 
5 3 21 50 3 50 16 1 23 33 29 8 48 4 31 27 4 46 30 15 
14 12 30 41 12 41 25 10 14 42 38 17 39 13 22 18 5 37 39 6 
4 2 20 51 2 51 15 0 24 32 28 7 49 3 32 28 5 47 29 16 
1 1 17 54 1 54 12 3 27 29 25 4 52 0 35 31 8 50 26 19 
44 42 60 11 42 11 55 40 16 72 68 47 9 43 8 12 35 7 69 24 
17 19 1 72 19 72 6 21 45 11 7 14 70 18 53 49 26 68 8 37 
61 59 77 6 59 6 72 57 33 89 85 64 8 60 25 29 52 10 86 41 
66 64 82 11 64 11 77 62 38 94 90 69 13 65 30 34 57 15 91 46 
7 9 9 62 9 62 4 11 35 21 17 4 60 8 43 39 16 58 18 27 

6 63 22 19 9 2 26 7 20 24 33 3 76 15 15 17 72 67 49 25 
27 30 11 14 42 31 7 26 13 9 0 30 43 48 48 50 39 34 16 8 
74 17 58 61 89 78 54 73 60 56 47 77 4 95 95 97 8 13 31 55 
41 16 25 28 56 45 21 40 27 23 14 44 29 62 62 64 25 20 2 22 
54 3 38 41 69 58 34 53 40 36 27 57 16 75 75 77 12 7 11 35 
35 22 19 22 50 39 15 34 21 17 8 38 35 56 56 58 31 26 8 16 
42 15 26 29 57 46 22 41 28 24 15 45 28 63 63 65 24 19 1 23 
73 16 57 60 88 77 53 72 59 55 46 76 3 94 94 96 7 12 30 54 
22 35 6 9 37 26 2 21 8 4 5 25 48 43 43 45 44 39 21 3 
63 6 47 50 78 67 43 62 49 45 36 66 7 84 84 86 3 2 20 44 
19 76 35 32 4 15 39 20 33 37 46 16 89 2 2 4 85 80 62 38 
38 19 22 25 53 42 18 37 24 20 11 41 32 59 59 61 28 23 5 19 
29 28 13 16 44 33 9 28 15 11 2 32 41 50 50 52 37 32 14 10 
39 18 23 26 54 43 19 38 25 21 12 42 31 60 60 62 27 22 4 20 
42 15 26 29 57 46 22 41 28 24 15 45 28 63 63 65 24 19 1 23 
1 58 17 14 14 3 21 2 15 19 28 2 71 20 20 22 67 62 44 20 
60 3 44 47 75 64 40 59 46 42 33 63 10 81 81 83 6 1 17 41 
18 75 34 31 3 14 38 19 32 36 45 15 88 3 3 5 84 79 61 37 
23 80 39 36 8 19 43 24 37 41 50 20 93 2 2 0 89 84 66 42 
50 7 34 37 65 54 30 49 36 32 23 53 20 71 71 73 16 11 7 31 

64 5 6 46 20 70 18 10 45 12 11 19 13 43 57 8 26 17 11 66 
31 28 39 13 13 37 15 23 12 45 22 14 20 10 24 25 7 50 22 33 
16 75 86 34 60 10 62 70 35 92 69 61 67 37 23 72 54 97 69 14 
17 42 53 1 27 23 29 37 2 59 36 28 34 4 10 39 21 64 36 19 
4 55 66 14 40 10 42 50 15 72 49 41 47 17 3 52 34 77 49 6 
23 36 47 5 21 29 23 31 4 53 30 22 28 2 16 33 15 58 30 25 
16 43 54 2 28 22 30 38 3 60 37 29 35 5 9 40 22 65 37 18 
15 74 85 33 59 9 61 69 34 91 68 60 66 36 22 71 53 96 68 13 
36 23 34 18 8 42 10 18 17 40 17 9 15 15 29 20 2 45 17 38 
5 64 75 23 49 1 51 59 24 81 58 50 56 26 12 61 43 86 58 3 
77 18 7 59 33 83 31 23 58 1 24 32 26 56 70 21 39 4 24 79 
20 39 50 2 24 26 26 34 1 56 33 25 31 1 13 36 18 61 33 22 
29 30 41 11 15 35 17 25 10 47 24 16 22 8 22 27 9 52 24 31 
19 40 51 1 25 25 27 35 0 57 34 26 32 2 12 37 19 62 34 21 
16 43 54 2 28 22 30 38 3 60 37 29 35 5 9 40 22 65 37 18 
59 0 11 41 15 65 13 5 40 17 6 14 8 38 52 3 21 22 6 61 
2 61 72 20 46 4 48 56 21 78 55 47 53 23 9 58 40 83 55 0 
76 17 6 58 32 82 30 22 57 0 23 31 25 55 69 20 38 5 23 78 
81 22 11 63 37 87 35 27 62 5 28 36 30 60 74 25 43 0 28 83 
8 51 62 10 36 14 38 46 11 68 45 37 43 13 1 48 30 73 45 10 

11 13 5 66 13 66 0 15 39 17 13 8 64 12 47 43 20 62 14 31 
30 32 14 85 32 85 19 34 58 2 6 27 83 31 66 62 39 81 5 50 
30 32 14 85 32 85 19 34 58 2 6 27 83 31 66 62 39 81 5 50 
67 65 83 12 65 12 78 63 39 95 91 70 14 66 31 35 58 16 92 47 
12 10 28 43 10 43 23 8 16 40 36 15 41 11 24 20 3 39 37 8 
10 12 6 65 12 65 1 14 38 18 14 7 63 11 46 42 19 61 15 30 
61 59 77 6 59 6 72 57 33 89 85 64 8 60 25 29 52 10 86 41 
19 21 3 74 21 74 8 23 47 9 5 16 72 20 55 51 28 70 6 39 
20 18 36 35 18 35 31 16 8 48 44 23 33 19 16 12 11 31 45 0 
9 11 7 64 11 64 2 13 37 19 15 6 62 10 45 41 18 60 16 29 
10 12 6 65 12 65 1 14 38 18 14 7 63 11 46 42 19 61 15 30 
27 29 11 82 29 82 16 31 55 1 3 24 80 28 63 59 36 78 2 47 
62 60 78 7 60 7 73 58 34 90 86 65 9 61 26 30 53 11 87 42 
28 26 44 27 26 27 39 24 0 56 52 31 25 27 8 4 19 23 53 8 
16 18 0 71 18 71 5 20 44 12 8 13 69 17 52 48 25 67 9 36 
4 2 20 51 2 51 15 0 24 32 28 7 49 3 32 28 5 47 29 16 
39 37 55 16 37 16 50 35 11 67 63 42 14 38 3 7 30 12 64 19 
29 31 13 84 31 84 18 33 57 1 5 26 82 30 65 61 38 80 4 49 
19 21 3 74 21 74 8 23 47 9 5 16 72 20 55 51 28 70 6 39 
35 33 51 20 33 20 46 31 7 63 59 38 18 34 1 3 26 16 60 15 

54 3 38 41 69 58 34 53 40 36 27 57 16 75 75 77 12 7 11 35 
73 16 57 60 88 77 53 72 59 55 46 76 3 94 94 96 7 12 30 54 
73 16 57 60 88 77 53 72 59 55 46 76 3 94 94 96 7 12 30 54 
24 81 40 37 9 20 44 25 38 42 51 21 94 3 3 1 90 85 67 43 
31 26 15 18 46 35 11 30 17 13 4 34 39 52 52 54 35 30 12 12 
53 4 37 40 68 57 33 52 39 35 26 56 17 74 74 76 13 8 10 34 
18 75 34 31 3 14 38 19 32 36 45 15 88 3 3 5 84 79 61 37 
62 5 46 49 77 66 42 61 48 44 35 65 8 83 83 85 4 1 19 43 
23 34 7 10 38 27 3 22 9 5 4 26 47 44 44 46 43 38 20 4 
52 5 36 39 67 56 32 51 38 34 25 55 18 73 73 75 14 9 9 33 
53 4 37 40 68 57 33 52 39 35 26 56 17 74 74 76 13 8 10 34 
70 13 54 57 85 74 50 69 56 52 43 73 0 91 91 93 4 9 27 51 
19 76 35 32 4 15 39 20 33 37 46 16 89 2 2 4 85 80 62 38 
15 42 1 2 30 19 5 14 1 3 12 18 55 36 36 38 51 46 28 4 
59 2 43 46 74 63 39 58 45 41 32 62 11 80 80 82 7 2 16 40 
39 18 23 26 54 43 19 38 25 21 12 42 31 60 60 62 27 22 4 20 
4 53 12 9 19 8 16 3 10 14 23 7 66 25 25 27 62 57 39 15 
72 15 56 59 87 76 52 71 58 54 45 75 2 93 93 95 6 11 29 53 
62 5 46 49 77 66 42 61 48 44 35 65 8 83 83 85 4 1 19 43 
8 49 8 5 23 12 12 7 6 10 19 11 62 29 29 31 58 53 35 11 

4 55 66 14 40 10 42 50 15 72 49 41 47 17 3 52 34 77 49 6 
15 74 85 33 59 9 61 69 34 91 68 60 66 36 22 71 53 96 68 13 
15 74 85 33 59 9 61 69 34 91 68 60 66 36 22 71 53 96 68 13 
82 23 12 64 38 88 36 28 63 6 29 37 31 61 75 26 44 1 29 84 
27 32 43 9 17 33 19 27 8 49 26 18 24 6 20 29 11 54 26 29 
5 54 65 13 39 11 41 49 14 71 48 40 46 16 2 51 33 76 48 7 
76 17 6 58 32 82 30 22 57 0 23 31 25 55 69 20 38 5 23 78 
4 63 74 22 48 2 50 58 23 80 57 49 55 25 11 60 42 85 57 2 
35 24 35 17 9 41 11 19 16 41 18 10 16 14 28 21 3 46 18 37 
6 53 64 12 38 12 40 48 13 70 47 39 45 15 1 50 32 75 47 8 
5 54 65 13 39 11 41 49 14 71 48 40 46 16 2 51 33 76 48 7 
12 71 82 30 56 6 58 66 31 88 65 57 63 33 19 68 50 93 65 10 
77 18 7 59 33 83 31 23 58 1 24 32 26 56 70 21 39 4 24 79 
43 16 27 25 1 49 3 11 24 33 10 2 8 22 36 13 5 38 10 45 
1 60 71 19 45 5 47 55 20 77 54 46 52 22 8 57 39 82 54 1 
19 40 51 1 25 25 27 35 0 57 34 26 32 2 12 37 19 62 34 21 
54 5 16 36 10 60 8 0 35 22 1 9 3 33 47 2 16 27 1 56 
14 73 84 32 58 8 60 68 33 90 67 59 65 35 21 70 52 95 67 12 
4 63 74 22 48 2 50 58 23 80 57 49 55 25 11 60 42 85 57 2 
50 9 20 32 6 56 4 4 31 26 3 5 1 29 43 6 12 31 3 52 

43 14 27 30 58 47 23 42 29 25 16 46 27 64 64 66 23 18 0 24 
41 16 25 28 56 45 21 40 27 23 14 44 29 62 62 64 25 20 2 22 
59 2 43 46 74 63 39 58 45 41 32 62 11 80 80 82 7 2 16 40 
12 69 28 25 3 8 32 13 26 30 39 9 82 9 9 11 78 73 55 31 
41 16 25 28 56 45 21 40 27 23 14 44 29 62 62 64 25 20 2 22 
12 69 28 25 3 8 32 13 26 30 39 9 82 9 9 11 78 73 55 31 
54 3 38 41 69 58 34 53 40 36 27 57 16 75 75 77 12 7 11 35 
39 18 23 26 54 43 19 38 25 21 12 42 31 60 60 62 27 22 4 20 
15 42 1 2 30 19 5 14 1 3 12 18 55 36 36 38 51 46 28 4 
71 14 55 58 86 75 51 70 57 53 44 74 1 92 92 94 5 10 28 52 
67 10 51 54 82 71 47 66 53 49 40 70 3 88 88 90 1 6 24 48 
46 11 30 33 61 50 26 45 32 28 19 49 24 67 67 69 20 15 3 27 
10 67 26 23 5 6 30 11 24 28 37 7 80 11 11 13 76 71 53 29 
42 15 26 29 57 46 22 41 28 24 15 45 28 63 63 65 24 19 1 23 
7 50 9 6 22 11 13 6 7 11 20 10 63 28 28 30 59 54 36 12 
11 46 5 2 26 15 9 10 3 7 16 14 59 32 32 34 55 50 32 8 
34 23 18 21 49 38 14 33 20 16 7 37 36 55 55 57 32 27 9 15 
8 65 24 21 7 4 28 9 22 26 35 5 78 13 13 15 74 69 51 27 
68 11 52 55 83 72 48 67 54 50 41 71 2 89 89 91 2 7 25 49 
23 34 7 10 38 27 3 22 9 5 4 26 47 44 44 46 43 38 20 4 

15 44 55 3 29 21 31 39 4 61 38 30 36 6 8 41 23 66 38 17 
17 42 53 1 27 23 29 37 2 59 36 28 34 4 10 39 21 64 36 19 
1 60 71 19 45 5 47 55 20 77 54 46 52 22 8 57 39 82 54 1 
70 11 0 52 26 76 24 16 51 6 17 25 19 49 63 14 32 11 17 72 
17 42 53 1 27 23 29 37 2 59 36 28 34 4 10 39 21 64 36 19 
70 11 0 52 26 76 24 16 51 6 17 25 19 49 63 14 32 11 17 72 
4 55 66 14 40 10 42 50 15 72 49 41 47 17 3 52 34 77 49 6 
19 40 51 1 25 25 27 35 0 57 34 26 32 2 12 37 19 62 34 21 
43 16 27 25 1 49 3 11 24 33 10 2 8 22 36 13 5 38 10 45 
13 72 83 31 57 7 59 67 32 89 66 58 64 34 20 69 51 94 66 11 
9 68 79 27 53 3 55 63 28 85 62 54 60 30 16 65 47 90 62 7 
12 47 58 6 32 18 34 42 7 64 41 33 39 9 5 44 26 69 41 14 
68 9 2 50 24 74 22 14 49 8 15 23 17 47 61 12 30 13 15 70 
16 43 54 2 28 22 30 38 3 60 37 29 35 5 9 40 22 65 37 18 
51 8 19 33 7 57 5 3 32 25 2 6 0 30 44 5 13 30 2 53 
47 12 23 29 3 53 1 7 28 29 6 2 4 26 40 9 9 34 6 49 
24 35 46 6 20 30 22 30 5 52 29 21 27 3 17 32 14 57 29 26 
66 7 4 48 22 72 20 12 47 10 13 21 15 45 59 10 28 15 13 68 
10 69 80 28 54 4 56 64 29 86 63 55 61 31 17 66 48 91 63 8 
35 24 35 17 9 41 11 19 16 41 18 10 16 14 28 21 3 46 18 37 

58 1 12 40 14 64 12 4 39 18 5 13 7 37 51 2 20 23 5 60 
1 58 69 17 43 7 45 53 18 75 52 44 50 20 6 55 37 80 52 3 
42 17 28 24 2 48 4 12 23 34 11 3 9 21 35 14 4 39 11 44 
45 14 25 27 1 51 1 9 26 31 8 0 6 24 38 11 7 36 8 47 
73 14 3 55 29 79 27 19 54 3 20 28 22 52 66 17 35 8 20 75 
62 3 8 44 18 68 16 8 43 14 9 17 11 41 55 6 24 19 9 64 
38 21 32 20 6 44 8 16 19 38 15 7 13 17 31 18 0 43 15 40 
57 2 13 39 13 63 11 3 38 19 4 12 6 36 50 1 19 24 4 59 
44 15 26 26 0 50 2 10 25 32 9 1 7 23 37 12 6 37 9 46 
40 19 30 22 4 46 6 14 21 36 13 5 11 19 33 16 2 41 13 42 
31 28 39 13 13 37 15 23 12 45 22 14 20 10 24 25 7 50 22 33 
61 2 9 43 17 67 15 7 42 15 8 16 10 40 54 5 23 20 8 63 
12 71 82 30 56 6 58 66 31 88 65 57 63 33 19 68 50 93 65 10 
79 20 9 61 35 85 33 25 60 3 26 34 28 58 72 23 41 2 26 81 
79 20 9 61 35 85 33 25 60 3 26 34 28 58 72 23 41 2 26 81 
81 22 11 63 37 87 35 27 62 5 28 36 30 60 74 25 43 0 28 83 
8 67 78 26 52 2 54 62 27 84 61 53 59 29 15 64 46 89 61 6 
3 62 73 21 47 3 49 57 22 79 56 48 54 24 10 59 41 84 56 1 
15 44 55 3 29 21 31 39 4 61 38 30 36 6 8 41 23 66 38 17 
39 20 31 21 5 45 7 15 20 37 14 6 12 18 32 17 1 42 14 41 

