18 9 

15 69 40 17 69 24 58 40 78 69 69 55 5 11 11 13 12 46 
88 4 33 90 4 49 15 33 5 4 4 18 78 84 62 60 61 27 
93 9 38 95 9 54 20 38 0 9 9 23 83 89 67 65 66 32 
1 85 56 1 85 40 74 56 94 85 85 71 11 5 27 29 28 62 
54 30 1 56 30 15 19 1 39 30 30 16 44 50 28 26 27 7 
66 18 11 68 18 27 7 11 27 18 18 4 56 62 40 38 39 5 
80 4 25 82 4 41 7 25 13 4 4 10 70 76 54 52 53 19 
47 37 8 49 37 8 26 8 46 37 37 23 37 43 21 19 20 14 
83 1 28 85 1 44 10 28 10 1 1 13 73 79 57 55 56 22 
40 44 15 42 44 1 33 15 53 44 44 30 30 36 14 12 13 21 
41 43 14 43 43 2 32 14 52 43 43 29 31 37 15 13 14 20 
94 10 39 96 10 55 21 39 1 10 10 24 84 90 68 66 67 33 
44 40 11 46 40 5 29 11 49 40 40 26 34 40 18 16 17 17 
89 5 34 91 5 50 16 34 4 5 5 19 79 85 63 61 62 28 
64 20 9 66 20 25 9 9 29 20 20 6 54 60 38 36 37 3 
23 61 32 25 61 16 50 32 70 61 61 47 13 19 3 5 4 38 
76 8 21 78 8 37 3 21 17 8 8 6 66 72 50 48 49 15 
53 31 2 55 31 14 20 2 40 31 31 17 43 49 27 25 26 8 

61 24 18 71 12 9 50 6 74 8 36 61 43 46 54 46 55 11 
12 49 55 2 85 64 23 67 1 65 37 12 30 27 19 27 18 84 
17 54 60 7 90 69 28 72 4 70 42 17 35 32 24 32 23 89 
77 40 34 87 4 25 66 22 90 24 52 77 59 62 70 62 71 5 
22 15 21 32 51 30 11 33 35 31 3 22 4 7 15 7 16 50 
10 27 33 20 63 42 1 45 23 43 15 10 8 5 3 5 4 62 
4 41 47 6 77 56 15 59 9 57 29 4 22 19 11 19 10 76 
29 8 14 39 44 23 18 26 42 24 4 29 11 14 22 14 23 43 
7 44 50 3 80 59 18 62 6 60 32 7 25 22 14 22 13 79 
36 1 7 46 37 16 25 19 49 17 11 36 18 21 29 21 30 36 
35 2 8 45 38 17 24 20 48 18 10 35 17 20 28 20 29 37 
18 55 61 8 91 70 29 73 5 71 43 18 36 33 25 33 24 90 
32 5 11 42 41 20 21 23 45 21 7 32 14 17 25 17 26 40 
13 50 56 3 86 65 24 68 0 66 38 13 31 28 20 28 19 85 
12 25 31 22 61 40 1 43 25 41 13 12 6 3 5 3 6 60 
53 16 10 63 20 1 42 2 66 0 28 53 35 38 46 38 47 19 
0 37 43 10 73 52 11 55 13 53 25 0 18 15 7 15 6 72 
23 14 20 33 50 29 12 32 36 30 2 23 5 8 16 8 17 49 

43 66 19 46 20 27 3 20 56 32 19 1 16 2 11 12 45 3 
30 7 92 27 53 46 70 53 17 41 92 72 89 75 62 61 28 70 
35 12 97 32 58 51 75 58 22 46 97 77 94 80 67 66 33 75 
59 82 3 62 36 43 19 36 72 48 3 17 0 14 27 28 61 19 
4 27 58 7 19 12 36 19 17 7 58 38 55 41 28 27 6 36 
8 15 70 5 31 24 48 31 5 19 70 50 67 53 40 39 6 48 
22 1 84 19 45 38 62 45 9 33 84 64 81 67 54 53 20 62 
11 34 51 14 12 5 29 12 24 0 51 31 48 34 21 20 13 29 
25 2 87 22 48 41 65 48 12 36 87 67 84 70 57 56 23 65 
18 41 44 21 5 2 22 5 31 7 44 24 41 27 14 13 20 22 
17 40 45 20 6 1 23 6 30 6 45 25 42 28 15 14 19 23 
36 13 98 33 59 52 76 59 23 47 98 78 95 81 68 67 34 76 
14 37 48 17 9 2 26 9 27 3 48 28 45 31 18 17 16 26 
31 8 93 28 54 47 71 54 18 42 93 73 90 76 63 62 29 71 
6 17 68 3 29 22 46 29 7 17 68 48 65 51 38 37 4 46 
35 58 27 38 12 19 5 12 48 24 27 7 24 10 3 4 37 5 
18 5 80 15 41 34 58 41 5 29 80 60 77 63 50 49 16 58 
5 28 57 8 18 11 35 18 18 6 57 37 54 40 27 26 7 35 

18 55 28 8 62 43 6 49 10 2 51 43 65 62 10 66 19 64 
91 18 45 81 11 30 79 24 83 75 22 30 8 11 83 7 54 9 
96 23 50 86 16 35 84 29 88 80 27 35 13 16 88 12 59 14 
2 71 44 8 78 59 10 65 6 14 67 59 81 78 6 82 35 80 
57 16 11 47 23 4 45 10 49 41 12 4 26 23 49 27 20 25 
69 4 23 59 11 8 57 2 61 53 0 8 14 11 61 15 32 13 
83 10 37 73 3 22 71 16 75 67 14 22 0 3 75 1 46 1 
50 23 4 40 30 11 38 17 42 34 19 11 33 30 42 34 13 32 
86 13 40 76 6 25 74 19 78 70 17 25 3 6 78 2 49 4 
43 30 3 33 37 18 31 24 35 27 26 18 40 37 35 41 6 39 
44 29 2 34 36 17 32 23 36 28 25 17 39 36 36 40 7 38 
97 24 51 87 17 36 85 30 89 81 28 36 14 17 89 13 60 15 
47 26 1 37 33 14 35 20 39 31 22 14 36 33 39 37 10 35 
92 19 46 82 12 31 80 25 84 76 23 31 9 12 84 8 55 10 
67 6 21 57 13 6 55 0 59 51 2 6 16 13 59 17 30 15 
26 47 20 16 54 35 14 41 18 10 43 35 57 54 18 58 11 56 
79 6 33 69 1 18 67 12 71 63 10 18 4 1 71 5 42 3 
56 17 10 46 24 5 44 11 48 40 13 5 27 24 48 28 19 26 

67 19 55 16 13 28 73 11 66 63 15 5 61 18 3 3 24 13 
6 92 18 89 86 45 0 62 7 10 88 78 12 91 70 70 49 86 
11 97 23 94 91 50 5 67 12 15 93 83 17 96 75 75 54 91 
83 3 71 0 3 44 89 27 82 79 1 11 77 2 19 19 40 3 
28 58 16 55 52 11 34 28 27 24 54 44 22 57 36 36 15 52 
16 70 4 67 64 23 22 40 15 12 66 56 10 69 48 48 27 64 
2 84 10 81 78 37 8 54 1 2 80 70 4 83 62 62 41 78 
35 51 23 48 45 4 41 21 34 31 47 37 29 50 29 29 8 45 
1 87 13 84 81 40 5 57 2 5 83 73 7 86 65 65 44 81 
42 44 30 41 38 3 48 14 41 38 40 30 36 43 22 22 1 38 
41 45 29 42 39 2 47 15 40 37 41 31 35 44 23 23 2 39 
12 98 24 95 92 51 6 68 13 16 94 84 18 97 76 76 55 92 
38 48 26 45 42 1 44 18 37 34 44 34 32 47 26 26 5 42 
7 93 19 90 87 46 1 63 8 11 89 79 13 92 71 71 50 87 
18 68 6 65 62 21 24 38 17 14 64 54 12 67 46 46 25 62 
59 27 47 24 21 20 65 3 58 55 23 13 53 26 5 5 16 21 
6 80 6 77 74 33 12 50 5 2 76 66 0 79 58 58 37 74 
29 57 17 54 51 10 35 27 28 25 53 43 23 56 35 35 14 51 

13 42 2 6 42 20 25 48 74 67 48 43 1 3 11 0 2 19 
86 31 75 79 31 93 48 25 1 6 25 30 72 70 62 73 75 54 
91 36 80 84 36 98 53 30 4 11 30 35 77 75 67 78 80 59 
3 58 14 10 58 4 41 64 90 83 64 59 17 19 27 16 14 35 
52 3 41 45 3 59 14 9 35 28 9 4 38 36 28 39 41 20 
64 9 53 57 9 71 26 3 23 16 3 8 50 48 40 51 53 32 
78 23 67 71 23 85 40 17 9 2 17 22 64 62 54 65 67 46 
45 10 34 38 10 52 7 16 42 35 16 11 31 29 21 32 34 13 
81 26 70 74 26 88 43 20 6 1 20 25 67 65 57 68 70 49 
38 17 27 31 17 45 0 23 49 42 23 18 24 22 14 25 27 6 
39 16 28 32 16 46 1 22 48 41 22 17 25 23 15 26 28 7 
92 37 81 85 37 99 54 31 5 12 31 36 78 76 68 79 81 60 
42 13 31 35 13 49 4 19 45 38 19 14 28 26 18 29 31 10 
87 32 76 80 32 94 49 26 0 7 26 31 73 71 63 74 76 55 
62 7 51 55 7 69 24 1 25 18 1 6 48 46 38 49 51 30 
21 34 10 14 34 28 17 40 66 59 40 35 7 5 3 8 10 11 
74 19 63 67 19 81 36 13 13 6 13 18 60 58 50 61 63 42 
51 4 40 44 4 58 13 10 36 29 10 5 37 35 27 38 40 19 

35 35 15 54 2 5 43 41 12 16 77 64 33 30 27 65 40 60 
38 38 58 19 75 68 30 32 61 57 4 9 40 43 46 8 33 13 
43 43 63 24 80 73 35 37 66 62 1 14 45 48 51 13 38 18 
51 51 31 70 14 21 59 57 28 32 93 80 49 46 43 81 56 76 
4 4 24 15 41 34 4 2 27 23 38 25 6 9 12 26 1 21 
16 16 36 3 53 46 8 10 39 35 26 13 18 21 24 14 11 9 
30 30 50 11 67 60 22 24 53 49 12 1 32 35 38 0 25 5 
3 3 17 22 34 27 11 9 20 16 45 32 1 2 5 33 8 28 
33 33 53 14 70 63 25 27 56 52 9 4 35 38 41 3 28 8 
10 10 10 29 27 20 18 16 13 9 52 39 8 5 2 40 15 35 
9 9 11 28 28 21 17 15 14 10 51 38 7 4 1 39 14 34 
44 44 64 25 81 74 36 38 67 63 2 15 46 49 52 14 39 19 
6 6 14 25 31 24 14 12 17 13 48 35 4 1 2 36 11 31 
39 39 59 20 76 69 31 33 62 58 3 10 41 44 47 9 34 14 
14 14 34 5 51 44 6 8 37 33 28 15 16 19 22 16 9 11 
27 27 7 46 10 3 35 33 4 8 69 56 25 22 19 57 32 52 
26 26 46 7 63 56 18 20 49 45 16 3 28 31 34 4 21 1 
3 3 23 16 40 33 5 3 26 22 39 26 5 8 11 27 2 22 

17 68 56 41 39 23 54 4 76 65 49 27 28 5 52 37 66 9 
56 5 17 32 34 50 19 69 3 8 24 46 45 78 21 36 7 82 
61 10 22 37 39 55 24 74 2 13 29 51 50 83 26 41 12 87 
33 84 72 57 55 39 70 20 92 81 65 43 44 11 68 53 82 7 
22 29 17 2 0 16 15 35 37 26 10 12 11 44 13 2 27 48 
34 17 5 10 12 28 3 47 25 14 2 24 23 56 1 14 15 60 
48 3 9 24 26 42 11 61 11 0 16 38 37 70 13 28 1 74 
15 36 24 9 7 9 22 28 44 33 17 5 4 37 20 5 34 41 
51 0 12 27 29 45 14 64 8 3 19 41 40 73 16 31 2 77 
8 43 31 16 14 2 29 21 51 40 24 2 3 30 27 12 41 34 
9 42 30 15 13 3 28 22 50 39 23 1 2 31 26 11 40 35 
62 11 23 38 40 56 25 75 3 14 30 52 51 84 27 42 13 88 
12 39 27 12 10 6 25 25 47 36 20 2 1 34 23 8 37 38 
57 6 18 33 35 51 20 70 2 9 25 47 46 79 22 37 8 83 
32 19 7 8 10 26 5 45 27 16 0 22 21 54 3 12 17 58 
9 60 48 33 31 15 46 4 68 57 41 19 20 13 44 29 58 17 
44 7 5 20 22 38 7 57 15 4 12 34 33 66 9 24 5 70 
21 30 18 3 1 15 16 34 38 27 11 11 10 43 14 1 28 47 

76 39 33 86 3 24 65 21 89 23 51 76 58 61 69 61 70 4 
8 45 51 2 81 60 19 63 5 61 33 8 26 23 15 23 14 80 
21 16 22 31 52 31 10 34 34 32 4 21 3 6 14 6 15 51 
78 41 35 88 5 26 67 23 91 25 53 78 60 63 71 63 72 6 
8 45 51 2 81 60 19 63 5 61 33 8 26 23 15 23 14 80 
37 0 6 47 36 15 26 18 50 16 12 37 19 22 30 22 31 35 
3 34 40 13 70 49 8 52 16 50 22 3 15 12 4 12 3 69 
21 16 22 31 52 31 10 34 34 32 4 21 3 6 14 6 15 51 
17 54 60 7 90 69 28 72 4 70 42 17 35 32 24 32 23 89 
8 45 51 2 81 60 19 63 5 61 33 8 26 23 15 23 14 80 
8 45 51 2 81 60 19 63 5 61 33 8 26 23 15 23 14 80 
6 31 37 16 67 46 5 49 19 47 19 6 12 9 1 9 0 66 
66 29 23 76 7 14 55 11 79 13 41 66 48 51 59 51 60 6 
72 35 29 82 1 20 61 17 85 19 47 72 54 57 65 57 66 0 
50 13 7 60 23 2 39 5 63 3 25 50 32 35 43 35 44 22 
48 11 5 58 25 4 37 7 61 5 23 48 30 33 41 33 42 24 
49 12 6 59 24 3 38 6 62 4 24 49 31 34 42 34 43 23 
15 22 28 25 58 37 4 40 28 38 10 15 3 0 8 0 9 57 

58 81 4 61 35 42 18 35 71 47 4 16 1 13 26 27 60 18 
26 3 88 23 49 42 66 49 13 37 88 68 85 71 58 57 24 66 
3 26 59 6 20 13 37 20 16 8 59 39 56 42 29 28 5 37 
60 83 2 63 37 44 20 37 73 49 2 18 1 15 28 29 62 20 
26 3 88 23 49 42 66 49 13 37 88 68 85 71 58 57 24 66 
19 42 43 22 4 3 21 4 32 8 43 23 40 26 13 12 21 21 
15 8 77 12 38 31 55 38 2 26 77 57 74 60 47 46 13 55 
3 26 59 6 20 13 37 20 16 8 59 39 56 42 29 28 5 37 
35 12 97 32 58 51 75 58 22 46 97 77 94 80 67 66 33 75 
26 3 88 23 49 42 66 49 13 37 88 68 85 71 58 57 24 66 
26 3 88 23 49 42 66 49 13 37 88 68 85 71 58 57 24 66 
12 11 74 9 35 28 52 35 1 23 74 54 71 57 44 43 10 52 
48 71 14 51 25 32 8 25 61 37 14 6 11 3 16 17 50 8 
54 77 8 57 31 38 14 31 67 43 8 12 5 9 22 23 56 14 
32 55 30 35 9 16 8 9 45 21 30 10 27 13 0 1 34 8 
30 53 32 33 7 14 10 7 43 19 32 12 29 15 2 1 32 10 
31 54 31 34 8 15 9 8 44 20 31 11 28 14 1 0 33 9 
3 20 65 0 26 19 43 26 10 14 65 45 62 48 35 34 1 43 

3 70 43 7 77 58 9 64 5 13 66 58 80 77 5 81 34 79 
87 14 41 77 7 26 75 20 79 71 18 26 4 7 79 3 50 5 
58 15 12 48 22 3 46 9 50 42 11 3 25 22 50 26 21 24 
1 72 45 9 79 60 11 66 7 15 68 60 82 79 7 83 36 81 
87 14 41 77 7 26 75 20 79 71 18 26 4 7 79 3 50 5 
42 31 4 32 38 19 30 25 34 26 27 19 41 38 34 42 5 40 
76 3 30 66 4 15 64 9 68 60 7 15 7 4 68 8 39 6 
58 15 12 48 22 3 46 9 50 42 11 3 25 22 50 26 21 24 
96 23 50 86 16 35 84 29 88 80 27 35 13 16 88 12 59 14 
87 14 41 77 7 26 75 20 79 71 18 26 4 7 79 3 50 5 
87 14 41 77 7 26 75 20 79 71 18 26 4 7 79 3 50 5 
73 0 27 63 7 12 61 6 65 57 4 12 10 7 65 11 36 9 
13 60 33 3 67 48 1 54 5 3 56 48 70 67 5 71 24 69 
7 66 39 3 73 54 5 60 1 9 62 54 76 73 1 77 30 75 
29 44 17 19 51 32 17 38 21 13 40 32 54 51 21 55 8 53 
31 42 15 21 49 30 19 36 23 15 38 30 52 49 23 53 6 51 
30 43 16 20 50 31 18 37 22 14 39 31 53 50 22 54 7 52 
64 9 18 54 16 3 52 3 56 48 5 3 19 16 56 20 27 18 

82 4 70 1 2 43 88 26 81 78 0 10 76 3 18 18 39 2 
2 88 14 85 82 41 4 58 3 6 84 74 8 87 66 66 45 82 
27 59 15 56 53 12 33 29 26 23 55 45 21 58 37 37 16 53 
84 2 72 1 4 45 90 28 83 80 2 12 78 1 20 20 41 4 
2 88 14 85 82 41 4 58 3 6 84 74 8 87 66 66 45 82 
43 43 31 40 37 4 49 13 42 39 39 29 37 42 21 21 0 37 
9 77 3 74 71 30 15 47 8 5 73 63 3 76 55 55 34 71 
27 59 15 56 53 12 33 29 26 23 55 45 21 58 37 37 16 53 
11 97 23 94 91 50 5 67 12 15 93 83 17 96 75 75 54 91 
2 88 14 85 82 41 4 58 3 6 84 74 8 87 66 66 45 82 
2 88 14 85 82 41 4 58 3 6 84 74 8 87 66 66 45 82 
12 74 0 71 68 27 18 44 11 8 70 60 6 73 52 52 31 68 
72 14 60 11 8 33 78 16 71 68 10 0 66 13 8 8 29 8 
78 8 66 5 2 39 84 22 77 74 4 6 72 7 14 14 35 2 
56 30 44 27 24 17 62 0 55 52 26 16 50 29 8 8 13 24 
54 32 42 29 26 15 60 2 53 50 28 18 48 31 10 10 11 26 
55 31 43 28 25 16 61 1 54 51 27 17 49 30 9 9 12 25 
21 65 9 62 59 18 27 35 20 17 61 51 15 64 43 43 22 59 

2 57 13 9 57 5 40 63 89 82 63 58 16 18 26 15 13 34 
82 27 71 75 27 89 44 21 5 2 21 26 68 66 58 69 71 50 
53 2 42 46 2 60 15 8 34 27 8 3 39 37 29 40 42 21 
4 59 15 11 59 3 42 65 91 84 65 60 18 20 28 17 15 36 
82 27 71 75 27 89 44 21 5 2 21 26 68 66 58 69 71 50 
37 18 26 30 18 44 1 24 50 43 24 19 23 21 13 24 26 5 
71 16 60 64 16 78 33 10 16 9 10 15 57 55 47 58 60 39 
53 2 42 46 2 60 15 8 34 27 8 3 39 37 29 40 42 21 
91 36 80 84 36 98 53 30 4 11 30 35 77 75 67 78 80 59 
82 27 71 75 27 89 44 21 5 2 21 26 68 66 58 69 71 50 
82 27 71 75 27 89 44 21 5 2 21 26 68 66 58 69 71 50 
68 13 57 61 13 75 30 7 19 12 7 12 54 52 44 55 57 36 
8 47 3 1 47 15 30 53 79 72 53 48 6 8 16 5 3 24 
2 53 9 5 53 9 36 59 85 78 59 54 12 14 22 11 9 30 
24 31 13 17 31 31 14 37 63 56 37 32 10 8 0 11 13 8 
26 29 15 19 29 33 12 35 61 54 35 30 12 10 2 13 15 6 
25 30 14 18 30 32 13 36 62 55 36 31 11 9 1 12 14 7 
59 4 48 52 4 66 21 2 28 21 2 3 45 43 35 46 48 27 

50 50 30 69 13 20 58 56 27 31 92 79 48 45 42 80 55 75 
34 34 54 15 71 64 26 28 57 53 8 5 36 39 42 4 29 9 
5 5 25 14 42 35 3 1 28 24 37 24 7 10 13 25 0 20 
52 52 32 71 15 22 60 58 29 33 94 81 50 47 44 82 57 77 
34 34 54 15 71 64 26 28 57 53 8 5 36 39 42 4 29 9 
11 11 9 30 26 19 19 17 12 8 53 40 9 6 3 41 16 36 
23 23 43 4 60 53 15 17 46 42 19 6 25 28 31 7 18 2 
5 5 25 14 42 35 3 1 28 24 37 24 7 10 13 25 0 20 
43 43 63 24 80 73 35 37 66 62 1 14 45 48 51 13 38 18 
34 34 54 15 71 64 26 28 57 53 8 5 36 39 42 4 29 9 
34 34 54 15 71 64 26 28 57 53 8 5 36 39 42 4 29 9 
20 20 40 1 57 50 12 14 43 39 22 9 22 25 28 10 15 5 
40 40 20 59 3 10 48 46 17 21 82 69 38 35 32 70 45 65 
46 46 26 65 9 16 54 52 23 27 88 75 44 41 38 76 51 71 
24 24 4 43 13 6 32 30 1 5 66 53 22 19 16 54 29 49 
22 22 2 41 15 8 30 28 1 3 64 51 20 17 14 52 27 47 
23 23 3 42 14 7 31 29 0 4 65 52 21 18 15 53 28 48 
11 11 31 8 48 41 3 5 34 30 31 18 13 16 19 19 6 14 

32 83 71 56 54 38 69 19 91 80 64 42 43 10 67 52 81 6 
52 1 13 28 30 46 15 65 7 4 20 42 41 74 17 32 3 78 
23 28 16 1 1 17 14 36 36 25 9 13 12 45 12 3 26 49 
34 85 73 58 56 40 71 21 93 82 66 44 45 12 69 54 83 8 
52 1 13 28 30 46 15 65 7 4 20 42 41 74 17 32 3 78 
7 44 32 17 15 1 30 20 52 41 25 3 4 29 28 13 42 33 
41 10 2 17 19 35 4 54 18 7 9 31 30 63 6 21 8 67 
23 28 16 1 1 17 14 36 36 25 9 13 12 45 12 3 26 49 
61 10 22 37 39 55 24 74 2 13 29 51 50 83 26 41 12 87 
52 1 13 28 30 46 15 65 7 4 20 42 41 74 17 32 3 78 
52 1 13 28 30 46 15 65 7 4 20 42 41 74 17 32 3 78 
38 13 1 14 16 32 1 51 21 10 6 28 27 60 3 18 11 64 
22 73 61 46 44 28 59 9 81 70 54 32 33 0 57 42 71 4 
28 79 67 52 50 34 65 15 87 76 60 38 39 6 63 48 77 2 
6 57 45 30 28 12 43 7 65 54 38 16 17 16 41 26 55 20 
4 55 43 28 26 10 41 9 63 52 36 14 15 18 39 24 53 22 
5 56 44 29 27 11 42 8 64 53 37 15 16 17 40 25 54 21 
29 22 10 5 7 23 8 42 30 19 3 19 18 51 6 9 20 55 

18 5 80 15 41 34 58 41 5 29 80 60 77 63 50 49 16 58 
19 42 43 22 4 3 21 4 32 8 43 23 40 26 13 12 21 21 
25 48 37 28 2 9 15 2 38 14 37 17 34 20 7 6 27 15 
28 5 90 25 51 44 68 51 15 39 90 70 87 73 60 59 26 68 
55 78 7 58 32 39 15 32 68 44 7 13 4 10 23 24 57 15 
34 57 28 37 11 18 6 11 47 23 28 8 25 11 2 3 36 6 
7 16 69 4 30 23 47 30 6 18 69 49 66 52 39 38 5 47 
37 60 25 40 14 21 3 14 50 26 25 5 22 8 5 6 39 3 
31 8 93 28 54 47 71 54 18 42 93 73 90 76 63 62 29 71 
35 58 27 38 12 19 5 12 48 24 27 7 24 10 3 4 37 5 
7 30 55 10 16 9 33 16 20 4 55 35 52 38 25 24 9 33 
18 5 80 15 41 34 58 41 5 29 80 60 77 63 50 49 16 58 
0 23 62 3 23 16 40 23 13 11 62 42 59 45 32 31 2 40 
3 20 65 0 26 19 43 26 10 14 65 45 62 48 35 34 1 43 
11 12 73 8 34 27 51 34 2 22 73 53 70 56 43 42 9 51 
3 20 65 0 26 19 43 26 10 14 65 45 62 48 35 34 1 43 
12 11 74 9 35 28 52 35 1 23 74 54 71 57 44 43 10 52 
54 77 8 57 31 38 14 31 67 43 8 12 5 9 22 23 56 14 

79 6 33 69 1 18 67 12 71 63 10 18 4 1 71 5 42 3 
42 31 4 32 38 19 30 25 34 26 27 19 41 38 34 42 5 40 
36 37 10 26 44 25 24 31 28 20 33 25 47 44 28 48 1 46 
89 16 43 79 9 28 77 22 81 73 20 28 6 9 81 5 52 7 
6 67 40 4 74 55 6 61 2 10 63 55 77 74 2 78 31 76 
27 46 19 17 53 34 15 40 19 11 42 34 56 53 19 57 10 55 
68 5 22 58 12 7 56 1 60 52 1 7 15 12 60 16 31 14 
24 49 22 14 56 37 12 43 16 8 45 37 59 56 16 60 13 58 
92 19 46 82 12 31 80 25 84 76 23 31 9 12 84 8 55 10 
26 47 20 16 54 35 14 41 18 10 43 35 57 54 18 58 11 56 
54 19 8 44 26 7 42 13 46 38 15 7 29 26 46 30 17 28 
79 6 33 69 1 18 67 12 71 63 10 18 4 1 71 5 42 3 
61 12 15 51 19 0 49 6 53 45 8 0 22 19 53 23 24 21 
64 9 18 54 16 3 52 3 56 48 5 3 19 16 56 20 27 18 
72 1 26 62 8 11 60 5 64 56 3 11 11 8 64 12 35 10 
64 9 18 54 16 3 52 3 56 48 5 3 19 16 56 20 27 18 
73 0 27 63 7 12 61 6 65 57 4 12 10 7 65 11 36 9 
7 66 39 3 73 54 5 60 1 9 62 54 76 73 1 77 30 75 

6 80 6 77 74 33 12 50 5 2 76 66 0 79 58 58 37 74 
43 43 31 40 37 4 49 13 42 39 39 29 37 42 21 21 0 37 
49 37 37 34 31 10 55 7 48 45 33 23 43 36 15 15 6 31 
4 90 16 87 84 43 2 60 5 8 86 76 10 89 68 68 47 84 
79 7 67 4 1 40 85 23 78 75 3 7 73 6 15 15 36 1 
58 28 46 25 22 19 64 2 57 54 24 14 52 27 6 6 15 22 
17 69 5 66 63 22 23 39 16 13 65 55 11 68 47 47 26 63 
61 25 49 22 19 22 67 5 60 57 21 11 55 24 3 3 18 19 
7 93 19 90 87 46 1 63 8 11 89 79 13 92 71 71 50 87 
59 27 47 24 21 20 65 3 58 55 23 13 53 26 5 5 16 21 
31 55 19 52 49 8 37 25 30 27 51 41 25 54 33 33 12 49 
6 80 6 77 74 33 12 50 5 2 76 66 0 79 58 58 37 74 
24 62 12 59 56 15 30 32 23 20 58 48 18 61 40 40 19 56 
21 65 9 62 59 18 27 35 20 17 61 51 15 64 43 43 22 59 
13 73 1 70 67 26 19 43 12 9 69 59 7 72 51 51 30 67 
21 65 9 62 59 18 27 35 20 17 61 51 15 64 43 43 22 59 
12 74 0 71 68 27 18 44 11 8 70 60 6 73 52 52 31 68 
78 8 66 5 2 39 84 22 77 74 4 6 72 7 14 14 35 2 

74 19 63 67 19 81 36 13 13 6 13 18 60 58 50 61 63 42 
37 18 26 30 18 44 1 24 50 43 24 19 23 21 13 24 26 5 
31 24 20 24 24 38 7 30 56 49 30 25 17 15 7 18 20 1 
84 29 73 77 29 91 46 23 3 4 23 28 70 68 60 71 73 52 
1 54 10 6 54 8 37 60 86 79 60 55 13 15 23 12 10 31 
22 33 11 15 33 29 16 39 65 58 39 34 8 6 2 9 11 10 
63 8 52 56 8 70 25 2 24 17 2 7 49 47 39 50 52 31 
19 36 8 12 36 26 19 42 68 61 42 37 5 3 5 6 8 13 
87 32 76 80 32 94 49 26 0 7 26 31 73 71 63 74 76 55 
21 34 10 14 34 28 17 40 66 59 40 35 7 5 3 8 10 11 
49 6 38 42 6 56 11 12 38 31 12 7 35 33 25 36 38 17 
74 19 63 67 19 81 36 13 13 6 13 18 60 58 50 61 63 42 
56 1 45 49 1 63 18 5 31 24 5 0 42 40 32 43 45 24 
59 4 48 52 4 66 21 2 28 21 2 3 45 43 35 46 48 27 
67 12 56 60 12 74 29 6 20 13 6 11 53 51 43 54 56 35 
59 4 48 52 4 66 21 2 28 21 2 3 45 43 35 46 48 27 
68 13 57 61 13 75 30 7 19 12 7 12 54 52 44 55 57 36 
2 53 9 5 53 9 36 59 85 78 59 54 12 14 22 11 9 30 

26 26 46 7 63 56 18 20 49 45 16 3 28 31 34 4 21 1 
11 11 9 30 26 19 19 17 12 8 53 40 9 6 3 41 16 36 
17 17 3 36 20 13 25 23 6 2 59 46 15 12 9 47 22 42 
36 36 56 17 73 66 28 30 59 55 6 7 38 41 44 6 31 11 
47 47 27 66 10 17 55 53 24 28 89 76 45 42 39 77 52 72 
26 26 6 45 11 4 34 32 3 7 68 55 24 21 18 56 31 51 
15 15 35 4 52 45 7 9 38 34 27 14 17 20 23 15 10 10 
29 29 9 48 8 1 37 35 6 10 71 58 27 24 21 59 34 54 
39 39 59 20 76 69 31 33 62 58 3 10 41 44 47 9 34 14 
27 27 7 46 10 3 35 33 4 8 69 56 25 22 19 57 32 52 
1 1 21 18 38 31 7 5 24 20 41 28 3 6 9 29 4 24 
26 26 46 7 63 56 18 20 49 45 16 3 28 31 34 4 21 1 
8 8 28 11 45 38 0 2 31 27 34 21 10 13 16 22 3 17 
11 11 31 8 48 41 3 5 34 30 31 18 13 16 19 19 6 14 
19 19 39 0 56 49 11 13 42 38 23 10 21 24 27 11 14 6 
11 11 31 8 48 41 3 5 34 30 31 18 13 16 19 19 6 14 
20 20 40 1 57 50 12 14 43 39 22 9 22 25 28 10 15 5 
46 46 26 65 9 16 54 52 23 27 88 75 44 41 38 76 51 71 

44 7 5 20 22 38 7 57 15 4 12 34 33 66 9 24 5 70 
7 44 32 17 15 1 30 20 52 41 25 3 4 29 28 13 42 33 
1 50 38 23 21 5 36 14 58 47 31 9 10 23 34 19 48 27 
54 3 15 30 32 48 17 67 5 6 22 44 43 76 19 34 5 80 
29 80 68 53 51 35 66 16 88 77 61 39 40 7 64 49 78 3 
8 59 47 32 30 14 45 5 67 56 40 18 19 14 43 28 57 18 
33 18 6 9 11 27 4 46 26 15 1 23 22 55 2 13 16 59 
11 62 50 35 33 17 48 2 70 59 43 21 22 11 46 31 60 15 
57 6 18 33 35 51 20 70 2 9 25 47 46 79 22 37 8 83 
9 60 48 33 31 15 46 4 68 57 41 19 20 13 44 29 58 17 
19 32 20 5 3 13 18 32 40 29 13 9 8 41 16 1 30 45 
44 7 5 20 22 38 7 57 15 4 12 34 33 66 9 24 5 70 
26 25 13 2 4 20 11 39 33 22 6 16 15 48 9 6 23 52 
29 22 10 5 7 23 8 42 30 19 3 19 18 51 6 9 20 55 
37 14 2 13 15 31 0 50 22 11 5 27 26 59 2 17 12 63 
29 22 10 5 7 23 8 42 30 19 3 19 18 51 6 9 20 55 
38 13 1 14 16 32 1 51 21 10 6 28 27 60 3 18 11 64 
28 79 67 52 50 34 65 15 87 76 60 38 39 6 63 48 77 2 

61 12 15 51 19 0 49 6 53 45 8 0 22 19 53 23 24 21 
84 11 38 74 4 23 72 17 76 68 15 23 1 4 76 0 47 2 
1 74 47 11 81 62 13 68 9 17 70 62 84 81 9 85 38 83 
64 9 18 54 16 3 52 3 56 48 5 3 19 16 56 20 27 18 
38 35 8 28 42 23 26 29 30 22 31 23 45 42 30 46 1 44 
45 28 1 35 35 16 33 22 37 29 24 16 38 35 37 39 8 37 
21 52 25 11 59 40 9 46 13 5 48 40 62 59 13 63 16 61 
38 35 8 28 42 23 26 29 30 22 31 23 45 42 30 46 1 44 
74 1 28 64 6 13 62 7 66 58 5 13 9 6 66 10 37 8 
50 23 4 40 30 11 38 17 42 34 19 11 33 30 42 34 13 32 
1 74 47 11 81 62 13 68 9 17 70 62 84 81 9 85 38 83 
19 54 27 9 61 42 7 48 11 3 50 42 64 61 11 65 18 63 
2 71 44 8 78 59 10 65 6 14 67 59 81 78 6 82 35 80 
16 57 30 6 64 45 4 51 8 0 53 45 67 64 8 68 21 66 
29 44 17 19 51 32 17 38 21 13 40 32 54 51 21 55 8 53 
30 43 16 20 50 31 18 37 22 14 39 31 53 50 22 54 7 52 
63 10 17 53 17 2 51 4 55 47 6 2 20 17 55 21 26 19 
21 52 25 11 59 40 9 46 13 5 48 40 62 59 13 63 16 61 

24 62 12 59 56 15 30 32 23 20 58 48 18 61 40 40 19 56 
1 85 11 82 79 38 7 55 0 3 81 71 5 84 63 63 42 79 
86 0 74 3 6 47 92 30 85 82 4 14 80 1 22 22 43 6 
21 65 9 62 59 18 27 35 20 17 61 51 15 64 43 43 22 59 
47 39 35 36 33 8 53 9 46 43 35 25 41 38 17 17 4 33 
40 46 28 43 40 1 46 16 39 36 42 32 34 45 24 24 3 40 
64 22 52 19 16 25 70 8 63 60 18 8 58 21 0 0 21 16 
47 39 35 36 33 8 53 9 46 43 35 25 41 38 17 17 4 33 
11 75 1 72 69 28 17 45 10 7 71 61 5 74 53 53 32 69 
35 51 23 48 45 4 41 21 34 31 47 37 29 50 29 29 8 45 
86 0 74 3 6 47 92 30 85 82 4 14 80 1 22 22 43 6 
66 20 54 17 14 27 72 10 65 62 16 6 60 19 2 2 23 14 
83 3 71 0 3 44 89 27 82 79 1 11 77 2 19 19 40 3 
69 17 57 14 11 30 75 13 68 65 13 3 63 16 5 5 26 11 
56 30 44 27 24 17 62 0 55 52 26 16 50 29 8 8 13 24 
55 31 43 28 25 16 61 1 54 51 27 17 49 30 9 9 12 25 
22 64 10 61 58 17 28 34 21 18 60 50 16 63 42 42 21 58 
64 22 52 19 16 25 70 8 63 60 18 8 58 21 0 0 21 16 

56 1 45 49 1 63 18 5 31 24 5 0 42 40 32 43 45 24 
79 24 68 72 24 86 41 18 8 1 18 23 65 63 55 66 68 47 
6 61 17 13 61 1 44 67 93 86 67 62 20 22 30 19 17 38 
59 4 48 52 4 66 21 2 28 21 2 3 45 43 35 46 48 27 
33 22 22 26 22 40 5 28 54 47 28 23 19 17 9 20 22 1 
40 15 29 33 15 47 2 21 47 40 21 16 26 24 16 27 29 8 
16 39 5 9 39 23 22 45 71 64 45 40 2 0 8 3 5 16 
33 22 22 26 22 40 5 28 54 47 28 23 19 17 9 20 22 1 
69 14 58 62 14 76 31 8 18 11 8 13 55 53 45 56 58 37 
45 10 34 38 10 52 7 16 42 35 16 11 31 29 21 32 34 13 
6 61 17 13 61 1 44 67 93 86 67 62 20 22 30 19 17 38 
14 41 3 7 41 21 24 47 73 66 47 42 0 2 10 1 3 18 
3 58 14 10 58 4 41 64 90 83 64 59 17 19 27 16 14 35 
11 44 0 4 44 18 27 50 76 69 50 45 3 5 13 2 0 21 
24 31 13 17 31 31 14 37 63 56 37 32 10 8 0 11 13 8 
25 30 14 18 30 32 13 36 62 55 36 31 11 9 1 12 14 7 
58 3 47 51 3 65 20 3 29 22 3 2 44 42 34 45 47 26 
16 39 5 9 39 23 22 45 71 64 45 40 2 0 8 3 5 16 

8 8 28 11 45 38 0 2 31 27 34 21 10 13 16 22 3 17 
31 31 51 12 68 61 23 25 54 50 11 2 33 36 39 1 26 6 
54 54 34 73 17 24 62 60 31 35 96 83 52 49 46 84 59 79 
11 11 31 8 48 41 3 5 34 30 31 18 13 16 19 19 6 14 
15 15 5 34 22 15 23 21 8 4 57 44 13 10 7 45 20 40 
8 8 12 27 29 22 16 14 15 11 50 37 6 3 0 38 13 33 
32 32 12 51 5 2 40 38 9 13 74 61 30 27 24 62 37 57 
15 15 5 34 22 15 23 21 8 4 57 44 13 10 7 45 20 40 
21 21 41 2 58 51 13 15 44 40 21 8 23 26 29 9 16 4 
3 3 17 22 34 27 11 9 20 16 45 32 1 2 5 33 8 28 
54 54 34 73 17 24 62 60 31 35 96 83 52 49 46 84 59 79 
34 34 14 53 3 4 42 40 11 15 76 63 32 29 26 64 39 59 
51 51 31 70 14 21 59 57 28 32 93 80 49 46 43 81 56 76 
37 37 17 56 0 7 45 43 14 18 79 66 35 32 29 67 42 62 
24 24 4 43 13 6 32 30 1 5 66 53 22 19 16 54 29 49 
23 23 3 42 14 7 31 29 0 4 65 52 21 18 15 53 28 48 
10 10 30 9 47 40 2 4 33 29 32 19 12 15 18 20 5 15 
32 32 12 51 5 2 40 38 9 13 74 61 30 27 24 62 37 57 

26 25 13 2 4 20 11 39 33 22 6 16 15 48 9 6 23 52 
49 2 10 25 27 43 12 62 10 1 17 39 38 71 14 29 0 75 
36 87 75 60 58 42 73 23 95 84 68 46 47 14 71 56 85 10 
29 22 10 5 7 23 8 42 30 19 3 19 18 51 6 9 20 55 
3 48 36 21 19 3 34 16 56 45 29 7 8 25 32 17 46 29 
10 41 29 14 12 4 27 23 49 38 22 0 1 32 25 10 39 36 
14 65 53 38 36 20 51 1 73 62 46 24 25 8 49 34 63 12 
3 48 36 21 19 3 34 16 56 45 29 7 8 25 32 17 46 29 
39 12 0 15 17 33 2 52 20 9 7 29 28 61 4 19 10 65 
15 36 24 9 7 9 22 28 44 33 17 5 4 37 20 5 34 41 
36 87 75 60 58 42 73 23 95 84 68 46 47 14 71 56 85 10 
16 67 55 40 38 22 53 3 75 64 48 26 27 6 51 36 65 10 
33 84 72 57 55 39 70 20 92 81 65 43 44 11 68 53 82 7 
19 70 58 43 41 25 56 6 78 67 51 29 30 3 54 39 68 7 
6 57 45 30 28 12 43 7 65 54 38 16 17 16 41 26 55 20 
5 56 44 29 27 11 42 8 64 53 37 15 16 17 40 25 54 21 
28 23 11 4 6 22 9 41 31 20 4 18 17 50 7 8 21 54 
14 65 53 38 36 20 51 1 73 62 46 24 25 8 49 34 63 12 

85 1 73 2 5 46 91 29 84 81 3 13 79 0 21 21 42 5 
12 74 0 71 68 27 18 44 11 8 70 60 6 73 52 52 31 68 
39 47 27 44 41 0 45 17 38 35 43 33 33 46 25 25 4 41 
75 11 63 8 5 36 81 19 74 71 7 3 69 10 11 11 32 5 
5 81 7 78 75 34 11 51 4 1 77 67 1 80 59 59 38 75 
24 62 12 59 56 15 30 32 23 20 58 48 18 61 40 40 19 56 
73 13 61 10 7 34 79 17 72 69 9 1 67 12 9 9 30 7 
18 68 6 65 62 21 24 38 17 14 64 54 12 67 46 46 25 62 
77 9 65 6 3 38 83 21 76 73 5 5 71 8 13 13 34 3 
69 17 57 14 11 30 75 13 68 65 13 3 63 16 5 5 26 11 
16 70 4 67 64 23 22 40 15 12 66 56 10 69 48 48 27 64 
24 62 12 59 56 15 30 32 23 20 58 48 18 61 40 40 19 56 
2 84 10 81 78 37 8 54 1 2 80 70 4 83 62 62 41 78 
5 81 7 78 75 34 11 51 4 1 77 67 1 80 59 59 38 75 
77 9 65 6 3 38 83 21 76 73 5 5 71 8 13 13 34 3 
1 85 11 82 79 38 7 55 0 3 81 71 5 84 63 63 42 79 
48 38 36 35 32 9 54 8 47 44 34 24 42 37 16 16 5 32 
3 83 9 80 77 36 9 53 2 1 79 69 3 82 61 61 40 77 

5 60 16 12 60 2 43 66 92 85 66 61 19 21 29 18 16 37 
68 13 57 61 13 75 30 7 19 12 7 12 54 52 44 55 57 36 
41 14 30 34 14 48 3 20 46 39 20 15 27 25 17 28 30 9 
5 50 6 2 50 12 33 56 82 75 56 51 9 11 19 8 6 27 
75 20 64 68 20 82 37 14 12 5 14 19 61 59 51 62 64 43 
56 1 45 49 1 63 18 5 31 24 5 0 42 40 32 43 45 24 
7 48 4 0 48 14 31 54 80 73 54 49 7 9 17 6 4 25 
62 7 51 55 7 69 24 1 25 18 1 6 48 46 38 49 51 30 
3 52 8 4 52 10 35 58 84 77 58 53 11 13 21 10 8 29 
11 44 0 4 44 18 27 50 76 69 50 45 3 5 13 2 0 21 
64 9 53 57 9 71 26 3 23 16 3 8 50 48 40 51 53 32 
56 1 45 49 1 63 18 5 31 24 5 0 42 40 32 43 45 24 
78 23 67 71 23 85 40 17 9 2 17 22 64 62 54 65 67 46 
75 20 64 68 20 82 37 14 12 5 14 19 61 59 51 62 64 43 
3 52 8 4 52 10 35 58 84 77 58 53 11 13 21 10 8 29 
79 24 68 72 24 86 41 18 8 1 18 23 65 63 55 66 68 47 
32 23 21 25 23 39 6 29 55 48 29 24 18 16 8 19 21 0 
77 22 66 70 22 84 39 16 10 3 16 21 63 61 53 64 66 45 

53 53 33 72 16 23 61 59 30 34 95 82 51 48 45 83 58 78 
20 20 40 1 57 50 12 14 43 39 22 9 22 25 28 10 15 5 
7 7 13 26 30 23 15 13 16 12 49 36 5 2 1 37 12 32 
43 43 23 62 6 13 51 49 20 24 85 72 41 38 35 73 48 68 
27 27 47 8 64 57 19 21 50 46 15 2 29 32 35 3 22 2 
8 8 28 11 45 38 0 2 31 27 34 21 10 13 16 22 3 17 
41 41 21 60 4 11 49 47 18 22 83 70 39 36 33 71 46 66 
14 14 34 5 51 44 6 8 37 33 28 15 16 19 22 16 9 11 
45 45 25 64 8 15 53 51 22 26 87 74 43 40 37 75 50 70 
37 37 17 56 0 7 45 43 14 18 79 66 35 32 29 67 42 62 
16 16 36 3 53 46 8 10 39 35 26 13 18 21 24 14 11 9 
8 8 28 11 45 38 0 2 31 27 34 21 10 13 16 22 3 17 
30 30 50 11 67 60 22 24 53 49 12 1 32 35 38 0 25 5 
27 27 47 8 64 57 19 21 50 46 15 2 29 32 35 3 22 2 
45 45 25 64 8 15 53 51 22 26 87 74 43 40 37 75 50 70 
31 31 51 12 68 61 23 25 54 50 11 2 33 36 39 1 26 6 
16 16 4 35 21 14 24 22 7 3 58 45 14 11 8 46 21 41 
29 29 49 10 66 59 21 23 52 48 13 0 31 34 37 1 24 4 

35 86 74 59 57 41 72 22 94 83 67 45 46 13 70 55 84 9 
38 13 1 14 16 32 1 51 21 10 6 28 27 60 3 18 11 64 
11 40 28 13 11 5 26 24 48 37 21 1 0 33 24 9 38 37 
25 76 64 49 47 31 62 12 84 73 57 35 36 3 60 45 74 1 
45 6 6 21 23 39 8 58 14 3 13 35 34 67 10 25 4 71 
26 25 13 2 4 20 11 39 33 22 6 16 15 48 9 6 23 52 
23 74 62 47 45 29 60 10 82 71 55 33 34 1 58 43 72 3 
32 19 7 8 10 26 5 45 27 16 0 22 21 54 3 12 17 58 
27 78 66 51 49 33 64 14 86 75 59 37 38 5 62 47 76 1 
19 70 58 43 41 25 56 6 78 67 51 29 30 3 54 39 68 7 
34 17 5 10 12 28 3 47 25 14 2 24 23 56 1 14 15 60 
26 25 13 2 4 20 11 39 33 22 6 16 15 48 9 6 23 52 
48 3 9 24 26 42 11 61 11 0 16 38 37 70 13 28 1 74 
45 6 6 21 23 39 8 58 14 3 13 35 34 67 10 25 4 71 
27 78 66 51 49 33 64 14 86 75 59 37 38 5 62 47 76 1 
49 2 10 25 27 43 12 62 10 1 17 39 38 71 14 29 0 75 
2 49 37 22 20 4 35 15 57 46 30 8 9 24 33 18 47 28 
47 4 8 23 25 41 10 60 12 1 15 37 36 69 12 27 2 73 

80 25 69 73 25 87 42 19 7 0 19 24 66 64 56 67 69 48 
6 61 17 13 61 1 44 67 93 86 67 62 20 22 30 19 17 38 
68 13 57 61 13 75 30 7 19 12 7 12 54 52 44 55 57 36 
3 58 14 10 58 4 41 64 90 83 64 59 17 19 27 16 14 35 
0 55 11 7 55 7 38 61 87 80 61 56 14 16 24 13 11 32 
41 14 30 34 14 48 3 20 46 39 20 15 27 25 17 28 30 9 
86 31 75 79 31 93 48 25 1 6 25 30 72 70 62 73 75 54 
24 31 13 17 31 31 14 37 63 56 37 32 10 8 0 11 13 8 
79 24 68 72 24 86 41 18 8 1 18 23 65 63 55 66 68 47 
76 21 65 69 21 83 38 15 11 4 15 20 62 60 52 63 65 44 
2 57 13 9 57 5 40 63 89 82 63 58 16 18 26 15 13 34 
8 47 3 1 47 15 30 53 79 72 53 48 6 8 16 5 3 24 
74 19 63 67 19 81 36 13 13 6 13 18 60 58 50 61 63 42 
5 60 16 12 60 2 43 66 92 85 66 61 19 21 29 18 16 37 
16 39 5 9 39 23 22 45 71 64 45 40 2 0 8 3 5 16 
16 39 5 9 39 23 22 45 71 64 45 40 2 0 8 3 5 16 
37 18 26 30 18 44 1 24 50 43 24 19 23 21 13 24 26 5 
0 55 11 7 55 7 38 61 87 80 61 56 14 16 24 13 11 32 

32 32 52 13 69 62 24 26 55 51 10 3 34 37 40 2 27 7 
54 54 34 73 17 24 62 60 31 35 96 83 52 49 46 84 59 79 
20 20 40 1 57 50 12 14 43 39 22 9 22 25 28 10 15 5 
51 51 31 70 14 21 59 57 28 32 93 80 49 46 43 81 56 76 
48 48 28 67 11 18 56 54 25 29 90 77 46 43 40 78 53 73 
7 7 13 26 30 23 15 13 16 12 49 36 5 2 1 37 12 32 
38 38 58 19 75 68 30 32 61 57 4 9 40 43 46 8 33 13 
24 24 4 43 13 6 32 30 1 5 66 53 22 19 16 54 29 49 
31 31 51 12 68 61 23 25 54 50 11 2 33 36 39 1 26 6 
28 28 48 9 65 58 20 22 51 47 14 1 30 33 36 2 23 3 
50 50 30 69 13 20 58 56 27 31 92 79 48 45 42 80 55 75 
40 40 20 59 3 10 48 46 17 21 82 69 38 35 32 70 45 65 
26 26 46 7 63 56 18 20 49 45 16 3 28 31 34 4 21 1 
53 53 33 72 16 23 61 59 30 34 95 82 51 48 45 83 58 78 
32 32 12 51 5 2 40 38 9 13 74 61 30 27 24 62 37 57 
32 32 12 51 5 2 40 38 9 13 74 61 30 27 24 62 37 57 
11 11 9 30 26 19 19 17 12 8 53 40 9 6 3 41 16 36 
48 48 28 67 11 18 56 54 25 29 90 77 46 43 40 78 53 73 

50 1 11 26 28 44 13 63 9 2 18 40 39 72 15 30 1 76 
36 87 75 60 58 42 73 23 95 84 68 46 47 14 71 56 85 10 
38 13 1 14 16 32 1 51 21 10 6 28 27 60 3 18 11 64 
33 84 72 57 55 39 70 20 92 81 65 43 44 11 68 53 82 7 
30 81 69 54 52 36 67 17 89 78 62 40 41 8 65 50 79 4 
11 40 28 13 11 5 26 24 48 37 21 1 0 33 24 9 38 37 
56 5 17 32 34 50 19 69 3 8 24 46 45 78 21 36 7 82 
6 57 45 30 28 12 43 7 65 54 38 16 17 16 41 26 55 20 
49 2 10 25 27 43 12 62 10 1 17 39 38 71 14 29 0 75 
46 5 7 22 24 40 9 59 13 2 14 36 35 68 11 26 3 72 
32 83 71 56 54 38 69 19 91 80 64 42 43 10 67 52 81 6 
22 73 61 46 44 28 59 9 81 70 54 32 33 0 57 42 71 4 
44 7 5 20 22 38 7 57 15 4 12 34 33 66 9 24 5 70 
35 86 74 59 57 41 72 22 94 83 67 45 46 13 70 55 84 9 
14 65 53 38 36 20 51 1 73 62 46 24 25 8 49 34 63 12 
14 65 53 38 36 20 51 1 73 62 46 24 25 8 49 34 63 12 
7 44 32 17 15 1 30 20 52 41 25 3 4 29 28 13 42 33 
30 81 69 54 52 36 67 17 89 78 62 40 41 8 65 50 79 4 

48 48 28 67 11 18 56 54 25 29 90 77 46 43 40 78 53 73 
7 7 27 12 44 37 1 1 30 26 35 22 9 12 15 23 2 18 
37 37 17 56 0 7 45 43 14 18 79 66 35 32 29 67 42 62 
41 41 21 60 4 11 49 47 18 22 83 70 39 36 33 71 46 66 
7 7 27 12 44 37 1 1 30 26 35 22 9 12 15 23 2 18 
55 55 35 74 18 25 63 61 32 36 97 84 53 50 47 85 60 80 
10 10 10 29 27 20 18 16 13 9 52 39 8 5 2 40 15 35 
13 13 33 6 50 43 5 7 36 32 29 16 15 18 21 17 8 12 
39 39 59 20 76 69 31 33 62 58 3 10 41 44 47 9 34 14 
32 32 52 13 69 62 24 26 55 51 10 3 34 37 40 2 27 7 
13 13 33 6 50 43 5 7 36 32 29 16 15 18 21 17 8 12 
8 8 28 11 45 38 0 2 31 27 34 21 10 13 16 22 3 17 
34 34 14 53 3 4 42 40 11 15 76 63 32 29 26 64 39 59 
32 32 12 51 5 2 40 38 9 13 74 61 30 27 24 62 37 57 
24 24 4 43 13 6 32 30 1 5 66 53 22 19 16 54 29 49 
35 35 15 54 2 5 43 41 12 16 77 64 33 30 27 65 40 60 
37 37 17 56 0 7 45 43 14 18 79 66 35 32 29 67 42 62 
16 16 4 35 21 14 24 22 7 3 58 45 14 11 8 46 21 41 

30 81 69 54 52 36 67 17 89 78 62 40 41 8 65 50 79 4 
25 26 14 1 3 19 12 38 34 23 7 15 14 47 10 5 24 51 
19 70 58 43 41 25 56 6 78 67 51 29 30 3 54 39 68 7 
23 74 62 47 45 29 60 10 82 71 55 33 34 1 58 43 72 3 
25 26 14 1 3 19 12 38 34 23 7 15 14 47 10 5 24 51 
37 88 76 61 59 43 74 24 96 85 69 47 48 15 72 57 86 11 
8 43 31 16 14 2 29 21 51 40 24 2 3 30 27 12 41 34 
31 20 8 7 9 25 6 44 28 17 1 21 20 53 4 11 18 57 
57 6 18 33 35 51 20 70 2 9 25 47 46 79 22 37 8 83 
50 1 11 26 28 44 13 63 9 2 18 40 39 72 15 30 1 76 
31 20 8 7 9 25 6 44 28 17 1 21 20 53 4 11 18 57 
26 25 13 2 4 20 11 39 33 22 6 16 15 48 9 6 23 52 
16 67 55 40 38 22 53 3 75 64 48 26 27 6 51 36 65 10 
14 65 53 38 36 20 51 1 73 62 46 24 25 8 49 34 63 12 
6 57 45 30 28 12 43 7 65 54 38 16 17 16 41 26 55 20 
17 68 56 41 39 23 54 4 76 65 49 27 28 5 52 37 66 9 
19 70 58 43 41 25 56 6 78 67 51 29 30 3 54 39 68 7 
2 49 37 22 20 4 35 15 57 46 30 8 9 24 33 18 47 28 

18 33 21 6 4 12 19 31 41 30 14 8 7 40 17 2 31 44 
18 33 21 6 4 12 19 31 41 30 14 8 7 40 17 2 31 44 
2 53 41 26 24 8 39 11 61 50 34 12 13 20 37 22 51 24 
37 14 2 13 15 31 0 50 22 11 5 27 26 59 2 17 12 63 
19 70 58 43 41 25 56 6 78 67 51 29 30 3 54 39 68 7 
12 63 51 36 34 18 49 1 71 60 44 22 23 10 47 32 61 14 
26 25 13 2 4 20 11 39 33 22 6 16 15 48 9 6 23 52 
24 27 15 0 2 18 13 37 35 24 8 14 13 46 11 4 25 50 
5 56 44 29 27 11 42 8 64 53 37 15 16 17 40 25 54 21 
1 52 40 25 23 7 38 12 60 49 33 11 12 21 36 21 50 25 
60 9 21 36 38 54 23 73 1 12 28 50 49 82 25 40 11 86 
47 4 8 23 25 41 10 60 12 1 15 37 36 69 12 27 2 73 
16 35 23 8 6 10 21 29 43 32 16 6 5 38 19 4 33 42 
13 38 26 11 9 7 24 26 46 35 19 3 2 35 22 7 36 39 
10 41 29 14 12 4 27 23 49 38 22 0 1 32 25 10 39 36 
48 3 9 24 26 42 11 61 11 0 16 38 37 70 13 28 1 74 
23 28 16 1 1 17 14 36 36 25 9 13 12 45 12 3 26 49 
43 8 4 19 21 37 6 56 16 5 11 33 32 65 8 23 6 69 

