9 20 

28 77 21 83 60 6 44 50 37 53 18 57 27 4 67 73 69 34 14 18 
79 88 45 79 7 18 20 52 7 50 92 29 93 64 72 70 44 41 33 91 
89 47 39 56 45 86 67 62 92 17 85 95 91 43 30 30 46 41 65 92 
64 0 98 36 42 14 86 28 7 9 43 33 18 42 65 12 45 22 52 77 
89 51 48 4 84 72 61 82 11 43 15 62 5 70 85 90 81 19 36 20 
59 49 9 15 79 26 78 6 41 63 90 61 68 43 49 19 27 56 16 74 
83 70 19 94 73 31 27 71 38 65 85 0 2 96 73 91 16 21 8 37 
49 79 83 80 8 75 28 41 97 18 38 60 93 58 40 92 17 42 71 95 
18 25 52 96 72 65 95 20 92 98 33 73 62 3 59 58 92 25 20 26 
