15 10 

45 53 56 43 4 23 2 14 62 10 4 15 24 52 61 
27 19 16 29 68 95 70 58 10 62 76 87 48 20 11 
1 7 10 3 42 69 44 32 16 36 50 61 22 6 15 
32 40 43 30 9 36 11 1 49 3 17 28 11 39 48 
0 8 11 2 41 68 43 31 17 35 49 60 21 7 16 
50 58 61 48 9 18 7 19 67 15 1 10 29 57 66 
25 33 36 23 16 43 18 6 42 10 24 35 4 32 41 
37 45 48 35 4 31 6 6 54 2 12 23 16 44 53 
6 2 5 8 47 74 49 37 11 41 55 66 27 1 10 
14 6 3 16 55 82 57 45 3 49 63 74 35 7 2 
58 66 69 56 17 10 15 27 75 23 9 2 37 65 74 
32 40 43 30 9 36 11 1 49 3 17 28 11 39 48 
2 6 9 4 43 70 45 33 15 37 51 62 23 5 14 
59 67 70 57 18 9 16 28 76 24 10 1 38 66 75 
39 47 50 37 2 29 4 8 56 4 10 21 18 46 55 

10 5 42 45 20 25 43 19 12 3 23 20 51 61 14 
82 67 30 27 52 97 29 53 60 75 49 52 21 11 58 
56 41 4 1 26 71 3 27 34 49 23 26 5 15 32 
23 8 29 32 7 38 30 6 1 16 10 7 38 48 1 
55 40 3 0 25 70 2 26 33 48 22 25 6 16 31 
5 10 47 50 25 20 48 24 17 2 28 25 56 66 19 
30 15 22 25 0 45 23 1 8 23 3 0 31 41 6 
18 3 34 37 12 33 35 11 4 11 15 12 43 53 6 
61 46 9 6 31 76 8 32 39 54 28 31 0 10 37 
69 54 17 14 39 84 16 40 47 62 36 39 8 2 45 
3 18 55 58 33 12 56 32 25 10 36 33 64 74 27 
23 8 29 32 7 38 30 6 1 16 10 7 38 48 1 
57 42 5 2 27 72 4 28 35 50 24 27 4 14 33 
4 19 56 59 34 11 57 33 26 11 37 34 65 75 28 
16 1 36 39 14 31 37 13 6 9 17 14 45 55 8 

56 5 16 50 60 40 48 10 8 38 29 13 70 5 20 
16 67 88 22 12 32 24 62 64 34 43 85 2 67 92 
10 41 62 4 14 6 2 36 38 8 17 59 24 41 66 
43 8 29 37 47 27 35 3 5 25 16 26 57 8 33 
11 40 61 5 15 5 3 35 37 7 16 58 25 40 65 
61 10 11 55 65 45 53 15 13 43 34 8 75 10 15 
36 15 36 30 40 20 28 10 12 18 9 33 50 15 40 
48 3 24 42 52 32 40 2 0 30 21 21 62 3 28 
5 46 67 1 9 11 3 41 43 13 22 64 19 46 71 
3 54 75 9 1 19 11 49 51 21 30 72 11 54 79 
69 18 3 63 73 53 61 23 21 51 42 0 83 18 7 
43 8 29 37 47 27 35 3 5 25 16 26 57 8 33 
9 42 63 3 13 7 1 37 39 9 18 60 23 42 67 
70 19 2 64 74 54 62 24 22 52 43 1 84 19 6 
50 1 22 44 54 34 42 4 2 32 23 19 64 1 26 

9 71 51 10 45 3 7 44 34 43 23 27 57 10 11 
63 1 21 62 27 75 79 28 38 29 49 45 15 82 83 
37 25 5 36 1 49 53 2 12 3 23 19 11 56 57 
4 58 38 3 32 16 20 31 21 30 10 14 44 23 24 
36 26 6 35 0 48 52 1 11 2 22 18 12 55 56 
14 76 56 15 50 2 2 49 39 48 28 32 62 5 6 
11 51 31 10 25 23 27 24 14 23 3 7 37 30 31 
1 63 43 2 37 11 15 36 26 35 15 19 49 18 19 
42 20 0 41 6 54 58 7 17 8 28 24 6 61 62 
50 12 8 49 14 62 66 15 25 16 36 32 2 69 70 
22 84 64 23 58 10 6 57 47 56 36 40 70 3 2 
4 58 38 3 32 16 20 31 21 30 10 14 44 23 24 
38 24 4 37 2 50 54 3 13 4 24 20 10 57 58 
23 85 65 24 59 11 7 58 48 57 37 41 71 4 3 
3 65 45 4 39 9 13 38 28 37 17 21 51 16 17 

27 12 22 14 56 38 29 43 19 6 38 10 42 37 1 
99 84 50 86 16 34 43 29 91 78 34 62 30 35 71 
73 58 24 60 10 8 17 3 65 52 8 36 4 9 45 
40 25 9 27 43 25 16 30 32 19 25 3 29 24 12 
72 57 23 59 11 7 16 2 64 51 7 35 3 8 44 
22 7 27 9 61 43 34 48 14 1 43 15 47 42 6 
47 32 2 34 36 18 9 23 39 26 18 10 22 17 19 
35 20 14 22 48 30 21 35 27 14 30 2 34 29 7 
78 63 29 65 5 13 22 8 70 57 13 41 9 14 50 
86 71 37 73 3 21 30 16 78 65 21 49 17 22 58 
14 1 35 1 69 51 42 56 6 7 51 23 55 50 14 
40 25 9 27 43 25 16 30 32 19 25 3 29 24 12 
74 59 25 61 9 9 18 4 66 53 9 37 5 10 46 
13 2 36 0 70 52 43 57 5 8 52 24 56 51 15 
33 18 16 20 50 32 23 37 25 12 32 4 36 31 5 

70 13 3 29 15 13 42 37 11 12 48 54 5 14 49 
2 59 69 43 57 85 30 35 61 84 24 18 77 86 23 
24 33 43 17 31 59 4 9 35 58 2 8 51 60 3 
57 0 10 16 2 26 29 24 2 25 35 41 18 27 36 
25 32 42 16 30 58 3 8 34 57 3 9 50 59 4 
75 18 8 34 20 8 47 42 16 7 53 59 0 9 54 
50 7 17 9 5 33 22 17 9 32 28 34 25 34 29 
62 5 5 21 7 21 34 29 3 20 40 46 13 22 41 
19 38 48 22 36 64 9 14 40 63 3 3 56 65 2 
11 46 56 30 44 72 17 22 48 71 11 5 64 73 10 
83 26 16 42 28 0 55 50 24 1 61 67 8 1 62 
57 0 10 16 2 26 29 24 2 25 35 41 18 27 36 
23 34 44 18 32 60 5 10 36 59 1 7 52 61 2 
84 27 17 43 29 1 56 51 25 2 62 68 9 0 63 
64 7 3 23 9 19 36 31 5 18 42 48 11 20 43 

39 6 5 43 19 0 72 45 7 41 29 10 28 0 9 
33 66 77 29 53 72 0 27 65 31 43 82 44 72 81 
7 40 51 3 27 46 26 1 39 5 17 56 18 46 55 
26 7 18 30 6 13 59 32 6 28 16 23 15 13 22 
6 39 50 2 26 45 27 0 38 4 16 55 17 45 54 
44 11 0 48 24 5 77 50 12 46 34 5 33 5 4 
19 14 25 23 1 20 52 25 13 21 9 30 8 20 29 
31 2 13 35 11 8 64 37 1 33 21 18 20 8 17 
12 45 56 8 32 51 21 6 44 10 22 61 23 51 60 
20 53 64 16 40 59 13 14 52 18 30 69 31 59 68 
52 19 8 56 32 13 85 58 20 54 42 3 41 13 4 
26 7 18 30 6 13 59 32 6 28 16 23 15 13 22 
8 41 52 4 28 47 25 2 40 6 18 57 19 47 56 
53 20 9 57 33 14 86 59 21 55 43 4 42 14 5 
33 0 11 37 13 6 66 39 1 35 23 16 22 6 15 

38 23 35 36 1 33 16 3 9 63 58 17 57 43 13 
34 95 37 36 71 39 88 75 81 9 14 89 15 29 85 
8 69 11 10 45 13 62 49 55 17 12 63 11 3 59 
25 36 22 23 12 20 29 16 22 50 45 30 44 30 26 
7 68 10 9 44 12 61 48 54 18 13 62 12 2 58 
43 18 40 41 6 38 11 2 4 68 63 12 62 48 8 
18 43 15 16 19 13 36 23 29 43 38 37 37 23 33 
30 31 27 28 7 25 24 11 17 55 50 25 49 35 21 
13 74 16 15 50 18 67 54 60 12 7 68 6 8 64 
21 82 24 23 58 26 75 62 68 4 1 76 2 16 72 
51 10 48 49 14 46 3 10 4 76 71 4 70 56 0 
25 36 22 23 12 20 29 16 22 50 45 30 44 30 26 
9 70 12 11 46 14 63 50 56 16 11 64 10 4 60 
52 9 49 50 15 47 2 11 5 77 72 3 71 57 1 
32 29 29 30 5 27 22 9 15 57 52 23 51 37 19 

9 41 9 3 4 66 2 54 18 17 29 25 25 69 59 
63 31 81 75 68 6 74 18 90 55 43 47 47 3 13 
37 5 55 49 42 20 48 8 64 29 17 21 21 23 13 
4 28 22 16 9 53 15 41 31 4 16 12 12 56 46 
36 4 54 48 41 21 47 9 63 28 16 20 20 24 14 
14 46 4 2 9 71 3 59 13 22 34 30 30 74 64 
11 21 29 23 16 46 22 34 38 3 9 5 5 49 39 
1 33 17 11 4 58 10 46 26 9 21 17 17 61 51 
42 10 60 54 47 15 53 3 69 34 22 26 26 18 8 
50 18 68 62 55 7 61 5 77 42 30 34 34 10 0 
22 54 4 10 17 79 11 67 5 30 42 38 38 82 72 
4 28 22 16 9 53 15 41 31 4 16 12 12 56 46 
38 6 56 50 43 19 49 7 65 30 18 22 22 22 12 
23 55 5 11 18 80 12 68 4 31 43 39 39 83 73 
3 35 15 9 2 60 8 48 24 11 23 19 19 63 53 

55 40 3 0 25 70 2 26 33 48 22 25 6 16 31 
63 48 11 8 33 78 10 34 41 56 30 33 2 8 39 
66 51 14 11 36 81 13 37 44 59 33 36 5 5 42 
53 38 1 2 23 68 0 24 31 46 20 23 8 18 29 
14 1 38 41 16 29 39 15 8 7 19 16 47 57 10 
13 28 65 68 43 2 66 42 35 20 46 43 74 84 37 
12 3 40 43 18 27 41 17 10 5 21 18 49 59 12 
24 9 28 31 6 39 29 5 2 17 9 6 37 47 0 
72 57 20 17 42 87 19 43 50 65 39 42 11 1 48 
20 5 32 35 10 35 33 9 2 13 13 10 41 51 4 
6 9 46 49 24 21 47 23 16 1 27 24 55 65 18 
5 20 57 60 35 10 58 34 27 12 38 35 66 76 29 
34 19 18 21 4 49 19 5 12 27 1 4 27 37 10 
62 47 10 7 32 77 9 33 40 55 29 32 1 9 38 
71 56 19 16 41 86 18 42 49 64 38 41 10 0 47 

11 40 61 5 15 5 3 35 37 7 16 58 25 40 65 
3 48 69 3 7 13 5 43 45 15 24 66 17 48 73 
0 51 72 6 4 16 8 46 48 18 27 69 14 51 76 
13 38 59 7 17 3 5 33 35 5 14 56 27 38 63 
52 1 20 46 56 36 44 6 4 34 25 17 66 1 24 
79 28 7 73 83 63 71 33 31 61 52 10 93 28 3 
54 3 18 48 58 38 46 8 6 36 27 15 68 3 22 
42 9 30 36 46 26 34 4 6 24 15 27 56 9 34 
6 57 78 12 2 22 14 52 54 24 33 75 8 57 82 
46 5 26 40 50 30 38 0 2 28 19 23 60 5 30 
60 9 12 54 64 44 52 14 12 42 33 9 74 9 16 
71 20 1 65 75 55 63 25 23 53 44 2 85 20 5 
32 19 40 26 36 16 24 14 16 14 5 37 46 19 44 
4 47 68 2 8 12 4 42 44 14 23 65 18 47 72 
5 56 77 11 1 21 13 51 53 23 32 74 9 56 81 

36 26 6 35 0 48 52 1 11 2 22 18 12 55 56 
44 18 2 43 8 56 60 9 19 10 30 26 4 63 64 
47 15 5 46 11 59 63 12 22 13 33 29 1 66 67 
34 28 8 33 2 46 50 1 9 0 20 16 14 53 54 
5 67 47 6 41 7 11 40 30 39 19 23 53 14 15 
32 94 74 33 68 20 16 67 57 66 46 50 80 13 12 
7 69 49 8 43 5 9 42 32 41 21 25 55 12 13 
5 57 37 4 31 17 21 30 20 29 9 13 43 24 25 
53 9 11 52 17 65 69 18 28 19 39 35 5 72 73 
1 61 41 0 35 13 17 34 24 33 13 17 47 20 21 
13 75 55 14 49 1 3 48 38 47 27 31 61 6 7 
24 86 66 25 60 12 8 59 49 58 38 42 72 5 4 
15 47 27 14 21 27 31 20 10 19 1 3 33 34 35 
43 19 1 42 7 55 59 8 18 9 29 25 5 62 63 
52 10 10 51 16 64 68 17 27 18 38 34 4 71 72 

72 57 23 59 11 7 16 2 64 51 7 35 3 8 44 
80 65 31 67 3 15 24 10 72 59 15 43 11 16 52 
83 68 34 70 0 18 27 13 75 62 18 46 14 19 55 
70 55 21 57 13 5 14 0 62 49 5 33 1 6 42 
31 16 18 18 52 34 25 39 23 10 34 6 38 33 3 
4 11 45 9 79 61 52 66 4 17 61 33 65 60 24 
29 14 20 16 54 36 27 41 21 8 36 8 40 35 1 
41 26 8 28 42 24 15 29 33 20 24 4 28 23 13 
89 74 40 76 6 24 33 19 81 68 24 52 20 25 61 
37 22 12 24 46 28 19 33 29 16 28 0 32 27 9 
23 8 26 10 60 42 33 47 15 2 42 14 46 41 5 
12 3 37 1 71 53 44 58 4 9 53 25 57 52 16 
51 36 2 38 32 14 5 19 43 30 14 14 18 13 23 
79 64 30 66 4 14 23 9 71 58 14 42 10 15 51 
88 73 39 75 5 23 32 18 80 67 23 51 19 24 60 

25 32 42 16 30 58 3 8 34 57 3 9 50 59 4 
17 40 50 24 38 66 11 16 42 65 5 1 58 67 4 
14 43 53 27 41 69 14 19 45 68 8 2 61 70 7 
27 30 40 14 28 56 1 6 32 55 5 11 48 57 6 
66 9 1 25 11 17 38 33 7 16 44 50 9 18 45 
93 36 26 52 38 10 65 60 34 11 71 77 18 9 72 
68 11 1 27 13 15 40 35 9 14 46 52 7 16 47 
56 1 11 15 1 27 28 23 3 26 34 40 19 28 35 
8 49 59 33 47 75 20 25 51 74 14 8 67 76 13 
60 3 7 19 5 23 32 27 1 22 38 44 15 24 39 
74 17 7 33 19 9 46 41 15 8 52 58 1 10 53 
85 28 18 44 30 2 57 52 26 3 63 69 10 1 64 
46 11 21 5 9 37 18 13 13 36 24 30 29 38 25 
18 39 49 23 37 65 10 15 41 64 4 2 57 66 3 
9 48 58 32 46 74 19 24 50 73 13 7 66 75 12 

6 39 50 2 26 45 27 0 38 4 16 55 17 45 54 
14 47 58 10 34 53 19 8 46 12 24 63 25 53 62 
17 50 61 13 37 56 16 11 49 15 27 66 28 56 65 
4 37 48 0 24 43 29 2 36 2 14 53 15 43 52 
35 2 9 39 15 4 68 41 3 37 25 14 24 4 13 
62 29 18 66 42 23 95 68 30 64 52 13 51 23 14 
37 4 7 41 17 2 70 43 5 39 27 12 26 2 11 
25 8 19 29 5 14 58 31 7 27 15 24 14 14 23 
23 56 67 19 43 62 10 17 55 21 33 72 34 62 71 
29 4 15 33 9 10 62 35 3 31 19 20 18 10 19 
43 10 1 47 23 4 76 49 11 45 33 6 32 4 5 
54 21 10 58 34 15 87 60 22 56 44 5 43 15 6 
15 18 29 19 5 24 48 21 17 17 5 34 4 24 33 
13 46 57 9 33 52 20 7 45 11 23 62 24 52 61 
22 55 66 18 42 61 11 16 54 20 32 71 33 61 70 

7 68 10 9 44 12 61 48 54 18 13 62 12 2 58 
15 76 18 17 52 20 69 56 62 10 5 70 4 10 66 
18 79 21 20 55 23 72 59 65 7 2 73 1 13 69 
5 66 8 7 42 10 59 46 52 20 15 60 14 0 56 
34 27 31 32 3 29 20 7 13 59 54 21 53 39 17 
61 0 58 59 24 56 7 20 14 86 81 6 80 66 10 
36 25 33 34 1 31 18 5 11 61 56 19 55 41 15 
24 37 21 22 13 19 30 17 23 49 44 31 43 29 27 
24 85 27 26 61 29 78 65 71 1 4 79 5 19 75 
28 33 25 26 9 23 26 13 19 53 48 27 47 33 23 
42 19 39 40 5 37 12 1 5 67 62 13 61 47 9 
53 8 50 51 16 48 1 12 6 78 73 2 72 58 2 
14 47 11 12 23 9 40 27 33 39 34 41 33 19 37 
14 75 17 16 51 19 68 55 61 11 6 69 5 9 65 
23 84 26 25 60 28 77 64 70 2 3 78 4 18 74 

36 4 54 48 41 21 47 9 63 28 16 20 20 24 14 
44 12 62 56 49 13 55 1 71 36 24 28 28 16 6 
47 15 65 59 52 10 58 2 74 39 27 31 31 13 3 
34 2 52 46 39 23 45 11 61 26 14 18 18 26 16 
5 37 13 7 0 62 6 50 22 13 25 21 21 65 55 
32 64 14 20 27 89 21 77 5 40 52 48 48 92 82 
7 39 11 5 2 64 4 52 20 15 27 23 23 67 57 
5 27 23 17 10 52 16 40 32 3 15 11 11 55 45 
53 21 71 65 58 4 64 8 80 45 33 37 37 7 3 
1 31 19 13 6 56 12 44 28 7 19 15 15 59 49 
13 45 5 1 8 70 2 58 14 21 33 29 29 73 63 
24 56 6 12 19 81 13 69 3 32 44 40 40 84 74 
15 17 33 27 20 42 26 30 42 7 5 1 1 45 35 
43 11 61 55 48 14 54 2 70 35 23 27 27 17 7 
52 20 70 64 57 5 63 7 79 44 32 36 36 8 2 

66 15 6 60 70 50 58 20 18 48 39 3 80 15 10 
51 0 21 45 55 35 43 5 3 33 24 18 65 0 25 
14 37 58 8 18 2 6 32 34 4 13 55 28 37 62 
11 40 61 5 15 5 3 35 37 7 16 58 25 40 65 
36 15 36 30 40 20 28 10 12 18 9 33 50 15 40 
81 30 9 75 85 65 73 35 33 63 54 12 95 30 5 
13 38 59 7 17 3 5 33 35 5 14 56 27 38 63 
37 14 35 31 41 21 29 9 11 19 10 32 51 14 39 
44 7 28 38 48 28 36 2 4 26 17 25 58 7 32 
59 8 13 53 63 43 51 13 11 41 32 10 73 8 17 
33 18 39 27 37 17 25 13 15 15 6 36 47 18 43 
36 15 36 30 40 20 28 10 12 18 9 33 50 15 40 
5 46 67 1 9 11 3 41 43 13 22 64 19 46 71 
5 56 77 11 1 21 13 51 53 23 32 74 9 56 81 
42 9 30 36 46 26 34 4 6 24 15 27 56 9 34 

19 81 61 20 55 7 3 54 44 53 33 37 67 0 1 
4 66 46 5 40 8 12 39 29 38 18 22 52 15 16 
33 29 9 32 3 45 49 2 8 1 19 15 15 52 53 
36 26 6 35 0 48 52 1 11 2 22 18 12 55 56 
11 51 31 10 25 23 27 24 14 23 3 7 37 30 31 
34 96 76 35 70 22 18 69 59 68 48 52 82 15 14 
34 28 8 33 2 46 50 1 9 0 20 16 14 53 54 
10 52 32 9 26 22 26 25 15 24 4 8 38 29 30 
3 59 39 2 33 15 19 32 22 31 11 15 45 22 23 
12 74 54 13 48 0 4 47 37 46 26 30 60 7 8 
14 48 28 13 22 26 30 21 11 20 0 4 34 33 34 
11 51 31 10 25 23 27 24 14 23 3 7 37 30 31 
42 20 0 41 6 54 58 7 17 8 28 24 6 61 62 
52 10 10 51 16 64 68 17 27 18 38 34 4 71 72 
5 57 37 4 31 17 21 30 20 29 9 13 43 24 25 

17 2 32 4 66 48 39 53 9 4 48 20 52 47 11 
32 17 17 19 51 33 24 38 24 11 33 5 37 32 4 
69 54 20 56 14 4 13 1 61 48 4 32 0 5 41 
72 57 23 59 11 7 16 2 64 51 7 35 3 8 44 
47 32 2 34 36 18 9 23 39 26 18 10 22 17 19 
2 13 47 11 81 63 54 68 6 19 63 35 67 62 26 
70 55 21 57 13 5 14 0 62 49 5 33 1 6 42 
46 31 3 33 37 19 10 24 38 25 19 9 23 18 18 
39 24 10 26 44 26 17 31 31 18 26 2 30 25 11 
24 9 25 11 59 41 32 46 16 3 41 13 45 40 4 
50 35 1 37 33 15 6 20 42 29 15 13 19 14 22 
47 32 2 34 36 18 9 23 39 26 18 10 22 17 19 
78 63 29 65 5 13 22 8 70 57 13 41 9 14 50 
88 73 39 75 5 23 32 18 80 67 23 51 19 24 60 
41 26 8 28 42 24 15 29 33 20 24 4 28 23 13 

80 23 13 39 25 3 52 47 21 2 58 64 5 4 59 
65 8 2 24 10 18 37 32 6 17 43 49 10 19 44 
28 29 39 13 27 55 0 5 31 54 6 12 47 56 7 
25 32 42 16 30 58 3 8 34 57 3 9 50 59 4 
50 7 17 9 5 33 22 17 9 32 28 34 25 34 29 
95 38 28 54 40 12 67 62 36 13 73 79 20 11 74 
27 30 40 14 28 56 1 6 32 55 5 11 48 57 6 
51 6 16 10 4 32 23 18 8 31 29 35 24 33 30 
58 1 9 17 3 25 30 25 1 24 36 42 17 26 37 
73 16 6 32 18 10 45 40 14 9 51 57 2 11 52 
47 10 20 6 8 36 19 14 12 35 25 31 28 37 26 
50 7 17 9 5 33 22 17 9 32 28 34 25 34 29 
19 38 48 22 36 64 9 14 40 63 3 3 56 65 2 
9 48 58 32 46 74 19 24 50 73 13 7 66 75 12 
56 1 11 15 1 27 28 23 3 26 34 40 19 28 35 

49 16 5 53 29 10 82 55 17 51 39 0 38 10 1 
34 1 10 38 14 5 67 40 2 36 24 15 23 5 14 
3 36 47 1 23 42 30 3 35 1 13 52 14 42 51 
6 39 50 2 26 45 27 0 38 4 16 55 17 45 54 
19 14 25 23 1 20 52 25 13 21 9 30 8 20 29 
64 31 20 68 44 25 97 70 32 66 54 15 53 25 16 
4 37 48 0 24 43 29 2 36 2 14 53 15 43 52 
20 13 24 24 0 19 53 26 12 22 10 29 9 19 28 
27 6 17 31 7 12 60 33 5 29 17 22 16 12 21 
42 9 2 46 22 3 75 48 10 44 32 7 31 3 6 
16 17 28 20 4 23 49 22 16 18 6 33 5 23 32 
19 14 25 23 1 20 52 25 13 21 9 30 8 20 29 
12 45 56 8 32 51 21 6 44 10 22 61 23 51 60 
22 55 66 18 42 61 11 16 54 20 32 71 33 61 70 
25 8 19 29 5 14 58 31 7 27 15 24 14 14 23 

48 13 45 46 11 43 6 7 1 73 68 7 67 53 3 
33 28 30 31 4 28 21 8 14 58 53 22 52 38 18 
4 65 7 6 41 9 58 45 51 21 16 59 15 1 55 
7 68 10 9 44 12 61 48 54 18 13 62 12 2 58 
18 43 15 16 19 13 36 23 29 43 38 37 37 23 33 
63 2 60 61 26 58 9 22 16 88 83 8 82 68 12 
5 66 8 7 42 10 59 46 52 20 15 60 14 0 56 
19 42 16 17 18 14 35 22 28 44 39 36 38 24 32 
26 35 23 24 11 21 28 15 21 51 46 29 45 31 25 
41 20 38 39 4 36 13 0 6 66 61 14 60 46 10 
15 46 12 13 22 10 39 26 32 40 35 40 34 20 36 
18 43 15 16 19 13 36 23 29 43 38 37 37 23 33 
13 74 16 15 50 18 67 54 60 12 7 68 6 8 64 
23 84 26 25 60 28 77 64 70 2 3 78 4 18 74 
24 37 21 22 13 19 30 17 23 49 44 31 43 29 27 

19 51 1 7 14 76 8 64 8 27 39 35 35 79 69 
4 36 14 8 1 61 7 49 23 12 24 20 20 64 54 
33 1 51 45 38 24 44 12 60 25 13 17 17 27 17 
36 4 54 48 41 21 47 9 63 28 16 20 20 24 14 
11 21 29 23 16 46 22 34 38 3 9 5 5 49 39 
34 66 16 22 29 91 23 79 7 42 54 50 50 94 84 
34 2 52 46 39 23 45 11 61 26 14 18 18 26 16 
10 22 28 22 15 47 21 35 37 2 10 6 6 50 40 
3 29 21 15 8 54 14 42 30 5 17 13 13 57 47 
12 44 6 0 7 69 1 57 15 20 32 28 28 72 62 
14 18 32 26 19 43 25 31 41 6 6 2 2 46 36 
11 21 29 23 16 46 22 34 38 3 9 5 5 49 39 
42 10 60 54 47 15 53 3 69 34 22 26 26 18 8 
52 20 70 64 57 5 63 7 79 44 32 36 36 8 2 
5 27 23 17 10 52 16 40 32 3 15 11 11 55 45 

47 15 5 46 11 59 63 12 22 13 33 29 1 66 67 
4 66 46 5 40 8 12 39 29 38 18 22 52 15 16 
25 87 67 26 61 13 9 60 50 59 39 43 73 6 5 
41 21 1 40 5 53 57 6 16 7 27 23 7 60 61 
51 11 9 50 15 63 67 16 26 17 37 33 3 70 71 
31 31 11 30 5 43 47 4 6 3 17 13 17 50 51 
39 23 3 38 3 51 55 4 14 5 25 21 9 58 59 
1 61 41 0 35 13 17 34 24 33 13 17 47 20 21 
1 63 43 2 37 11 15 36 26 35 15 19 49 18 19 
29 33 13 28 7 41 45 6 4 5 15 11 19 48 49 
20 42 22 19 16 32 36 15 5 14 6 2 28 39 40 
22 84 64 23 58 10 6 57 47 56 36 40 70 3 2 
61 1 19 60 25 73 77 26 36 27 47 43 13 80 81 
4 66 46 5 40 8 12 39 29 38 18 22 52 15 16 
29 91 71 30 65 17 13 64 54 63 43 47 77 10 9 

83 68 34 70 0 18 27 13 75 62 18 46 14 19 55 
32 17 17 19 51 33 24 38 24 11 33 5 37 32 4 
11 4 38 2 72 54 45 59 3 10 54 26 58 53 17 
77 62 28 64 6 12 21 7 69 56 12 40 8 13 49 
87 72 38 74 4 22 31 17 79 66 22 50 18 23 59 
67 52 18 54 16 2 11 3 59 46 2 30 2 3 39 
75 60 26 62 8 10 19 5 67 54 10 38 6 11 47 
37 22 12 24 46 28 19 33 29 16 28 0 32 27 9 
35 20 14 22 48 30 21 35 27 14 30 2 34 29 7 
65 50 16 52 18 0 9 5 57 44 0 28 4 1 37 
56 41 7 43 27 9 0 14 48 35 9 19 13 8 28 
14 1 35 1 69 51 42 56 6 7 51 23 55 50 14 
97 82 48 84 14 32 41 27 89 76 32 60 28 33 69 
32 17 17 19 51 33 24 38 24 11 33 5 37 32 4 
7 8 42 6 76 58 49 63 1 14 58 30 62 57 21 

14 43 53 27 41 69 14 19 45 68 8 2 61 70 7 
65 8 2 24 10 18 37 32 6 17 43 49 10 19 44 
86 29 19 45 31 3 58 53 27 4 64 70 11 2 65 
20 37 47 21 35 63 8 13 39 62 2 4 55 64 1 
10 47 57 31 45 73 18 23 49 72 12 6 65 74 11 
30 27 37 11 25 53 2 3 29 52 8 14 45 54 9 
22 35 45 19 33 61 6 11 37 60 0 6 53 62 1 
60 3 7 19 5 23 32 27 1 22 38 44 15 24 39 
62 5 5 21 7 21 34 29 3 20 40 46 13 22 41 
32 25 35 9 23 51 4 1 27 50 10 16 43 52 11 
41 16 26 0 14 42 13 8 18 41 19 25 34 43 20 
83 26 16 42 28 0 55 50 24 1 61 67 8 1 62 
0 57 67 41 55 83 28 33 59 82 22 16 75 84 21 
65 8 2 24 10 18 37 32 6 17 43 49 10 19 44 
90 33 23 49 35 7 62 57 31 8 68 74 15 6 69 

17 50 61 13 37 56 16 11 49 15 27 66 28 56 65 
34 1 10 38 14 5 67 40 2 36 24 15 23 5 14 
55 22 11 59 35 16 88 61 23 57 45 6 44 16 7 
11 44 55 7 31 50 22 5 43 9 21 60 22 50 59 
21 54 65 17 41 60 12 15 53 19 31 70 32 60 69 
1 34 45 3 21 40 32 5 33 1 11 50 12 40 49 
9 42 53 5 29 48 24 3 41 7 19 58 20 48 57 
29 4 15 33 9 10 62 35 3 31 19 20 18 10 19 
31 2 13 35 11 8 64 37 1 33 21 18 20 8 17 
1 32 43 5 19 38 34 7 31 3 9 48 10 38 47 
10 23 34 14 10 29 43 16 22 12 0 39 1 29 38 
52 19 8 56 32 13 85 58 20 54 42 3 41 13 4 
31 64 75 27 51 70 2 25 63 29 41 80 42 70 79 
34 1 10 38 14 5 67 40 2 36 24 15 23 5 14 
59 26 15 63 39 20 92 65 27 61 49 10 48 20 11 

18 79 21 20 55 23 72 59 65 7 2 73 1 13 69 
33 28 30 31 4 28 21 8 14 58 53 22 52 38 18 
54 7 51 52 17 49 0 13 7 79 74 1 73 59 3 
12 73 15 14 49 17 66 53 59 13 8 67 7 7 63 
22 83 25 24 59 27 76 63 69 3 2 77 3 17 73 
2 63 5 4 39 7 56 43 49 23 18 57 17 3 53 
10 71 13 12 47 15 64 51 57 15 10 65 9 5 61 
28 33 25 26 9 23 26 13 19 53 48 27 47 33 23 
30 31 27 28 7 25 24 11 17 55 50 25 49 35 21 
0 61 3 2 37 5 54 41 47 25 20 55 19 5 51 
9 52 6 7 28 4 45 32 38 34 29 46 28 14 42 
51 10 48 49 14 46 3 10 4 76 71 4 70 56 0 
32 93 35 34 69 37 86 73 79 7 12 87 13 27 83 
33 28 30 31 4 28 21 8 14 58 53 22 52 38 18 
58 3 55 56 21 53 4 17 11 83 78 3 77 63 7 

47 15 65 59 52 10 58 2 74 39 27 31 31 13 3 
4 36 14 8 1 61 7 49 23 12 24 20 20 64 54 
25 57 7 13 20 82 14 70 2 33 45 41 41 85 75 
41 9 59 53 46 16 52 4 68 33 21 25 25 19 9 
51 19 69 63 56 6 62 6 78 43 31 35 35 9 1 
31 1 49 43 36 26 42 14 58 23 11 15 15 29 19 
39 7 57 51 44 18 50 6 66 31 19 23 23 21 11 
1 31 19 13 6 56 12 44 28 7 19 15 15 59 49 
1 33 17 11 4 58 10 46 26 9 21 17 17 61 51 
29 3 47 41 34 28 40 16 56 21 9 13 13 31 21 
20 12 38 32 25 37 31 25 47 12 0 4 4 40 30 
22 54 4 10 17 79 11 67 5 30 42 38 38 82 72 
61 29 79 73 66 4 72 16 88 53 41 45 45 1 11 
4 36 14 8 1 61 7 49 23 12 24 20 20 64 54 
29 61 11 17 24 86 18 74 2 37 49 45 45 89 79 

36 21 13 23 47 29 20 34 28 15 29 1 33 28 8 
98 83 49 85 15 33 42 28 90 77 33 61 29 34 70 
78 63 29 65 5 13 22 8 70 57 13 41 9 14 50 
37 22 12 24 46 28 19 33 29 16 28 0 32 27 9 
72 57 23 59 11 7 16 2 64 51 7 35 3 8 44 
24 9 25 11 59 41 32 46 16 3 41 13 45 40 4 
20 5 29 7 63 45 36 50 12 1 45 17 49 44 8 
71 56 22 58 12 6 15 1 63 50 6 34 2 7 43 
61 46 12 48 22 4 5 9 53 40 4 24 8 3 33 
70 55 21 57 13 5 14 0 62 49 5 33 1 6 42 
50 35 1 37 33 15 6 20 42 29 15 13 19 14 22 
54 39 5 41 29 11 2 16 46 33 11 17 15 10 26 
84 69 35 71 1 19 28 14 76 63 19 47 15 20 56 
17 2 32 4 66 48 39 53 9 4 48 20 52 47 11 
16 1 33 3 67 49 40 54 8 5 49 21 53 48 12 

61 4 6 20 6 22 33 28 2 21 39 45 14 23 40 
1 58 68 42 56 84 29 34 60 83 23 17 76 85 22 
19 38 48 22 36 64 9 14 40 63 3 3 56 65 2 
60 3 7 19 5 23 32 27 1 22 38 44 15 24 39 
25 32 42 16 30 58 3 8 34 57 3 9 50 59 4 
73 16 6 32 18 10 45 40 14 9 51 57 2 11 52 
77 20 10 36 22 6 49 44 18 5 55 61 2 7 56 
26 31 41 15 29 57 2 7 33 56 4 10 49 58 5 
36 21 31 5 19 47 8 3 23 46 14 20 39 48 15 
27 30 40 14 28 56 1 6 32 55 5 11 48 57 6 
47 10 20 6 8 36 19 14 12 35 25 31 28 37 26 
43 14 24 2 12 40 15 10 16 39 21 27 32 41 22 
13 44 54 28 42 70 15 20 46 69 9 3 62 71 8 
80 23 13 39 25 3 52 47 21 2 58 64 5 4 59 
81 24 14 40 26 2 53 48 22 1 59 65 6 3 60 

30 3 14 34 10 9 63 36 2 32 20 19 19 9 18 
32 65 76 28 52 71 1 26 64 30 42 81 43 71 80 
12 45 56 8 32 51 21 6 44 10 22 61 23 51 60 
29 4 15 33 9 10 62 35 3 31 19 20 18 10 19 
6 39 50 2 26 45 27 0 38 4 16 55 17 45 54 
42 9 2 46 22 3 75 48 10 44 32 7 31 3 6 
46 13 2 50 26 7 79 52 14 48 36 3 35 7 2 
5 38 49 1 25 44 28 1 37 3 15 54 16 44 53 
5 28 39 9 15 34 38 11 27 7 5 44 6 34 43 
4 37 48 0 24 43 29 2 36 2 14 53 15 43 52 
16 17 28 20 4 23 49 22 16 18 6 33 5 23 32 
12 21 32 16 8 27 45 18 20 14 2 37 1 27 36 
18 51 62 14 38 57 15 12 50 16 28 67 29 57 66 
49 16 5 53 29 10 82 55 17 51 39 0 38 10 1 
50 17 6 54 30 11 83 56 18 52 40 1 39 11 2 

29 32 26 27 8 24 25 12 18 54 49 26 48 34 22 
33 94 36 35 70 38 87 74 80 8 13 88 14 28 84 
13 74 16 15 50 18 67 54 60 12 7 68 6 8 64 
28 33 25 26 9 23 26 13 19 53 48 27 47 33 23 
7 68 10 9 44 12 61 48 54 18 13 62 12 2 58 
41 20 38 39 4 36 13 0 6 66 61 14 60 46 10 
45 16 42 43 8 40 9 4 2 70 65 10 64 50 6 
6 67 9 8 43 11 60 47 53 19 14 61 13 1 57 
4 57 1 2 33 1 50 37 43 29 24 51 23 9 47 
5 66 8 7 42 10 59 46 52 20 15 60 14 0 56 
15 46 12 13 22 10 39 26 32 40 35 40 34 20 36 
11 50 8 9 26 6 43 30 36 36 31 44 30 16 40 
19 80 22 21 56 24 73 60 66 6 1 74 0 14 70 
48 13 45 46 11 43 6 7 1 73 68 7 67 53 3 
49 12 46 47 12 44 5 8 2 74 69 6 68 54 2 

0 32 18 12 5 57 11 45 27 8 20 16 16 60 50 
62 30 80 74 67 5 73 17 89 54 42 46 46 2 12 
42 10 60 54 47 15 53 3 69 34 22 26 26 18 8 
1 31 19 13 6 56 12 44 28 7 19 15 15 59 49 
36 4 54 48 41 21 47 9 63 28 16 20 20 24 14 
12 44 6 0 7 69 1 57 15 20 32 28 28 72 62 
16 48 2 4 11 73 5 61 11 24 36 32 32 76 66 
35 3 53 47 40 22 46 10 62 27 15 19 19 25 15 
25 7 43 37 30 32 36 20 52 17 5 9 9 35 25 
34 2 52 46 39 23 45 11 61 26 14 18 18 26 16 
14 18 32 26 19 43 25 31 41 6 6 2 2 46 36 
18 14 36 30 23 39 29 27 45 10 2 2 2 42 32 
48 16 66 60 53 9 59 3 75 40 28 32 32 12 2 
19 51 1 7 14 76 8 64 8 27 39 35 35 79 69 
20 52 2 8 15 77 9 65 7 28 40 36 36 80 70 

97 40 30 56 42 14 69 64 38 15 75 81 22 13 76 
82 25 15 41 27 1 54 49 23 0 60 66 7 2 61 
48 9 19 7 7 35 20 15 11 34 26 32 27 36 27 
84 27 17 43 29 1 56 51 25 2 62 68 9 0 63 
14 43 53 27 41 69 14 19 45 68 8 2 61 70 7 
32 25 35 9 23 51 4 1 27 50 10 16 43 52 11 
41 16 26 0 14 42 13 8 18 41 19 25 34 43 20 
27 30 40 14 28 56 1 6 32 55 5 11 48 57 6 
89 32 22 48 34 6 61 56 30 7 67 73 14 5 68 
76 19 9 35 21 7 48 43 17 6 54 60 1 8 55 
32 25 35 9 23 51 4 1 27 50 10 16 43 52 11 
60 3 7 19 5 23 32 27 1 22 38 44 15 24 39 
28 29 39 13 27 55 0 5 31 54 6 12 47 56 7 
33 24 34 8 22 50 5 0 26 49 11 17 42 51 12 
69 12 2 28 14 14 41 36 10 13 47 53 6 15 48 

66 33 22 70 46 27 99 72 34 68 56 17 55 27 18 
51 18 7 55 31 12 84 57 19 53 41 2 40 12 3 
17 16 27 21 3 22 50 23 15 19 7 32 6 22 31 
53 20 9 57 33 14 86 59 21 55 43 4 42 14 5 
17 50 61 13 37 56 16 11 49 15 27 66 28 56 65 
1 32 43 5 19 38 34 7 31 3 9 48 10 38 47 
10 23 34 14 10 29 43 16 22 12 0 39 1 29 38 
4 37 48 0 24 43 29 2 36 2 14 53 15 43 52 
58 25 14 62 38 19 91 64 26 60 48 9 47 19 10 
45 12 1 49 25 6 78 51 13 47 35 4 34 6 3 
1 32 43 5 19 38 34 7 31 3 9 48 10 38 47 
29 4 15 33 9 10 62 35 3 31 19 20 18 10 19 
3 36 47 1 23 42 30 3 35 1 13 52 14 42 51 
2 31 42 6 18 37 35 8 30 4 8 47 9 37 46 
38 5 6 42 18 1 71 44 6 40 28 11 27 1 10 

65 4 62 63 28 60 11 24 18 90 85 10 84 70 14 
50 11 47 48 13 45 4 9 3 75 70 5 69 55 1 
16 45 13 14 21 11 38 25 31 41 36 39 35 21 35 
52 9 49 50 15 47 2 11 5 77 72 3 71 57 1 
18 79 21 20 55 23 72 59 65 7 2 73 1 13 69 
0 61 3 2 37 5 54 41 47 25 20 55 19 5 51 
9 52 6 7 28 4 45 32 38 34 29 46 28 14 42 
5 66 8 7 42 10 59 46 52 20 15 60 14 0 56 
57 4 54 55 20 52 3 16 10 82 77 2 76 62 6 
44 17 41 42 7 39 10 3 3 69 64 11 63 49 7 
0 61 3 2 37 5 54 41 47 25 20 55 19 5 51 
28 33 25 26 9 23 26 13 19 53 48 27 47 33 23 
4 65 7 6 41 9 58 45 51 21 16 59 15 1 55 
1 60 2 1 36 4 53 40 46 26 21 54 20 6 50 
37 24 34 35 0 32 17 4 10 62 57 18 56 42 14 

36 68 18 24 31 93 25 81 9 44 56 52 52 96 86 
21 53 3 9 16 78 10 66 6 29 41 37 37 81 71 
13 19 31 25 18 44 24 32 40 5 7 3 3 47 37 
23 55 5 11 18 80 12 68 4 31 43 39 39 83 73 
47 15 65 59 52 10 58 2 74 39 27 31 31 13 3 
29 3 47 41 34 28 40 16 56 21 9 13 13 31 21 
20 12 38 32 25 37 31 25 47 12 0 4 4 40 30 
34 2 52 46 39 23 45 11 61 26 14 18 18 26 16 
28 60 10 16 23 85 17 73 1 36 48 44 44 88 78 
15 47 3 3 10 72 4 60 12 23 35 31 31 75 65 
29 3 47 41 34 28 40 16 56 21 9 13 13 31 21 
1 31 19 13 6 56 12 44 28 7 19 15 15 59 49 
33 1 51 45 38 24 44 12 60 25 13 17 17 27 17 
28 4 46 40 33 29 39 17 55 20 8 12 12 32 22 
8 40 10 4 3 65 3 53 19 16 28 24 24 68 58 

31 64 75 27 51 70 2 25 63 29 41 80 42 70 79 
26 7 18 30 6 13 59 32 6 28 16 23 15 13 22 
36 3 8 40 16 3 69 42 4 38 26 13 25 3 12 
10 23 34 14 10 29 43 16 22 12 0 39 1 29 38 
24 9 20 28 4 15 57 30 8 26 14 25 13 15 24 
52 19 8 56 32 13 85 58 20 54 42 3 41 13 4 
3 36 47 1 23 42 30 3 35 1 13 52 14 42 51 
2 31 42 6 18 37 35 8 30 4 8 47 9 37 46 
28 5 16 32 8 11 61 34 4 30 18 21 17 11 20 
51 18 7 55 31 12 84 57 19 53 41 2 40 12 3 
9 42 53 5 29 48 24 3 41 7 19 58 20 48 57 
15 48 59 11 35 54 18 9 47 13 25 64 26 54 63 
44 11 0 48 24 5 77 50 12 46 34 5 33 5 4 
53 20 9 57 33 14 86 59 21 55 43 4 42 14 5 
10 43 54 6 30 49 23 4 42 8 20 59 21 49 58 

32 93 35 34 69 37 86 73 79 7 12 87 13 27 83 
25 36 22 23 12 20 29 16 22 50 45 30 44 30 26 
35 26 32 33 2 30 19 6 12 60 55 20 54 40 16 
9 52 6 7 28 4 45 32 38 34 29 46 28 14 42 
23 38 20 21 14 18 31 18 24 48 43 32 42 28 28 
51 10 48 49 14 46 3 10 4 76 71 4 70 56 0 
4 65 7 6 41 9 58 45 51 21 16 59 15 1 55 
1 60 2 1 36 4 53 40 46 26 21 54 20 6 50 
27 34 24 25 10 22 27 14 20 52 47 28 46 32 24 
50 11 47 48 13 45 4 9 3 75 70 5 69 55 1 
10 71 13 12 47 15 64 51 57 15 10 65 9 5 61 
16 77 19 18 53 21 70 57 63 9 4 71 3 11 67 
43 18 40 41 6 38 11 2 4 68 63 12 62 48 8 
52 9 49 50 15 47 2 11 5 77 72 3 71 57 1 
11 72 14 13 48 16 65 52 58 14 9 66 8 6 62 

61 29 79 73 66 4 72 16 88 53 41 45 45 1 11 
4 28 22 16 9 53 15 41 31 4 16 12 12 56 46 
6 38 12 6 1 63 5 51 21 14 26 22 22 66 56 
20 12 38 32 25 37 31 25 47 12 0 4 4 40 30 
6 26 24 18 11 51 17 39 33 2 14 10 10 54 44 
22 54 4 10 17 79 11 67 5 30 42 38 38 82 72 
33 1 51 45 38 24 44 12 60 25 13 17 17 27 17 
28 4 46 40 33 29 39 17 55 20 8 12 12 32 22 
2 30 20 14 7 55 13 43 29 6 18 14 14 58 48 
21 53 3 9 16 78 10 66 6 29 41 37 37 81 71 
39 7 57 51 44 18 50 6 66 31 19 23 23 21 11 
45 13 63 57 50 12 56 0 72 37 25 29 29 15 5 
14 46 4 2 9 71 3 59 13 22 34 30 30 74 64 
23 55 5 11 18 80 12 68 4 31 43 39 39 83 73 
40 8 58 52 45 17 51 5 67 32 20 24 24 20 10 

1 62 4 3 38 6 55 42 48 24 19 56 18 4 52 
32 29 29 30 5 27 22 9 15 57 52 23 51 37 19 
43 18 40 41 6 38 11 2 4 68 63 12 62 48 8 
5 66 8 7 42 10 59 46 52 20 15 60 14 0 56 
19 42 16 17 18 14 35 22 28 44 39 36 38 24 32 
38 23 35 36 1 33 16 3 9 63 58 17 57 43 13 
34 95 37 36 71 39 88 75 81 9 14 89 15 29 85 
7 68 10 9 44 12 61 48 54 18 13 62 12 2 58 
31 30 28 29 6 26 23 10 16 56 51 24 50 36 20 
3 64 6 5 40 8 57 44 50 22 17 58 16 2 54 
9 52 6 7 28 4 45 32 38 34 29 46 28 14 42 
48 13 45 46 11 43 6 7 1 73 68 7 67 53 3 
10 51 7 8 27 5 44 31 37 35 30 45 29 15 41 
38 23 35 36 1 33 16 3 9 63 58 17 57 43 13 
47 14 44 45 10 42 7 6 0 72 67 8 66 52 4 

30 2 48 42 35 27 41 15 57 22 10 14 14 30 20 
3 35 15 9 2 60 8 48 24 11 23 19 19 63 53 
14 46 4 2 9 71 3 59 13 22 34 30 30 74 64 
34 2 52 46 39 23 45 11 61 26 14 18 18 26 16 
10 22 28 22 15 47 21 35 37 2 10 6 6 50 40 
9 41 9 3 4 66 2 54 18 17 29 25 25 69 59 
63 31 81 75 68 6 74 18 90 55 43 47 47 3 13 
36 4 54 48 41 21 47 9 63 28 16 20 20 24 14 
2 34 16 10 3 59 9 47 25 10 22 18 18 62 52 
32 0 50 44 37 25 43 13 59 24 12 16 16 28 18 
20 12 38 32 25 37 31 25 47 12 0 4 4 40 30 
19 51 1 7 14 76 8 64 8 27 39 35 35 79 69 
19 13 37 31 24 38 30 26 46 11 1 3 3 41 31 
9 41 9 3 4 66 2 54 18 17 29 25 25 69 59 
18 50 0 6 13 75 7 63 9 26 38 34 34 78 68 

29 3 47 41 34 28 40 16 56 21 9 13 13 31 21 
32 64 14 20 27 89 21 77 5 40 52 48 48 92 82 
26 6 44 38 31 31 37 19 53 18 6 10 10 34 24 
27 5 45 39 32 30 38 18 54 19 7 11 11 33 23 
8 40 10 4 3 65 3 53 19 16 28 24 24 68 58 
24 8 42 36 29 33 35 21 51 16 4 8 8 36 26 
25 57 7 13 20 82 14 70 2 33 45 41 41 85 75 
12 44 6 0 7 69 1 57 15 20 32 28 28 72 62 
18 50 0 6 13 75 7 63 9 26 38 34 34 78 68 
54 22 72 66 59 3 65 9 81 46 34 38 38 6 4 
49 17 67 61 54 8 60 4 76 41 29 33 33 11 1 
26 58 8 14 21 83 15 71 1 34 46 42 42 86 76 
48 16 66 60 53 9 59 3 75 40 28 32 32 12 2 
34 2 52 46 39 23 45 11 61 26 14 18 18 26 16 
22 54 4 10 17 79 11 67 5 30 42 38 38 82 72 

