18 10 

29 1 70 27 4 65 36 31 22 40 5 88 92 14 86 77 78 92 
10 18 51 8 15 46 17 12 3 21 14 69 73 5 67 58 59 73 
16 44 25 18 41 20 9 14 23 5 40 43 47 31 41 32 33 47 
67 95 26 69 92 31 60 65 74 56 91 8 4 82 10 19 18 4 
54 82 13 56 79 18 47 52 61 43 78 5 9 69 3 6 5 9 
16 44 25 18 41 20 9 14 23 5 40 43 47 31 41 32 33 47 
18 46 23 20 43 18 11 16 25 7 42 41 45 33 39 30 31 45 
45 73 4 47 70 9 38 43 52 34 69 14 18 60 12 3 4 18 
25 3 66 23 0 61 32 27 18 36 1 84 88 10 82 73 74 88 
29 1 70 27 4 65 36 31 22 40 5 88 92 14 86 77 78 92 
1 29 40 3 26 35 6 1 8 10 25 58 62 16 56 47 48 62 
29 57 12 31 54 7 22 27 36 18 53 30 34 44 28 19 20 34 
2 26 43 0 23 38 9 4 5 13 22 61 65 13 59 50 51 65 
19 47 22 21 44 17 12 17 26 8 43 40 44 34 38 29 30 44 
45 73 4 47 70 9 38 43 52 34 69 14 18 60 12 3 4 18 
51 79 10 53 76 15 44 49 58 40 75 8 12 66 6 3 2 12 
31 59 10 33 56 5 24 29 38 20 55 28 32 46 26 17 18 32 
27 55 14 29 52 9 20 25 34 16 51 32 36 42 30 21 22 36 

51 70 38 46 37 58 88 94 32 63 80 49 71 68 2 11 78 2 
32 51 19 27 18 39 69 75 13 44 61 30 52 49 21 8 59 17 
6 25 7 1 8 13 43 49 13 18 35 4 26 23 47 34 33 43 
45 26 58 50 59 38 8 2 64 33 16 47 25 28 98 85 18 94 
32 13 45 37 46 25 5 11 51 20 3 34 12 15 85 72 5 81 
6 25 7 1 8 13 43 49 13 18 35 4 26 23 47 34 33 43 
4 23 9 1 10 11 41 47 15 16 33 2 24 21 49 36 31 45 
23 4 36 28 37 16 14 20 42 11 6 25 3 6 76 63 4 72 
47 66 34 42 33 54 84 90 28 59 76 45 67 64 6 7 74 2 
51 70 38 46 37 58 88 94 32 63 80 49 71 68 2 11 78 2 
21 40 8 16 7 28 58 64 2 33 50 19 41 38 32 19 48 28 
7 12 20 12 21 0 30 36 26 5 22 9 13 10 60 47 20 56 
24 43 11 19 10 31 61 67 5 36 53 22 44 41 29 16 51 25 
3 22 10 2 11 10 40 46 16 15 32 1 23 20 50 37 30 46 
23 4 36 28 37 16 14 20 42 11 6 25 3 6 76 63 4 72 
29 10 42 34 43 22 8 14 48 17 0 31 9 12 82 69 2 78 
9 10 22 14 23 2 28 34 28 3 20 11 11 8 62 49 18 58 
5 14 18 10 19 2 32 38 24 7 24 7 15 12 58 45 22 54 

18 91 49 51 16 64 59 61 19 59 71 20 63 39 34 62 33 59 
1 72 30 32 3 45 40 42 0 40 52 1 44 20 15 43 14 40 
27 46 4 6 29 19 14 16 26 14 26 25 18 6 11 17 12 14 
78 5 47 45 80 32 37 35 77 37 25 76 33 57 62 34 63 37 
65 8 34 32 67 19 24 22 64 24 12 63 20 44 49 21 50 24 
27 46 4 6 29 19 14 16 26 14 26 25 18 6 11 17 12 14 
29 44 2 4 31 17 12 14 28 12 24 27 16 8 13 15 14 12 
56 17 25 23 58 10 15 13 55 15 3 54 11 35 40 12 41 15 
14 87 45 47 12 60 55 57 15 55 67 16 59 35 30 58 29 55 
18 91 49 51 16 64 59 61 19 59 71 20 63 39 34 62 33 59 
12 61 19 21 14 34 29 31 11 29 41 10 33 9 4 32 3 29 
40 33 9 7 42 6 1 3 39 1 13 38 5 19 24 4 25 1 
9 64 22 24 11 37 32 34 8 32 44 7 36 12 7 35 6 32 
30 43 1 3 32 16 11 13 29 11 23 28 15 9 14 14 15 11 
56 17 25 23 58 10 15 13 55 15 3 54 11 35 40 12 41 15 
62 11 31 29 64 16 21 19 61 21 9 60 17 41 46 18 47 21 
42 31 11 9 44 4 1 1 41 1 11 40 3 21 26 2 27 1 
38 35 7 5 40 8 3 5 37 3 15 36 7 17 22 6 23 3 

93 41 24 29 38 3 87 61 70 34 43 76 37 26 46 17 81 53 
74 22 5 10 19 22 68 42 51 15 24 57 18 7 27 2 62 34 
48 4 21 16 7 48 42 16 25 11 2 31 8 19 1 28 36 8 
3 55 72 67 58 99 9 35 26 62 53 20 59 70 50 79 15 43 
10 42 59 54 45 86 4 22 13 49 40 7 46 57 37 66 2 30 
48 4 21 16 7 48 42 16 25 11 2 31 8 19 1 28 36 8 
46 6 23 18 9 50 40 14 23 13 4 29 10 21 1 30 34 6 
19 33 50 45 36 77 13 13 4 40 31 2 37 48 28 57 7 21 
89 37 20 25 34 7 83 57 66 30 39 72 33 22 42 13 77 49 
93 41 24 29 38 3 87 61 70 34 43 76 37 26 46 17 81 53 
63 11 6 1 8 33 57 31 40 4 13 46 7 4 16 13 51 23 
35 17 34 29 20 61 29 3 12 24 15 18 21 32 12 41 23 5 
66 14 3 2 11 30 60 34 43 7 16 49 10 1 19 10 54 26 
45 7 24 19 10 51 39 13 22 14 5 28 11 22 2 31 33 5 
19 33 50 45 36 77 13 13 4 40 31 2 37 48 28 57 7 21 
13 39 56 51 42 83 7 19 10 46 37 4 43 54 34 63 1 27 
33 19 36 31 22 63 27 1 10 26 17 16 23 34 14 43 21 7 
37 15 32 27 18 59 31 5 14 22 13 20 19 30 10 39 25 3 

15 91 24 92 84 51 34 54 96 43 21 89 35 38 24 44 28 41 
4 72 5 73 65 32 15 35 77 24 2 70 16 19 5 25 9 22 
30 46 21 47 39 6 11 9 51 2 24 44 10 7 21 1 17 4 
81 5 72 4 12 45 62 42 0 53 75 7 61 58 72 52 68 55 
68 8 59 9 1 32 49 29 13 40 62 6 48 45 59 39 55 42 
30 46 21 47 39 6 11 9 51 2 24 44 10 7 21 1 17 4 
32 44 23 45 37 4 13 7 49 4 26 42 12 9 23 3 19 6 
59 17 50 18 10 23 40 20 22 31 53 15 39 36 50 30 46 33 
11 87 20 88 80 47 30 50 92 39 17 85 31 34 20 40 24 37 
15 91 24 92 84 51 34 54 96 43 21 89 35 38 24 44 28 41 
15 61 6 62 54 21 4 24 66 13 9 59 5 8 6 14 2 11 
43 33 34 34 26 7 24 4 38 15 37 31 23 20 34 14 30 17 
12 64 3 65 57 24 7 27 69 16 6 62 8 11 3 17 1 14 
33 43 24 44 36 3 14 6 48 5 27 41 13 10 24 4 20 7 
59 17 50 18 10 23 40 20 22 31 53 15 39 36 50 30 46 33 
65 11 56 12 4 29 46 26 16 37 59 9 45 42 56 36 52 39 
45 31 36 32 24 9 26 6 36 17 39 29 25 22 36 16 32 19 
41 35 32 36 28 5 22 2 40 13 35 33 21 18 32 12 28 15 

6 10 84 88 36 2 64 38 22 0 4 75 55 81 43 89 1 20 
13 9 65 69 17 21 45 19 3 19 15 56 36 62 24 70 20 1 
39 35 39 43 9 47 19 7 23 45 41 30 10 36 2 44 46 25 
90 86 12 8 60 98 32 58 74 96 92 21 41 15 53 7 97 76 
77 73 1 5 47 85 19 45 61 83 79 8 28 2 40 6 84 63 
39 35 39 43 9 47 19 7 23 45 41 30 10 36 2 44 46 25 
41 37 37 41 11 49 17 9 25 47 43 28 8 34 4 42 48 27 
68 64 10 14 38 76 10 36 52 74 70 1 19 7 31 15 75 54 
2 6 80 84 32 6 60 34 18 4 0 71 51 77 39 85 5 16 
6 10 84 88 36 2 64 38 22 0 4 75 55 81 43 89 1 20 
24 20 54 58 6 32 34 8 8 30 26 45 25 51 13 59 31 10 
52 48 26 30 22 60 6 20 36 58 54 17 3 23 15 31 59 38 
21 17 57 61 9 29 37 11 5 27 23 48 28 54 16 62 28 7 
42 38 36 40 12 50 16 10 26 48 44 27 7 33 5 41 49 28 
68 64 10 14 38 76 10 36 52 74 70 1 19 7 31 15 75 54 
74 70 4 8 44 82 16 42 58 80 76 5 25 1 37 9 81 60 
54 50 24 28 24 62 4 22 38 60 56 15 5 21 17 29 61 40 
50 46 28 32 20 58 8 18 34 56 52 19 1 25 13 33 57 36 

31 22 90 9 88 64 17 76 39 11 75 32 28 8 43 42 4 46 
12 3 71 10 69 45 2 57 20 8 56 13 9 11 24 23 15 27 
14 23 45 36 43 19 28 31 6 34 30 13 17 37 2 3 41 1 
65 74 6 87 8 32 79 20 57 85 21 64 68 88 53 54 92 50 
52 61 7 74 5 19 66 7 44 72 8 51 55 75 40 41 79 37 
14 23 45 36 43 19 28 31 6 34 30 13 17 37 2 3 41 1 
16 25 43 38 41 17 30 29 8 36 28 15 19 39 4 5 43 1 
43 52 16 65 14 10 57 2 35 63 1 42 46 66 31 32 70 28 
27 18 86 5 84 60 13 72 35 7 71 28 24 4 39 38 0 42 
31 22 90 9 88 64 17 76 39 11 75 32 28 8 43 42 4 46 
1 8 60 21 58 34 13 46 9 19 45 2 2 22 13 12 26 16 
27 36 32 49 30 6 41 18 19 47 17 26 30 50 15 16 54 12 
4 5 63 18 61 37 10 49 12 16 48 5 1 19 16 15 23 19 
17 26 42 39 40 16 31 28 9 37 27 16 20 40 5 6 44 2 
43 52 16 65 14 10 57 2 35 63 1 42 46 66 31 32 70 28 
49 58 10 71 8 16 63 4 41 69 5 48 52 72 37 38 76 34 
29 38 30 51 28 4 43 16 21 49 15 28 32 52 17 18 56 14 
25 34 34 47 32 8 39 20 17 45 19 24 28 48 13 14 52 10 

14 62 53 26 49 12 33 77 73 85 40 93 42 48 61 29 17 31 
5 43 34 7 30 7 14 58 54 66 21 74 23 29 42 10 2 12 
31 17 8 19 4 33 12 32 28 40 5 48 3 3 16 16 28 14 
82 34 43 70 47 84 63 19 23 11 56 3 54 48 35 67 79 65 
69 21 30 57 34 71 50 6 10 2 43 10 41 35 22 54 66 52 
31 17 8 19 4 33 12 32 28 40 5 48 3 3 16 16 28 14 
33 15 6 21 2 35 14 30 26 38 7 46 5 1 14 18 30 16 
60 12 21 48 25 62 41 3 1 11 34 19 32 26 13 45 57 43 
10 58 49 22 45 8 29 73 69 81 36 89 38 44 57 25 13 27 
14 62 53 26 49 12 33 77 73 85 40 93 42 48 61 29 17 31 
16 32 23 4 19 18 3 47 43 55 10 63 12 18 31 1 13 1 
44 4 5 32 9 46 25 19 15 27 18 35 16 10 3 29 41 27 
13 35 26 1 22 15 6 50 46 58 13 66 15 21 34 2 10 4 
34 14 5 22 1 36 15 29 25 37 8 45 6 0 13 19 31 17 
60 12 21 48 25 62 41 3 1 11 34 19 32 26 13 45 57 43 
66 18 27 54 31 68 47 3 7 5 40 13 38 32 19 51 63 49 
46 2 7 34 11 48 27 17 13 25 20 33 18 12 1 31 43 29 
42 6 3 30 7 44 23 21 17 29 16 37 14 8 5 27 39 25 

86 27 72 70 26 96 70 3 79 96 15 22 2 5 28 3 7 93 
67 8 53 51 7 77 51 16 60 77 4 3 17 14 9 16 12 74 
41 18 27 25 19 51 25 42 34 51 30 23 43 40 17 42 38 48 
10 69 24 26 70 0 26 93 17 0 81 74 94 91 68 93 89 3 
3 56 11 13 57 13 13 80 4 13 68 61 81 78 55 80 76 10 
41 18 27 25 19 51 25 42 34 51 30 23 43 40 17 42 38 48 
39 20 25 23 21 49 23 44 32 49 32 25 45 42 19 44 40 46 
12 47 2 4 48 22 4 71 5 22 59 52 72 69 46 71 67 19 
82 23 68 66 22 92 66 1 75 92 11 18 2 1 24 1 3 89 
86 27 72 70 26 96 70 3 79 96 15 22 2 5 28 3 7 93 
56 3 42 40 4 66 40 27 49 66 15 8 28 25 2 27 23 63 
28 31 14 12 32 38 12 55 21 38 43 36 56 53 30 55 51 35 
59 0 45 43 1 69 43 24 52 69 12 5 25 22 1 24 20 66 
38 21 24 22 22 48 22 45 31 48 33 26 46 43 20 45 41 45 
12 47 2 4 48 22 4 71 5 22 59 52 72 69 46 71 67 19 
6 53 8 10 54 16 10 77 1 16 65 58 78 75 52 77 73 13 
26 33 12 10 34 36 10 57 19 36 45 38 58 55 32 57 53 33 
30 29 16 14 30 40 14 53 23 40 41 34 54 51 28 53 49 37 

22 41 9 17 8 29 59 65 3 34 51 20 42 39 31 18 49 27 
50 69 37 45 36 57 87 93 31 62 79 48 70 67 3 10 77 1 
19 0 32 24 33 12 18 24 38 7 10 21 1 2 72 59 8 68 
24 43 11 19 10 31 61 67 5 36 53 22 44 41 29 16 51 25 
47 66 34 42 33 54 84 90 28 59 76 45 67 64 6 7 74 2 
14 5 27 19 28 7 23 29 33 2 15 16 6 3 67 54 13 63 
15 34 2 10 1 22 52 58 4 27 44 13 35 32 38 25 42 34 
20 39 7 15 6 27 57 63 1 32 49 18 40 37 33 20 47 29 
29 48 16 24 15 36 66 72 10 41 58 27 49 46 24 11 56 20 
11 30 2 6 3 18 48 54 8 23 40 9 31 28 42 29 38 38 
46 65 33 41 32 53 83 89 27 58 75 44 66 63 7 6 73 3 
37 18 50 42 51 30 0 6 56 25 8 39 17 20 90 77 10 86 
41 22 54 46 55 34 4 2 60 29 12 43 21 24 94 81 14 90 
37 56 24 32 23 44 74 80 18 49 66 35 57 54 16 3 64 12 
35 16 48 40 49 28 2 8 54 23 6 37 15 18 88 75 8 84 
26 7 39 31 40 19 11 17 45 14 3 28 6 9 79 66 1 75 
27 8 40 32 41 20 10 16 46 15 2 29 7 10 80 67 0 76 
41 22 54 46 55 34 4 2 60 29 12 43 21 24 94 81 14 90 

11 62 20 22 13 35 30 32 10 30 42 9 34 10 5 33 4 30 
17 90 48 50 15 63 58 60 18 58 70 19 62 38 33 61 32 58 
52 21 21 19 54 6 11 9 51 11 1 50 7 31 36 8 37 11 
9 64 22 24 11 37 32 34 8 32 44 7 36 12 7 35 6 32 
14 87 45 47 12 60 55 57 15 55 67 16 59 35 30 58 29 55 
47 26 16 14 49 1 6 4 46 6 6 45 2 26 31 3 32 6 
18 55 13 15 20 28 23 25 17 23 35 16 27 3 2 26 3 23 
13 60 18 20 15 33 28 30 12 28 40 11 32 8 3 31 2 28 
4 69 27 29 6 42 37 39 3 37 49 2 41 17 12 40 11 37 
22 51 9 11 24 24 19 21 21 19 31 20 23 1 6 22 7 19 
13 86 44 46 11 59 54 56 14 54 66 15 58 34 29 57 28 54 
70 3 39 37 72 24 29 27 69 29 17 68 25 49 54 26 55 29 
74 1 43 41 76 28 33 31 73 33 21 72 29 53 58 30 59 33 
4 77 35 37 2 50 45 47 5 45 57 6 49 25 20 48 19 45 
68 5 37 35 70 22 27 25 67 27 15 66 23 47 52 24 53 27 
59 14 28 26 61 13 18 16 58 18 6 57 14 38 43 15 44 18 
60 13 29 27 62 14 19 17 59 19 7 58 15 39 44 16 45 19 
74 1 43 41 76 28 33 31 73 33 21 72 29 53 58 30 59 33 

64 12 5 0 9 32 58 32 41 5 14 47 8 3 17 12 52 24 
92 40 23 28 37 4 86 60 69 33 42 75 36 25 45 16 80 52 
23 29 46 41 32 73 17 9 0 36 27 6 33 44 24 53 11 17 
66 14 3 2 11 30 60 34 43 7 16 49 10 1 19 10 54 26 
89 37 20 25 34 7 83 57 66 30 39 72 33 22 42 13 77 49 
28 24 41 36 27 68 22 4 5 31 22 11 28 39 19 48 16 12 
57 5 12 7 2 39 51 25 34 2 7 40 1 10 10 19 45 17 
62 10 7 2 7 34 56 30 39 3 12 45 6 5 15 14 50 22 
71 19 2 7 16 25 65 39 48 12 21 54 15 4 24 5 59 31 
53 1 16 11 2 43 47 21 30 6 3 36 3 14 6 23 41 13 
88 36 19 24 33 8 82 56 65 29 38 71 32 21 41 12 76 48 
5 47 64 59 50 91 1 27 18 54 45 12 51 62 42 71 7 35 
1 51 68 63 54 95 5 31 22 58 49 16 55 66 46 75 11 39 
79 27 10 15 24 17 73 47 56 20 29 62 23 12 32 3 67 39 
7 45 62 57 48 89 1 25 16 52 43 10 49 60 40 69 5 33 
16 36 53 48 39 80 10 16 7 43 34 1 40 51 31 60 4 24 
15 37 54 49 40 81 9 17 8 44 35 2 41 52 32 61 3 25 
1 51 68 63 54 95 5 31 22 58 49 16 55 66 46 75 11 39 

14 62 5 63 55 22 5 25 67 14 8 60 6 9 5 15 1 12 
14 90 23 91 83 50 33 53 95 42 20 88 34 37 23 43 27 40 
55 21 46 22 14 19 36 16 26 27 49 19 35 32 46 26 42 29 
12 64 3 65 57 24 7 27 69 16 6 62 8 11 3 17 1 14 
11 87 20 88 80 47 30 50 92 39 17 85 31 34 20 40 24 37 
50 26 41 27 19 14 31 11 31 22 44 24 30 27 41 21 37 24 
21 55 12 56 48 15 2 18 60 7 15 53 1 2 12 8 8 5 
16 60 7 61 53 20 3 23 65 12 10 58 4 7 7 13 3 10 
7 69 2 70 62 29 12 32 74 21 1 67 13 16 2 22 6 19 
25 51 16 52 44 11 6 14 56 3 19 49 5 2 16 4 12 1 
10 86 19 87 79 46 29 49 91 38 16 84 30 33 19 39 23 36 
73 3 64 4 4 37 54 34 8 45 67 1 53 50 64 44 60 47 
77 1 68 0 8 41 58 38 4 49 71 3 57 54 68 48 64 51 
1 77 10 78 70 37 20 40 82 29 7 75 21 24 10 30 14 27 
71 5 62 6 2 35 52 32 10 43 65 3 51 48 62 42 58 45 
62 14 53 15 7 26 43 23 19 34 56 12 42 39 53 33 49 36 
63 13 54 14 6 27 44 24 18 35 57 11 43 40 54 34 50 37 
77 1 68 0 8 41 58 38 4 49 71 3 57 54 68 48 64 51 

23 19 55 59 7 31 35 9 7 29 25 46 26 52 14 60 30 9 
5 9 83 87 35 3 63 37 21 1 3 74 54 80 42 88 2 19 
64 60 14 18 34 72 6 32 48 70 66 5 15 11 27 19 71 50 
21 17 57 61 9 29 37 11 5 27 23 48 28 54 16 62 28 7 
2 6 80 84 32 6 60 34 18 4 0 71 51 77 39 85 5 16 
59 55 19 23 29 67 1 27 43 65 61 10 10 16 22 24 66 45 
30 26 48 52 0 38 28 2 14 36 32 39 19 45 7 53 37 16 
25 21 53 57 5 33 33 7 9 31 27 44 24 50 12 58 32 11 
16 12 62 66 14 24 42 16 0 22 18 53 33 59 21 67 23 2 
34 30 44 48 4 42 24 2 18 40 36 35 15 41 3 49 41 20 
1 5 79 83 31 7 59 33 17 5 1 70 50 76 38 84 6 15 
82 78 4 0 52 90 24 50 66 88 84 13 33 7 45 1 89 68 
86 82 8 4 56 94 28 54 70 92 88 17 37 11 49 3 93 72 
8 4 70 74 22 16 50 24 8 14 10 61 41 67 29 75 15 6 
80 76 2 2 50 88 22 48 64 86 82 11 31 5 43 3 87 66 
71 67 7 11 41 79 13 39 55 77 73 2 22 4 34 12 78 57 
72 68 6 10 42 80 14 40 56 78 74 3 23 3 35 11 79 58 
86 82 8 4 56 94 28 54 70 92 88 17 37 11 49 3 93 72 

2 7 61 20 59 35 12 47 10 18 46 3 1 21 14 13 25 17 
30 21 89 8 87 63 16 75 38 10 74 31 27 7 42 41 3 45 
39 48 20 61 18 6 53 6 31 59 5 38 42 62 27 28 66 24 
4 5 63 18 61 37 10 49 12 16 48 5 1 19 16 15 23 19 
27 18 86 5 84 60 13 72 35 7 71 28 24 4 39 38 0 42 
34 43 25 56 23 1 48 11 26 54 10 33 37 57 22 23 61 19 
5 14 54 27 52 28 19 40 3 25 39 4 8 28 7 6 32 10 
0 9 59 22 57 33 14 45 8 20 44 1 3 23 12 11 27 15 
9 0 68 13 66 42 5 54 17 11 53 10 6 14 21 20 18 24 
9 18 50 31 48 24 23 36 1 29 35 8 12 32 3 2 36 6 
26 17 85 4 83 59 12 71 34 6 70 27 23 3 38 37 1 41 
57 66 2 79 0 24 71 12 49 77 13 56 60 80 45 46 84 42 
61 70 2 83 4 28 75 16 53 81 17 60 64 84 49 50 88 46 
17 8 76 5 74 50 3 62 25 3 61 18 14 6 29 28 10 32 
55 64 4 77 2 22 69 10 47 75 11 54 58 78 43 44 82 40 
46 55 13 68 11 13 60 1 38 66 2 45 49 69 34 35 73 31 
47 56 12 69 10 14 61 2 39 67 3 46 50 70 35 36 74 32 
61 70 2 83 4 28 75 16 53 81 17 60 64 84 49 50 88 46 

15 33 24 3 20 17 4 48 44 56 11 64 13 19 32 0 12 2 
13 61 52 25 48 11 32 76 72 84 39 92 41 47 60 28 16 30 
56 8 17 44 21 58 37 7 3 15 30 23 28 22 9 41 53 39 
13 35 26 1 22 15 6 50 46 58 13 66 15 21 34 2 10 4 
10 58 49 22 45 8 29 73 69 81 36 89 38 44 57 25 13 27 
51 3 12 39 16 53 32 12 8 20 25 28 23 17 4 36 48 34 
22 26 17 10 13 24 3 41 37 49 4 57 6 12 25 7 19 5 
17 31 22 5 18 19 2 46 42 54 9 62 11 17 30 2 14 0 
8 40 31 4 27 10 11 55 51 63 18 71 20 26 39 7 5 9 
26 22 13 14 9 28 7 37 33 45 0 53 2 8 21 11 23 9 
9 57 48 21 44 7 28 72 68 80 35 88 37 43 56 24 12 26 
74 26 35 62 39 76 55 11 15 3 48 5 46 40 27 59 71 57 
78 30 39 66 43 80 59 15 19 7 52 1 50 44 31 63 75 61 
0 48 39 12 35 2 19 63 59 71 26 79 28 34 47 15 3 17 
72 24 33 60 37 74 53 9 13 1 46 7 44 38 25 57 69 55 
63 15 24 51 28 65 44 0 4 8 37 16 35 29 16 48 60 46 
64 16 25 52 29 66 45 1 5 7 38 15 36 30 17 49 61 47 
78 30 39 66 43 80 59 15 19 7 52 1 50 44 31 63 75 61 

57 2 43 41 3 67 41 26 50 67 14 7 27 24 1 26 22 64 
85 26 71 69 25 95 69 2 78 95 14 21 1 4 27 2 6 92 
16 43 2 0 44 26 0 67 9 26 55 48 68 65 42 67 63 23 
59 0 45 43 1 69 43 24 52 69 12 5 25 22 1 24 20 66 
82 23 68 66 22 92 66 1 75 92 11 18 2 1 24 1 3 89 
21 38 7 5 39 31 5 62 14 31 50 43 63 60 37 62 58 28 
50 9 36 34 10 60 34 33 43 60 21 14 34 31 8 33 29 57 
55 4 41 39 5 65 39 28 48 65 16 9 29 26 3 28 24 62 
64 5 50 48 4 74 48 19 57 74 7 0 20 17 6 19 15 71 
46 13 32 30 14 56 30 37 39 56 25 18 38 35 12 37 33 53 
81 22 67 65 21 91 65 2 74 91 10 17 3 0 23 2 2 88 
2 61 16 18 62 8 18 85 9 8 73 66 86 83 60 85 81 5 
6 65 20 22 66 4 22 89 13 4 77 70 90 87 64 89 85 1 
72 13 58 56 12 82 56 11 65 82 1 8 12 9 14 11 7 79 
0 59 14 16 60 10 16 83 7 10 71 64 84 81 58 83 79 7 
9 50 5 7 51 19 7 74 2 19 62 55 75 72 49 74 70 16 
8 51 6 8 52 18 8 75 1 18 63 56 76 73 50 75 71 15 
6 65 20 22 66 4 22 89 13 4 77 70 90 87 64 89 85 1 

33 40 2 0 35 13 8 10 32 8 20 31 12 12 17 11 18 8 
52 21 21 19 54 6 11 9 51 11 1 50 7 31 36 8 37 11 
20 53 11 13 22 26 21 23 19 21 33 18 25 1 4 24 5 21 
28 45 3 5 30 18 13 15 27 13 25 26 17 7 12 16 13 13 
19 54 12 14 21 27 22 24 18 22 34 17 26 2 3 25 4 22 
40 33 9 7 42 6 1 3 39 1 13 38 5 19 24 4 25 1 
70 3 39 37 72 24 29 27 69 29 17 68 25 49 54 26 55 29 
76 3 45 43 78 30 35 33 75 35 23 74 31 55 60 32 61 35 
14 59 17 19 16 32 27 29 13 27 39 12 31 7 2 30 1 27 
45 28 14 12 47 1 4 2 44 4 8 43 0 24 29 1 30 4 
62 11 31 29 64 16 21 19 61 21 9 60 17 41 46 18 47 21 
31 42 0 2 33 15 10 12 30 10 22 29 14 10 15 13 16 10 
53 20 22 20 55 7 12 10 52 12 0 51 8 32 37 9 38 12 
50 23 19 17 52 4 9 7 49 9 3 48 5 29 34 6 35 9 
20 93 51 53 18 66 61 63 21 61 73 22 65 41 36 64 35 61 
7 80 38 40 5 53 48 50 8 48 60 9 52 28 23 51 22 48 
60 13 29 27 62 14 19 17 59 19 7 58 15 39 44 16 45 19 
16 89 47 49 14 62 57 59 17 57 69 18 61 37 32 60 31 57 

42 10 27 22 13 54 36 10 19 17 8 25 14 25 5 34 30 2 
23 29 46 41 32 73 17 9 0 36 27 6 33 44 24 53 11 17 
55 3 14 9 0 41 49 23 32 4 5 38 1 12 8 21 43 15 
47 5 22 17 8 49 41 15 24 12 3 30 9 20 0 29 35 7 
56 4 13 8 1 40 50 24 33 3 6 39 0 11 9 20 44 16 
35 17 34 29 20 61 29 3 12 24 15 18 21 32 12 41 23 5 
5 47 64 59 50 91 1 27 18 54 45 12 51 62 42 71 7 35 
1 53 70 65 56 97 7 33 24 60 51 18 57 68 48 77 13 41 
61 9 8 3 6 35 55 29 38 2 11 44 5 6 14 15 49 21 
30 22 39 34 25 66 24 2 7 29 20 13 26 37 17 46 18 10 
13 39 56 51 42 83 7 19 10 46 37 4 43 54 34 63 1 27 
44 8 25 20 11 52 38 12 21 15 6 27 12 23 3 32 32 4 
22 30 47 42 33 74 16 10 1 37 28 5 34 45 25 54 10 18 
25 27 44 39 30 71 19 7 2 34 25 8 31 42 22 51 13 15 
95 43 26 31 40 1 89 63 72 36 45 78 39 28 48 19 83 55 
82 30 13 18 27 14 76 50 59 23 32 65 26 15 35 6 70 42 
15 37 54 49 40 81 9 17 8 44 35 2 41 52 32 61 3 25 
91 39 22 27 36 5 85 59 68 32 41 74 35 24 44 15 79 51 

36 40 27 41 33 0 17 3 45 8 30 38 16 13 27 7 23 10 
55 21 46 22 14 19 36 16 26 27 49 19 35 32 46 26 42 29 
23 53 14 54 46 13 4 16 58 5 17 51 3 0 14 6 10 3 
31 45 22 46 38 5 12 8 50 3 25 43 11 8 22 2 18 5 
22 54 13 55 47 14 3 17 59 6 16 52 2 1 13 7 9 4 
43 33 34 34 26 7 24 4 38 15 37 31 23 20 34 14 30 17 
73 3 64 4 4 37 54 34 8 45 67 1 53 50 64 44 60 47 
79 3 70 2 10 43 60 40 2 51 73 5 59 56 70 50 66 53 
17 59 8 60 52 19 2 22 64 11 11 57 3 6 8 12 4 9 
48 28 39 29 21 12 29 9 33 20 42 26 28 25 39 19 35 22 
65 11 56 12 4 29 46 26 16 37 59 9 45 42 56 36 52 39 
34 42 25 43 35 2 15 5 47 6 28 40 14 11 25 5 21 8 
56 20 47 21 13 20 37 17 25 28 50 18 36 33 47 27 43 30 
53 23 44 24 16 17 34 14 28 25 47 21 33 30 44 24 40 27 
17 93 26 94 86 53 36 56 98 45 23 91 37 40 26 46 30 43 
4 80 13 81 73 40 23 43 85 32 10 78 24 27 13 33 17 30 
63 13 54 14 6 27 44 24 18 35 57 11 43 40 54 34 50 37 
13 89 22 90 82 49 32 52 94 41 19 87 33 36 22 42 26 39 

45 41 33 37 15 53 13 13 29 51 47 24 4 30 8 38 52 31 
64 60 14 18 34 72 6 32 48 70 66 5 15 11 27 19 71 50 
32 28 46 50 2 40 26 0 16 38 34 37 17 43 5 51 39 18 
40 36 38 42 10 48 18 8 24 46 42 29 9 35 3 43 47 26 
31 27 47 51 1 39 27 1 15 37 33 38 18 44 6 52 38 17 
52 48 26 30 22 60 6 20 36 58 54 17 3 23 15 31 59 38 
82 78 4 0 52 90 24 50 66 88 84 13 33 7 45 1 89 68 
88 84 10 6 58 96 30 56 72 94 90 19 39 13 51 5 95 74 
26 22 52 56 4 34 32 6 10 32 28 43 23 49 11 57 33 12 
57 53 21 25 27 65 1 25 41 63 59 12 8 18 20 26 64 43 
74 70 4 8 44 82 16 42 58 80 76 5 25 1 37 9 81 60 
43 39 35 39 13 51 15 11 27 49 45 26 6 32 6 40 50 29 
65 61 13 17 35 73 7 33 49 71 67 4 16 10 28 18 72 51 
62 58 16 20 32 70 4 30 46 68 64 7 13 13 25 21 69 48 
8 12 86 90 38 0 66 40 24 2 6 77 57 83 45 91 1 22 
5 1 73 77 25 13 53 27 11 11 7 64 44 70 32 78 12 9 
72 68 6 10 42 80 14 40 56 78 74 3 23 3 35 11 79 58 
4 8 82 86 34 4 62 36 20 2 2 73 53 79 41 87 3 18 

20 29 39 42 37 13 34 25 12 40 24 19 23 43 8 9 47 5 
39 48 20 61 18 6 53 6 31 59 5 38 42 62 27 28 66 24 
7 16 52 29 50 26 21 38 1 27 37 6 10 30 5 4 34 8 
15 24 44 37 42 18 29 30 7 35 29 14 18 38 3 4 42 0 
6 15 53 28 51 27 20 39 2 26 38 5 9 29 6 5 33 9 
27 36 32 49 30 6 41 18 19 47 17 26 30 50 15 16 54 12 
57 66 2 79 0 24 71 12 49 77 13 56 60 80 45 46 84 42 
63 72 4 85 6 30 77 18 55 83 19 62 66 86 51 52 90 48 
1 10 58 23 56 32 15 44 7 21 43 0 4 24 11 10 28 14 
32 41 27 54 25 1 46 13 24 52 12 31 35 55 20 21 59 17 
49 58 10 71 8 16 63 4 41 69 5 48 52 72 37 38 76 34 
18 27 41 40 39 15 32 27 10 38 26 17 21 41 6 7 45 3 
40 49 19 62 17 7 54 5 32 60 4 39 43 63 28 29 67 25 
37 46 22 59 20 4 51 8 29 57 7 36 40 60 25 26 64 22 
33 24 92 11 90 66 19 78 41 13 77 34 30 10 45 44 6 48 
20 11 79 2 77 53 6 65 28 0 64 21 17 3 32 31 7 35 
47 56 12 69 10 14 61 2 39 67 3 46 50 70 35 36 74 32 
29 20 88 7 86 62 15 74 37 9 73 30 26 6 41 40 2 44 

37 11 2 25 2 39 18 26 22 34 11 42 9 3 10 22 34 20 
56 8 17 44 21 58 37 7 3 15 30 23 28 22 9 41 53 39 
24 24 15 12 11 26 5 39 35 47 2 55 4 10 23 9 21 7 
32 16 7 20 3 34 13 31 27 39 6 47 4 2 15 17 29 15 
23 25 16 11 12 25 4 40 36 48 3 56 5 11 24 8 20 6 
44 4 5 32 9 46 25 19 15 27 18 35 16 10 3 29 41 27 
74 26 35 62 39 76 55 11 15 3 48 5 46 40 27 59 71 57 
80 32 41 68 45 82 61 17 21 9 54 1 52 46 33 65 77 63 
18 30 21 6 17 20 1 45 41 53 8 61 10 16 29 3 15 1 
49 1 10 37 14 51 30 14 10 22 23 30 21 15 2 34 46 32 
66 18 27 54 31 68 47 3 7 5 40 13 38 32 19 51 63 49 
35 13 4 23 0 37 16 28 24 36 9 44 7 1 12 20 32 18 
57 9 18 45 22 59 38 6 2 14 31 22 29 23 10 42 54 40 
54 6 15 42 19 56 35 9 5 17 28 25 26 20 7 39 51 37 
16 64 55 28 51 14 35 79 75 87 42 95 44 50 63 31 19 33 
3 51 42 15 38 1 22 66 62 74 29 82 31 37 50 18 6 20 
64 16 25 52 29 66 45 1 5 7 38 15 36 30 17 49 61 47 
12 60 51 24 47 10 31 75 71 83 38 91 40 46 59 27 15 29 

35 24 21 19 25 45 19 48 28 45 36 29 49 46 23 48 44 42 
16 43 2 0 44 26 0 67 9 26 55 48 68 65 42 67 63 23 
48 11 34 32 12 58 32 35 41 58 23 16 36 33 10 35 31 55 
40 19 26 24 20 50 24 43 33 50 31 24 44 41 18 43 39 47 
49 10 35 33 11 59 33 34 42 59 22 15 35 32 9 34 30 56 
28 31 14 12 32 38 12 55 21 38 43 36 56 53 30 55 51 35 
2 61 16 18 62 8 18 85 9 8 73 66 86 83 60 85 81 5 
8 67 22 24 68 2 24 91 15 2 79 72 92 89 66 91 87 1 
54 5 40 38 6 64 38 29 47 64 17 10 30 27 4 29 25 61 
23 36 9 7 37 33 7 60 16 33 48 41 61 58 35 60 56 30 
6 53 8 10 54 16 10 77 1 16 65 58 78 75 52 77 73 13 
37 22 23 21 23 47 21 46 30 47 34 27 47 44 21 46 42 44 
15 44 1 1 45 25 1 68 8 25 56 49 69 66 43 68 64 22 
18 41 4 2 42 28 2 65 11 28 53 46 66 63 40 65 61 25 
88 29 74 72 28 98 72 5 81 98 17 24 4 7 30 5 9 95 
75 16 61 59 15 85 59 8 68 85 4 11 9 6 17 8 4 82 
8 51 6 8 52 18 8 75 1 18 63 56 76 73 50 75 71 15 
84 25 70 68 24 94 68 1 77 94 13 20 0 3 26 1 5 91 

75 23 6 11 20 21 69 43 52 16 25 58 19 8 28 1 63 35 
2 50 67 62 53 94 4 30 21 57 48 15 54 65 45 74 10 38 
44 8 25 20 11 52 38 12 21 15 6 27 12 23 3 32 32 4 
42 10 27 22 13 54 36 10 19 17 8 25 14 25 5 34 30 2 
77 25 8 13 22 19 71 45 54 18 27 60 21 10 30 1 65 37 
29 23 40 35 26 67 23 3 6 30 21 12 27 38 18 47 17 11 
34 18 35 30 21 62 28 2 11 25 16 17 22 33 13 42 22 6 
32 20 37 32 23 64 26 0 9 27 18 15 24 35 15 44 20 8 
74 22 5 10 19 22 68 42 51 15 24 57 18 7 27 2 62 34 
34 18 35 30 21 62 28 2 11 25 16 17 22 33 13 42 22 6 
22 30 47 42 33 74 16 10 1 37 28 5 34 45 25 54 10 18 
73 21 4 9 18 23 67 41 50 14 23 56 17 6 26 3 61 33 
30 22 39 34 25 66 24 2 7 29 20 13 26 37 17 46 18 10 
54 2 15 10 1 42 48 22 31 5 4 37 2 13 7 22 42 14 
59 7 10 5 4 37 53 27 36 0 9 42 3 8 12 17 47 19 
31 21 38 33 24 65 25 1 8 28 19 14 25 36 16 45 19 9 
60 8 9 4 5 36 54 28 37 1 10 43 4 7 13 16 48 20 
34 18 35 30 21 62 28 2 11 25 16 17 22 33 13 42 22 6 

3 73 6 74 66 33 16 36 78 25 3 71 17 20 6 26 10 23 
76 0 67 1 7 40 57 37 5 48 70 2 56 53 67 47 63 50 
34 42 25 43 35 2 15 5 47 6 28 40 14 11 25 5 21 8 
36 40 27 41 33 0 17 3 45 8 30 38 16 13 27 7 23 10 
1 75 8 76 68 35 18 38 80 27 5 73 19 22 8 28 12 25 
49 27 40 28 20 13 30 10 32 21 43 25 29 26 40 20 36 23 
44 32 35 33 25 8 25 5 37 16 38 30 24 21 35 15 31 18 
46 30 37 31 23 10 27 7 35 18 40 28 26 23 37 17 33 20 
4 72 5 73 65 32 15 35 77 24 2 70 16 19 5 25 9 22 
44 32 35 33 25 8 25 5 37 16 38 30 24 21 35 15 31 18 
56 20 47 21 13 20 37 17 25 28 50 18 36 33 47 27 43 30 
5 71 4 72 64 31 14 34 76 23 1 69 15 18 4 24 8 21 
48 28 39 29 21 12 29 9 33 20 42 26 28 25 39 19 35 22 
24 52 15 53 45 12 5 15 57 4 18 50 4 1 15 5 11 2 
19 57 10 58 50 17 0 20 62 9 13 55 1 4 10 10 6 7 
47 29 38 30 22 11 28 8 34 19 41 27 27 24 38 18 34 21 
18 58 9 59 51 18 1 21 63 10 12 56 2 5 9 11 5 8 
44 32 35 33 25 8 25 5 37 16 38 30 24 21 35 15 31 18 

12 8 66 70 18 20 46 20 4 18 14 57 37 63 25 71 19 2 
85 81 7 3 55 93 27 53 69 91 87 16 36 10 48 2 92 71 
43 39 35 39 13 51 15 11 27 49 45 26 6 32 6 40 50 29 
45 41 33 37 15 53 13 13 29 51 47 24 4 30 8 38 52 31 
10 6 68 72 20 18 48 22 6 16 12 59 39 65 27 73 17 4 
58 54 20 24 28 66 0 26 42 64 60 11 9 17 21 25 65 44 
53 49 25 29 23 61 5 21 37 59 55 16 4 22 16 30 60 39 
55 51 23 27 25 63 3 23 39 61 57 14 6 20 18 28 62 41 
13 9 65 69 17 21 45 19 3 19 15 56 36 62 24 70 20 1 
53 49 25 29 23 61 5 21 37 59 55 16 4 22 16 30 60 39 
65 61 13 17 35 73 7 33 49 71 67 4 16 10 28 18 72 51 
14 10 64 68 16 22 44 18 2 20 16 55 35 61 23 69 21 0 
57 53 21 25 27 65 1 25 41 63 59 12 8 18 20 26 64 43 
33 29 45 49 3 41 25 1 17 39 35 36 16 42 4 50 40 19 
28 24 50 54 2 36 30 4 12 34 30 41 21 47 9 55 35 14 
56 52 22 26 26 64 2 24 40 62 58 13 7 19 19 27 63 42 
27 23 51 55 3 35 31 5 11 33 29 42 22 48 10 56 34 13 
53 49 25 29 23 61 5 21 37 59 55 16 4 22 16 30 60 39 

13 4 72 9 70 46 1 58 21 7 57 14 10 10 25 24 14 28 
60 69 1 82 3 27 74 15 52 80 16 59 63 83 48 49 87 45 
18 27 41 40 39 15 32 27 10 38 26 17 21 41 6 7 45 3 
20 29 39 42 37 13 34 25 12 40 24 19 23 43 8 9 47 5 
15 6 74 7 72 48 1 60 23 5 59 16 12 8 27 26 12 30 
33 42 26 55 24 0 47 12 25 53 11 32 36 56 21 22 60 18 
28 37 31 50 29 5 42 17 20 48 16 27 31 51 16 17 55 13 
30 39 29 52 27 3 44 15 22 50 14 29 33 53 18 19 57 15 
12 3 71 10 69 45 2 57 20 8 56 13 9 11 24 23 15 27 
28 37 31 50 29 5 42 17 20 48 16 27 31 51 16 17 55 13 
40 49 19 62 17 7 54 5 32 60 4 39 43 63 28 29 67 25 
11 2 70 11 68 44 3 56 19 9 55 12 8 12 23 22 16 26 
32 41 27 54 25 1 46 13 24 52 12 31 35 55 20 21 59 17 
8 17 51 30 49 25 22 37 0 28 36 7 11 31 4 3 35 7 
3 12 56 25 54 30 17 42 5 23 41 2 6 26 9 8 30 12 
31 40 28 53 26 2 45 14 23 51 13 30 34 54 19 20 58 16 
2 11 57 24 55 31 16 43 6 22 42 1 5 25 10 9 29 13 
28 37 31 50 29 5 42 17 20 48 16 27 31 51 16 17 55 13 

4 44 35 8 31 6 15 59 55 67 22 75 24 30 43 11 1 13 
77 29 38 65 42 79 58 14 18 6 51 2 49 43 30 62 74 60 
35 13 4 23 0 37 16 28 24 36 9 44 7 1 12 20 32 18 
37 11 2 25 2 39 18 26 22 34 11 42 9 3 10 22 34 20 
2 46 37 10 33 4 17 61 57 69 24 77 26 32 45 13 1 15 
50 2 11 38 15 52 31 13 9 21 24 29 22 16 3 35 47 33 
45 3 6 33 10 47 26 18 14 26 19 34 17 11 2 30 42 28 
47 1 8 35 12 49 28 16 12 24 21 32 19 13 0 32 44 30 
5 43 34 7 30 7 14 58 54 66 21 74 23 29 42 10 2 12 
45 3 6 33 10 47 26 18 14 26 19 34 17 11 2 30 42 28 
57 9 18 45 22 59 38 6 2 14 31 22 29 23 10 42 54 40 
6 42 33 6 29 8 13 57 53 65 20 73 22 28 41 9 3 11 
49 1 10 37 14 51 30 14 10 22 23 30 21 15 2 34 46 32 
25 23 14 13 10 27 6 38 34 46 1 54 3 9 22 10 22 8 
20 28 19 8 15 22 1 43 39 51 6 59 8 14 27 5 17 3 
48 0 9 36 13 50 29 15 11 23 22 31 20 14 1 33 45 31 
19 29 20 7 16 21 0 44 40 52 7 60 9 15 28 4 16 2 
45 3 6 33 10 47 26 18 14 26 19 34 17 11 2 30 42 28 

68 9 54 52 8 78 52 15 61 78 3 4 16 13 10 15 11 75 
5 64 19 21 65 5 21 88 12 5 76 69 89 86 63 88 84 2 
37 22 23 21 23 47 21 46 30 47 34 27 47 44 21 46 42 44 
35 24 21 19 25 45 19 48 28 45 36 29 49 46 23 48 44 42 
70 11 56 54 10 80 54 13 63 80 1 6 14 11 12 13 9 77 
22 37 8 6 38 32 6 61 15 32 49 42 62 59 36 61 57 29 
27 32 13 11 33 37 11 56 20 37 44 37 57 54 31 56 52 34 
25 34 11 9 35 35 9 58 18 35 46 39 59 56 33 58 54 32 
67 8 53 51 7 77 51 16 60 77 4 3 17 14 9 16 12 74 
27 32 13 11 33 37 11 56 20 37 44 37 57 54 31 56 52 34 
15 44 1 1 45 25 1 68 8 25 56 49 69 66 43 68 64 22 
66 7 52 50 6 76 50 17 59 76 5 2 18 15 8 17 13 73 
23 36 9 7 37 33 7 60 16 33 48 41 61 58 35 60 56 30 
47 12 33 31 13 57 31 36 40 57 24 17 37 34 11 36 32 54 
52 7 38 36 8 62 36 31 45 62 19 12 32 29 6 31 27 59 
24 35 10 8 36 34 8 59 17 34 47 40 60 57 34 59 55 31 
53 6 39 37 7 63 37 30 46 63 18 11 31 28 5 30 26 60 
27 32 13 11 33 37 11 56 20 37 44 37 57 54 31 56 52 34 

78 2 69 1 9 42 59 39 3 50 72 4 58 55 69 49 65 52 
26 50 17 51 43 10 7 13 55 2 20 48 6 3 17 3 13 0 
9 67 0 68 60 27 10 30 72 19 3 65 11 14 0 20 4 17 
14 62 5 63 55 22 5 25 67 14 8 60 6 9 5 15 1 12 
23 53 14 54 46 13 4 16 58 5 17 51 3 0 14 6 10 3 
18 94 27 95 87 54 37 57 99 46 24 92 38 41 27 47 31 44 
72 4 63 5 3 36 53 33 9 44 66 2 52 49 63 43 59 46 
46 30 37 31 23 10 27 7 35 18 40 28 26 23 37 17 33 20 
55 21 46 22 14 19 36 16 26 27 49 19 35 32 46 26 42 29 
19 57 10 58 50 17 0 20 62 9 13 55 1 4 10 10 6 7 
28 48 19 49 41 8 9 11 53 0 22 46 8 5 19 1 15 2 
61 15 52 16 8 25 42 22 20 33 55 13 41 38 52 32 48 35 
22 54 13 55 47 14 3 17 59 6 16 52 2 1 13 7 9 4 
11 65 2 66 58 25 8 28 70 17 5 63 9 12 2 18 2 15 
31 45 22 46 38 5 12 8 50 3 25 43 11 8 22 2 18 5 
2 74 7 75 67 34 17 37 79 26 4 72 18 21 7 27 11 24 
66 10 57 11 3 30 47 27 15 38 60 8 46 43 57 37 53 40 
38 38 29 39 31 2 19 1 43 10 32 36 18 15 29 9 25 12 

87 83 9 5 57 95 29 55 71 93 89 18 38 12 50 4 94 73 
35 31 43 47 5 43 23 3 19 41 37 34 14 40 2 48 42 21 
18 14 60 64 12 26 40 14 2 24 20 51 31 57 19 65 25 4 
23 19 55 59 7 31 35 9 7 29 25 46 26 52 14 60 30 9 
32 28 46 50 2 40 26 0 16 38 34 37 17 43 5 51 39 18 
9 13 87 91 39 1 67 41 25 3 7 78 58 84 46 92 2 23 
81 77 3 1 51 89 23 49 65 87 83 12 32 6 44 2 88 67 
55 51 23 27 25 63 3 23 39 61 57 14 6 20 18 28 62 41 
64 60 14 18 34 72 6 32 48 70 66 5 15 11 27 19 71 50 
28 24 50 54 2 36 30 4 12 34 30 41 21 47 9 55 35 14 
37 33 41 45 7 45 21 5 21 43 39 32 12 38 0 46 44 23 
70 66 8 12 40 78 12 38 54 76 72 1 21 5 33 13 77 56 
31 27 47 51 1 39 27 1 15 37 33 38 18 44 6 52 38 17 
20 16 58 62 10 28 38 12 4 26 22 49 29 55 17 63 27 6 
40 36 38 42 10 48 18 8 24 46 42 29 9 35 3 43 47 26 
11 7 67 71 19 19 47 21 5 17 13 58 38 64 26 72 18 3 
75 71 3 7 45 83 17 43 59 81 77 6 26 0 38 8 82 61 
47 43 31 35 17 55 11 15 31 53 49 22 2 28 10 36 54 33 

62 71 3 84 5 29 76 17 54 82 18 61 65 85 50 51 89 47 
10 19 49 32 47 23 24 35 2 30 34 9 13 33 2 1 37 5 
7 2 66 15 64 40 7 52 15 13 51 8 4 16 19 18 20 22 
2 7 61 20 59 35 12 47 10 18 46 3 1 21 14 13 25 17 
7 16 52 29 50 26 21 38 1 27 37 6 10 30 5 4 34 8 
34 25 93 12 91 67 20 79 42 14 78 35 31 11 46 45 7 49 
56 65 3 78 1 23 70 11 48 76 12 55 59 79 44 45 83 41 
30 39 29 52 27 3 44 15 22 50 14 29 33 53 18 19 57 15 
39 48 20 61 18 6 53 6 31 59 5 38 42 62 27 28 66 24 
3 12 56 25 54 30 17 42 5 23 41 2 6 26 9 8 30 12 
12 21 47 34 45 21 26 33 4 32 32 11 15 35 0 1 39 3 
45 54 14 67 12 12 59 0 37 65 1 44 48 68 33 34 72 30 
6 15 53 28 51 27 20 39 2 26 38 5 9 29 6 5 33 9 
5 4 64 17 62 38 9 50 13 15 49 6 2 18 17 16 22 20 
15 24 44 37 42 18 29 30 7 35 29 14 18 38 3 4 42 0 
14 5 73 8 71 47 0 59 22 6 58 15 11 9 26 25 13 29 
50 59 9 72 7 17 64 5 42 70 6 49 53 73 38 39 77 35 
22 31 37 44 35 11 36 23 14 42 22 21 25 45 10 11 49 7 

79 31 40 67 44 81 60 16 20 8 53 0 51 45 32 64 76 62 
27 21 12 15 8 29 8 36 32 44 1 52 1 7 20 12 24 10 
10 38 29 2 25 12 9 53 49 61 16 69 18 24 37 5 7 7 
15 33 24 3 20 17 4 48 44 56 11 64 13 19 32 0 12 2 
24 24 15 12 11 26 5 39 35 47 2 55 4 10 23 9 21 7 
17 65 56 29 52 15 36 80 76 88 43 96 45 51 64 32 20 34 
73 25 34 61 38 75 54 10 14 2 47 6 45 39 26 58 70 56 
47 1 8 35 12 49 28 16 12 24 21 32 19 13 0 32 44 30 
56 8 17 44 21 58 37 7 3 15 30 23 28 22 9 41 53 39 
20 28 19 8 15 22 1 43 39 51 6 59 8 14 27 5 17 3 
29 19 10 17 6 31 10 34 30 42 3 50 1 5 18 14 26 12 
62 14 23 50 27 64 43 1 3 9 36 17 34 28 15 47 59 45 
23 25 16 11 12 25 4 40 36 48 3 56 5 11 24 8 20 6 
12 36 27 0 23 14 7 51 47 59 14 67 16 22 35 3 9 5 
32 16 7 20 3 34 13 31 27 39 6 47 4 2 15 17 29 15 
3 45 36 9 32 5 16 60 56 68 23 76 25 31 44 12 0 14 
67 19 28 55 32 69 48 4 8 4 41 12 39 33 20 52 64 50 
39 9 0 27 4 41 20 24 20 32 13 40 11 5 8 24 36 22 

7 66 21 23 67 3 23 90 14 3 78 71 91 88 65 90 86 0 
45 14 31 29 15 55 29 38 38 55 26 19 39 36 13 38 34 52 
62 3 48 46 2 72 46 21 55 72 9 2 22 19 4 21 17 69 
57 2 43 41 3 67 41 26 50 67 14 7 27 24 1 26 22 64 
48 11 34 32 12 58 32 35 41 58 23 16 36 33 10 35 31 55 
89 30 75 73 29 99 73 6 82 99 18 25 5 8 31 6 10 96 
1 60 15 17 61 9 17 84 8 9 72 65 85 82 59 84 80 6 
25 34 11 9 35 35 9 58 18 35 46 39 59 56 33 58 54 32 
16 43 2 0 44 26 0 67 9 26 55 48 68 65 42 67 63 23 
52 7 38 36 8 62 36 31 45 62 19 12 32 29 6 31 27 59 
43 16 29 27 17 53 27 40 36 53 28 21 41 38 15 40 36 50 
10 49 4 6 50 20 6 73 3 20 61 54 74 71 48 73 69 17 
49 10 35 33 11 59 33 34 42 59 22 15 35 32 9 34 30 56 
60 1 46 44 0 70 44 23 53 70 11 4 24 21 2 23 19 67 
40 19 26 24 20 50 24 43 33 50 31 24 44 41 18 43 39 47 
69 10 55 53 9 79 53 14 62 79 2 5 15 12 11 14 10 76 
5 54 9 11 55 15 11 78 2 15 66 59 79 76 53 78 74 12 
33 26 19 17 27 43 17 50 26 43 38 31 51 48 25 50 46 40 

9 5 69 73 21 17 49 23 7 15 11 60 40 66 28 74 16 5 
85 81 7 3 55 93 27 53 69 91 87 16 36 10 48 2 92 71 
18 14 60 64 12 26 40 14 2 24 20 51 31 57 19 65 25 4 
86 82 8 4 56 94 28 54 70 92 88 17 37 11 49 3 93 72 
78 74 0 4 48 86 20 46 62 84 80 9 29 3 41 5 85 64 
45 41 33 37 15 53 13 13 29 51 47 24 4 30 8 38 52 31 
28 24 50 54 2 36 30 4 12 34 30 41 21 47 9 55 35 14 
48 44 30 34 18 56 10 16 32 54 50 21 1 27 11 35 55 34 
90 86 12 8 60 98 32 58 74 96 92 21 41 15 53 7 97 76 
37 33 41 45 7 45 21 5 21 43 39 32 12 38 0 46 44 23 
15 11 63 67 15 23 43 17 1 21 17 54 34 60 22 68 22 1 
83 79 5 1 53 91 25 51 67 89 85 14 34 8 46 0 90 69 
29 25 49 53 1 37 29 3 13 35 31 40 20 46 8 54 36 15 
32 28 46 50 2 40 26 0 16 38 34 37 17 43 5 51 39 18 
18 14 60 64 12 26 40 14 2 24 20 51 31 57 19 65 25 4 
38 34 40 44 8 46 20 6 22 44 40 31 11 37 1 45 45 24 
22 18 56 60 8 30 36 10 6 28 24 47 27 53 15 61 29 8 
35 31 43 47 5 43 23 3 19 41 37 34 14 40 2 48 42 21 

16 7 75 6 73 49 2 61 24 4 60 17 13 7 28 27 11 31 
60 69 1 82 3 27 74 15 52 80 16 59 63 83 48 49 87 45 
7 2 66 15 64 40 7 52 15 13 51 8 4 16 19 18 20 22 
61 70 2 83 4 28 75 16 53 81 17 60 64 84 49 50 88 46 
53 62 6 75 4 20 67 8 45 73 9 52 56 76 41 42 80 38 
20 29 39 42 37 13 34 25 12 40 24 19 23 43 8 9 47 5 
3 12 56 25 54 30 17 42 5 23 41 2 6 26 9 8 30 12 
23 32 36 45 34 10 37 22 15 43 21 22 26 46 11 12 50 8 
65 74 6 87 8 32 79 20 57 85 21 64 68 88 53 54 92 50 
12 21 47 34 45 21 26 33 4 32 32 11 15 35 0 1 39 3 
10 1 69 12 67 43 4 55 18 10 54 11 7 13 22 21 17 25 
58 67 1 80 1 25 72 13 50 78 14 57 61 81 46 47 85 43 
4 13 55 26 53 29 18 41 4 24 40 3 7 27 8 7 31 11 
7 16 52 29 50 26 21 38 1 27 37 6 10 30 5 4 34 8 
7 2 66 15 64 40 7 52 15 13 51 8 4 16 19 18 20 22 
13 22 46 35 44 20 27 32 5 33 31 12 16 36 1 2 40 2 
3 6 62 19 60 36 11 48 11 17 47 4 0 20 15 14 24 18 
10 19 49 32 47 23 24 35 2 30 34 9 13 33 2 1 37 5 

1 47 38 11 34 3 18 62 58 70 25 78 27 33 46 14 2 16 
77 29 38 65 42 79 58 14 18 6 51 2 49 43 30 62 74 60 
10 38 29 2 25 12 9 53 49 61 16 69 18 24 37 5 7 7 
78 30 39 66 43 80 59 15 19 7 52 1 50 44 31 63 75 61 
70 22 31 58 35 72 51 7 11 1 44 9 42 36 23 55 67 53 
37 11 2 25 2 39 18 26 22 34 11 42 9 3 10 22 34 20 
20 28 19 8 15 22 1 43 39 51 6 59 8 14 27 5 17 3 
40 8 1 28 5 42 21 23 19 31 14 39 12 6 7 25 37 23 
82 34 43 70 47 84 63 19 23 11 56 3 54 48 35 67 79 65 
29 19 10 17 6 31 10 34 30 42 3 50 1 5 18 14 26 12 
7 41 32 5 28 9 12 56 52 64 19 72 21 27 40 8 4 10 
75 27 36 63 40 77 56 12 16 4 49 4 47 41 28 60 72 58 
21 27 18 9 14 23 2 42 38 50 5 58 7 13 26 6 18 4 
24 24 15 12 11 26 5 39 35 47 2 55 4 10 23 9 21 7 
10 38 29 2 25 12 9 53 49 61 16 69 18 24 37 5 7 7 
30 18 9 18 5 32 11 33 29 41 4 49 2 4 17 15 27 13 
14 34 25 2 21 16 5 49 45 57 12 65 14 20 33 1 11 3 
27 21 12 15 8 29 8 36 32 44 1 52 1 7 20 12 24 10 

71 12 57 55 11 81 55 12 64 81 0 7 13 10 13 12 8 78 
5 64 19 21 65 5 21 88 12 5 76 69 89 86 63 88 84 2 
62 3 48 46 2 72 46 21 55 72 9 2 22 19 4 21 17 69 
6 65 20 22 66 4 22 89 13 4 77 70 90 87 64 89 85 1 
2 57 12 14 58 12 14 81 5 12 69 62 82 79 56 81 77 9 
35 24 21 19 25 45 19 48 28 45 36 29 49 46 23 48 44 42 
52 7 38 36 8 62 36 31 45 62 19 12 32 29 6 31 27 59 
32 27 18 16 28 42 16 51 25 42 39 32 52 49 26 51 47 39 
10 69 24 26 70 0 26 93 17 0 81 74 94 91 68 93 89 3 
43 16 29 27 17 53 27 40 36 53 28 21 41 38 15 40 36 50 
65 6 51 49 5 75 49 18 58 75 6 1 19 16 7 18 14 72 
3 62 17 19 63 7 19 86 10 7 74 67 87 84 61 86 82 4 
51 8 37 35 9 61 35 32 44 61 20 13 33 30 7 32 28 58 
48 11 34 32 12 58 32 35 41 58 23 16 36 33 10 35 31 55 
62 3 48 46 2 72 46 21 55 72 9 2 22 19 4 21 17 69 
42 17 28 26 18 52 26 41 35 52 29 22 42 39 16 41 37 49 
58 1 44 42 2 68 42 25 51 68 13 6 26 23 0 25 21 65 
45 14 31 29 15 55 29 38 38 55 26 19 39 36 13 38 34 52 

25 16 84 3 82 58 11 70 33 5 69 26 22 2 37 36 2 40 
21 12 80 1 78 54 7 66 29 1 65 22 18 2 33 32 6 36 
53 62 6 75 4 20 67 8 45 73 9 52 56 76 41 42 80 38 
57 66 2 79 0 24 71 12 49 77 13 56 60 80 45 46 84 42 
5 14 54 27 52 28 19 40 3 25 39 4 8 28 7 6 32 10 
33 24 92 11 90 66 19 78 41 13 77 34 30 10 45 44 6 48 
33 42 26 55 24 0 47 12 25 53 11 32 36 56 21 22 60 18 
7 16 52 29 50 26 21 38 1 27 37 6 10 30 5 4 34 8 
9 0 68 13 66 42 5 54 17 11 53 10 6 14 21 20 18 24 
31 22 90 9 88 64 17 76 39 11 75 32 28 8 43 42 4 46 
27 18 86 5 84 60 13 72 35 7 71 28 24 4 39 38 0 42 
44 53 15 66 13 11 58 1 36 64 0 43 47 67 32 33 71 29 
24 33 35 46 33 9 38 21 16 44 20 23 27 47 12 13 51 9 
50 59 9 72 7 17 64 5 42 70 6 49 53 73 38 39 77 35 
12 21 47 34 45 21 26 33 4 32 32 11 15 35 0 1 39 3 
58 67 1 80 1 25 72 13 50 78 14 57 61 81 46 47 85 43 
32 23 91 10 89 65 18 77 40 12 76 33 29 9 44 43 5 47 
11 2 70 11 68 44 3 56 19 9 55 12 8 12 23 22 16 26 

8 56 47 20 43 6 27 71 67 79 34 87 36 42 55 23 11 25 
4 52 43 16 39 2 23 67 63 75 30 83 32 38 51 19 7 21 
70 22 31 58 35 72 51 7 11 1 44 9 42 36 23 55 67 53 
74 26 35 62 39 76 55 11 15 3 48 5 46 40 27 59 71 57 
22 26 17 10 13 24 3 41 37 49 4 57 6 12 25 7 19 5 
16 64 55 28 51 14 35 79 75 87 42 95 44 50 63 31 19 33 
50 2 11 38 15 52 31 13 9 21 24 29 22 16 3 35 47 33 
24 24 15 12 11 26 5 39 35 47 2 55 4 10 23 9 21 7 
8 40 31 4 27 10 11 55 51 63 18 71 20 26 39 7 5 9 
14 62 53 26 49 12 33 77 73 85 40 93 42 48 61 29 17 31 
10 58 49 22 45 8 29 73 69 81 36 89 38 44 57 25 13 27 
61 13 22 49 26 63 42 2 2 10 35 18 33 27 14 46 58 44 
41 7 2 29 6 43 22 22 18 30 15 38 13 7 6 26 38 24 
67 19 28 55 32 69 48 4 8 4 41 12 39 33 20 52 64 50 
29 19 10 17 6 31 10 34 30 42 3 50 1 5 18 14 26 12 
75 27 36 63 40 77 56 12 16 4 49 4 47 41 28 60 72 58 
15 63 54 27 50 13 34 78 74 86 41 94 43 49 62 30 18 32 
6 42 33 6 29 8 13 57 53 65 20 73 22 28 41 9 3 11 

80 21 66 64 20 90 64 3 73 90 9 16 4 1 22 3 1 87 
76 17 62 60 16 86 60 7 69 86 5 12 8 5 18 7 3 83 
2 57 12 14 58 12 14 81 5 12 69 62 82 79 56 81 77 9 
2 61 16 18 62 8 18 85 9 8 73 66 86 83 60 85 81 5 
50 9 36 34 10 60 34 33 43 60 21 14 34 31 8 33 29 57 
88 29 74 72 28 98 72 5 81 98 17 24 4 7 30 5 9 95 
22 37 8 6 38 32 6 61 15 32 49 42 62 59 36 61 57 29 
48 11 34 32 12 58 32 35 41 58 23 16 36 33 10 35 31 55 
64 5 50 48 4 74 48 19 57 74 7 0 20 17 6 19 15 71 
86 27 72 70 26 96 70 3 79 96 15 22 2 5 28 3 7 93 
82 23 68 66 22 92 66 1 75 92 11 18 2 1 24 1 3 89 
11 48 3 5 49 21 5 72 4 21 60 53 73 70 47 72 68 18 
31 28 17 15 29 41 15 52 24 41 40 33 53 50 27 52 48 38 
5 54 9 11 55 15 11 78 2 15 66 59 79 76 53 78 74 12 
43 16 29 27 17 53 27 40 36 53 28 21 41 38 15 40 36 50 
3 62 17 19 63 7 19 86 10 7 74 67 87 84 61 86 82 4 
87 28 73 71 27 97 71 4 80 97 16 23 3 6 29 4 8 94 
66 7 52 50 6 76 50 17 59 76 5 2 18 15 8 17 13 73 

17 31 22 5 18 19 2 46 42 54 9 62 11 17 30 2 14 0 
8 40 31 4 27 10 11 55 51 63 18 71 20 26 39 7 5 9 
76 28 37 64 41 78 57 13 17 5 50 3 48 42 29 61 73 59 
5 53 44 17 40 3 24 68 64 76 31 84 33 39 52 20 8 22 
74 26 35 62 39 76 55 11 15 3 48 5 46 40 27 59 71 57 
50 2 11 38 15 52 31 13 9 21 24 29 22 16 3 35 47 33 
3 45 36 9 32 5 16 60 56 68 23 76 25 31 44 12 0 14 
62 14 23 50 27 64 43 1 3 9 36 17 34 28 15 47 59 45 
25 23 14 13 10 27 6 38 34 46 1 54 3 9 22 10 22 8 
3 51 42 15 38 1 22 66 62 74 29 82 31 37 50 18 6 20 
61 13 22 49 26 63 42 2 2 10 35 18 33 27 14 46 58 44 
18 30 21 6 17 20 1 45 41 53 8 61 10 16 29 3 15 1 
14 34 25 2 21 16 5 49 45 57 12 65 14 20 33 1 11 3 
6 54 45 18 41 4 25 69 65 77 32 85 34 40 53 21 9 23 
29 19 10 17 6 31 10 34 30 42 3 50 1 5 18 14 26 12 
28 20 11 16 7 30 9 35 31 43 2 51 0 6 19 13 25 11 
10 58 49 22 45 8 29 73 69 81 36 89 38 44 57 25 13 27 
32 16 7 20 3 34 13 31 27 39 6 47 4 2 15 17 29 15 

55 4 41 39 5 65 39 28 48 65 16 9 29 26 3 28 24 62 
64 5 50 48 4 74 48 19 57 74 7 0 20 17 6 19 15 71 
4 63 18 20 64 6 20 87 11 6 75 68 88 85 62 87 83 3 
77 18 63 61 17 87 61 6 70 87 6 13 7 4 19 6 2 84 
2 61 16 18 62 8 18 85 9 8 73 66 86 83 60 85 81 5 
22 37 8 6 38 32 6 61 15 32 49 42 62 59 36 61 57 29 
69 10 55 53 9 79 53 14 62 79 2 5 15 12 11 14 10 76 
10 49 4 6 50 20 6 73 3 20 61 54 74 71 48 73 69 17 
47 12 33 31 13 57 31 36 40 57 24 17 37 34 11 36 32 54 
75 16 61 59 15 85 59 8 68 85 4 11 9 6 17 8 4 82 
11 48 3 5 49 21 5 72 4 21 60 53 73 70 47 72 68 18 
54 5 40 38 6 64 38 29 47 64 17 10 30 27 4 29 25 61 
58 1 44 42 2 68 42 25 51 68 13 6 26 23 0 25 21 65 
78 19 64 62 18 88 62 5 71 88 7 14 6 3 20 5 1 85 
43 16 29 27 17 53 27 40 36 53 28 21 41 38 15 40 36 50 
44 15 30 28 16 54 28 39 37 54 27 20 40 37 14 39 35 51 
82 23 68 66 22 92 66 1 75 92 11 18 2 1 24 1 3 89 
40 19 26 24 20 50 24 43 33 50 31 24 44 41 18 43 39 47 

72 13 58 56 12 82 56 11 65 82 1 8 12 9 14 11 7 79 
24 35 10 8 36 34 8 59 17 34 47 40 60 57 34 59 55 31 
33 26 19 17 27 43 17 50 26 43 38 31 51 48 25 50 46 40 
60 1 46 44 0 70 44 23 53 70 11 4 24 21 2 23 19 67 
37 22 23 21 23 47 21 46 30 47 34 27 47 44 21 46 42 44 
74 15 60 58 14 84 58 9 67 84 3 10 10 7 16 9 5 81 
53 6 39 37 7 63 37 30 46 63 18 11 31 28 5 30 26 60 
9 50 5 7 51 19 7 74 2 19 62 55 75 72 49 74 70 16 
13 46 1 3 47 23 3 70 6 23 58 51 71 68 45 70 66 20 
1 58 13 15 59 11 15 82 6 11 70 63 83 80 57 82 78 8 
46 13 32 30 14 56 30 37 39 56 25 18 38 35 12 37 33 53 
7 66 21 23 67 3 23 90 14 3 78 71 91 88 65 90 86 0 
44 15 30 28 16 54 28 39 37 54 27 20 40 37 14 39 35 51 
38 21 24 22 22 48 22 45 31 48 33 26 46 43 20 45 41 45 
25 34 11 9 35 35 9 58 18 35 46 39 59 56 33 58 54 32 
57 2 43 41 3 67 41 26 50 67 14 7 27 24 1 26 22 64 
69 10 55 53 9 79 53 14 62 79 2 5 15 12 11 14 10 76 
55 4 41 39 5 65 39 28 48 65 16 9 29 26 3 28 24 62 

