17 10 

19 54 24 46 35 32 12 16 36 42 35 14 11 24 41 44 12 
40 75 3 67 14 53 9 37 15 21 56 7 10 3 62 65 9 
41 76 2 68 13 54 10 38 14 20 57 8 11 2 63 66 10 
9 26 52 18 63 4 40 12 64 70 7 42 39 52 13 16 40 
37 72 6 64 17 50 6 34 18 24 53 4 7 6 59 62 6 
22 57 21 49 32 35 9 19 33 39 38 11 8 21 44 47 9 
39 74 4 66 15 52 8 36 16 22 55 6 9 4 61 64 8 
17 52 26 44 37 30 14 14 38 44 33 16 13 26 39 42 14 
7 42 36 34 47 20 24 4 48 54 23 26 23 36 29 32 24 
37 72 6 64 17 50 6 34 18 24 53 4 7 6 59 62 6 
29 64 14 56 25 42 2 26 26 32 45 4 1 14 51 54 2 
45 80 2 72 9 58 14 42 10 16 61 12 15 2 67 70 14 
11 46 32 38 43 24 20 8 44 50 27 22 19 32 33 36 20 
31 4 74 4 85 18 62 34 86 92 15 64 61 74 9 6 62 
15 20 58 12 69 2 46 18 70 76 1 48 45 58 7 10 46 
19 16 62 8 73 6 50 22 74 80 3 52 49 62 3 6 50 
33 2 76 6 87 20 64 36 88 94 17 66 63 76 11 8 64 

22 30 12 8 8 38 54 5 8 20 16 17 26 5 48 1 32 
43 51 33 13 13 59 75 26 13 41 37 4 47 16 69 20 53 
44 52 34 14 14 60 76 27 14 42 38 5 48 17 70 21 54 
6 2 16 36 36 10 26 23 36 8 12 45 2 33 20 29 4 
40 48 30 10 10 56 72 23 10 38 34 1 44 13 66 17 50 
25 33 15 5 5 41 57 8 5 23 19 14 29 2 51 2 35 
42 50 32 12 12 58 74 25 12 40 36 3 46 15 68 19 52 
20 28 10 10 10 36 52 3 10 18 14 19 24 7 46 3 30 
10 18 0 20 20 26 42 7 20 8 4 29 14 17 36 13 20 
40 48 30 10 10 56 72 23 10 38 34 1 44 13 66 17 50 
32 40 22 2 2 48 64 15 2 30 26 7 36 5 58 9 42 
48 56 38 18 18 64 80 31 18 46 42 9 52 21 74 25 58 
14 22 4 16 16 30 46 3 16 12 8 25 18 13 40 9 24 
28 20 38 58 58 12 4 45 58 30 34 67 24 55 2 51 18 
12 4 22 42 42 4 20 29 42 14 18 51 8 39 14 35 2 
16 8 26 46 46 0 16 33 46 18 22 55 12 43 10 39 6 
30 22 40 60 60 14 2 47 60 32 36 69 26 57 4 53 20 

7 24 52 6 25 45 20 14 14 38 48 50 32 26 48 40 56 
28 45 73 27 4 66 1 35 7 17 69 71 11 5 69 19 77 
29 46 74 28 3 67 2 36 8 16 70 72 10 4 70 18 78 
21 4 24 22 53 17 48 14 42 66 20 22 60 54 20 68 28 
25 42 70 24 7 63 2 32 4 20 66 68 14 8 66 22 74 
10 27 55 9 22 48 17 17 11 35 51 53 29 23 51 37 59 
27 44 72 26 5 65 0 34 6 18 68 70 12 6 68 20 76 
5 22 50 4 27 43 22 12 16 40 46 48 34 28 46 42 54 
5 12 40 6 37 33 32 2 26 50 36 38 44 38 36 52 44 
25 42 70 24 7 63 2 32 4 20 66 68 14 8 66 22 74 
17 34 62 16 15 55 10 24 4 28 58 60 22 16 58 30 66 
33 50 78 32 1 71 6 40 12 12 74 76 6 0 74 14 82 
1 16 44 2 33 37 28 6 22 46 40 42 40 34 40 48 48 
43 26 2 44 75 5 70 36 64 88 2 0 82 76 2 90 6 
27 10 18 28 59 11 54 20 48 72 14 16 66 60 14 74 22 
31 14 14 32 63 7 58 24 52 76 10 12 70 64 10 78 18 
45 28 0 46 77 7 72 38 66 90 4 2 84 78 4 92 4 

36 37 29 1 29 22 39 23 27 7 44 20 18 14 9 34 11 
15 58 50 22 8 43 60 2 48 14 65 1 39 7 12 13 10 
14 59 51 23 7 44 61 1 49 15 66 2 40 8 13 12 11 
64 9 1 27 57 6 11 51 1 35 16 48 10 42 37 62 39 
18 55 47 19 11 40 57 5 45 11 62 2 36 4 9 16 7 
33 40 32 4 26 25 42 20 30 4 47 17 21 11 6 31 8 
16 57 49 21 9 42 59 3 47 13 64 0 38 6 11 14 9 
38 35 27 1 31 20 37 25 25 9 42 22 16 16 11 36 13 
48 25 17 11 41 10 27 35 15 19 32 32 6 26 21 46 23 
18 55 47 19 11 40 57 5 45 11 62 2 36 4 9 16 7 
26 47 39 11 19 32 49 13 37 3 54 10 28 4 1 24 1 
10 63 55 27 3 48 65 3 53 19 70 6 44 12 17 8 15 
44 29 21 7 37 14 31 31 19 15 36 28 10 22 17 42 19 
86 13 21 49 79 28 11 73 23 57 6 70 32 64 59 84 61 
70 3 5 33 63 12 5 57 7 41 10 54 16 48 43 68 45 
74 1 9 37 67 16 1 61 11 45 6 58 20 52 47 72 49 
88 15 23 51 81 30 13 75 25 59 8 72 34 66 61 86 63 

20 20 17 42 38 37 22 31 34 1 10 46 10 42 16 2 41 
1 1 38 21 59 16 43 52 13 22 11 67 31 21 37 19 20 
2 2 39 20 60 15 44 53 12 23 12 68 32 20 38 20 19 
48 48 11 70 10 65 6 3 62 27 38 18 18 70 12 30 69 
2 2 35 24 56 19 40 49 16 19 8 64 28 24 34 16 23 
17 17 20 39 41 34 25 34 31 4 7 49 13 39 19 1 38 
0 0 37 22 58 17 42 51 14 21 10 66 30 22 36 18 21 
22 22 15 44 36 39 20 29 36 1 12 44 8 44 14 4 43 
32 32 5 54 26 49 10 19 46 11 22 34 2 54 4 14 53 
2 2 35 24 56 19 40 49 16 19 8 64 28 24 34 16 23 
10 10 27 32 48 27 32 41 24 11 0 56 20 32 26 8 31 
6 6 43 16 64 11 48 57 8 27 16 72 36 16 42 24 15 
28 28 9 50 30 45 14 23 42 7 18 38 2 50 8 10 49 
70 70 33 92 12 87 28 19 84 49 60 4 40 92 34 52 91 
54 54 17 76 4 71 12 3 68 33 44 12 24 76 18 36 75 
58 58 21 80 0 75 16 7 72 37 48 8 28 80 22 40 79 
72 72 35 94 14 89 30 21 86 51 62 6 42 94 36 54 93 

16 14 54 14 55 23 38 13 48 54 15 10 12 26 42 50 42 
37 35 75 7 76 44 59 34 69 75 6 31 9 47 63 71 63 
38 36 76 8 77 45 60 35 70 76 7 32 10 48 64 72 64 
12 14 26 42 27 5 10 15 20 26 43 18 40 2 14 22 14 
34 32 72 4 73 41 56 31 66 72 3 28 6 44 60 68 60 
19 17 57 11 58 26 41 16 51 57 12 13 9 29 45 53 45 
36 34 74 6 75 43 58 33 68 74 5 30 8 46 62 70 62 
14 12 52 16 53 21 36 11 46 52 17 8 14 24 40 48 40 
4 2 42 26 43 11 26 1 36 42 27 2 24 14 30 38 30 
34 32 72 4 73 41 56 31 66 72 3 28 6 44 60 68 60 
26 24 64 4 65 33 48 23 58 64 5 20 2 36 52 60 52 
42 40 80 12 81 49 64 39 74 80 11 36 14 52 68 76 68 
8 6 46 22 47 15 30 5 40 46 23 2 20 18 34 42 34 
34 36 4 64 5 27 12 37 2 4 65 40 62 24 8 0 8 
18 20 20 48 21 11 4 21 14 20 49 24 46 8 8 16 8 
22 24 16 52 17 15 0 25 10 16 53 28 50 12 4 12 4 
36 38 2 66 3 29 14 39 4 2 67 42 64 26 10 2 10 

30 50 26 41 31 14 5 22 41 38 27 28 6 27 2 2 36 
51 71 47 20 52 35 16 1 62 17 6 7 27 6 23 23 57 
52 72 48 19 53 36 17 0 63 16 5 6 28 5 24 24 58 
2 22 2 69 3 14 33 50 13 66 55 56 22 55 26 26 8 
48 68 44 23 49 32 13 4 59 20 9 10 24 9 20 20 54 
33 53 29 38 34 17 2 19 44 35 24 25 9 24 5 5 39 
50 70 46 21 51 34 15 2 61 18 7 8 26 7 22 22 56 
28 48 24 43 29 12 7 24 39 40 29 30 4 29 0 0 34 
18 38 14 53 19 2 17 34 29 50 39 40 6 39 10 10 24 
48 68 44 23 49 32 13 4 59 20 9 10 24 9 20 20 54 
40 60 36 31 41 24 5 12 51 28 17 18 16 17 12 12 46 
56 76 52 15 57 40 21 4 67 12 1 2 32 1 28 28 62 
22 42 18 49 23 6 13 30 33 46 35 36 2 35 6 6 28 
20 0 24 91 19 36 55 72 9 88 77 78 44 77 48 48 14 
4 16 8 75 3 20 39 56 7 72 61 62 28 61 32 32 2 
8 12 12 79 7 24 43 60 3 76 65 66 32 65 36 36 2 
22 2 26 93 21 38 57 74 11 90 79 80 46 79 50 50 16 

12 50 22 16 7 30 18 3 26 29 35 24 28 18 4 19 31 
9 71 1 5 14 9 39 18 5 50 14 45 7 3 25 40 52 
10 72 0 6 15 8 40 19 4 51 13 46 6 4 26 41 53 
40 22 50 44 35 58 10 31 54 1 63 4 56 46 24 9 3 
6 68 4 2 11 12 36 15 8 47 17 42 10 0 22 37 49 
9 53 19 13 4 27 21 0 23 32 32 27 25 15 7 22 34 
8 70 2 4 13 10 38 17 6 49 15 44 8 2 24 39 51 
14 48 24 18 9 32 16 5 28 27 37 22 30 20 2 17 29 
24 38 34 28 19 42 6 15 38 17 47 12 40 30 8 7 19 
6 68 4 2 11 12 36 15 8 47 17 42 10 0 22 37 49 
2 60 12 6 3 20 28 7 16 39 25 34 18 8 14 29 41 
14 76 4 10 19 4 44 23 0 55 9 50 2 8 30 45 57 
20 42 30 24 15 38 10 11 34 21 43 16 36 26 4 11 23 
62 0 72 66 57 80 32 53 76 21 85 26 78 68 46 31 19 
46 16 56 50 41 64 16 37 60 5 69 10 62 52 30 15 3 
50 12 60 54 45 68 20 41 64 9 73 14 66 56 34 19 7 
64 2 74 68 59 82 34 55 78 23 87 28 80 70 48 33 21 

32 34 56 0 35 12 13 20 8 35 23 51 22 25 28 8 41 
53 13 77 21 56 33 8 1 29 14 44 72 1 46 7 13 62 
54 12 78 22 57 34 9 2 30 13 45 73 0 47 6 14 63 
4 62 28 28 7 16 41 48 20 63 5 23 50 3 56 36 13 
50 16 74 18 53 30 5 2 26 17 41 69 4 43 10 10 59 
35 31 59 3 38 15 10 17 11 32 26 54 19 28 25 5 44 
52 14 76 20 55 32 7 0 28 15 43 71 2 45 8 12 61 
30 36 54 2 33 10 15 22 6 37 21 49 24 23 30 10 39 
20 46 44 12 23 0 25 32 4 47 11 39 34 13 40 20 29 
50 16 74 18 53 30 5 2 26 17 41 69 4 43 10 10 59 
42 24 66 10 45 22 3 10 18 25 33 61 12 35 18 2 51 
58 8 82 26 61 38 13 6 34 9 49 77 4 51 2 18 67 
24 42 48 8 27 4 21 28 0 43 15 43 30 17 36 16 33 
18 84 6 50 15 38 63 70 42 85 27 1 72 25 78 58 9 
2 68 22 34 1 22 47 54 26 69 11 17 56 9 62 42 7 
6 72 18 38 3 26 51 58 30 73 15 13 60 13 66 46 3 
20 86 4 52 17 40 65 72 44 87 29 1 74 27 80 60 11 

3 11 7 27 27 19 35 14 27 1 3 36 7 24 29 20 13 
32 24 42 62 62 16 0 49 62 34 38 71 28 59 6 55 22 
46 54 36 16 16 62 78 29 16 44 40 7 50 19 72 23 56 
24 16 34 54 54 8 8 41 54 26 30 63 20 51 2 47 14 
57 65 47 27 27 73 89 40 27 55 51 18 61 30 83 34 67 
10 2 20 40 40 6 22 27 40 12 16 49 6 37 16 33 0 
34 42 24 4 4 50 66 17 4 32 28 5 38 7 60 11 44 
6 14 4 24 24 22 38 11 24 4 0 33 10 21 32 17 16 
58 66 48 28 28 74 90 41 28 56 52 19 62 31 84 35 68 
64 72 54 34 34 80 96 47 34 62 58 25 68 37 90 41 74 
13 5 23 43 43 3 19 30 43 15 19 52 9 40 13 36 3 
36 44 26 6 6 52 68 19 6 34 30 3 40 9 62 13 46 
33 41 23 3 3 49 65 16 3 31 27 6 37 6 59 10 43 
46 54 36 16 16 62 78 29 16 44 40 7 50 19 72 23 56 
19 11 29 49 49 3 13 36 49 21 25 58 15 46 7 42 9 
22 14 32 52 52 6 10 39 52 24 28 61 18 49 4 45 12 
34 42 24 4 4 50 66 17 4 32 28 5 38 7 60 11 44 

12 5 33 13 44 26 39 5 33 57 29 31 51 45 29 59 37 
47 30 2 48 79 9 74 40 68 92 6 4 86 80 6 94 2 
31 48 76 30 1 69 4 38 10 14 72 74 8 2 72 16 80 
39 22 6 40 71 1 66 32 60 84 2 4 78 72 2 86 10 
42 59 87 41 10 80 15 49 21 3 83 85 3 9 83 5 91 
25 8 20 26 57 13 52 18 46 70 16 18 64 58 16 72 24 
19 36 64 18 13 57 8 26 2 26 60 62 20 14 60 28 68 
9 8 36 10 41 29 36 2 30 54 32 34 48 42 32 56 40 
43 60 88 42 11 81 16 50 22 2 84 86 4 10 84 4 92 
49 66 94 48 17 87 22 56 28 4 90 92 10 16 90 2 98 
28 11 17 29 60 10 55 21 49 73 13 15 67 61 13 75 21 
21 38 66 20 11 59 6 28 0 24 62 64 18 12 62 26 70 
18 35 63 17 14 56 9 25 3 27 59 61 21 15 59 29 67 
31 48 76 30 1 69 4 38 10 14 72 74 8 2 72 16 80 
34 17 11 35 66 4 61 27 55 79 7 9 73 67 7 81 15 
37 20 8 38 69 1 64 30 58 82 4 6 76 70 4 84 12 
19 36 64 18 13 57 8 26 2 26 60 62 20 14 60 28 68 

55 18 10 18 48 3 20 42 8 26 25 39 1 33 28 53 30 
90 17 25 53 83 32 15 77 27 61 10 74 36 68 63 88 65 
12 61 53 25 5 46 63 1 51 17 68 4 42 10 15 10 13 
82 9 17 45 75 24 7 69 19 53 2 66 28 60 55 80 57 
1 72 64 36 6 57 74 12 62 28 79 15 53 21 26 1 24 
68 5 3 31 61 10 7 55 5 39 12 52 14 46 41 66 43 
24 49 41 13 17 34 51 11 39 5 56 8 30 2 3 22 1 
52 21 13 15 45 6 23 39 11 23 28 36 2 30 25 50 27 
0 73 65 37 7 58 75 13 63 29 80 16 54 22 27 2 25 
6 79 71 43 13 64 81 19 69 35 86 22 60 28 33 8 31 
71 2 6 34 64 13 4 58 8 42 9 55 17 49 44 69 46 
22 51 43 15 15 36 53 9 41 7 58 6 32 0 5 20 3 
25 48 40 12 18 33 50 12 38 4 55 9 29 3 2 23 0 
12 61 53 25 5 46 63 1 51 17 68 4 42 10 15 10 13 
77 4 12 40 70 19 2 64 14 48 3 61 23 55 50 75 52 
80 7 15 43 73 22 5 67 17 51 0 64 26 58 53 78 55 
24 49 41 13 17 34 51 11 39 5 56 8 30 2 3 22 1 

39 39 2 61 19 56 3 12 53 18 29 27 9 61 3 21 60 
74 74 37 96 16 91 32 23 88 53 64 8 44 96 38 56 95 
4 4 41 18 62 13 46 55 10 25 14 70 34 18 40 22 17 
66 66 29 88 8 83 24 15 80 45 56 0 36 88 30 48 87 
15 15 52 7 73 2 57 66 1 36 25 81 45 7 51 33 6 
52 52 15 74 6 69 10 1 66 31 42 14 22 74 16 34 73 
8 8 29 30 50 25 34 43 22 13 2 58 22 30 28 10 29 
36 36 1 58 22 53 6 15 50 15 26 30 6 58 0 18 57 
16 16 53 6 74 1 58 67 2 37 26 82 46 6 52 34 5 
22 22 59 0 80 5 64 73 8 43 32 88 52 0 58 40 1 
55 55 18 77 3 72 13 4 69 34 45 11 25 77 19 37 76 
6 6 31 28 52 23 36 45 20 15 4 60 24 28 30 12 27 
9 9 28 31 49 26 33 42 23 12 1 57 21 31 27 9 30 
4 4 41 18 62 13 46 55 10 25 14 70 34 18 40 22 17 
61 61 24 83 3 78 19 10 75 40 51 5 31 83 25 43 82 
64 64 27 86 6 81 22 13 78 43 54 2 34 86 28 46 85 
8 8 29 30 50 25 34 43 22 13 2 58 22 30 28 10 29 

3 5 35 33 36 4 19 6 29 35 34 9 31 7 23 31 23 
38 40 0 68 1 31 16 41 6 0 69 44 66 28 12 4 12 
40 38 78 10 79 47 62 37 72 78 9 34 12 50 66 74 66 
30 32 8 60 9 23 8 33 2 8 61 36 58 20 4 4 4 
51 49 89 21 90 58 73 48 83 89 20 45 23 61 77 85 77 
16 18 22 46 23 9 6 19 16 22 47 22 44 6 10 18 10 
28 26 66 2 67 35 50 25 60 66 3 22 0 38 54 62 54 
0 2 38 30 39 7 22 3 32 38 31 6 28 10 26 34 26 
52 50 90 22 91 59 74 49 84 90 21 46 24 62 78 86 78 
58 56 96 28 97 65 80 55 90 96 27 52 30 68 84 92 84 
19 21 19 49 20 12 3 22 13 19 50 25 47 9 7 15 7 
30 28 68 0 69 37 52 27 62 68 1 24 2 40 56 64 56 
27 25 65 3 66 34 49 24 59 65 4 21 1 37 53 61 53 
40 38 78 10 79 47 62 37 72 78 9 34 12 50 66 74 66 
25 27 13 55 14 18 3 28 7 13 56 31 53 15 1 9 1 
28 30 10 58 11 21 6 31 4 10 59 34 56 18 2 6 2 
28 26 66 2 67 35 50 25 60 66 3 22 0 38 54 62 54 

11 31 7 60 12 5 24 41 22 57 46 47 13 46 17 17 17 
24 4 28 95 23 40 59 76 13 92 81 82 48 81 52 52 18 
54 74 50 17 55 38 19 2 65 14 3 4 30 3 26 26 60 
16 4 20 87 15 32 51 68 5 84 73 74 40 73 44 44 10 
65 85 61 6 66 49 30 13 76 3 8 7 41 8 37 37 71 
2 18 6 73 1 18 37 54 9 70 59 60 26 59 30 30 4 
42 62 38 29 43 26 7 10 53 26 15 16 18 15 14 14 48 
14 34 10 57 15 2 21 38 25 54 43 44 10 43 14 14 20 
66 86 62 5 67 50 31 14 77 2 9 8 42 9 38 38 72 
72 92 68 1 73 56 37 20 83 4 15 14 48 15 44 44 78 
5 15 9 76 4 21 40 57 6 73 62 63 29 62 33 33 1 
44 64 40 27 45 28 9 8 55 24 13 14 20 13 16 16 50 
41 61 37 30 42 25 6 11 52 27 16 17 17 16 13 13 47 
54 74 50 17 55 38 19 2 65 14 3 4 30 3 26 26 60 
11 9 15 82 10 27 46 63 0 79 68 69 35 68 39 39 5 
14 6 18 85 13 30 49 66 3 82 71 72 38 71 42 42 8 
42 62 38 29 43 26 7 10 53 26 15 16 18 15 14 14 48 

31 31 41 35 26 49 1 22 45 10 54 5 47 37 15 0 12 
66 4 76 70 61 84 36 57 80 25 89 30 82 72 50 35 23 
12 74 2 8 17 6 42 21 2 53 11 48 4 6 28 43 55 
58 4 68 62 53 76 28 49 72 17 81 22 74 64 42 27 15 
23 85 13 19 28 5 53 32 9 64 0 59 7 17 39 54 66 
44 18 54 48 39 62 14 35 58 3 67 8 60 50 28 13 1 
0 62 10 4 5 18 30 9 14 41 23 36 16 6 16 31 43 
28 34 38 32 23 46 2 19 42 13 51 8 44 34 12 3 15 
24 86 14 20 29 6 54 33 10 65 1 60 8 18 40 55 67 
30 92 20 26 35 12 60 39 16 71 7 66 14 24 46 61 73 
47 15 57 51 42 65 17 38 61 6 70 11 63 53 31 16 4 
2 64 8 2 7 16 32 11 12 43 21 38 14 4 18 33 45 
1 61 11 5 4 19 29 8 15 40 24 35 17 7 15 30 42 
12 74 2 8 17 6 42 21 2 53 11 48 4 6 28 43 55 
53 9 63 57 48 71 23 44 67 12 76 17 69 59 37 22 10 
56 6 66 60 51 74 26 47 70 15 79 20 72 62 40 25 13 
0 62 10 4 5 18 30 9 14 41 23 36 16 6 16 31 43 

13 53 37 19 16 7 32 39 11 54 4 32 41 6 47 27 22 
22 88 2 54 19 42 67 74 46 89 31 3 76 29 82 62 13 
56 10 80 24 59 36 11 4 32 11 47 75 2 49 4 16 65 
14 80 10 46 11 34 59 66 38 81 23 5 68 21 74 54 5 
67 1 91 35 70 47 22 15 43 0 58 86 13 60 7 27 76 
0 66 24 32 3 20 45 52 24 67 9 19 54 7 60 40 9 
44 22 68 12 47 24 1 8 20 23 35 63 10 37 16 4 53 
16 50 40 16 19 4 29 36 8 51 7 35 38 9 44 24 25 
68 2 92 36 71 48 23 16 44 1 59 87 14 61 8 28 77 
74 8 98 42 77 54 29 22 50 7 65 93 20 67 14 34 83 
3 69 21 35 0 23 48 55 27 70 12 16 57 10 63 43 6 
46 20 70 14 49 26 1 6 22 21 37 65 8 39 14 6 55 
43 23 67 11 46 23 2 9 19 24 34 62 11 36 17 3 52 
56 10 80 24 59 36 11 4 32 11 47 75 2 49 4 16 65 
9 75 15 41 6 29 54 61 33 76 18 10 63 16 69 49 0 
12 78 12 44 9 32 57 64 36 79 21 7 66 19 72 52 3 
44 22 68 12 47 24 1 8 20 23 35 63 10 37 16 4 53 

15 2 30 16 47 23 42 8 36 60 26 28 54 48 26 62 34 
23 6 22 24 55 15 50 16 44 68 18 20 62 56 18 70 26 
5 12 40 6 37 33 32 2 26 50 36 38 44 38 36 52 44 
15 32 60 14 17 53 12 22 6 30 56 58 24 18 56 32 64 
15 32 60 14 17 53 12 22 6 30 56 58 24 18 56 32 64 
31 14 14 32 63 7 58 24 52 76 10 12 70 64 10 78 18 
47 30 2 48 79 9 74 40 68 92 6 4 86 80 6 94 2 
2 19 47 1 30 40 25 9 19 43 43 45 37 31 43 45 51 
15 32 60 14 17 53 12 22 6 30 56 58 24 18 56 32 64 
13 4 32 14 45 25 40 6 34 58 28 30 52 46 28 60 36 
9 8 36 10 41 29 36 2 30 54 32 34 48 42 32 56 40 
24 41 69 23 8 62 3 31 3 21 65 67 15 9 65 23 73 
19 2 26 20 51 19 46 12 40 64 22 24 58 52 22 66 30 
12 29 57 11 20 50 15 19 9 33 53 55 27 21 53 35 61 
41 24 4 42 73 3 68 34 62 86 0 2 80 74 0 88 8 
8 25 53 7 24 46 19 15 13 37 49 51 31 25 49 39 57 
25 8 20 26 57 13 52 18 46 70 16 18 64 58 16 72 24 

58 15 7 21 51 0 17 45 5 29 22 42 4 36 31 56 33 
66 7 1 29 59 8 9 53 3 37 14 50 12 44 39 64 41 
48 25 17 11 41 10 27 35 15 19 32 32 6 26 21 46 23 
28 45 37 9 21 30 47 15 35 1 52 12 26 6 1 26 3 
28 45 37 9 21 30 47 15 35 1 52 12 26 6 1 26 3 
74 1 9 37 67 16 1 61 11 45 6 58 20 52 47 72 49 
90 17 25 53 83 32 15 77 27 61 10 74 36 68 63 88 65 
41 32 24 4 34 17 34 28 22 12 39 25 13 19 14 39 16 
28 45 37 9 21 30 47 15 35 1 52 12 26 6 1 26 3 
56 17 9 19 49 2 19 43 7 27 24 40 2 34 29 54 31 
52 21 13 15 45 6 23 39 11 23 28 36 2 30 25 50 27 
19 54 46 18 12 39 56 6 44 10 61 3 35 3 8 17 6 
62 11 3 25 55 4 13 49 1 33 18 46 8 40 35 60 37 
31 42 34 6 24 27 44 18 32 2 49 15 23 9 4 29 6 
84 11 19 47 77 26 9 71 21 55 4 68 30 62 57 82 59 
35 38 30 2 28 23 40 22 28 6 45 19 19 13 8 33 10 
68 5 3 31 61 10 7 55 5 39 12 52 14 46 41 66 43 

42 42 5 64 16 59 0 9 56 21 32 24 12 64 6 24 63 
50 50 13 72 8 67 8 1 64 29 40 16 20 72 14 32 71 
32 32 5 54 26 49 10 19 46 11 22 34 2 54 4 14 53 
12 12 25 34 46 29 30 39 26 9 2 54 18 34 24 6 33 
12 12 25 34 46 29 30 39 26 9 2 54 18 34 24 6 33 
58 58 21 80 0 75 16 7 72 37 48 8 28 80 22 40 79 
74 74 37 96 16 91 32 23 88 53 64 8 44 96 38 56 95 
25 25 12 47 33 42 17 26 39 4 15 41 5 47 11 7 46 
12 12 25 34 46 29 30 39 26 9 2 54 18 34 24 6 33 
40 40 3 62 18 57 2 11 54 19 30 26 10 62 4 22 61 
36 36 1 58 22 53 6 15 50 15 26 30 6 58 0 18 57 
3 3 34 25 55 20 39 48 17 18 7 63 27 25 33 15 24 
46 46 9 68 12 63 4 5 60 25 36 20 16 68 10 28 67 
15 15 22 37 43 32 27 36 29 6 5 51 15 37 21 3 36 
68 68 31 90 10 85 26 17 82 47 58 2 38 90 32 50 89 
19 19 18 41 39 36 23 32 33 2 9 47 11 41 17 1 40 
52 52 15 74 6 69 10 1 66 31 42 14 22 74 16 34 73 

6 8 32 36 33 1 16 9 26 32 37 12 34 4 20 28 20 
14 16 24 44 25 7 8 17 18 24 45 20 42 4 12 20 12 
4 2 42 26 43 11 26 1 36 42 27 2 24 14 30 38 30 
24 22 62 6 63 31 46 21 56 62 7 18 4 34 50 58 50 
24 22 62 6 63 31 46 21 56 62 7 18 4 34 50 58 50 
22 24 16 52 17 15 0 25 10 16 53 28 50 12 4 12 4 
38 40 0 68 1 31 16 41 6 0 69 44 66 28 12 4 12 
11 9 49 19 50 18 33 8 43 49 20 5 17 21 37 45 37 
24 22 62 6 63 31 46 21 56 62 7 18 4 34 50 58 50 
4 6 34 34 35 3 18 7 28 34 35 10 32 6 22 30 22 
0 2 38 30 39 7 22 3 32 38 31 6 28 10 26 34 26 
33 31 71 3 72 40 55 30 65 71 2 27 5 43 59 67 59 
10 12 28 40 29 3 12 13 22 28 41 16 38 0 16 24 16 
21 19 59 9 60 28 43 18 53 59 10 15 7 31 47 55 47 
32 34 6 62 7 25 10 35 0 6 63 38 60 22 6 2 6 
17 15 55 13 56 24 39 14 49 55 14 11 11 27 43 51 43 
16 18 22 46 23 9 6 19 16 22 47 22 44 6 10 18 10 

8 28 4 63 9 8 27 44 19 60 49 50 16 49 20 20 14 
0 20 4 71 1 16 35 52 11 68 57 58 24 57 28 28 6 
18 38 14 53 19 2 17 34 29 50 39 40 6 39 10 10 24 
38 58 34 33 39 22 3 14 49 30 19 20 14 19 10 10 44 
38 58 34 33 39 22 3 14 49 30 19 20 14 19 10 10 44 
8 12 12 79 7 24 43 60 3 76 65 66 32 65 36 36 2 
24 4 28 95 23 40 59 76 13 92 81 82 48 81 52 52 18 
25 45 21 46 26 9 10 27 36 43 32 33 1 32 3 3 31 
38 58 34 33 39 22 3 14 49 30 19 20 14 19 10 10 44 
10 30 6 61 11 6 25 42 21 58 47 48 14 47 18 18 16 
14 34 10 57 15 2 21 38 25 54 43 44 10 43 14 14 20 
47 67 43 24 48 31 12 5 58 21 10 11 23 10 19 19 53 
4 24 0 67 5 12 31 48 15 64 53 54 20 53 24 24 10 
35 55 31 36 36 19 0 17 46 33 22 23 11 22 7 7 41 
18 2 22 89 17 34 53 70 7 86 75 76 42 75 46 46 12 
31 51 27 40 32 15 4 21 42 37 26 27 7 26 3 3 37 
2 18 6 73 1 18 37 54 9 70 59 60 26 59 30 30 4 

34 28 44 38 29 52 4 25 48 7 57 2 50 40 18 3 9 
42 20 52 46 37 60 12 33 56 1 65 6 58 48 26 11 1 
24 38 34 28 19 42 6 15 38 17 47 12 40 30 8 7 19 
4 58 14 8 1 22 26 5 18 37 27 32 20 10 12 27 39 
4 58 14 8 1 22 26 5 18 37 27 32 20 10 12 27 39 
50 12 60 54 45 68 20 41 64 9 73 14 66 56 34 19 7 
66 4 76 70 61 84 36 57 80 25 89 30 82 72 50 35 23 
17 45 27 21 12 35 13 8 31 24 40 19 33 23 1 14 26 
4 58 14 8 1 22 26 5 18 37 27 32 20 10 12 27 39 
32 30 42 36 27 50 2 23 46 9 55 4 48 38 16 1 11 
28 34 38 32 23 46 2 19 42 13 51 8 44 34 12 3 15 
5 67 5 1 10 13 35 14 9 46 18 41 11 1 21 36 48 
38 24 48 42 33 56 8 29 52 3 61 2 54 44 22 7 5 
7 55 17 11 2 25 23 2 21 34 30 29 23 13 9 24 36 
60 2 70 64 55 78 30 51 74 19 83 24 76 66 44 29 17 
11 51 21 15 6 29 19 2 25 30 34 25 27 17 5 20 32 
44 18 54 48 39 62 14 35 58 3 67 8 60 50 28 13 1 

10 56 34 22 13 10 35 42 14 57 1 29 44 3 50 30 19 
2 64 26 30 5 18 43 50 22 65 7 21 52 5 58 38 11 
20 46 44 12 23 0 25 32 4 47 11 39 34 13 40 20 29 
40 26 64 8 43 20 5 12 16 27 31 59 14 33 20 0 49 
40 26 64 8 43 20 5 12 16 27 31 59 14 33 20 0 49 
6 72 18 38 3 26 51 58 30 73 15 13 60 13 66 46 3 
22 88 2 54 19 42 67 74 46 89 31 3 76 29 82 62 13 
27 39 51 5 30 7 18 25 3 40 18 46 27 20 33 13 36 
40 26 64 8 43 20 5 12 16 27 31 59 14 33 20 0 49 
12 54 36 20 15 8 33 40 12 55 3 31 42 5 48 28 21 
16 50 40 16 19 4 29 36 8 51 7 35 38 9 44 24 25 
49 17 73 17 52 29 4 3 25 18 40 68 5 42 11 9 58 
6 60 30 26 9 14 39 46 18 61 3 25 48 1 54 34 15 
37 29 61 5 40 17 8 15 13 30 28 56 17 30 23 3 46 
16 82 8 48 13 36 61 68 40 83 25 3 70 23 76 56 7 
33 33 57 1 36 13 12 19 9 34 24 52 21 26 27 7 42 
0 66 24 32 3 20 45 52 24 67 9 19 54 7 60 40 9 

43 30 22 6 36 15 32 30 20 14 37 27 11 21 16 41 18 
60 13 5 23 53 2 15 47 3 31 20 44 6 38 33 58 35 
88 15 23 51 81 30 13 75 25 59 8 72 34 66 61 86 63 
42 31 23 5 35 16 33 29 21 13 38 26 12 20 15 40 17 
11 62 54 26 4 47 64 2 52 18 69 5 43 11 16 9 14 
81 8 16 44 74 23 6 68 18 52 1 65 27 59 54 79 56 
16 57 49 21 9 42 59 3 47 13 64 0 38 6 11 14 9 
50 23 15 13 43 8 25 37 13 21 30 34 4 28 23 48 25 
22 51 43 15 15 36 53 9 41 7 58 6 32 0 5 20 3 
2 75 67 39 9 60 77 15 65 31 82 18 56 24 29 4 27 
84 11 19 47 77 26 9 71 21 55 4 68 30 62 57 82 59 
86 13 21 49 79 28 11 73 23 57 6 70 32 64 59 84 61 
4 69 61 33 3 54 71 9 59 25 76 12 50 18 23 2 21 
10 63 55 27 3 48 65 3 53 19 70 6 44 12 17 8 15 
84 11 19 47 77 26 9 71 21 55 4 68 30 62 57 82 59 
4 77 69 41 11 62 79 17 67 33 84 20 58 26 31 6 29 
92 19 27 55 85 34 17 79 29 63 12 76 38 70 65 90 67 

27 27 10 49 31 44 15 24 41 6 17 39 3 49 9 9 48 
44 44 7 66 14 61 2 7 58 23 34 22 14 66 8 26 65 
72 72 35 94 14 89 30 21 86 51 62 6 42 94 36 54 93 
26 26 11 48 32 43 16 25 40 5 16 40 4 48 10 8 47 
5 5 42 17 63 12 47 56 9 26 15 71 35 17 41 23 16 
65 65 28 87 7 82 23 14 79 44 55 1 35 87 29 47 86 
0 0 37 22 58 17 42 51 14 21 10 66 30 22 36 18 21 
34 34 3 56 24 51 8 17 48 13 24 32 4 56 2 16 55 
6 6 31 28 52 23 36 45 20 15 4 60 24 28 30 12 27 
18 18 55 4 76 1 60 69 4 39 28 84 48 4 54 36 3 
68 68 31 90 10 85 26 17 82 47 58 2 38 90 32 50 89 
70 70 33 92 12 87 28 19 84 49 60 4 40 92 34 52 91 
12 12 49 10 70 5 54 63 2 33 22 78 42 10 48 30 9 
6 6 43 16 64 11 48 57 8 27 16 72 36 16 42 24 15 
68 68 31 90 10 85 26 17 82 47 58 2 38 90 32 50 89 
20 20 57 2 78 3 62 71 6 41 30 86 50 2 56 38 1 
76 76 39 98 18 93 34 25 90 55 66 10 46 98 40 58 97 

9 7 47 21 48 16 31 6 41 47 22 3 19 19 35 43 35 
8 10 30 38 31 1 14 11 24 30 39 14 36 2 18 26 18 
36 38 2 66 3 29 14 39 4 2 67 42 64 26 10 2 10 
10 8 48 20 49 17 32 7 42 48 21 4 18 20 36 44 36 
41 39 79 11 80 48 63 38 73 79 10 35 13 51 67 75 67 
29 31 9 59 10 22 7 32 3 9 60 35 57 19 3 5 3 
36 34 74 6 75 43 58 33 68 74 5 30 8 46 62 70 62 
2 0 40 28 41 9 24 1 34 40 29 4 26 12 28 36 28 
30 28 68 0 69 37 52 27 62 68 1 24 2 40 56 64 56 
54 52 92 24 93 61 76 51 86 92 23 48 26 64 80 88 80 
32 34 6 62 7 25 10 35 0 6 63 38 60 22 6 2 6 
34 36 4 64 5 27 12 37 2 4 65 40 62 24 8 0 8 
48 46 86 18 87 55 70 45 80 86 17 42 20 58 74 82 74 
42 40 80 12 81 49 64 39 74 80 11 36 14 52 68 76 68 
32 34 6 62 7 25 10 35 0 6 63 38 60 22 6 2 6 
56 54 94 26 95 63 78 53 88 94 25 50 28 66 82 90 82 
40 42 2 70 1 33 18 43 8 2 71 46 68 30 14 6 14 

23 43 19 48 24 7 12 29 34 45 34 35 1 34 5 5 29 
6 26 2 65 7 10 29 46 17 62 51 52 18 51 22 22 12 
22 2 26 93 21 38 57 74 11 90 79 80 46 79 50 50 16 
24 44 20 47 25 8 11 28 35 44 33 34 0 33 4 4 30 
55 75 51 16 56 39 20 3 66 13 2 3 31 2 27 27 61 
15 5 19 86 14 31 50 67 4 83 72 73 39 72 43 43 9 
50 70 46 21 51 34 15 2 61 18 7 8 26 7 22 22 56 
16 36 12 55 17 0 19 36 27 52 41 42 8 41 12 12 22 
44 64 40 27 45 28 9 8 55 24 13 14 20 13 16 16 50 
68 88 64 3 69 52 33 16 79 0 11 10 44 11 40 40 74 
18 2 22 89 17 34 53 70 7 86 75 76 42 75 46 46 12 
20 0 24 91 19 36 55 72 9 88 77 78 44 77 48 48 14 
62 82 58 9 63 46 27 10 73 6 5 4 38 5 34 34 68 
56 76 52 15 57 40 21 4 67 12 1 2 32 1 28 28 62 
18 2 22 89 17 34 53 70 7 86 75 76 42 75 46 46 12 
70 90 66 1 71 54 35 18 81 2 13 12 46 13 42 42 76 
26 6 30 97 25 42 61 78 15 94 83 84 50 83 54 54 20 

19 43 29 23 14 37 11 10 33 22 42 17 35 25 3 12 24 
36 26 46 40 31 54 6 27 50 5 59 0 52 42 20 5 7 
64 2 74 68 59 82 34 55 78 23 87 28 80 70 48 33 21 
18 44 28 22 13 36 12 9 32 23 41 18 34 24 2 13 25 
13 75 3 9 18 5 43 22 1 54 10 49 3 7 29 44 56 
57 5 67 61 52 75 27 48 71 16 80 21 73 63 41 26 14 
8 70 2 4 13 10 38 17 6 49 15 44 8 2 24 39 51 
26 36 36 30 21 44 4 17 40 15 49 10 42 32 10 5 17 
2 64 8 2 7 16 32 11 12 43 21 38 14 4 18 33 45 
26 88 16 22 31 8 56 35 12 67 3 62 10 20 42 57 69 
60 2 70 64 55 78 30 51 74 19 83 24 76 66 44 29 17 
62 0 72 66 57 80 32 53 76 21 85 26 78 68 46 31 19 
20 82 10 16 25 2 50 29 6 61 3 56 4 14 36 51 63 
14 76 4 10 19 4 44 23 0 55 9 50 2 8 30 45 57 
60 2 70 64 55 78 30 51 74 19 83 24 76 66 44 29 17 
28 90 18 24 33 10 58 37 14 69 5 64 12 22 44 59 71 
68 6 78 72 63 86 38 59 82 27 91 32 84 74 52 37 25 

25 41 49 7 28 5 20 27 1 42 16 44 29 18 35 15 34 
8 58 32 24 11 12 37 44 16 59 1 27 46 1 52 32 17 
20 86 4 52 17 40 65 72 44 87 29 1 74 27 80 60 11 
26 40 50 6 29 6 19 26 2 41 17 45 28 19 34 14 35 
57 9 81 25 60 37 12 5 33 10 48 76 3 50 3 17 66 
13 79 11 45 10 33 58 65 37 80 22 6 67 20 73 53 4 
52 14 76 20 55 32 7 0 28 15 43 71 2 45 8 12 61 
18 48 42 14 21 2 27 34 6 49 9 37 36 11 42 22 27 
46 20 70 14 49 26 1 6 22 21 37 65 8 39 14 6 55 
70 4 94 38 73 50 25 18 46 3 61 89 16 63 10 30 79 
16 82 8 48 13 36 61 68 40 83 25 3 70 23 76 56 7 
18 84 6 50 15 38 63 70 42 85 27 1 72 25 78 58 9 
64 2 88 32 67 44 19 12 40 3 55 83 10 57 4 24 73 
58 8 82 26 61 38 13 6 34 9 49 77 4 51 2 18 67 
16 82 8 48 13 36 61 68 40 83 25 3 70 23 76 56 7 
72 6 96 40 75 52 27 20 48 5 63 91 18 65 12 32 81 
24 90 0 56 21 44 69 76 48 91 33 5 78 31 84 64 15 

16 16 53 6 74 1 58 67 2 37 26 82 46 6 52 34 5 
57 57 20 79 1 74 15 6 71 36 47 9 27 79 21 39 78 
49 49 12 71 9 66 7 2 63 28 39 17 19 71 13 31 70 
21 21 16 43 37 38 21 30 35 0 11 45 9 43 15 3 42 
9 9 46 13 67 8 51 60 5 30 19 75 39 13 45 27 12 
42 42 5 64 16 59 0 9 56 21 32 24 12 64 6 24 63 
59 59 22 81 1 76 17 8 73 38 49 7 29 81 23 41 80 
3 3 40 19 61 14 45 54 11 24 13 69 33 19 39 21 18 
47 47 10 69 11 64 5 4 61 26 37 19 17 69 11 29 68 
13 13 24 35 45 30 29 38 27 8 3 53 17 35 23 5 34 
64 64 27 86 6 81 22 13 78 43 54 2 34 86 28 46 85 
0 0 37 22 58 17 42 51 14 21 10 66 30 22 36 18 21 
38 38 1 60 20 55 4 13 52 17 28 28 8 60 2 20 59 
6 6 31 28 52 23 36 45 20 15 4 60 24 28 30 12 27 
11 11 26 33 47 28 31 40 25 10 1 55 19 33 25 7 32 
14 14 51 8 72 3 56 65 0 35 24 80 44 8 50 32 7 
9 9 28 31 49 26 33 42 23 12 1 57 21 31 27 9 30 

52 50 90 22 91 59 74 49 84 90 21 46 24 62 78 86 78 
21 23 17 51 18 14 1 24 11 17 52 27 49 11 5 13 5 
13 15 25 43 26 6 9 16 19 25 44 19 41 3 13 21 13 
15 13 53 15 54 22 37 12 47 53 16 9 13 25 41 49 41 
45 43 83 15 84 52 67 42 77 83 14 39 17 55 71 79 71 
6 8 32 36 33 1 16 9 26 32 37 12 34 4 20 28 20 
23 25 15 53 16 16 1 26 9 15 54 29 51 13 3 11 3 
39 37 77 9 78 46 61 36 71 77 8 33 11 49 65 73 65 
11 13 27 41 28 4 11 14 21 27 42 17 39 1 15 23 15 
23 21 61 7 62 30 45 20 55 61 8 17 5 33 49 57 49 
28 30 10 58 11 21 6 31 4 10 59 34 56 18 2 6 2 
36 34 74 6 75 43 58 33 68 74 5 30 8 46 62 70 62 
2 4 36 32 37 5 20 5 30 36 33 8 30 8 24 32 24 
30 28 68 0 69 37 52 27 62 68 1 24 2 40 56 64 56 
25 23 63 5 64 32 47 22 57 63 6 19 3 35 51 59 51 
50 48 88 20 89 57 72 47 82 88 19 44 22 60 76 84 76 
27 25 65 3 66 34 49 24 59 65 4 21 1 37 53 61 53 

66 86 62 5 67 50 31 14 77 2 9 8 42 9 38 38 72 
7 13 11 78 6 23 42 59 4 75 64 65 31 64 35 35 1 
1 21 3 70 2 15 34 51 12 67 56 57 23 56 27 27 7 
29 49 25 42 30 13 6 23 40 39 28 29 5 28 1 1 35 
59 79 55 12 60 43 24 7 70 9 2 1 35 2 31 31 65 
8 28 4 63 9 8 27 44 19 60 49 50 16 49 20 20 14 
9 11 13 80 8 25 44 61 2 77 66 67 33 66 37 37 3 
53 73 49 18 54 37 18 1 64 15 4 5 29 4 25 25 59 
3 23 1 68 4 13 32 49 14 65 54 55 21 54 25 25 9 
37 57 33 34 38 21 2 15 48 31 20 21 13 20 9 9 43 
14 6 18 85 13 30 49 66 3 82 71 72 38 71 42 42 8 
50 70 46 21 51 34 15 2 61 18 7 8 26 7 22 22 56 
12 32 8 59 13 4 23 40 23 56 45 46 12 45 16 16 18 
44 64 40 27 45 28 9 8 55 24 13 14 20 13 16 16 50 
39 59 35 32 40 23 4 13 50 29 18 19 15 18 11 11 45 
64 84 60 7 65 48 29 12 75 4 7 6 40 7 36 36 70 
41 61 37 30 42 25 6 11 52 27 16 17 17 16 13 13 47 

24 86 14 20 29 6 54 33 10 65 1 60 8 18 40 55 67 
49 13 59 53 44 67 19 40 63 8 72 13 65 55 33 18 6 
41 21 51 45 36 59 11 32 55 0 64 5 57 47 25 10 2 
13 49 23 17 8 31 17 4 27 28 36 23 29 19 3 18 30 
17 79 7 13 22 1 47 26 3 58 6 53 1 11 33 48 60 
34 28 44 38 29 52 4 25 48 7 57 2 50 40 18 3 9 
51 11 61 55 46 69 21 42 65 10 74 15 67 57 35 20 8 
11 73 1 7 16 7 41 20 3 52 12 47 5 5 27 42 54 
39 23 49 43 34 57 9 30 53 2 62 3 55 45 23 8 4 
5 57 15 9 0 23 25 4 19 36 28 31 21 11 11 26 38 
56 6 66 60 51 74 26 47 70 15 79 20 72 62 40 25 13 
8 70 2 4 13 10 38 17 6 49 15 44 8 2 24 39 51 
30 32 40 34 25 48 0 21 44 11 53 6 46 36 14 1 13 
2 64 8 2 7 16 32 11 12 43 21 38 14 4 18 33 45 
3 59 13 7 2 21 27 6 17 38 26 33 19 9 13 28 40 
22 84 12 18 27 4 52 31 8 63 1 58 6 16 38 53 65 
1 61 11 5 4 19 29 8 15 40 24 35 17 7 15 30 42 

68 2 92 36 71 48 23 16 44 1 59 87 14 61 8 28 77 
5 71 19 37 2 25 50 57 29 72 14 14 59 12 65 45 4 
3 63 27 29 6 17 42 49 21 64 6 22 51 4 57 37 12 
31 35 55 1 34 11 14 21 7 36 22 50 23 24 29 9 40 
61 5 85 29 64 41 16 9 37 6 52 80 7 54 1 21 70 
10 56 34 22 13 10 35 42 14 57 1 29 44 3 50 30 19 
7 73 17 39 4 27 52 59 31 74 16 12 61 14 67 47 2 
55 11 79 23 58 35 10 3 31 12 46 74 1 48 5 15 64 
5 61 29 27 8 15 40 47 19 62 4 24 49 2 55 35 14 
39 27 63 7 42 19 6 13 15 28 30 58 15 32 21 1 48 
12 78 12 44 9 32 57 64 36 79 21 7 66 19 72 52 3 
52 14 76 20 55 32 7 0 28 15 43 71 2 45 8 12 61 
14 52 38 18 17 6 31 38 10 53 5 33 40 7 46 26 23 
46 20 70 14 49 26 1 6 22 21 37 65 8 39 14 6 55 
41 25 65 9 44 21 4 11 17 26 32 60 13 34 19 1 50 
66 0 90 34 69 46 21 14 42 1 57 85 12 59 6 26 75 
43 23 67 11 46 23 2 9 19 24 34 62 11 36 17 3 52 

36 34 74 6 75 43 58 33 68 74 5 30 8 46 62 70 62 
36 34 74 6 75 43 58 33 68 74 5 30 8 46 62 70 62 
1 3 37 31 38 6 21 4 31 37 32 7 29 9 25 33 25 
58 56 96 28 97 65 80 55 90 96 27 52 30 68 84 92 84 
22 24 16 52 17 15 0 25 10 16 53 28 50 12 4 12 4 
53 51 91 23 92 60 75 50 85 91 22 47 25 63 79 87 79 
6 8 32 36 33 1 16 9 26 32 37 12 34 4 20 28 20 
15 17 23 45 24 8 7 18 17 23 46 21 43 5 11 19 11 
50 48 88 20 89 57 72 47 82 88 19 44 22 60 76 84 76 
15 13 53 15 54 22 37 12 47 53 16 9 13 25 41 49 41 
26 24 64 4 65 33 48 23 58 64 5 20 2 36 52 60 52 
30 32 8 60 9 23 8 33 2 8 61 36 58 20 4 4 4 
6 4 44 24 45 13 28 3 38 44 25 0 22 16 32 40 32 
58 56 96 28 97 65 80 55 90 96 27 52 30 68 84 92 84 
0 2 38 30 39 7 22 3 32 38 31 6 28 10 26 34 26 
18 16 56 12 57 25 40 15 50 56 13 12 10 28 44 52 44 
57 55 95 27 96 64 79 54 89 95 26 51 29 67 83 91 83 

50 70 46 21 51 34 15 2 61 18 7 8 26 7 22 22 56 
50 70 46 21 51 34 15 2 61 18 7 8 26 7 22 22 56 
13 33 9 58 14 3 22 39 24 55 44 45 11 44 15 15 19 
72 92 68 1 73 56 37 20 83 4 15 14 48 15 44 44 78 
8 12 12 79 7 24 43 60 3 76 65 66 32 65 36 36 2 
67 87 63 4 68 51 32 15 78 1 10 9 43 10 39 39 73 
8 28 4 63 9 8 27 44 19 60 49 50 16 49 20 20 14 
1 19 5 72 0 17 36 53 10 69 58 59 25 58 29 29 5 
64 84 60 7 65 48 29 12 75 4 7 6 40 7 36 36 70 
29 49 25 42 30 13 6 23 40 39 28 29 5 28 1 1 35 
40 60 36 31 41 24 5 12 51 28 17 18 16 17 12 12 46 
16 4 20 87 15 32 51 68 5 84 73 74 40 73 44 44 10 
20 40 16 51 21 4 15 32 31 48 37 38 4 37 8 8 26 
72 92 68 1 73 56 37 20 83 4 15 14 48 15 44 44 78 
14 34 10 57 15 2 21 38 25 54 43 44 10 43 14 14 20 
32 52 28 39 33 16 3 20 43 36 25 26 8 25 4 4 38 
71 91 67 0 72 55 36 19 82 3 14 13 47 14 43 43 77 

8 70 2 4 13 10 38 17 6 49 15 44 8 2 24 39 51 
8 70 2 4 13 10 38 17 6 49 15 44 8 2 24 39 51 
29 33 39 33 24 47 1 20 43 12 52 7 45 35 13 2 14 
30 92 20 26 35 12 60 39 16 71 7 66 14 24 46 61 73 
50 12 60 54 45 68 20 41 64 9 73 14 66 56 34 19 7 
25 87 15 21 30 7 55 34 11 66 2 61 9 19 41 56 68 
34 28 44 38 29 52 4 25 48 7 57 2 50 40 18 3 9 
43 19 53 47 38 61 13 34 57 2 66 7 59 49 27 12 0 
22 84 12 18 27 4 52 31 8 63 1 58 6 16 38 53 65 
13 49 23 17 8 31 17 4 27 28 36 23 29 19 3 18 30 
2 60 12 6 3 20 28 7 16 39 25 34 18 8 14 29 41 
58 4 68 62 53 76 28 49 72 17 81 22 74 64 42 27 15 
22 40 32 26 17 40 8 13 36 19 45 14 38 28 6 9 21 
30 92 20 26 35 12 60 39 16 71 7 66 14 24 46 61 73 
28 34 38 32 23 46 2 19 42 13 51 8 44 34 12 3 15 
10 52 20 14 5 28 20 1 24 31 33 26 26 16 6 21 33 
29 91 19 25 34 11 59 38 15 70 6 65 13 23 45 60 72 

52 14 76 20 55 32 7 0 28 15 43 71 2 45 8 12 61 
52 14 76 20 55 32 7 0 28 15 43 71 2 45 8 12 61 
15 51 39 17 18 5 30 37 9 52 6 34 39 8 45 25 24 
74 8 98 42 77 54 29 22 50 7 65 93 20 67 14 34 83 
6 72 18 38 3 26 51 58 30 73 15 13 60 13 66 46 3 
69 3 93 37 72 49 24 17 45 2 60 88 15 62 9 29 78 
10 56 34 22 13 10 35 42 14 57 1 29 44 3 50 30 19 
1 65 25 31 4 19 44 51 23 66 8 20 53 6 59 39 10 
66 0 90 34 69 46 21 14 42 1 57 85 12 59 6 26 75 
31 35 55 1 34 11 14 21 7 36 22 50 23 24 29 9 40 
42 24 66 10 45 22 3 10 18 25 33 61 12 35 18 2 51 
14 80 10 46 11 34 59 66 38 81 23 5 68 21 74 54 5 
22 44 46 10 25 2 23 30 2 45 13 41 32 15 38 18 31 
74 8 98 42 77 54 29 22 50 7 65 93 20 67 14 34 83 
16 50 40 16 19 4 29 36 8 51 7 35 38 9 44 24 25 
34 32 58 2 37 14 11 18 10 33 25 53 20 27 26 6 43 
73 7 97 41 76 53 28 21 49 6 64 92 19 66 13 33 82 

14 34 10 57 15 2 21 38 25 54 43 44 10 43 14 14 20 
16 36 12 55 17 0 19 36 27 52 41 42 8 41 12 12 22 
24 4 28 95 23 40 59 76 13 92 81 82 48 81 52 52 18 
44 64 40 27 45 28 9 8 55 24 13 14 20 13 16 16 50 
25 5 29 96 24 41 60 77 14 93 82 83 49 82 53 53 19 
7 27 3 64 8 9 28 45 18 61 50 51 17 50 21 21 13 
8 12 12 79 7 24 43 60 3 76 65 66 32 65 36 36 2 
17 37 13 54 18 1 18 35 28 51 40 41 7 40 11 11 23 
18 2 22 89 17 34 53 70 7 86 75 76 42 75 46 46 12 
24 4 28 95 23 40 59 76 13 92 81 82 48 81 52 52 18 
45 65 41 26 46 29 10 7 56 23 12 13 21 12 17 17 51 
20 40 16 51 21 4 15 32 31 48 37 38 4 37 8 8 26 
42 62 38 29 43 26 7 10 53 26 15 16 18 15 14 14 48 
4 24 0 67 5 12 31 48 15 64 53 54 20 53 24 24 10 
12 8 16 83 11 28 47 64 1 80 69 70 36 69 40 40 6 
20 0 24 91 19 36 55 72 9 88 77 78 44 77 48 48 14 
12 8 16 83 11 28 47 64 1 80 69 70 36 69 40 40 6 

28 34 38 32 23 46 2 19 42 13 51 8 44 34 12 3 15 
26 36 36 30 21 44 4 17 40 15 49 10 42 32 10 5 17 
66 4 76 70 61 84 36 57 80 25 89 30 82 72 50 35 23 
2 64 8 2 7 16 32 11 12 43 21 38 14 4 18 33 45 
67 5 77 71 62 85 37 58 81 26 90 31 83 73 51 36 24 
35 27 45 39 30 53 5 26 49 6 58 1 51 41 19 4 8 
50 12 60 54 45 68 20 41 64 9 73 14 66 56 34 19 7 
25 37 35 29 20 43 5 16 39 16 48 11 41 31 9 6 18 
60 2 70 64 55 78 30 51 74 19 83 24 76 66 44 29 17 
66 4 76 70 61 84 36 57 80 25 89 30 82 72 50 35 23 
3 65 7 1 8 15 33 12 11 44 20 39 13 3 19 34 46 
22 40 32 26 17 40 8 13 36 19 45 14 38 28 6 9 21 
0 62 10 4 5 18 30 9 14 41 23 36 16 6 16 31 43 
38 24 48 42 33 56 8 29 52 3 61 2 54 44 22 7 5 
54 8 64 58 49 72 24 45 68 13 77 18 70 60 38 23 11 
62 0 72 66 57 80 32 53 76 21 85 26 78 68 46 31 19 
54 8 64 58 49 72 24 45 68 13 77 18 70 60 38 23 11 

16 50 40 16 19 4 29 36 8 51 7 35 38 9 44 24 25 
18 48 42 14 21 2 27 34 6 49 9 37 36 11 42 22 27 
22 88 2 54 19 42 67 74 46 89 31 3 76 29 82 62 13 
46 20 70 14 49 26 1 6 22 21 37 65 8 39 14 6 55 
23 89 1 55 20 43 68 75 47 90 32 4 77 30 83 63 14 
9 57 33 23 12 11 36 43 15 58 0 28 45 2 51 31 18 
6 72 18 38 3 26 51 58 30 73 15 13 60 13 66 46 3 
19 47 43 13 22 1 26 33 5 48 10 38 35 12 41 21 28 
16 82 8 48 13 36 61 68 40 83 25 3 70 23 76 56 7 
22 88 2 54 19 42 67 74 46 89 31 3 76 29 82 62 13 
47 19 71 15 50 27 2 5 23 20 38 66 7 40 13 7 56 
22 44 46 10 25 2 23 30 2 45 13 41 32 15 38 18 31 
44 22 68 12 47 24 1 8 20 23 35 63 10 37 16 4 53 
6 60 30 26 9 14 39 46 18 61 3 25 48 1 54 34 15 
10 76 14 42 7 30 55 62 34 77 19 9 64 17 70 50 1 
18 84 6 50 15 38 63 70 42 85 27 1 72 25 78 58 9 
10 76 14 42 7 30 55 62 34 77 19 9 64 17 70 50 1 

42 20 52 46 37 60 12 33 56 1 65 6 58 48 26 11 1 
62 0 72 66 57 80 32 53 76 21 85 26 78 68 46 31 19 
38 24 48 42 33 56 8 29 52 3 61 2 54 44 22 7 5 
29 91 19 25 34 11 59 38 15 70 6 65 13 23 45 60 72 
43 19 53 47 38 61 13 34 57 2 66 7 59 49 27 12 0 
26 36 36 30 21 44 4 17 40 15 49 10 42 32 10 5 17 
7 55 17 11 2 25 23 2 21 34 30 29 23 13 9 24 36 
10 72 0 6 15 8 40 19 4 51 13 46 6 4 26 41 53 
53 9 63 57 48 71 23 44 67 12 76 17 69 59 37 22 10 
26 88 16 22 31 8 56 35 12 67 3 62 10 20 42 57 69 
15 77 5 11 20 3 45 24 1 56 8 51 1 9 31 46 58 
16 78 6 12 21 2 46 25 2 57 7 52 0 10 32 47 59 
18 44 28 22 13 36 12 9 32 23 41 18 34 24 2 13 25 
15 77 5 11 20 3 45 24 1 56 8 51 1 9 31 46 58 
14 48 24 18 9 32 16 5 28 27 37 22 30 20 2 17 29 
14 48 24 18 9 32 16 5 28 27 37 22 30 20 2 17 29 
48 14 58 52 43 66 18 39 62 7 71 12 64 54 32 17 5 

2 64 26 30 5 18 43 50 22 65 7 21 52 5 58 38 11 
18 84 6 50 15 38 63 70 42 85 27 1 72 25 78 58 9 
6 60 30 26 9 14 39 46 18 61 3 25 48 1 54 34 15 
73 7 97 41 76 53 28 21 49 6 64 92 19 66 13 33 82 
1 65 25 31 4 19 44 51 23 66 8 20 53 6 59 39 10 
18 48 42 14 21 2 27 34 6 49 9 37 36 11 42 22 27 
37 29 61 5 40 17 8 15 13 30 28 56 17 30 23 3 46 
54 12 78 22 57 34 9 2 30 13 45 73 0 47 6 14 63 
9 75 15 41 6 29 54 61 33 76 18 10 63 16 69 49 0 
70 4 94 38 73 50 25 18 46 3 61 89 16 63 10 30 79 
59 7 83 27 62 39 14 7 35 8 50 78 5 52 1 19 68 
60 6 84 28 63 40 15 8 36 7 51 79 6 53 0 20 69 
26 40 50 6 29 6 19 26 2 41 17 45 28 19 34 14 35 
59 7 83 27 62 39 14 7 35 8 50 78 5 52 1 19 68 
30 36 54 2 33 10 15 22 6 37 21 49 24 23 30 10 39 
30 36 54 2 33 10 15 22 6 37 21 49 24 23 30 10 39 
4 70 20 36 1 24 49 56 28 71 13 15 58 11 64 44 5 

44 22 68 12 47 24 1 8 20 23 35 63 10 37 16 4 53 
18 84 6 50 15 38 63 70 42 85 27 1 72 25 78 58 9 
54 12 78 22 57 34 9 2 30 13 45 73 0 47 6 14 63 
48 18 72 16 51 28 3 4 24 19 39 67 6 41 12 8 57 
39 27 63 7 42 19 6 13 15 28 30 58 15 32 21 1 48 
62 4 86 30 65 42 17 10 38 5 53 81 8 55 2 22 71 
14 52 38 18 17 6 31 38 10 53 5 33 40 7 46 26 23 
35 31 59 3 38 15 10 17 11 32 26 54 19 28 25 5 44 
58 8 82 26 61 38 13 6 34 9 49 77 4 51 2 18 67 
3 63 27 29 6 17 42 49 21 64 6 22 51 4 57 37 12 
67 1 91 35 70 47 22 15 43 0 58 86 13 60 7 27 76 
8 58 32 24 11 12 37 44 16 59 1 27 46 1 52 32 17 
60 6 84 28 63 40 15 8 36 7 51 79 6 53 0 20 69 
50 16 74 18 53 30 5 2 26 17 41 69 4 43 10 10 59 
28 38 52 4 31 8 17 24 4 39 19 47 26 21 32 12 37 
13 53 37 19 16 7 32 39 11 54 4 32 41 6 47 27 22 
1 65 25 31 4 19 44 51 23 66 8 20 53 6 59 39 10 

