12 6 

41 46 53 43 35 22 27 53 22 36 19 37 
3 8 15 81 3 16 11 15 16 2 57 1 
29 34 41 55 23 10 15 41 10 24 31 25 
14 9 2 98 20 33 28 2 33 19 74 18 
56 61 68 28 50 37 42 68 37 51 4 52 
26 31 38 58 20 7 12 38 7 21 34 22 
50 55 62 34 44 31 36 62 31 45 10 46 
16 21 28 68 10 3 2 28 3 11 44 12 
60 65 72 24 54 41 46 72 41 55 0 56 
12 7 0 96 18 31 26 0 31 17 72 16 
24 29 36 60 18 5 10 36 5 19 36 20 
82 87 94 2 76 63 68 94 63 77 22 78 

25 26 53 17 1 41 7 18 33 41 50 46 
13 64 15 55 39 79 45 56 71 3 12 8 
13 38 41 29 13 53 19 30 45 29 38 34 
30 81 2 72 56 96 62 73 88 14 5 9 
40 11 68 2 14 26 8 3 18 56 65 61 
10 41 38 32 16 56 22 33 48 26 35 31 
34 17 62 8 8 32 2 9 24 50 59 55 
0 51 28 42 26 66 32 43 58 16 25 21 
44 7 72 2 18 22 12 1 14 60 69 65 
28 79 0 70 54 94 60 71 86 12 3 7 
8 43 36 34 18 58 24 35 50 24 33 29 
66 15 94 24 40 0 34 23 8 82 91 87 

43 25 29 50 19 37 2 38 42 4 23 2 
5 13 67 12 19 1 36 76 4 42 61 36 
31 13 41 38 7 25 10 50 30 16 35 10 
12 30 84 5 36 18 53 93 13 59 78 53 
58 40 14 65 34 52 17 23 57 11 8 17 
28 10 44 35 4 22 13 53 27 19 38 13 
52 34 20 59 28 46 11 29 51 5 14 11 
18 0 54 25 6 12 23 63 17 29 48 23 
62 44 10 69 38 56 21 19 61 15 4 21 
10 28 82 3 34 16 51 91 11 57 76 51 
26 8 46 33 2 20 15 55 25 21 40 15 
84 66 12 91 60 78 43 3 83 37 18 43 

38 8 16 18 42 21 34 14 32 22 13 13 
0 46 22 20 80 17 4 52 70 60 51 25 
26 20 4 6 54 9 22 26 44 34 25 1 
17 63 39 37 97 34 21 69 87 77 68 42 
53 7 31 33 27 36 49 1 17 7 2 28 
23 23 1 3 57 6 19 29 47 37 28 2 
47 1 25 27 33 30 43 5 23 13 4 22 
13 33 9 7 67 4 9 39 57 47 38 12 
57 11 35 37 23 40 53 5 13 3 6 32 
15 61 37 35 95 32 19 67 85 75 66 40 
21 25 1 1 59 4 17 31 49 39 30 4 
79 33 57 59 1 62 75 27 9 19 28 54 

26 50 38 29 52 26 28 39 18 42 10 1 
64 12 0 9 14 64 10 77 56 80 28 37 
38 38 26 17 40 38 16 51 30 54 2 11 
81 5 17 26 3 81 27 94 73 97 45 54 
11 65 53 44 67 11 43 24 3 27 25 16 
41 35 23 14 37 41 13 54 33 57 5 14 
17 59 47 38 61 17 37 30 9 33 19 10 
51 25 13 4 27 51 3 64 43 67 15 24 
7 69 57 48 71 7 47 20 1 23 29 20 
79 3 15 24 1 79 25 92 71 95 43 52 
43 33 21 12 35 43 11 56 35 59 7 16 
15 91 79 70 93 15 69 2 23 1 51 42 

16 67 12 58 42 82 48 59 74 0 9 5 
21 72 7 63 47 87 53 64 79 5 4 0 
28 79 0 70 54 94 60 71 86 12 3 7 
68 17 96 26 42 2 36 25 10 84 93 89 
10 61 18 52 36 76 42 53 68 6 15 11 
3 48 31 39 23 63 29 40 55 19 28 24 
2 53 26 44 28 68 34 45 60 14 23 19 
28 79 0 70 54 94 60 71 86 12 3 7 
3 48 31 39 23 63 29 40 55 19 28 24 
11 62 17 53 37 77 43 54 69 5 14 10 
44 7 72 2 18 22 12 1 14 60 69 65 
12 63 16 54 38 78 44 55 70 4 13 9 

2 16 70 9 22 4 39 79 1 45 64 39 
3 21 75 4 27 9 44 84 4 50 69 44 
10 28 82 3 34 16 51 91 11 57 76 51 
86 68 14 93 62 80 45 5 85 39 20 45 
8 10 64 15 16 2 33 73 7 39 58 33 
21 3 51 28 3 15 20 60 20 26 45 20 
16 2 56 23 8 10 25 65 15 31 50 25 
10 28 82 3 34 16 51 91 11 57 76 51 
21 3 51 28 3 15 20 60 20 26 45 20 
7 11 65 14 17 1 34 74 6 40 59 34 
62 44 10 69 38 56 21 19 61 15 4 21 
6 12 66 13 18 0 35 75 5 41 60 35 

3 49 25 23 83 20 7 55 73 63 54 28 
8 54 30 28 88 25 12 60 78 68 59 33 
15 61 37 35 95 32 19 67 85 75 66 40 
81 35 59 61 1 64 77 29 11 21 30 56 
3 43 19 17 77 14 1 49 67 57 48 22 
16 30 6 4 64 1 12 36 54 44 35 9 
11 35 11 9 69 6 7 41 59 49 40 14 
15 61 37 35 95 32 19 67 85 75 66 40 
16 30 6 4 64 1 12 36 54 44 35 9 
2 44 20 18 78 15 2 50 68 58 49 23 
57 11 35 37 23 40 53 5 13 3 6 32 
1 45 21 19 79 16 3 51 69 59 50 24 

67 9 3 12 11 67 13 80 59 83 31 40 
72 4 8 17 6 72 18 85 64 88 36 45 
79 3 15 24 1 79 25 92 71 95 43 52 
17 93 81 72 95 17 71 4 25 1 53 44 
61 15 3 6 17 61 7 74 53 77 25 34 
48 28 16 7 30 48 6 61 40 64 12 21 
53 23 11 2 25 53 1 66 45 69 17 26 
79 3 15 24 1 79 25 92 71 95 43 52 
48 28 16 7 30 48 6 61 40 64 12 21 
62 14 2 7 16 62 8 75 54 78 26 35 
7 69 57 48 71 7 47 20 1 23 29 20 
63 13 1 8 15 63 9 76 55 79 27 36 

18 0 54 25 6 12 23 63 17 29 48 23 
69 51 3 76 45 63 28 12 68 22 3 28 
10 28 82 3 34 16 51 91 11 57 76 51 
60 42 12 67 36 54 19 21 59 13 6 19 
44 26 28 51 20 38 3 37 43 3 22 3 
84 66 12 91 60 78 43 3 83 37 18 43 
50 32 22 57 26 44 9 31 49 3 16 9 
61 43 11 68 37 55 20 20 60 14 5 20 
76 58 4 83 52 70 35 5 75 29 10 35 
2 16 70 9 22 4 39 79 1 45 64 39 
7 25 79 0 31 13 48 88 8 54 73 48 
3 21 75 4 27 9 44 84 4 50 69 44 

13 33 9 7 67 4 9 39 57 47 38 12 
64 18 42 44 16 47 60 12 6 4 13 39 
15 61 37 35 95 32 19 67 85 75 66 40 
55 9 33 35 25 38 51 3 15 5 4 30 
39 7 17 19 41 22 35 13 31 21 12 14 
79 33 57 59 1 62 75 27 9 19 28 54 
45 1 23 25 35 28 41 7 25 15 6 20 
56 10 34 36 24 39 52 4 14 4 5 31 
71 25 49 51 9 54 67 19 1 11 20 46 
3 49 25 23 83 20 7 55 73 63 54 28 
12 58 34 32 92 29 16 64 82 72 63 37 
8 54 30 28 88 25 12 60 78 68 59 33 

51 25 13 4 27 51 3 64 43 67 15 24 
0 76 64 55 78 0 54 13 8 16 36 27 
79 3 15 24 1 79 25 92 71 95 43 52 
9 67 55 46 69 9 45 22 1 25 27 18 
25 51 39 30 53 25 29 38 17 41 11 2 
15 91 79 70 93 15 69 2 23 1 51 42 
19 57 45 36 59 19 35 32 11 35 17 8 
8 68 56 47 70 8 46 21 0 24 28 19 
7 83 71 62 85 7 61 6 15 9 43 34 
67 9 3 12 11 67 13 80 59 83 31 40 
76 0 12 21 2 76 22 89 68 92 40 49 
72 4 8 17 6 72 18 85 64 88 36 45 

5 51 27 25 85 22 9 57 75 65 56 30 
13 33 9 7 67 4 9 39 57 47 38 12 
67 21 45 47 13 50 63 15 3 7 16 42 
12 58 34 32 92 29 16 64 82 72 63 37 
19 27 3 1 61 2 15 33 51 41 32 6 
1 45 21 19 79 16 3 51 69 59 50 24 
36 10 14 16 44 19 32 16 34 24 15 11 
76 30 54 56 4 59 72 24 6 16 25 51 
4 50 26 24 84 21 8 56 74 64 55 29 
42 4 20 22 38 25 38 10 28 18 9 17 
61 15 39 41 19 44 57 9 9 1 10 36 
36 10 14 16 44 19 32 16 34 24 15 11 

69 7 5 14 9 69 15 82 61 85 33 42 
51 25 13 4 27 51 3 64 43 67 15 24 
3 79 67 58 81 3 57 10 11 13 39 30 
76 0 12 21 2 76 22 89 68 92 40 49 
45 31 19 10 33 45 9 58 37 61 9 18 
63 13 1 8 15 63 9 76 55 79 27 36 
28 48 36 27 50 28 26 41 20 44 8 1 
12 88 76 67 90 12 66 1 20 4 48 39 
68 8 4 13 10 68 14 81 60 84 32 41 
22 54 42 33 56 22 32 35 14 38 14 5 
3 73 61 52 75 3 51 16 5 19 33 24 
28 48 36 27 50 28 26 41 20 44 8 1 

64 12 0 9 14 64 10 77 56 80 28 37 
18 58 46 37 60 18 36 31 10 34 18 9 
42 34 22 13 36 42 12 55 34 58 6 15 
44 32 20 11 34 44 10 57 36 60 8 17 
16 92 80 71 94 16 70 3 24 0 52 43 
47 29 17 8 31 47 7 60 39 63 11 20 
60 16 4 5 18 60 6 73 52 76 24 33 
12 64 52 43 66 12 42 25 4 28 24 15 
6 82 70 61 84 6 60 7 14 10 42 33 
4 72 60 51 74 4 50 17 4 20 32 23 
13 63 51 42 65 13 41 26 5 29 23 14 
39 37 25 16 39 39 15 52 31 55 3 12 

