12 10 

31 36 19 6 34 25 72 44 25 74 53 26 
15 10 27 52 12 71 26 2 21 28 7 20 
12 17 0 25 15 44 53 25 6 55 34 7 
39 34 51 76 36 95 2 26 45 4 17 44 
28 33 16 9 31 28 69 41 22 71 50 23 
40 45 28 3 43 16 81 53 34 83 62 35 
5 10 7 32 8 51 46 18 1 48 27 0 
12 17 0 25 15 44 53 25 6 55 34 7 
1 4 13 38 2 57 40 12 7 42 21 6 
11 16 1 26 14 45 52 24 5 54 33 6 
36 41 24 1 39 20 77 49 30 79 58 31 
32 27 44 69 29 88 9 19 38 11 10 37 

20 51 31 22 48 20 19 24 52 31 10 40 
66 5 15 24 2 66 65 70 6 15 36 6 
39 32 12 3 29 39 38 43 33 12 9 21 
90 19 39 48 22 90 89 94 18 39 60 30 
23 48 28 19 45 23 22 27 49 28 7 37 
11 60 40 31 57 11 10 15 61 40 19 49 
46 25 5 4 22 46 45 50 26 5 16 14 
39 32 12 3 29 39 38 43 33 12 9 21 
52 19 1 10 16 52 51 56 20 1 22 8 
40 31 11 2 28 40 39 44 32 11 10 20 
15 56 36 27 53 15 14 19 57 36 15 45 
83 12 32 41 15 83 82 87 11 32 53 23 

53 43 25 4 0 70 47 45 50 1 7 7 
7 3 21 50 46 24 1 1 4 47 39 53 
34 24 6 23 19 51 28 26 31 20 12 26 
17 27 45 74 70 0 23 25 20 71 63 77 
50 40 22 7 3 67 44 42 47 4 4 10 
62 52 34 5 9 79 56 54 59 8 16 2 
27 17 1 30 26 44 21 19 24 27 19 33 
34 24 6 23 19 51 28 26 31 20 12 26 
21 11 7 36 32 38 15 13 18 33 25 39 
33 23 5 24 20 50 27 25 30 21 13 27 
58 48 30 1 5 75 52 50 55 4 12 2 
10 20 38 67 63 7 16 18 13 64 56 70 

36 30 13 57 11 56 1 13 46 52 20 14 
10 16 33 11 35 10 45 33 0 6 66 32 
17 11 6 38 8 37 18 6 27 33 39 5 
34 40 57 13 59 14 69 57 24 18 90 56 
33 27 10 54 8 53 2 10 43 49 23 11 
45 39 22 66 20 65 10 22 55 61 11 23 
10 4 13 31 15 30 25 13 20 26 46 12 
17 11 6 38 8 37 18 6 27 33 39 5 
4 2 19 25 21 24 31 19 14 20 52 18 
16 10 7 37 9 36 19 7 26 32 40 6 
41 35 18 62 16 61 6 18 51 57 15 19 
27 33 50 6 52 7 62 50 17 11 83 49 

17 18 51 4 29 72 24 66 57 1 33 60 
63 28 5 42 17 26 70 20 11 45 13 14 
36 1 32 15 10 53 43 47 38 18 14 41 
87 52 19 66 41 2 94 4 13 69 37 10 
20 15 48 1 26 69 27 63 54 2 30 57 
8 27 60 13 38 81 15 75 66 10 42 69 
43 8 25 22 3 46 50 40 31 25 7 34 
36 1 32 15 10 53 43 47 38 18 14 41 
49 14 19 28 3 40 56 34 25 31 1 28 
37 2 31 16 9 52 44 46 37 19 13 40 
12 23 56 9 34 77 19 71 62 6 38 65 
80 45 12 59 34 9 87 3 6 62 30 3 

31 18 11 62 24 69 24 57 16 46 10 52 
15 64 57 16 22 23 70 11 62 0 56 6 
12 37 30 43 5 50 43 38 35 27 29 33 
39 88 81 8 46 1 94 13 86 24 80 18 
28 21 14 59 21 66 27 54 19 43 13 49 
40 9 2 71 33 78 15 66 7 55 1 61 
5 44 37 36 2 43 50 31 42 20 36 26 
12 37 30 43 5 50 43 38 35 27 29 33 
1 50 43 30 8 37 56 25 48 14 42 20 
11 38 31 42 4 49 44 37 36 26 30 32 
36 13 6 67 29 74 19 62 11 51 5 57 
32 81 74 1 39 6 87 6 79 17 73 11 

22 11 40 15 5 35 64 64 8 26 9 21 
68 57 6 31 41 11 18 18 54 20 37 67 
41 30 21 4 14 16 45 45 27 7 10 40 
92 81 30 55 65 35 6 6 78 44 61 91 
25 14 37 12 2 32 61 61 11 23 6 24 
13 2 49 24 14 44 73 73 1 35 18 12 
48 37 14 11 21 9 38 38 34 0 17 47 
41 30 21 4 14 16 45 45 27 7 10 40 
54 43 8 17 27 3 32 32 40 6 23 53 
42 31 20 5 15 15 44 44 28 6 11 41 
17 6 45 20 10 40 69 69 3 31 14 16 
85 74 23 48 58 28 1 1 71 37 54 84 

70 2 7 24 11 12 29 12 45 16 8 47 
24 48 53 22 35 58 17 34 1 30 38 1 
51 21 26 5 8 31 10 7 26 3 11 28 
0 72 77 46 59 82 41 58 25 54 62 23 
67 5 10 21 8 15 26 9 42 13 5 44 
79 7 2 33 20 3 38 21 54 25 17 56 
44 28 33 2 15 38 3 14 19 10 18 21 
51 21 26 5 8 31 10 7 26 3 11 28 
38 34 39 8 21 44 3 20 13 16 24 15 
50 22 27 4 9 32 9 8 25 4 12 27 
75 3 2 29 16 7 34 17 50 21 13 52 
7 65 70 39 52 75 34 51 18 47 55 16 

17 1 59 15 15 15 8 32 10 11 3 41 
63 45 13 31 61 61 38 14 56 35 43 5 
36 18 40 4 34 34 11 13 29 8 16 22 
87 69 11 55 85 85 62 38 80 59 67 29 
20 2 56 12 18 18 5 29 13 8 0 38 
8 10 68 24 6 6 17 41 1 20 12 50 
43 25 33 11 41 41 18 6 36 15 23 15 
36 18 40 4 34 34 11 13 29 8 16 22 
49 31 27 17 47 47 24 0 42 21 29 9 
37 19 39 5 35 35 12 12 30 9 17 21 
12 6 64 20 10 10 13 37 5 16 8 46 
80 62 4 48 78 78 55 31 73 52 60 22 

51 20 0 9 17 51 50 55 21 0 21 9 
56 15 5 14 12 56 55 60 16 5 26 4 
39 32 12 3 29 39 38 43 33 12 9 21 
14 57 37 28 54 14 13 18 58 37 16 46 
54 17 3 12 14 54 53 58 18 3 24 6 
5 76 56 47 73 5 6 1 77 56 35 65 
92 21 41 50 24 92 91 96 20 41 62 32 
64 7 13 22 4 64 63 68 8 13 34 4 
45 26 6 3 23 45 44 49 27 6 15 15 
94 23 43 52 26 94 93 98 22 43 64 34 
73 2 22 31 5 73 72 77 1 22 43 13 
46 25 5 4 22 46 45 50 26 5 16 14 

22 12 6 35 31 39 16 14 19 32 24 38 
17 7 11 40 36 34 11 9 14 37 29 43 
34 24 6 23 19 51 28 26 31 20 12 26 
59 49 31 2 6 76 53 51 56 5 13 1 
19 9 9 38 34 36 13 11 16 35 27 41 
78 68 50 21 25 95 72 70 75 24 32 18 
19 29 47 76 72 2 25 27 22 73 65 79 
9 1 19 48 44 26 3 1 6 45 37 51 
28 18 0 29 25 45 22 20 25 26 18 32 
21 31 49 78 74 4 27 29 24 75 67 81 
0 10 28 57 53 17 6 8 3 54 46 60 
27 17 1 30 26 44 21 19 24 27 19 33 

5 1 18 26 20 25 30 18 15 21 51 17 
0 6 23 21 25 20 35 23 10 16 56 22 
17 11 6 38 8 37 18 6 27 33 39 5 
42 36 19 63 17 62 7 19 52 58 14 20 
2 4 21 23 23 22 33 21 12 18 54 20 
61 55 38 82 36 81 26 38 71 77 5 39 
36 42 59 15 61 16 71 59 26 20 92 58 
8 14 31 13 33 12 43 31 2 8 64 30 
11 5 12 32 14 31 24 12 21 27 45 11 
38 44 61 17 63 18 73 61 28 22 94 60 
17 23 40 4 42 3 52 40 7 1 73 39 
10 4 13 31 15 30 25 13 20 26 46 12 

48 13 20 27 2 41 55 35 26 30 2 29 
53 18 15 32 7 36 60 30 21 35 3 24 
36 1 32 15 10 53 43 47 38 18 14 41 
11 24 57 10 35 78 18 72 63 7 39 66 
51 16 17 30 5 38 58 32 23 33 1 26 
8 43 76 29 54 97 1 91 82 26 58 85 
89 54 21 68 43 0 96 6 15 71 39 12 
61 26 7 40 15 28 68 22 13 43 11 16 
42 7 26 21 4 47 49 41 32 24 8 35 
91 56 23 70 45 2 98 8 17 73 41 14 
70 35 2 49 24 19 77 13 4 52 20 7 
43 8 25 22 3 46 50 40 31 25 7 34 

0 49 42 31 7 38 55 26 47 15 41 21 
5 54 47 26 12 33 60 21 52 10 46 16 
12 37 30 43 5 50 43 38 35 27 29 33 
37 12 5 68 30 75 18 63 10 52 4 58 
3 52 45 28 10 35 58 23 50 12 44 18 
56 7 14 87 49 94 1 82 9 71 15 77 
41 90 83 10 48 3 96 15 88 26 82 20 
13 62 55 18 20 25 68 13 60 2 54 8 
6 43 36 37 1 44 49 32 41 21 35 27 
43 92 85 12 50 5 98 17 90 28 84 22 
22 71 64 9 29 16 77 4 69 7 63 1 
5 44 37 36 2 43 50 31 42 20 36 26 

53 42 9 16 26 4 33 33 39 5 22 52 
58 47 4 21 31 1 28 28 44 10 27 57 
41 30 21 4 14 16 45 45 27 7 10 40 
16 5 46 21 11 41 70 70 2 32 15 15 
56 45 6 19 29 1 30 30 42 8 25 55 
3 14 65 40 30 60 89 89 17 51 34 4 
94 83 32 57 67 37 8 8 80 46 63 93 
66 55 4 29 39 9 20 20 52 18 35 65 
47 36 15 10 20 10 39 39 33 1 16 46 
96 85 34 59 69 39 10 10 82 48 65 95 
75 64 13 38 48 18 11 11 61 27 44 74 
48 37 14 11 21 9 38 38 34 0 17 47 

39 33 38 7 20 43 2 19 14 15 23 16 
34 38 43 12 25 48 7 24 9 20 28 11 
51 21 26 5 8 31 10 7 26 3 11 28 
76 4 1 30 17 6 35 18 51 22 14 53 
36 36 41 10 23 46 5 22 11 18 26 13 
95 23 18 49 36 13 54 37 70 41 33 72 
2 74 79 48 61 84 43 60 27 56 64 25 
26 46 51 20 33 56 15 32 1 28 36 3 
45 27 32 1 14 37 4 13 20 9 17 22 
4 76 81 50 63 86 45 62 29 58 66 27 
17 55 60 29 42 65 24 41 8 37 45 6 
44 28 33 2 15 38 3 14 19 10 18 21 

48 30 28 16 46 46 23 1 41 20 28 10 
53 35 23 21 51 51 28 4 46 25 33 5 
36 18 40 4 34 34 11 13 29 8 16 22 
11 7 65 21 9 9 14 38 4 17 9 47 
51 33 25 19 49 49 26 2 44 23 31 7 
8 26 84 40 10 10 33 57 15 36 28 66 
89 71 13 57 87 87 64 40 82 61 69 31 
61 43 15 29 59 59 36 12 54 33 41 3 
42 24 34 10 40 40 17 7 35 14 22 16 
91 73 15 59 89 89 66 42 84 63 71 33 
70 52 6 38 68 68 45 21 63 42 50 12 
43 25 33 11 41 41 18 6 36 15 23 15 

73 63 45 16 20 90 67 65 70 19 27 13 
2 8 26 55 51 19 4 6 1 52 44 58 
22 12 6 35 31 39 16 14 19 32 24 38 
31 21 3 26 22 48 25 23 28 23 15 29 
5 5 23 52 48 22 1 3 2 49 41 55 
73 63 45 16 20 90 67 65 70 19 27 13 
72 62 44 15 19 89 66 64 69 18 26 12 
77 67 49 20 24 94 71 69 74 23 31 17 
1 9 27 56 52 18 5 7 2 53 45 59 
22 12 6 35 31 39 16 14 19 32 24 38 
43 33 15 14 10 60 37 35 40 11 3 17 
13 3 15 44 40 30 7 5 10 41 33 47 

56 50 33 77 31 76 21 33 66 72 0 34 
15 21 38 6 40 5 50 38 5 1 71 37 
5 1 18 26 20 25 30 18 15 21 51 17 
14 8 9 35 11 34 21 9 24 30 42 8 
12 18 35 9 37 8 47 35 2 4 68 34 
56 50 33 77 31 76 21 33 66 72 0 34 
55 49 32 76 30 75 20 32 65 71 1 33 
60 54 37 81 35 80 25 37 70 76 4 38 
16 22 39 5 41 4 51 39 6 0 72 38 
5 1 18 26 20 25 30 18 15 21 51 17 
26 20 3 47 1 46 9 3 36 42 30 4 
4 10 27 17 29 16 39 27 6 12 60 26 

3 38 71 24 49 92 4 86 77 21 53 80 
68 33 0 47 22 21 75 15 6 50 18 9 
48 13 20 27 2 41 55 35 26 30 2 29 
39 4 29 18 7 50 46 44 35 21 11 38 
65 30 3 44 19 24 72 18 9 47 15 12 
3 38 71 24 49 92 4 86 77 21 53 80 
2 37 70 23 48 91 5 85 76 20 52 79 
7 42 75 28 53 96 0 90 81 25 57 84 
69 34 1 48 23 20 76 14 5 51 19 8 
48 13 20 27 2 41 55 35 26 30 2 29 
27 8 41 6 19 62 34 56 47 9 23 50 
57 22 11 36 11 32 64 26 17 39 7 20 

51 2 9 82 44 89 4 77 4 66 10 72 
20 69 62 11 27 18 75 6 67 5 61 1 
0 49 42 31 7 38 55 26 47 15 41 21 
9 40 33 40 2 47 46 35 38 24 32 30 
17 66 59 14 24 21 72 9 64 2 58 4 
51 2 9 82 44 89 4 77 4 66 10 72 
50 1 8 81 43 88 5 76 3 65 9 71 
55 6 13 86 48 93 0 81 8 70 14 76 
21 70 63 10 28 17 76 5 68 6 62 0 
0 49 42 31 7 38 55 26 47 15 41 21 
21 28 21 52 14 59 34 47 26 36 20 42 
9 58 51 22 16 29 64 17 56 6 50 12 

2 9 60 35 25 55 84 84 12 46 29 1 
73 62 11 36 46 16 13 13 59 25 42 72 
53 42 9 16 26 4 33 33 39 5 22 52 
44 33 18 7 17 13 42 42 30 4 13 43 
70 59 8 33 43 13 16 16 56 22 39 69 
2 9 60 35 25 55 84 84 12 46 29 1 
3 8 59 34 24 54 83 83 11 45 28 2 
2 13 64 39 29 59 88 88 16 50 33 3 
74 63 12 37 47 17 12 12 60 26 43 73 
53 42 9 16 26 4 33 33 39 5 22 52 
32 21 30 5 5 25 54 54 18 16 1 31 
62 51 0 25 35 5 24 24 48 14 31 61 

90 18 13 44 31 8 49 32 65 36 28 67 
19 53 58 27 40 63 22 39 6 35 43 4 
39 33 38 7 20 43 2 19 14 15 23 16 
48 24 29 2 11 34 7 10 23 6 14 25 
22 50 55 24 37 60 19 36 3 32 40 1 
90 18 13 44 31 8 49 32 65 36 28 67 
89 17 12 43 30 7 48 31 64 35 27 66 
94 22 17 48 35 12 53 36 69 40 32 71 
18 54 59 28 41 64 23 40 7 36 44 5 
39 33 38 7 20 43 2 19 14 15 23 16 
60 12 17 14 1 22 19 2 35 6 2 37 
30 42 47 16 29 52 11 28 5 24 32 7 

3 21 79 35 5 5 28 52 10 31 23 61 
68 50 8 36 66 66 43 19 61 40 48 10 
48 30 28 16 46 46 23 1 41 20 28 10 
39 21 37 7 37 37 14 10 32 11 19 19 
65 47 11 33 63 63 40 16 58 37 45 7 
3 21 79 35 5 5 28 52 10 31 23 61 
2 20 78 34 4 4 27 51 9 30 22 60 
7 25 83 39 9 9 32 56 14 35 27 65 
69 51 7 37 67 67 44 20 62 41 49 11 
48 30 28 16 46 46 23 1 41 20 28 10 
27 9 49 5 25 25 2 22 20 1 7 31 
57 39 19 25 55 55 32 8 50 29 37 1 

17 23 40 4 42 3 52 40 7 1 73 39 
7 13 30 14 32 13 42 30 3 9 63 29 
11 5 12 32 14 31 24 12 21 27 45 11 
40 34 17 61 15 60 5 17 50 56 16 18 
36 30 13 57 11 56 1 13 46 52 20 14 
34 40 57 13 59 14 69 57 24 18 90 56 
11 17 34 10 36 9 46 34 1 5 67 33 
9 15 32 12 34 11 44 32 1 7 65 31 
14 20 37 7 39 6 49 37 4 2 70 36 
37 31 14 58 12 57 2 14 47 53 19 15 
29 23 6 50 4 49 6 6 39 45 27 7 
43 37 20 64 18 63 8 20 53 59 13 21 

70 35 2 49 24 19 77 13 4 52 20 7 
60 25 8 39 14 29 67 23 14 42 10 17 
42 7 26 21 4 47 49 41 32 24 8 35 
13 22 55 8 33 76 20 70 61 5 37 64 
17 18 51 4 29 72 24 66 57 1 33 60 
87 52 19 66 41 2 94 4 13 69 37 10 
64 29 4 43 18 25 71 19 10 46 14 13 
62 27 6 41 16 27 69 21 12 44 12 15 
67 32 1 46 21 22 74 16 7 49 17 10 
16 19 52 5 30 73 23 67 58 2 34 61 
24 11 44 3 22 65 31 59 50 6 26 53 
10 25 58 11 36 79 17 73 64 8 40 67 

22 71 64 9 29 16 77 4 69 7 63 1 
12 61 54 19 19 26 67 14 59 3 53 9 
6 43 36 37 1 44 49 32 41 21 35 27 
35 14 7 66 28 73 20 61 12 50 6 56 
31 18 11 62 24 69 24 57 16 46 10 52 
39 88 81 8 46 1 94 13 86 24 80 18 
16 65 58 15 23 22 71 10 63 1 57 5 
14 63 56 17 21 24 69 12 61 1 55 7 
19 68 61 12 26 19 74 7 66 4 60 2 
32 17 10 63 25 70 23 58 15 47 9 53 
24 25 18 55 17 62 31 50 23 39 17 45 
38 11 4 69 31 76 17 64 9 53 3 59 

75 64 13 38 48 18 11 11 61 27 44 74 
65 54 3 28 38 8 21 21 51 17 34 64 
47 36 15 10 20 10 39 39 33 1 16 46 
18 7 44 19 9 39 68 68 4 30 13 17 
22 11 40 15 5 35 64 64 8 26 9 21 
92 81 30 55 65 35 6 6 78 44 61 91 
69 58 7 32 42 12 17 17 55 21 38 68 
67 56 5 30 40 10 19 19 53 19 36 66 
72 61 10 35 45 15 14 14 58 24 41 71 
21 10 41 16 6 36 65 65 7 27 10 20 
29 18 33 8 2 28 57 57 15 19 2 28 
15 4 47 22 12 42 71 71 1 33 16 14 

17 55 60 29 42 65 24 41 8 37 45 6 
27 45 50 19 32 55 14 31 2 27 35 4 
45 27 32 1 14 37 4 13 20 9 17 22 
74 2 3 28 15 8 33 16 49 20 12 51 
70 2 7 24 11 12 29 12 45 16 8 47 
0 72 77 46 59 82 41 58 25 54 62 23 
23 49 54 23 36 59 18 35 2 31 39 0 
25 47 52 21 34 57 16 33 0 29 37 2 
20 52 57 26 39 62 21 38 5 34 42 3 
71 1 6 25 12 11 30 13 46 17 9 48 
63 9 14 17 4 19 22 5 38 9 1 40 
77 5 0 31 18 5 36 19 52 23 15 54 

70 52 6 38 68 68 45 21 63 42 50 12 
60 42 16 28 58 58 35 11 53 32 40 2 
42 24 34 10 40 40 17 7 35 14 22 16 
13 5 63 19 11 11 12 36 6 15 7 45 
17 1 59 15 15 15 8 32 10 11 3 41 
87 69 11 55 85 85 62 38 80 59 67 29 
64 46 12 32 62 62 39 15 57 36 44 6 
62 44 14 30 60 60 37 13 55 34 42 4 
67 49 9 35 65 65 42 18 60 39 47 9 
16 2 60 16 14 14 9 33 9 12 4 42 
24 6 52 8 22 22 1 25 17 4 4 34 
10 8 66 22 8 8 15 39 3 18 10 48 

53 18 15 32 7 36 60 30 21 35 3 24 
47 12 21 26 1 42 54 36 27 29 3 30 
30 5 38 9 16 59 37 53 44 12 20 47 
74 39 6 53 28 15 81 9 0 56 24 3 
28 7 40 7 18 61 35 55 46 10 22 49 
73 38 5 52 27 16 80 10 1 55 23 4 
18 17 50 3 28 71 25 65 56 0 32 59 
30 5 38 9 16 59 37 53 44 12 20 47 
63 28 5 42 17 26 70 20 11 45 13 14 
69 34 1 48 23 20 76 14 5 51 19 8 
3 38 71 24 49 92 4 86 77 21 53 80 
31 4 37 10 15 58 38 52 43 13 19 46 

5 54 47 26 12 33 60 21 52 10 46 16 
1 48 41 32 6 39 54 27 46 16 40 22 
18 31 24 49 11 56 37 44 29 33 23 39 
26 75 68 5 33 12 81 0 73 11 67 5 
20 29 22 51 13 58 35 46 27 35 21 41 
25 74 67 6 32 13 80 1 72 10 66 4 
30 19 12 61 23 68 25 56 17 45 11 51 
18 31 24 49 11 56 37 44 29 33 23 39 
15 64 57 16 22 23 70 11 62 0 56 6 
21 70 63 10 28 17 76 5 68 6 62 0 
51 2 9 82 44 89 4 77 4 66 10 72 
17 32 25 48 10 55 38 43 30 32 24 38 

58 47 4 21 31 1 28 28 44 10 27 57 
52 41 10 15 25 5 34 34 38 4 21 51 
35 24 27 2 8 22 51 51 21 13 4 34 
79 68 17 42 52 22 7 7 65 31 48 78 
33 22 29 4 6 24 53 53 19 15 2 32 
78 67 16 41 51 21 8 8 64 30 47 77 
23 12 39 14 4 34 63 63 9 25 8 22 
35 24 27 2 8 22 51 51 21 13 4 34 
68 57 6 31 41 11 18 18 54 20 37 67 
74 63 12 37 47 17 12 12 60 26 43 73 
2 9 60 35 25 55 84 84 12 46 29 1 
36 25 26 1 9 21 50 50 22 12 5 35 

34 38 43 12 25 48 7 24 9 20 28 11 
40 32 37 6 19 42 1 18 15 14 22 17 
57 15 20 11 2 25 16 1 32 3 5 34 
13 59 64 33 46 69 28 45 12 41 49 10 
59 13 18 13 0 23 18 1 34 5 3 36 
14 58 63 32 45 68 27 44 11 40 48 9 
69 3 8 23 10 13 28 11 44 15 7 46 
57 15 20 11 2 25 16 1 32 3 5 34 
24 48 53 22 35 58 17 34 1 30 38 1 
18 54 59 28 41 64 23 40 7 36 44 5 
90 18 13 44 31 8 49 32 65 36 28 67 
56 16 21 10 3 26 15 2 31 2 6 33 

53 35 23 21 51 51 28 4 46 25 33 5 
47 29 29 15 45 45 22 2 40 19 27 11 
30 12 46 2 28 28 5 19 23 2 10 28 
74 56 2 42 72 72 49 25 67 46 54 16 
28 10 48 4 26 26 3 21 21 0 8 30 
73 55 3 41 71 71 48 24 66 45 53 15 
18 0 58 14 16 16 7 31 11 10 2 40 
30 12 46 2 28 28 5 19 23 2 10 28 
63 45 13 31 61 61 38 14 56 35 43 5 
69 51 7 37 67 67 44 20 62 41 49 11 
3 21 79 35 5 5 28 52 10 31 23 61 
31 13 45 1 29 29 6 18 24 3 11 27 

48 1 6 79 41 86 7 74 1 63 7 69 
13 36 29 44 6 51 42 39 34 28 28 34 
20 69 62 11 27 18 75 6 67 5 61 1 
27 22 15 58 20 65 28 53 20 42 14 48 
2 47 40 33 5 40 53 28 45 17 39 23 
41 90 83 10 48 3 96 15 88 26 82 20 
55 6 13 86 48 93 0 81 8 70 14 76 
35 84 77 4 42 3 90 9 82 20 76 14 
26 75 68 5 33 12 81 0 73 11 67 5 
30 19 12 61 23 68 25 56 17 45 11 51 
2 51 44 29 9 36 57 24 49 13 43 19 
29 78 71 2 36 9 84 3 76 14 70 8 

5 6 57 32 22 52 81 81 9 43 26 4 
40 29 22 3 13 17 46 46 26 8 9 39 
73 62 11 36 46 16 13 13 59 25 42 72 
26 15 36 11 1 31 60 60 12 22 5 25 
51 40 11 14 24 6 35 35 37 3 20 50 
94 83 32 57 67 37 8 8 80 46 63 93 
2 13 64 39 29 59 88 88 16 50 33 3 
88 77 26 51 61 31 2 2 74 40 57 87 
79 68 17 42 52 22 7 7 65 31 48 78 
23 12 39 14 4 34 63 63 9 25 8 22 
55 44 7 18 28 2 31 31 41 7 24 54 
82 71 20 45 55 25 4 4 68 34 51 81 

87 15 10 41 28 5 46 29 62 33 25 64 
52 20 25 6 7 30 11 6 27 2 10 29 
19 53 58 27 40 63 22 39 6 35 43 4 
66 6 11 20 7 16 25 8 41 12 4 43 
41 31 36 5 18 41 0 17 16 13 21 18 
2 74 79 48 61 84 43 60 27 56 64 25 
94 22 17 48 35 12 53 36 69 40 32 71 
4 68 73 42 55 78 37 54 21 50 58 19 
13 59 64 33 46 69 28 45 12 41 49 10 
69 3 8 23 10 13 28 11 44 15 7 46 
37 35 40 9 22 45 4 21 12 17 25 14 
10 62 67 36 49 72 31 48 15 44 52 13 

0 18 76 32 2 2 25 49 7 28 20 58 
35 17 41 3 33 33 10 14 28 7 15 23 
68 50 8 36 66 66 43 19 61 40 48 10 
21 3 55 11 19 19 4 28 14 7 1 37 
46 28 30 14 44 44 21 3 39 18 26 12 
89 71 13 57 87 87 64 40 82 61 69 31 
7 25 83 39 9 9 32 56 14 35 27 65 
83 65 7 51 81 81 58 34 76 55 63 25 
74 56 2 42 72 72 49 25 67 46 54 16 
18 0 58 14 16 16 7 31 11 10 2 40 
50 32 26 18 48 48 25 1 43 22 30 8 
77 59 1 45 75 75 52 28 70 49 57 19 

53 42 9 16 26 4 33 33 39 5 22 52 
4 7 58 33 23 53 82 82 10 44 27 3 
11 0 51 26 16 46 75 75 3 37 20 10 
84 73 22 47 57 27 2 2 70 36 53 83 
46 35 16 9 19 11 40 40 32 2 15 45 
91 80 29 54 64 34 5 5 77 43 60 90 
2 13 64 39 29 59 88 88 16 50 33 3 
79 68 17 42 52 22 7 7 65 31 48 78 
6 5 56 31 21 51 80 80 8 42 25 5 
68 57 6 31 41 11 18 18 54 20 37 67 
12 1 50 25 15 45 74 74 2 36 19 11 
74 63 12 37 47 17 12 12 60 26 43 73 

39 33 38 7 20 43 2 19 14 15 23 16 
88 16 11 42 29 6 47 30 63 34 26 65 
81 9 4 35 22 1 40 23 56 27 19 58 
8 64 69 38 51 74 33 50 17 46 54 15 
46 26 31 0 13 36 5 12 21 8 16 23 
1 71 76 45 58 81 40 57 24 53 61 22 
94 22 17 48 35 12 53 36 69 40 32 71 
13 59 64 33 46 69 28 45 12 41 49 10 
86 14 9 40 27 4 45 28 61 32 24 63 
24 48 53 22 35 58 17 34 1 30 38 1 
80 8 3 34 21 2 39 22 55 26 18 57 
18 54 59 28 41 64 23 40 7 36 44 5 

48 30 28 16 46 46 23 1 41 20 28 10 
1 19 77 33 3 3 26 50 8 29 21 59 
6 12 70 26 4 4 19 43 1 22 14 52 
79 61 3 47 77 77 54 30 72 51 59 21 
41 23 35 9 39 39 16 8 34 13 21 17 
86 68 10 54 84 84 61 37 79 58 66 28 
7 25 83 39 9 9 32 56 14 35 27 65 
74 56 2 42 72 72 49 25 67 46 54 16 
1 17 75 31 1 1 24 48 6 27 19 57 
63 45 13 31 61 61 38 14 56 35 43 5 
7 11 69 25 5 5 18 42 0 21 13 51 
69 51 7 37 67 67 44 20 62 41 49 11 

92 20 15 46 33 10 51 34 67 38 30 69 
81 9 4 35 22 1 40 23 56 27 19 58 
30 42 47 16 29 52 11 28 5 24 32 7 
55 17 22 9 4 27 14 3 30 1 7 32 
65 7 12 19 6 17 24 7 40 11 3 42 
35 37 42 11 24 47 6 23 10 19 27 12 
6 66 71 40 53 76 35 52 19 48 56 17 
6 66 71 40 53 76 35 52 19 48 56 17 
78 6 1 32 19 4 37 20 53 24 16 55 
44 28 33 2 15 38 3 14 19 10 18 21 
61 11 16 15 2 21 20 3 36 7 1 38 
91 19 14 45 32 9 50 33 66 37 29 68 

5 23 81 37 7 7 30 54 12 33 25 63 
6 12 70 26 4 4 19 43 1 22 14 52 
57 39 19 25 55 55 32 8 50 29 37 1 
32 14 44 0 30 30 7 17 25 4 12 26 
22 4 54 10 20 20 3 27 15 6 2 36 
52 34 24 20 50 50 27 3 45 24 32 6 
81 63 5 49 79 79 56 32 74 53 61 23 
81 63 5 49 79 79 56 32 74 53 61 23 
9 9 67 23 7 7 16 40 2 19 11 49 
43 25 33 11 41 41 18 6 36 15 23 15 
26 8 50 6 24 24 1 23 19 2 6 32 
4 22 80 36 6 6 29 53 11 32 24 62 

87 69 11 55 85 85 62 38 80 59 67 29 
15 3 61 17 13 13 10 34 8 13 5 43 
10 8 66 22 8 8 15 39 3 18 10 48 
41 23 35 9 39 39 16 8 34 13 21 17 
28 10 48 4 26 26 3 21 21 0 8 30 
5 13 71 27 3 3 20 44 2 23 15 53 
46 28 30 14 44 44 21 3 39 18 26 12 
29 11 47 3 27 27 4 20 22 1 9 29 
62 44 14 30 60 60 37 13 55 34 42 4 
33 15 43 1 31 31 8 16 26 5 13 25 
25 7 51 7 23 23 0 24 18 3 5 33 
64 46 12 32 62 62 39 15 57 36 44 6 

