14 10 

51 16 18 12 2 59 28 22 15 10 9 9 23 25 
25 10 8 14 24 33 2 48 41 36 17 35 3 51 
2 33 31 37 47 10 21 71 64 59 40 58 26 74 
12 23 21 27 37 20 11 61 54 49 30 48 16 64 
29 6 4 10 20 37 6 44 37 32 13 31 1 47 
36 1 3 3 13 44 13 37 30 25 6 24 8 40 
59 24 26 20 10 67 36 14 7 2 17 1 31 17 
19 16 14 20 30 27 4 54 47 42 23 41 9 57 
79 44 46 40 30 87 56 6 13 18 37 19 51 3 
7 28 26 32 42 15 16 66 59 54 35 53 21 69 
15 50 48 54 64 7 38 88 81 76 57 75 43 91 
4 31 29 35 45 12 19 69 62 57 38 56 24 72 
49 14 16 10 0 57 26 24 17 12 7 11 21 27 
4 31 29 35 45 12 19 69 62 57 38 56 24 72 

62 25 69 16 37 38 9 21 14 16 40 37 51 68 
36 51 43 10 11 12 35 47 40 42 14 11 25 42 
13 74 20 33 12 11 58 70 63 65 9 12 2 19 
23 64 30 23 2 1 48 60 53 55 1 2 12 29 
40 47 47 6 15 16 31 43 36 38 18 15 29 46 
47 40 54 1 22 23 24 36 29 31 25 22 36 53 
70 17 77 24 45 46 1 13 6 8 48 45 59 76 
30 57 37 16 5 6 41 53 46 48 8 5 19 36 
90 3 97 44 65 66 19 7 14 12 68 65 79 96 
18 69 25 28 7 6 53 65 58 60 4 7 7 24 
4 91 3 50 29 28 75 87 80 82 26 29 15 2 
15 72 22 31 10 9 56 68 61 63 7 10 4 21 
60 27 67 14 35 36 11 23 16 18 38 35 49 66 
15 72 22 31 10 9 56 68 61 63 7 10 4 21 

30 57 41 28 25 24 15 20 39 17 61 45 32 61 
4 31 15 2 51 2 41 46 13 9 35 19 6 35 
19 8 8 21 74 25 64 69 10 32 12 4 17 12 
9 18 2 11 64 15 54 59 0 22 22 6 7 22 
8 35 19 6 47 2 37 42 17 5 39 23 10 39 
15 42 26 13 40 9 30 35 24 2 46 30 17 46 
38 65 49 36 17 32 7 12 47 25 69 53 40 69 
2 25 9 4 57 8 47 52 7 15 29 13 0 29 
58 85 69 56 3 52 13 8 67 45 89 73 60 89 
14 13 3 16 69 20 59 64 5 27 17 1 12 17 
36 9 25 38 91 42 81 86 27 49 5 21 34 5 
17 10 6 19 72 23 62 67 8 30 14 2 15 14 
28 55 39 26 27 22 17 22 37 15 59 43 30 59 
17 10 6 19 72 23 62 67 8 30 14 2 15 14 

22 59 5 8 2 5 50 29 17 19 65 41 58 22 
48 33 21 18 28 21 24 3 9 7 39 15 32 4 
71 10 44 41 51 44 1 20 32 30 16 8 9 27 
61 20 34 31 41 34 11 10 22 20 26 2 19 17 
44 37 17 14 24 17 28 7 5 3 43 19 36 0 
37 44 10 7 17 10 35 14 2 4 50 26 43 7 
14 67 13 16 6 13 58 37 25 27 73 49 66 30 
54 27 27 24 34 27 18 3 15 13 33 9 26 10 
6 87 33 36 26 33 78 57 45 47 93 69 86 50 
66 15 39 36 46 39 6 15 27 25 21 3 14 22 
88 7 61 58 68 61 16 37 49 47 1 25 8 44 
69 12 42 39 49 42 3 18 30 28 18 6 11 25 
24 57 3 6 4 3 48 27 15 17 63 39 56 20 
69 12 42 39 49 42 3 18 30 28 18 6 11 25 

64 57 67 30 7 26 3 20 27 45 10 16 60 32 
38 31 41 4 19 52 23 6 1 19 36 10 34 6 
15 8 18 19 42 75 46 29 22 4 59 33 11 17 
25 18 28 9 32 65 36 19 12 6 49 23 21 7 
42 35 45 8 15 48 19 2 5 23 32 6 38 10 
49 42 52 15 8 41 12 5 12 30 25 1 45 17 
72 65 75 38 15 18 11 28 35 53 2 24 68 40 
32 25 35 2 25 58 29 12 5 13 42 16 28 0 
92 85 95 58 35 2 31 48 55 73 18 44 88 60 
20 13 23 14 37 70 41 24 17 1 54 28 16 12 
2 9 1 36 59 92 63 46 39 21 76 50 6 34 
17 10 20 17 40 73 44 27 20 2 57 31 13 15 
62 55 65 28 5 28 1 18 25 43 12 14 58 30 
17 10 20 17 40 73 44 27 20 2 57 31 13 15 

57 29 68 3 36 23 27 42 24 26 30 48 37 41 
31 3 42 29 10 3 1 16 50 0 4 22 11 15 
8 20 19 52 13 26 22 7 73 23 19 1 12 8 
18 10 29 42 3 16 12 3 63 13 9 9 2 2 
35 7 46 25 14 1 5 20 46 4 8 26 15 19 
42 14 53 18 21 8 12 27 39 11 15 33 22 26 
65 37 76 5 44 31 35 50 16 34 38 56 45 49 
25 3 36 35 4 9 5 10 56 6 2 16 5 9 
85 57 96 25 64 51 55 70 4 54 58 76 65 69 
13 15 24 47 8 21 17 2 68 18 14 4 7 3 
9 37 2 69 30 43 39 24 90 40 36 18 29 25 
10 18 21 50 11 24 20 5 71 21 17 1 10 6 
55 27 66 5 34 21 25 40 26 24 28 46 35 39 
10 18 21 50 11 24 20 5 71 21 17 1 10 6 

13 52 9 11 16 39 10 3 23 10 57 27 64 26 
13 26 17 15 10 13 16 23 3 36 31 53 38 52 
36 3 40 38 33 10 39 46 26 59 8 76 15 75 
26 13 30 28 23 0 29 36 16 49 18 66 25 65 
9 30 13 11 6 17 12 19 1 32 35 49 42 48 
2 37 6 4 1 24 5 12 8 25 42 42 49 41 
21 60 17 19 24 47 18 11 31 2 65 19 72 18 
19 20 23 21 16 7 22 29 9 42 25 59 32 58 
41 80 37 39 44 67 38 31 51 18 85 1 92 2 
31 8 35 33 28 5 34 41 21 54 13 71 20 70 
53 14 57 55 50 27 56 63 43 76 9 93 2 92 
34 5 38 36 31 8 37 44 24 57 10 74 17 73 
11 50 7 9 14 37 8 1 21 12 55 29 62 28 
34 5 38 36 31 8 37 44 24 57 10 74 17 73 

21 54 40 1 70 9 68 24 45 19 33 17 32 14 
47 28 14 25 44 17 42 50 19 7 7 9 6 12 
70 5 9 48 21 40 19 73 4 30 16 32 17 35 
60 15 1 38 31 30 29 63 6 20 6 22 7 25 
43 32 18 21 48 13 46 46 23 3 11 5 10 8 
36 39 25 14 55 6 53 39 30 4 18 2 17 1 
13 62 48 9 78 17 76 16 53 27 41 25 40 22 
53 22 8 31 38 23 36 56 13 13 1 15 0 18 
7 82 68 29 98 37 96 4 73 47 61 45 60 42 
65 10 4 43 26 35 24 68 1 25 11 27 12 30 
87 12 26 65 4 57 2 90 21 47 33 49 34 52 
68 7 7 46 23 38 21 71 2 28 14 30 15 33 
23 52 38 1 68 7 66 26 43 17 31 15 30 12 
68 7 7 46 23 38 21 71 2 28 14 30 15 33 

9 34 14 1 5 57 18 20 15 15 51 20 55 56 
17 8 12 27 21 31 8 6 11 41 25 46 29 30 
40 15 35 50 44 8 31 29 34 64 2 69 6 7 
30 5 25 40 34 18 21 19 24 54 12 59 16 17 
13 12 8 23 17 35 4 2 7 37 29 42 33 34 
6 19 1 16 10 42 3 5 0 30 36 35 40 41 
17 42 22 7 13 65 26 28 23 7 59 12 63 64 
23 2 18 33 27 25 14 12 17 47 19 52 23 24 
37 62 42 27 33 85 46 48 43 13 79 8 83 84 
35 10 30 45 39 13 26 24 29 59 7 64 11 12 
57 32 52 67 61 9 48 46 51 81 15 86 11 10 
38 13 33 48 42 10 29 27 32 62 4 67 8 9 
7 32 12 3 3 55 16 18 13 17 49 22 53 54 
38 13 33 48 42 10 29 27 32 62 4 67 8 9 

11 76 18 35 14 13 60 72 65 67 11 14 0 17 
46 41 53 0 21 22 25 37 30 32 24 21 35 52 
44 43 51 2 19 20 27 39 32 34 22 19 33 50 
50 37 57 4 25 26 21 33 26 28 28 25 39 56 
60 27 67 14 35 36 11 23 16 18 38 35 49 66 
3 84 10 43 22 21 68 80 73 75 19 22 8 9 
34 53 41 12 9 10 37 49 42 44 12 9 23 40 
84 3 91 38 59 60 13 1 8 6 62 59 73 90 
77 10 84 31 52 53 6 6 1 1 55 52 66 83 
72 15 79 26 47 48 1 11 4 6 50 47 61 78 
53 34 60 7 28 29 18 30 23 25 31 28 42 59 
71 16 78 25 46 47 0 12 5 7 49 46 60 77 
39 48 46 7 14 15 32 44 37 39 17 14 28 45 
87 0 94 41 62 63 16 4 11 9 65 62 76 93 

21 6 10 23 76 27 66 71 12 34 10 6 19 10 
14 41 25 12 41 8 31 36 23 1 45 29 16 45 
12 39 23 10 43 6 33 38 21 1 43 27 14 43 
18 45 29 16 37 12 27 32 27 5 49 33 20 49 
28 55 39 26 27 22 17 22 37 15 59 43 30 59 
29 2 18 31 84 35 74 79 20 42 2 14 27 2 
2 29 13 0 53 4 43 48 11 11 33 17 4 33 
52 79 63 50 3 46 7 2 61 39 83 67 54 83 
45 72 56 43 10 39 0 5 54 32 76 60 47 76 
40 67 51 38 15 34 5 10 49 27 71 55 42 71 
21 48 32 19 34 15 24 29 30 8 52 36 23 52 
39 66 50 37 16 33 6 11 48 26 70 54 41 70 
7 34 18 5 48 1 38 43 16 6 38 22 9 38 
55 82 66 53 0 49 10 5 64 42 86 70 57 86 

73 8 46 43 53 46 1 22 34 32 14 10 7 29 
38 43 11 8 18 11 34 13 1 3 49 25 42 6 
40 41 13 10 20 13 32 11 1 1 47 23 40 4 
34 47 7 4 14 7 38 17 5 7 53 29 46 10 
24 57 3 6 4 3 48 27 15 17 63 39 56 20 
81 0 54 51 61 54 9 30 42 40 6 18 1 37 
50 31 23 20 30 23 22 1 11 9 37 13 30 6 
0 81 27 30 20 27 72 51 39 41 87 63 80 44 
7 74 20 23 13 20 65 44 32 34 80 56 73 37 
12 69 15 18 8 15 60 39 27 29 75 51 68 32 
31 50 4 1 11 4 41 20 8 10 56 32 49 13 
13 68 14 17 7 14 59 38 26 28 74 50 67 31 
45 36 18 15 25 18 27 6 6 4 42 18 35 1 
3 84 30 33 23 30 75 54 42 44 90 66 83 47 

13 6 16 21 44 77 48 31 24 6 61 35 9 19 
48 41 51 14 9 42 13 4 11 29 26 0 44 16 
46 39 49 12 11 44 15 2 9 27 28 2 42 14 
52 45 55 18 5 38 9 8 15 33 22 4 48 20 
62 55 65 28 5 28 1 18 25 43 12 14 58 30 
5 2 8 29 52 85 56 39 32 14 69 43 1 27 
36 29 39 2 21 54 25 8 1 17 38 12 32 4 
86 79 89 52 29 4 25 42 49 67 12 38 82 54 
79 72 82 45 22 11 18 35 42 60 5 31 75 47 
74 67 77 40 17 16 13 30 37 55 0 26 70 42 
55 48 58 21 2 35 6 11 18 36 19 7 51 23 
73 66 76 39 16 17 12 29 36 54 1 25 69 41 
41 34 44 7 16 49 20 3 4 22 33 7 37 9 
89 82 92 55 32 1 28 45 52 70 15 41 85 57 

6 22 17 54 15 28 24 9 75 25 21 3 14 10 
41 13 52 19 20 7 11 26 40 10 14 32 21 25 
39 11 50 21 18 5 9 24 42 8 12 30 19 23 
45 17 56 15 24 11 15 30 36 14 18 36 25 29 
55 27 66 5 34 21 25 40 26 24 28 46 35 39 
2 30 9 62 23 36 32 17 83 33 29 11 22 18 
29 1 40 31 8 5 1 14 52 2 2 20 9 13 
79 51 90 19 58 45 49 64 2 48 52 70 59 63 
72 44 83 12 51 38 42 57 9 41 45 63 52 56 
67 39 78 7 46 33 37 52 14 36 40 58 47 51 
48 20 59 12 27 14 18 33 33 17 21 39 28 32 
66 38 77 6 45 32 36 51 15 35 39 57 46 50 
34 6 45 26 13 0 4 19 47 3 7 25 14 18 
82 54 93 22 61 48 52 67 1 51 55 73 62 66 

38 1 42 40 35 12 41 48 28 61 6 78 13 77 
3 36 7 5 0 23 6 13 7 26 41 43 48 42 
5 34 9 7 2 21 8 15 5 28 39 45 46 44 
1 40 3 1 4 27 2 9 11 22 45 39 52 38 
11 50 7 9 14 37 8 1 21 12 55 29 62 28 
46 7 50 48 43 20 49 56 36 69 2 86 5 85 
15 24 19 17 12 11 18 25 5 38 29 55 36 54 
35 74 31 33 38 61 32 25 45 12 79 5 86 4 
28 67 24 26 31 54 25 18 38 5 72 12 79 11 
23 62 19 21 26 49 20 13 33 0 67 17 74 16 
4 43 0 2 7 30 1 6 14 19 48 36 55 35 
22 61 18 20 25 48 19 12 32 1 66 18 73 17 
10 29 14 12 7 16 13 20 0 33 34 50 41 49 
38 77 34 36 41 64 35 28 48 15 82 2 89 1 

72 3 11 50 19 42 17 75 6 32 18 34 19 37 
37 38 24 15 54 7 52 40 29 3 17 1 16 2 
39 36 22 17 52 9 50 42 27 1 15 1 14 4 
33 42 28 11 58 3 56 36 33 7 21 5 20 2 
23 52 38 1 68 7 66 26 43 17 31 15 30 12 
80 5 19 58 11 50 9 83 14 40 26 42 27 45 
49 26 12 27 42 19 40 52 17 9 5 11 4 14 
1 76 62 23 92 31 90 2 67 41 55 39 54 36 
6 69 55 16 85 24 83 9 60 34 48 32 47 29 
11 64 50 11 80 19 78 14 55 29 43 27 42 24 
30 45 31 8 61 0 59 33 36 10 24 8 23 5 
12 63 49 10 79 18 77 15 54 28 42 26 41 23 
44 31 17 22 47 14 45 47 22 4 10 6 9 9 
4 79 65 26 95 34 93 1 70 44 58 42 57 39 

42 17 37 52 46 6 33 31 36 66 0 71 4 5 
7 18 2 17 11 41 2 4 1 31 35 36 39 40 
9 16 4 19 13 39 0 2 3 33 33 38 37 38 
3 22 2 13 7 45 6 8 3 27 39 32 43 44 
7 32 12 3 3 55 16 18 13 17 49 22 53 54 
50 25 45 60 54 2 41 39 44 74 8 79 4 3 
19 6 14 29 23 29 10 8 13 43 23 48 27 28 
31 56 36 21 27 79 40 42 37 7 73 2 77 78 
24 49 29 14 20 72 33 35 30 0 66 5 70 71 
19 44 24 9 15 67 28 30 25 5 61 10 65 66 
0 25 5 10 4 48 9 11 6 24 42 29 46 47 
18 43 23 8 14 66 27 29 24 6 60 11 64 65 
14 11 9 24 18 34 5 3 8 38 28 43 32 33 
34 59 39 24 30 82 43 45 40 10 76 5 80 81 

32 5 21 34 87 38 77 82 23 45 1 17 30 1 
55 82 66 53 0 49 10 5 64 42 86 70 57 86 
39 12 28 41 94 45 84 89 30 52 8 24 37 8 
14 41 25 12 41 8 31 36 23 1 45 29 16 45 
7 20 4 9 62 13 52 57 2 20 24 8 5 24 
8 19 3 10 63 14 53 58 1 21 23 7 6 23 
39 66 50 37 16 33 6 11 48 26 70 54 41 70 
51 78 62 49 4 45 6 1 60 38 82 66 53 82 
44 71 55 42 11 38 1 6 53 31 75 59 46 75 
46 73 57 44 9 40 1 4 55 33 77 61 48 77 
10 17 1 12 65 16 55 60 1 23 21 5 8 21 
7 20 4 9 62 13 52 57 2 20 24 8 5 24 
21 6 10 23 76 27 66 71 12 34 10 6 19 10 
38 11 27 40 93 44 83 88 29 51 7 23 36 7 

84 3 57 54 64 57 12 33 45 43 3 21 4 40 
3 84 30 33 23 30 75 54 42 44 90 66 83 47 
91 10 64 61 71 64 19 40 52 50 4 28 11 47 
38 43 11 8 18 11 34 13 1 3 49 25 42 6 
59 22 32 29 39 32 13 8 20 18 28 4 21 15 
60 21 33 30 40 33 12 9 21 19 27 3 20 16 
13 68 14 17 7 14 59 38 26 28 74 50 67 31 
1 80 26 29 19 26 71 50 38 40 86 62 79 43 
8 73 19 22 12 19 64 43 31 33 79 55 72 36 
6 75 21 24 14 21 66 45 33 35 81 57 74 38 
62 19 35 32 42 35 10 11 23 21 25 1 18 18 
59 22 32 29 39 32 13 8 20 18 28 4 21 15 
73 8 46 43 53 46 1 22 34 32 14 10 7 29 
90 9 63 60 70 63 18 39 51 49 3 27 10 46 

2 5 5 32 55 88 59 42 35 17 72 46 2 30 
89 82 92 55 32 1 28 45 52 70 15 41 85 57 
5 12 2 39 62 95 66 49 42 24 79 53 9 37 
48 41 51 14 9 42 13 4 11 29 26 0 44 16 
27 20 30 7 30 63 34 17 10 8 47 21 23 5 
26 19 29 8 31 64 35 18 11 7 48 22 22 6 
73 66 76 39 16 17 12 29 36 54 1 25 69 41 
85 78 88 51 28 5 24 41 48 66 11 37 81 53 
78 71 81 44 21 12 17 34 41 59 4 30 74 46 
80 73 83 46 23 10 19 36 43 61 6 32 76 48 
24 17 27 10 33 66 37 20 13 5 50 24 20 8 
27 20 30 7 30 63 34 17 10 8 47 21 23 5 
13 6 16 21 44 77 48 31 24 6 61 35 9 19 
4 11 1 38 61 94 65 48 41 23 78 52 8 36 

5 33 6 65 26 39 35 20 86 36 32 14 25 21 
82 54 93 22 61 48 52 67 1 51 55 73 62 66 
12 40 1 72 33 46 42 27 93 43 39 21 32 28 
41 13 52 19 20 7 11 26 40 10 14 32 21 25 
20 8 31 40 1 14 10 5 61 11 7 11 0 4 
19 9 30 41 2 15 11 4 62 12 8 10 1 3 
66 38 77 6 45 32 36 51 15 35 39 57 46 50 
78 50 89 18 57 44 48 63 3 47 51 69 58 62 
71 43 82 11 50 37 41 56 10 40 44 62 51 55 
73 45 84 13 52 39 43 58 8 42 46 64 53 57 
17 11 28 43 4 17 13 2 64 14 10 8 3 1 
20 8 31 40 1 14 10 5 61 11 7 11 0 4 
6 22 17 54 15 28 24 9 75 25 21 3 14 10 
11 39 0 71 32 45 41 26 92 42 38 20 31 27 

49 10 53 51 46 23 52 59 39 72 5 89 2 88 
38 77 34 36 41 64 35 28 48 15 82 2 89 1 
56 17 60 58 53 30 59 66 46 79 12 96 5 95 
3 36 7 5 0 23 6 13 7 26 41 43 48 42 
24 15 28 26 21 2 27 34 14 47 20 64 27 63 
25 14 29 27 22 1 28 35 15 48 19 65 26 64 
22 61 18 20 25 48 19 12 32 1 66 18 73 17 
34 73 30 32 37 60 31 24 44 11 78 6 85 5 
27 66 23 25 30 53 24 17 37 4 71 13 78 12 
29 68 25 27 32 55 26 19 39 6 73 11 80 10 
27 12 31 29 24 1 30 37 17 50 17 67 24 66 
24 15 28 26 21 2 27 34 14 47 20 64 27 63 
38 1 42 40 35 12 41 48 28 61 6 78 13 77 
55 16 59 57 52 29 58 65 45 78 11 95 4 94 

83 8 22 61 8 53 6 86 17 43 29 45 30 48 
4 79 65 26 95 34 93 1 70 44 58 42 57 39 
90 15 29 68 1 60 1 93 24 50 36 52 37 55 
37 38 24 15 54 7 52 40 29 3 17 1 16 2 
58 17 3 36 33 28 31 61 8 18 4 20 5 23 
59 16 2 37 32 29 30 62 7 19 5 21 6 24 
12 63 49 10 79 18 77 15 54 28 42 26 41 23 
0 75 61 22 91 30 89 3 66 40 54 38 53 35 
7 68 54 15 84 23 82 10 59 33 47 31 46 28 
5 70 56 17 86 25 84 8 61 35 49 33 48 30 
61 14 0 39 30 31 28 64 5 21 7 23 8 26 
58 17 3 36 33 28 31 61 8 18 4 20 5 23 
72 3 11 50 19 42 17 75 6 32 18 34 19 37 
89 14 28 67 2 59 0 92 23 49 35 51 36 54 

53 28 48 63 57 5 44 42 47 77 11 82 7 6 
34 59 39 24 30 82 43 45 40 10 76 5 80 81 
60 35 55 70 64 12 51 49 54 84 18 89 14 13 
7 18 2 17 11 41 2 4 1 31 35 36 39 40 
28 3 23 38 32 20 19 17 22 52 14 57 18 19 
29 4 24 39 33 19 20 18 23 53 13 58 17 18 
18 43 23 8 14 66 27 29 24 6 60 11 64 65 
30 55 35 20 26 78 39 41 36 6 72 1 76 77 
23 48 28 13 19 71 32 34 29 1 65 6 69 70 
25 50 30 15 21 73 34 36 31 1 67 4 71 72 
31 6 26 41 35 17 22 20 25 55 11 60 15 16 
28 3 23 38 32 20 19 17 22 52 14 57 18 19 
42 17 37 52 46 6 33 31 36 66 0 71 4 5 
59 34 54 69 63 11 50 48 53 83 17 88 13 12 

52 29 25 22 32 25 20 1 13 11 35 11 28 8 
79 2 52 49 59 52 7 28 40 38 8 16 1 35 
63 18 36 33 43 36 9 12 24 22 24 0 17 19 
50 31 23 20 30 23 22 1 11 9 37 13 30 6 
3 84 30 33 23 30 75 54 42 44 90 66 83 47 
46 35 19 16 26 19 26 5 7 5 41 17 34 2 
7 74 20 23 13 20 65 44 32 34 80 56 73 37 
2 79 25 28 18 25 70 49 37 39 85 61 78 42 
61 20 34 31 41 34 11 10 22 20 26 2 19 17 
39 42 12 9 19 12 33 12 0 2 48 24 41 5 
83 2 56 53 63 56 11 32 44 42 4 20 3 39 
67 14 40 37 47 40 5 16 28 26 20 4 13 23 
54 27 27 24 34 27 18 3 15 13 33 9 26 10 
83 2 56 53 63 56 11 32 44 42 4 20 3 39 

34 27 37 0 23 56 27 10 3 15 40 14 30 2 
7 0 10 27 50 83 54 37 30 12 67 41 3 25 
23 16 26 11 34 67 38 21 14 4 51 25 19 9 
36 29 39 2 21 54 25 8 1 17 38 12 32 4 
89 82 92 55 32 1 28 45 52 70 15 41 85 57 
40 33 43 6 17 50 21 4 3 21 34 8 36 8 
79 72 82 45 22 11 18 35 42 60 5 31 75 47 
84 77 87 50 27 6 23 40 47 65 10 36 80 52 
25 18 28 9 32 65 36 19 12 6 49 23 21 7 
47 40 50 13 10 43 14 3 10 28 27 1 43 15 
3 4 6 31 54 87 58 41 34 16 71 45 1 29 
19 12 22 15 38 71 42 25 18 0 55 29 15 13 
32 25 35 2 25 58 29 12 5 13 42 16 28 0 
3 4 6 31 54 87 58 41 34 16 71 45 1 29 

27 1 38 33 6 7 3 12 54 4 0 18 7 11 
0 28 11 60 21 34 30 15 81 31 27 9 20 16 
16 12 27 44 5 18 14 1 65 15 11 7 4 0 
29 1 40 31 8 5 1 14 52 2 2 20 9 13 
82 54 93 22 61 48 52 67 1 51 55 73 62 66 
33 5 44 27 12 1 3 18 48 2 6 24 13 17 
72 44 83 12 51 38 42 57 9 41 45 63 52 56 
77 49 88 17 56 43 47 62 4 46 50 68 57 61 
18 10 29 42 3 16 12 3 63 13 9 9 2 2 
40 12 51 20 19 6 10 25 41 9 13 31 20 24 
4 32 7 64 25 38 34 19 85 35 31 13 24 20 
12 16 23 48 9 22 18 3 69 19 15 3 8 4 
25 3 36 35 4 9 5 10 56 6 2 16 5 9 
4 32 7 64 25 38 34 19 85 35 31 13 24 20 

17 22 21 19 14 9 20 27 7 40 27 57 34 56 
44 5 48 46 41 18 47 54 34 67 0 84 7 83 
28 11 32 30 25 2 31 38 18 51 16 68 23 67 
15 24 19 17 12 11 18 25 5 38 29 55 36 54 
38 77 34 36 41 64 35 28 48 15 82 2 89 1 
11 28 15 13 8 15 14 21 1 34 33 51 40 50 
28 67 24 26 31 54 25 18 38 5 72 12 79 11 
33 72 29 31 36 59 30 23 43 10 77 7 84 6 
26 13 30 28 23 0 29 36 16 49 18 66 25 65 
4 35 8 6 1 22 7 14 6 27 40 44 47 43 
48 9 52 50 45 22 51 58 38 71 4 88 3 87 
32 7 36 34 29 6 35 42 22 55 12 72 19 71 
19 20 23 21 16 7 22 29 9 42 25 59 32 58 
48 9 52 50 45 22 51 58 38 71 4 88 3 87 

51 24 10 29 40 21 38 54 15 11 3 13 2 16 
78 3 17 56 13 48 11 81 12 38 24 40 25 43 
62 13 1 40 29 32 27 65 4 22 8 24 9 27 
49 26 12 27 42 19 40 52 17 9 5 11 4 14 
4 79 65 26 95 34 93 1 70 44 58 42 57 39 
45 30 16 23 46 15 44 48 21 5 9 7 8 10 
6 69 55 16 85 24 83 9 60 34 48 32 47 29 
1 74 60 21 90 29 88 4 65 39 53 37 52 34 
60 15 1 38 31 30 29 63 6 20 6 22 7 25 
38 37 23 16 53 8 51 41 28 2 16 0 15 3 
82 7 21 60 9 52 7 85 16 42 28 44 29 47 
66 9 5 44 25 36 23 69 0 26 12 28 13 31 
53 22 8 31 38 23 36 56 13 13 1 15 0 18 
82 7 21 60 9 52 7 85 16 42 28 44 29 47 

21 4 16 31 25 27 12 10 15 45 21 50 25 26 
48 23 43 58 52 0 39 37 42 72 6 77 2 1 
32 7 27 42 36 16 23 21 26 56 10 61 14 15 
19 6 14 29 23 29 10 8 13 43 23 48 27 28 
34 59 39 24 30 82 43 45 40 10 76 5 80 81 
15 10 10 25 19 33 6 4 9 39 27 44 31 32 
24 49 29 14 20 72 33 35 30 0 66 5 70 71 
29 54 34 19 25 77 38 40 35 5 71 0 75 76 
30 5 25 40 34 18 21 19 24 54 12 59 16 17 
8 17 3 18 12 40 1 3 2 32 34 37 38 39 
52 27 47 62 56 4 43 41 46 76 10 81 6 5 
36 11 31 46 40 12 27 25 30 60 6 65 10 11 
23 2 18 33 27 25 14 12 17 47 19 52 23 24 
52 27 47 62 56 4 43 41 46 76 10 81 6 5 

86 79 89 52 29 4 25 42 49 67 12 38 82 54 
5 2 8 29 52 85 56 39 32 14 69 43 1 27 
59 52 62 25 2 31 2 15 22 40 15 11 55 27 
56 49 59 22 1 34 5 12 19 37 18 8 52 24 
66 59 69 32 9 24 5 22 29 47 8 18 62 34 
59 52 62 25 2 31 2 15 22 40 15 11 55 27 
14 7 17 20 43 76 47 30 23 5 60 34 10 18 
35 28 38 1 22 55 26 9 2 16 39 13 31 3 
47 40 50 13 10 43 14 3 10 28 27 1 43 15 
45 38 48 11 12 45 16 1 8 26 29 3 41 13 
1 8 2 35 58 91 62 45 38 20 75 49 5 33 
23 16 26 11 34 67 38 21 14 4 51 25 19 9 
6 1 9 28 51 84 55 38 31 13 68 42 2 26 
42 35 45 8 15 48 19 2 5 23 32 6 38 10 

79 51 90 19 58 45 49 64 2 48 52 70 59 63 
2 30 9 62 23 36 32 17 83 33 29 11 22 18 
52 24 63 8 31 18 22 37 29 21 25 43 32 36 
49 21 60 11 28 15 19 34 32 18 22 40 29 33 
59 31 70 1 38 25 29 44 22 28 32 50 39 43 
52 24 63 8 31 18 22 37 29 21 25 43 32 36 
7 21 18 53 14 27 23 8 74 24 20 2 13 9 
28 0 39 32 7 6 2 13 53 3 1 19 8 12 
40 12 51 20 19 6 10 25 41 9 13 31 20 24 
38 10 49 22 17 4 8 23 43 7 11 29 18 22 
8 36 3 68 29 42 38 23 89 39 35 17 28 24 
16 12 27 44 5 18 14 1 65 15 11 7 4 0 
1 29 10 61 22 35 31 16 82 32 28 10 21 17 
35 7 46 25 14 1 5 20 46 4 8 26 15 19 

35 74 31 33 38 61 32 25 45 12 79 5 86 4 
46 7 50 48 43 20 49 56 36 69 2 86 5 85 
8 47 4 6 11 34 5 2 18 15 52 32 59 31 
5 44 1 3 8 31 2 5 15 18 49 35 56 34 
15 54 11 13 18 41 12 5 25 8 59 25 66 24 
8 47 4 6 11 34 5 2 18 15 52 32 59 31 
37 2 41 39 34 11 40 47 27 60 7 77 14 76 
16 23 20 18 13 10 19 26 6 39 28 56 35 55 
4 35 8 6 1 22 7 14 6 27 40 44 47 43 
6 33 10 8 3 20 9 16 4 29 38 46 45 45 
52 13 56 54 49 26 55 62 42 75 8 92 1 91 
28 11 32 30 25 2 31 38 18 51 16 68 23 67 
45 6 49 47 42 19 48 55 35 68 1 85 6 84 
9 30 13 11 6 17 12 19 1 32 35 49 42 48 

1 76 62 23 92 31 90 2 67 41 55 39 54 36 
80 5 19 58 11 50 9 83 14 40 26 42 27 45 
26 49 35 4 65 4 63 29 40 14 28 12 27 9 
29 46 32 7 62 1 60 32 37 11 25 9 24 6 
19 56 42 3 72 11 70 22 47 21 35 19 34 16 
26 49 35 4 65 4 63 29 40 14 28 12 27 9 
71 4 10 49 20 41 18 74 5 31 17 33 18 36 
50 25 11 28 41 20 39 53 16 10 4 12 3 15 
38 37 23 16 53 8 51 41 28 2 16 0 15 3 
40 35 21 18 51 10 49 43 26 0 14 2 13 5 
86 11 25 64 5 56 3 89 20 46 32 48 33 51 
62 13 1 40 29 32 27 65 4 22 8 24 9 27 
79 4 18 57 12 49 10 82 13 39 25 41 26 44 
43 32 18 21 48 13 46 46 23 3 11 5 10 8 

31 56 36 21 27 79 40 42 37 7 73 2 77 78 
50 25 45 60 54 2 41 39 44 74 8 79 4 3 
4 29 9 6 0 52 13 15 10 20 46 25 50 51 
1 26 6 9 3 49 10 12 7 23 43 28 47 48 
11 36 16 1 7 59 20 22 17 13 53 18 57 58 
4 29 9 6 0 52 13 15 10 20 46 25 50 51 
41 16 36 51 45 7 32 30 35 65 1 70 5 6 
20 5 15 30 24 28 11 9 14 44 22 49 26 27 
8 17 3 18 12 40 1 3 2 32 34 37 38 39 
10 15 5 20 14 38 1 1 4 34 32 39 36 37 
56 31 51 66 60 8 47 45 50 80 14 85 10 9 
32 7 27 42 36 16 23 21 26 56 10 61 14 15 
49 24 44 59 53 1 40 38 43 73 7 78 3 2 
13 12 8 23 17 35 4 2 7 37 29 42 33 34 

7 35 4 67 28 41 37 22 88 38 34 16 27 23 
0 28 11 60 21 34 30 15 81 31 27 9 20 16 
10 38 1 70 31 44 40 25 91 41 37 19 30 26 
27 1 38 33 6 7 3 12 54 4 0 18 7 11 
50 22 61 10 29 16 20 35 31 19 23 41 30 34 
83 55 94 23 62 49 53 68 2 52 56 74 63 67 
54 26 65 6 33 20 24 39 27 23 27 45 34 38 
37 9 48 23 16 3 7 22 44 6 10 28 17 21 
30 2 41 30 9 4 0 15 51 1 3 21 10 14 
12 16 23 48 9 22 18 3 69 19 15 3 8 4 
67 39 78 7 46 33 37 52 14 36 40 58 47 51 
41 13 52 19 20 7 11 26 40 10 14 32 21 25 
3 31 8 63 24 37 33 18 84 34 30 12 23 19 
25 3 36 35 4 9 5 10 56 6 2 16 5 9 

51 12 55 53 48 25 54 61 41 74 7 91 0 90 
44 5 48 46 41 18 47 54 34 67 0 84 7 83 
54 15 58 56 51 28 57 64 44 77 10 94 3 93 
17 22 21 19 14 9 20 27 7 40 27 57 34 56 
6 45 2 4 9 32 3 4 16 17 50 34 57 33 
39 78 35 37 42 65 36 29 49 16 83 1 90 0 
10 49 6 8 13 36 7 0 20 13 54 30 61 29 
7 32 11 9 4 19 10 17 3 30 37 47 44 46 
14 25 18 16 11 12 17 24 4 37 30 54 37 53 
32 7 36 34 29 6 35 42 22 55 12 72 19 71 
23 62 19 21 26 49 20 13 33 0 67 17 74 16 
3 36 7 5 0 23 6 13 7 26 41 43 48 42 
47 8 51 49 44 21 50 57 37 70 3 87 4 86 
19 20 23 21 16 7 22 29 9 42 25 59 32 58 

85 10 24 63 6 55 4 88 19 45 31 47 32 50 
78 3 17 56 13 48 11 81 12 38 24 40 25 43 
88 13 27 66 3 58 1 91 22 48 34 50 35 53 
51 24 10 29 40 21 38 54 15 11 3 13 2 16 
28 47 33 6 63 2 61 31 38 12 26 10 25 7 
5 80 66 27 96 35 94 2 71 45 59 43 58 40 
24 51 37 2 67 6 65 27 42 16 30 14 29 11 
41 34 20 19 50 11 48 44 25 1 13 3 12 6 
48 27 13 26 43 18 41 51 18 8 6 10 5 13 
66 9 5 44 25 36 23 69 0 26 12 28 13 31 
11 64 50 11 80 19 78 14 55 29 43 27 42 24 
37 38 24 15 54 7 52 40 29 3 17 1 16 2 
81 6 20 59 10 51 8 84 15 41 27 43 28 46 
53 22 8 31 38 23 36 56 13 13 1 15 0 18 

55 30 50 65 59 7 46 44 49 79 13 84 9 8 
48 23 43 58 52 0 39 37 42 72 6 77 2 1 
58 33 53 68 62 10 49 47 52 82 16 87 12 11 
21 4 16 31 25 27 12 10 15 45 21 50 25 26 
2 27 7 8 2 50 11 13 8 22 44 27 48 49 
35 60 40 25 31 83 44 46 41 11 77 6 81 82 
6 31 11 4 2 54 15 17 12 18 48 23 52 53 
11 14 6 21 15 37 2 0 5 35 31 40 35 36 
18 7 13 28 22 30 9 7 12 42 24 47 28 29 
36 11 31 46 40 12 27 25 30 60 6 65 10 11 
19 44 24 9 15 67 28 30 25 5 61 10 65 66 
7 18 2 17 11 41 2 4 1 31 35 36 39 40 
51 26 46 61 55 3 42 40 45 75 9 80 5 4 
23 2 18 33 27 25 14 12 17 47 19 52 23 24 

44 5 48 46 41 18 47 54 34 67 0 84 7 83 
16 23 20 18 13 10 19 26 6 39 28 56 35 55 
55 16 59 57 52 29 58 65 45 78 11 95 4 94 
16 55 12 14 19 42 13 6 26 7 60 24 67 23 
23 16 27 25 20 3 26 33 13 46 21 63 28 62 
10 29 14 12 7 16 13 20 0 33 34 50 41 49 
14 25 18 16 11 12 17 24 4 37 30 54 37 53 
29 10 33 31 26 3 32 39 19 52 15 69 22 68 
37 76 33 35 40 63 34 27 47 14 81 3 88 2 
13 26 17 15 10 13 16 23 3 36 31 53 38 52 
17 22 21 19 14 9 20 27 7 40 27 57 34 56 
35 4 39 37 32 9 38 45 25 58 9 75 16 74 
24 15 28 26 21 2 27 34 14 47 20 64 27 63 
28 11 32 30 25 2 31 38 18 51 16 68 23 67 

78 3 17 56 13 48 11 81 12 38 24 40 25 43 
50 25 11 28 41 20 39 53 16 10 4 12 3 15 
89 14 28 67 2 59 0 92 23 49 35 51 36 54 
18 57 43 4 73 12 71 21 48 22 36 20 35 17 
57 18 4 35 34 27 32 60 9 17 3 19 4 22 
44 31 17 22 47 14 45 47 22 4 10 6 9 9 
48 27 13 26 43 18 41 51 18 8 6 10 5 13 
63 12 2 41 28 33 26 66 3 23 9 25 10 28 
3 78 64 25 94 33 92 0 69 43 57 41 56 38 
47 28 14 25 44 17 42 50 19 7 7 9 6 12 
51 24 10 29 40 21 38 54 15 11 3 13 2 16 
69 6 8 47 22 39 20 72 3 29 15 31 16 34 
58 17 3 36 33 28 31 61 8 18 4 20 5 23 
62 13 1 40 29 32 27 65 4 22 8 24 9 27 

48 23 43 58 52 0 39 37 42 72 6 77 2 1 
20 5 15 30 24 28 11 9 14 44 22 49 26 27 
59 34 54 69 63 11 50 48 53 83 17 88 13 12 
12 37 17 2 8 60 21 23 18 12 54 17 58 59 
27 2 22 37 31 21 18 16 21 51 15 56 19 20 
14 11 9 24 18 34 5 3 8 38 28 43 32 33 
18 7 13 28 22 30 9 7 12 42 24 47 28 29 
33 8 28 43 37 15 24 22 27 57 9 62 13 14 
33 58 38 23 29 81 42 44 39 9 75 4 79 80 
17 8 12 27 21 31 8 6 11 41 25 46 29 30 
21 4 16 31 25 27 12 10 15 45 21 50 25 26 
39 14 34 49 43 9 30 28 33 63 3 68 7 8 
28 3 23 38 32 20 19 17 22 52 14 57 18 19 
32 7 27 42 36 16 23 21 26 56 10 61 14 15 

34 41 27 12 57 4 55 37 32 6 20 4 19 1 
73 2 12 51 18 43 16 76 7 33 19 35 20 38 
30 45 31 8 61 0 59 33 36 10 24 8 23 5 
32 43 29 10 59 2 57 35 34 8 22 6 21 3 
37 38 24 15 54 7 52 40 29 3 17 1 16 2 
60 15 1 38 31 30 29 63 6 20 6 22 7 25 
31 44 30 9 60 1 58 34 35 9 23 7 22 4 
24 51 37 2 67 6 65 27 42 16 30 14 29 11 
44 31 17 22 47 14 45 47 22 4 10 6 9 9 
11 64 50 11 80 19 78 14 55 29 43 27 42 24 
78 3 17 56 13 48 11 81 12 38 24 40 25 43 
6 81 67 28 97 36 95 3 72 46 60 44 59 41 
85 10 24 63 6 55 4 88 19 45 31 47 32 50 
5 80 66 27 96 35 94 2 71 45 59 43 58 40 

4 21 1 14 8 44 5 7 2 28 38 33 42 43 
43 18 38 53 47 5 34 32 37 67 1 72 3 4 
0 25 5 10 4 48 9 11 6 24 42 29 46 47 
2 23 3 12 6 46 7 9 4 26 40 31 44 45 
7 18 2 17 11 41 2 4 1 31 35 36 39 40 
30 5 25 40 34 18 21 19 24 54 12 59 16 17 
1 24 4 11 5 47 8 10 5 25 41 30 45 46 
6 31 11 4 2 54 15 17 12 18 48 23 52 53 
14 11 9 24 18 34 5 3 8 38 28 43 32 33 
19 44 24 9 15 67 28 30 25 5 61 10 65 66 
48 23 43 58 52 0 39 37 42 72 6 77 2 1 
36 61 41 26 32 84 45 47 42 12 78 7 82 83 
55 30 50 65 59 7 46 44 49 79 13 84 9 8 
35 60 40 25 31 83 44 46 41 11 77 6 81 82 

30 55 35 20 26 78 39 41 36 6 72 1 76 77 
45 20 40 55 49 3 36 34 39 69 3 74 1 2 
31 6 26 41 35 17 22 20 25 55 11 60 15 16 
8 33 13 2 4 56 17 19 14 16 50 21 54 55 
61 36 56 71 65 13 52 50 55 85 19 90 15 14 
0 25 5 10 4 48 9 11 6 24 42 29 46 47 
59 34 54 69 63 11 50 48 53 83 17 88 13 12 
33 58 38 23 29 81 42 44 39 9 75 4 79 80 
36 11 31 46 40 12 27 25 30 60 6 65 10 11 
10 15 5 20 14 38 1 1 4 34 32 39 36 37 
24 1 19 34 28 24 15 13 18 48 18 53 22 23 
8 17 3 18 12 40 1 3 2 32 34 37 38 39 
23 2 18 33 27 25 14 12 17 47 19 52 23 24 
5 20 0 15 9 43 4 6 1 29 37 34 41 42 

