20 10 

5 29 22 17 20 40 68 58 10 9 8 32 11 4 21 31 45 61 56 5 
10 14 7 2 35 25 53 43 25 24 7 17 4 11 6 16 30 46 41 10 
14 38 31 26 11 49 77 67 1 0 17 41 20 13 30 40 54 70 65 14 
1 25 18 13 24 36 64 54 14 13 4 28 7 0 17 27 41 57 52 1 
18 42 35 30 7 53 81 71 3 4 21 45 24 17 34 44 58 74 69 18 
22 46 39 34 3 57 85 75 7 8 25 49 28 21 38 48 62 78 73 22 
66 42 49 54 91 31 3 13 81 80 63 39 60 67 50 40 26 10 15 66 
27 51 44 39 2 62 90 80 12 13 30 54 33 26 43 53 67 83 78 27 
56 32 39 44 81 21 7 3 71 70 53 29 50 57 40 30 16 0 5 56 
4 28 21 16 21 39 67 57 11 10 7 31 10 3 20 30 44 60 55 4 
38 14 21 26 63 3 25 15 53 52 35 11 32 39 22 12 2 18 13 38 
12 36 29 24 13 47 75 65 3 2 15 39 18 11 28 38 52 68 63 12 
40 16 23 28 65 5 23 13 55 54 37 13 34 41 24 14 0 16 11 40 
9 33 26 21 16 44 72 62 6 5 12 36 15 8 25 35 49 65 60 9 
63 39 46 51 88 28 0 10 78 77 60 36 57 64 47 37 23 7 12 63 
40 16 23 28 65 5 23 13 55 54 37 13 34 41 24 14 0 16 11 40 
22 2 5 10 47 13 41 31 37 36 19 5 16 23 6 4 18 34 29 22 
45 21 28 33 70 10 18 8 60 59 42 18 39 46 29 19 5 11 6 45 
31 55 48 43 6 66 94 84 16 17 34 58 37 30 47 57 71 87 82 31 
17 41 34 29 8 52 80 70 2 3 20 44 23 16 33 43 57 73 68 17 

27 7 20 38 8 38 13 23 18 13 22 67 13 31 21 15 40 30 5 44 
12 8 5 23 7 23 2 8 3 28 37 52 2 16 6 30 25 15 10 29 
36 16 29 47 17 47 22 32 27 4 13 76 22 40 30 6 49 39 14 53 
23 3 16 34 4 34 9 19 14 17 26 63 9 27 17 19 36 26 1 40 
40 20 33 51 21 51 26 36 31 0 9 80 26 44 34 2 53 43 18 57 
44 24 37 55 25 55 30 40 35 4 5 84 30 48 38 2 57 47 22 61 
44 64 51 33 63 33 58 48 53 84 93 4 58 40 50 86 31 41 66 27 
49 29 42 60 30 60 35 45 40 9 0 89 35 53 43 7 62 52 27 66 
34 54 41 23 53 23 48 38 43 74 83 6 48 30 40 76 21 31 56 17 
26 6 19 37 7 37 12 22 17 14 23 66 12 30 20 16 39 29 4 43 
16 36 23 5 35 5 30 20 25 56 65 24 30 12 22 58 3 13 38 1 
34 14 27 45 15 45 20 30 25 6 15 74 20 38 28 8 47 37 12 51 
18 38 25 7 37 7 32 22 27 58 67 22 32 14 24 60 5 15 40 1 
31 11 24 42 12 42 17 27 22 9 18 71 17 35 25 11 44 34 9 48 
41 61 48 30 60 30 55 45 50 81 90 1 55 37 47 83 28 38 63 24 
18 38 25 7 37 7 32 22 27 58 67 22 32 14 24 60 5 15 40 1 
0 20 7 11 19 11 14 4 9 40 49 40 14 4 6 42 13 3 22 17 
23 43 30 12 42 12 37 27 32 63 72 17 37 19 29 65 10 20 45 6 
53 33 46 64 34 64 39 49 44 13 4 93 39 57 47 11 66 56 31 70 
39 19 32 50 20 50 25 35 30 1 10 79 25 43 33 3 52 42 17 56 

24 49 55 2 66 10 56 19 4 38 35 12 20 50 28 60 27 25 71 44 
39 34 40 17 51 5 41 34 11 23 20 27 35 35 43 45 12 10 56 29 
15 58 64 7 75 19 65 10 13 47 44 3 11 59 19 69 36 34 80 53 
28 45 51 6 62 6 52 23 0 34 31 16 24 46 32 56 23 21 67 40 
11 62 68 11 79 23 69 6 17 51 48 1 7 63 15 73 40 38 84 57 
7 66 72 15 83 27 73 2 21 55 52 5 3 67 11 77 44 42 88 61 
95 22 16 73 5 61 15 90 67 33 36 83 91 21 99 11 44 46 0 27 
2 71 77 20 88 32 78 3 26 60 57 10 2 72 6 82 49 47 93 66 
85 12 6 63 5 51 5 80 57 23 26 73 81 11 89 1 34 36 10 17 
25 48 54 3 65 9 55 20 3 37 34 13 21 49 29 59 26 24 70 43 
67 6 12 45 23 33 13 62 39 5 8 55 63 7 71 17 16 18 28 1 
17 56 62 5 73 17 63 12 11 45 42 5 13 57 21 67 34 32 78 51 
69 4 10 47 21 35 11 64 41 7 10 57 65 5 73 15 18 20 26 1 
20 53 59 2 70 14 60 15 8 42 39 8 16 54 24 64 31 29 75 48 
92 19 13 70 2 58 12 87 64 30 33 80 88 18 96 8 41 43 3 24 
69 4 10 47 21 35 11 64 41 7 10 57 65 5 73 15 18 20 26 1 
51 22 28 29 39 17 29 46 23 11 8 39 47 23 55 33 0 2 44 17 
74 1 5 52 16 40 6 69 46 12 15 62 70 0 78 10 23 25 21 6 
2 75 81 24 92 36 82 7 30 64 61 14 6 76 2 86 53 51 97 70 
12 61 67 10 78 22 68 7 16 50 47 0 8 62 16 72 39 37 83 56 

4 39 16 25 0 34 9 12 13 28 25 45 7 0 14 2 70 1 14 26 
11 24 31 40 15 19 6 3 28 13 40 30 22 15 29 13 55 14 1 11 
13 48 7 16 9 43 18 21 4 37 16 54 2 9 5 11 79 10 23 35 
0 35 20 29 4 30 5 8 17 24 29 41 11 4 18 2 66 3 10 22 
17 52 3 12 13 47 22 25 0 41 12 58 6 13 1 15 83 14 27 39 
21 56 1 8 17 51 26 29 4 45 8 62 10 17 3 19 87 18 31 43 
67 32 87 96 71 37 62 59 84 43 96 26 78 71 85 69 1 70 57 45 
26 61 6 3 22 56 31 34 9 50 3 67 15 22 8 24 92 23 36 48 
57 22 77 86 61 27 52 49 74 33 86 16 68 61 75 59 9 60 47 35 
3 38 17 26 1 33 8 11 14 27 26 44 8 1 15 1 69 0 13 25 
39 4 59 68 43 9 34 31 56 15 68 2 50 43 57 41 27 42 29 17 
11 46 9 18 7 41 16 19 6 35 18 52 0 7 7 9 77 8 21 33 
41 6 61 70 45 11 36 33 58 17 70 0 52 45 59 43 25 44 31 19 
8 43 12 21 4 38 13 16 9 32 21 49 3 4 10 6 74 5 18 30 
64 29 84 93 68 34 59 56 81 40 93 23 75 68 82 66 2 67 54 42 
41 6 61 70 45 11 36 33 58 17 70 0 52 45 59 43 25 44 31 19 
23 12 43 52 27 7 18 15 40 1 52 18 34 27 41 25 43 26 13 1 
46 11 66 75 50 16 41 38 63 22 75 5 57 50 64 48 20 49 36 24 
30 65 10 1 26 60 35 38 13 54 1 71 19 26 12 28 96 27 40 52 
16 51 4 13 12 46 21 24 1 40 13 57 5 12 2 14 82 13 26 38 

52 38 24 26 71 29 12 30 18 40 26 9 54 40 62 4 60 40 64 54 
37 23 9 11 56 14 3 15 3 25 11 6 39 25 47 11 45 25 49 39 
61 47 33 35 80 38 21 39 27 49 35 18 63 49 71 13 69 49 73 63 
48 34 20 22 67 25 8 26 14 36 22 5 50 36 58 0 56 36 60 50 
65 51 37 39 84 42 25 43 31 53 39 22 67 53 75 17 73 53 77 67 
69 55 41 43 88 46 29 47 35 57 43 26 71 57 79 21 77 57 81 71 
19 33 47 45 0 42 59 41 53 31 45 62 17 31 9 67 11 31 7 17 
74 60 46 48 93 51 34 52 40 62 48 31 76 62 84 26 82 62 86 76 
9 23 37 35 10 32 49 31 43 21 35 52 7 21 1 57 1 21 3 7 
51 37 23 25 70 28 11 29 17 39 25 8 53 39 61 3 59 39 63 53 
9 5 19 17 28 14 31 13 25 3 17 34 11 3 19 39 17 3 21 11 
59 45 31 33 78 36 19 37 25 47 33 16 61 47 69 11 67 47 71 61 
7 7 21 19 26 16 33 15 27 5 19 36 9 5 17 41 15 5 19 9 
56 42 28 30 75 33 16 34 22 44 30 13 58 44 66 8 64 44 68 58 
16 30 44 42 3 39 56 38 50 28 42 59 14 28 6 64 8 28 4 14 
7 7 21 19 26 16 33 15 27 5 19 36 9 5 17 41 15 5 19 9 
25 11 3 1 44 2 15 3 9 13 1 18 27 13 35 23 33 13 37 27 
2 12 26 24 21 21 38 20 32 10 24 41 4 10 12 46 10 10 14 4 
78 64 50 52 97 55 38 56 44 66 52 35 80 66 88 30 86 66 90 80 
64 50 36 38 83 41 24 42 30 52 38 21 66 52 74 16 72 52 76 66 

40 18 11 70 1 8 68 6 66 24 7 18 30 48 71 59 19 32 23 29 
25 33 4 55 14 7 53 9 51 9 8 33 15 33 56 44 34 17 38 14 
49 9 20 79 10 17 77 15 75 33 16 9 39 57 80 68 10 41 14 38 
36 22 7 66 3 4 64 2 62 20 3 22 26 44 67 55 23 28 27 25 
53 5 24 83 14 21 81 19 79 37 20 5 43 61 84 72 6 45 10 42 
57 1 28 87 18 25 85 23 83 41 24 1 47 65 88 76 2 49 6 46 
31 89 60 1 70 63 3 65 5 47 64 89 41 23 0 12 90 39 94 42 
62 4 33 92 23 30 90 28 88 46 29 4 52 70 93 81 3 54 1 51 
21 79 50 9 60 53 7 55 5 37 54 79 31 13 10 2 80 29 84 32 
39 19 10 69 0 7 67 5 65 23 6 19 29 47 70 58 20 31 24 28 
3 61 32 27 42 35 25 37 23 19 36 61 13 5 28 16 62 11 66 14 
47 11 18 77 8 15 75 13 73 31 14 11 37 55 78 66 12 39 16 36 
5 63 34 25 44 37 23 39 21 21 38 63 15 3 26 14 64 13 68 16 
44 14 15 74 5 12 72 10 70 28 11 14 34 52 75 63 15 36 19 33 
28 86 57 2 67 60 0 62 2 44 61 86 38 20 3 9 87 36 91 39 
5 63 34 25 44 37 23 39 21 21 38 63 15 3 26 14 64 13 68 16 
13 45 16 43 26 19 41 21 39 3 20 45 3 21 44 32 46 5 50 2 
10 68 39 20 49 42 18 44 16 26 43 68 20 2 21 9 69 18 73 21 
66 8 37 96 27 34 94 32 92 50 33 8 56 74 97 85 7 58 3 55 
52 6 23 82 13 20 80 18 78 36 19 6 42 60 83 71 7 44 11 41 

61 2 32 41 24 34 64 13 6 24 25 70 2 14 47 20 17 17 10 50 
46 17 17 26 9 19 49 2 9 9 40 55 13 29 32 35 32 32 25 35 
70 7 41 50 33 43 73 22 15 33 16 79 11 5 56 11 8 8 1 59 
57 6 28 37 20 30 60 9 2 20 29 66 2 18 43 24 21 21 14 46 
74 11 45 54 37 47 77 26 19 37 12 83 15 1 60 7 4 4 3 63 
78 15 49 58 41 51 81 30 23 41 8 87 19 3 64 3 0 0 7 67 
10 73 39 30 47 37 7 58 65 47 96 1 69 85 24 91 88 88 81 21 
83 20 54 63 46 56 86 35 28 46 3 92 24 8 69 2 5 5 12 72 
0 63 29 20 37 27 3 48 55 37 86 9 59 75 14 81 78 78 71 11 
60 3 31 40 23 33 63 12 5 23 26 69 1 15 46 21 18 18 11 49 
18 45 11 2 19 9 21 30 37 19 68 27 41 57 4 63 60 60 53 7 
68 5 39 48 31 41 71 20 13 31 18 77 9 7 54 13 10 10 3 57 
16 47 13 4 21 11 19 32 39 21 70 25 43 59 2 65 62 62 55 5 
65 2 36 45 28 38 68 17 10 28 21 74 6 10 51 16 13 13 6 54 
7 70 36 27 44 34 4 55 62 44 93 2 66 82 21 88 85 85 78 18 
16 47 13 4 21 11 19 32 39 21 70 25 43 59 2 65 62 62 55 5 
34 29 5 14 3 7 37 14 21 3 52 43 25 41 20 47 44 44 37 23 
11 52 18 9 26 16 14 37 44 26 75 20 48 64 3 70 67 67 60 0 
87 24 58 67 50 60 90 39 32 50 1 96 28 12 73 6 9 9 16 76 
73 10 44 53 36 46 76 25 18 36 13 82 14 2 59 8 5 5 2 62 

12 6 40 1 12 19 28 2 19 8 20 66 30 19 5 2 53 59 42 15 
27 9 25 14 3 4 13 13 34 7 35 51 15 4 20 17 38 44 27 30 
3 15 49 10 21 28 37 11 10 17 11 75 39 28 4 7 62 68 51 6 
16 2 36 3 8 15 24 2 23 4 24 62 26 15 9 6 49 55 38 19 
1 19 53 14 25 32 41 15 6 21 7 79 43 32 8 11 66 72 55 2 
5 23 57 18 29 36 45 19 2 25 3 83 47 36 12 15 70 76 59 2 
83 65 31 70 59 52 43 69 90 63 91 5 41 52 76 73 18 12 29 86 
10 28 62 23 34 41 50 24 3 30 2 88 52 41 17 20 75 81 64 7 
73 55 21 60 49 42 33 59 80 53 81 5 31 42 66 63 8 2 19 76 
13 5 39 0 11 18 27 1 20 7 21 65 29 18 6 3 52 58 41 16 
55 37 3 42 31 24 15 41 62 35 63 23 13 24 48 45 10 16 1 58 
5 13 47 8 19 26 35 9 12 15 13 73 37 26 2 5 60 66 49 8 
57 39 5 44 33 26 17 43 64 37 65 21 15 26 50 47 8 14 3 60 
8 10 44 5 16 23 32 6 15 12 16 70 34 23 1 2 57 63 46 11 
80 62 28 67 56 49 40 66 87 60 88 2 38 49 73 70 15 9 26 83 
57 39 5 44 33 26 17 43 64 37 65 21 15 26 50 47 8 14 3 60 
39 21 13 26 15 8 1 25 46 19 47 39 3 8 32 29 26 32 15 42 
62 44 10 49 38 31 22 48 69 42 70 16 20 31 55 52 3 9 8 65 
14 32 66 27 38 45 54 28 7 34 6 92 56 45 21 24 79 85 68 11 
0 18 52 13 24 31 40 14 7 20 8 78 42 31 7 10 65 71 54 3 

38 46 70 47 19 10 35 8 11 32 28 67 11 11 64 1 17 20 60 11 
23 31 55 32 34 25 20 7 26 17 43 52 4 4 49 16 32 35 45 26 
47 55 79 56 10 1 44 17 2 41 19 76 20 20 73 8 8 11 69 2 
34 42 66 43 23 14 31 4 15 28 32 63 7 7 60 5 21 24 56 15 
51 59 83 60 6 3 48 21 2 45 15 80 24 24 77 12 4 7 73 2 
55 63 87 64 2 7 52 25 6 49 11 84 28 28 81 16 0 3 77 6 
33 25 1 24 90 81 36 63 82 39 99 4 60 60 7 72 88 91 11 82 
60 68 92 69 3 12 57 30 11 54 6 89 33 33 86 21 5 2 82 11 
23 15 9 14 80 71 26 53 72 29 89 6 50 50 3 62 78 81 1 72 
37 45 69 46 20 11 34 7 12 31 29 66 10 10 63 2 18 21 59 12 
5 3 27 4 62 53 8 35 54 11 71 24 32 32 21 44 60 63 17 54 
45 53 77 54 12 3 42 15 4 39 21 74 18 18 71 6 10 13 67 4 
7 1 25 2 64 55 10 37 56 13 73 22 34 34 19 46 62 65 15 56 
42 50 74 51 15 6 39 12 7 36 24 71 15 15 68 3 13 16 64 7 
30 22 2 21 87 78 33 60 79 36 96 1 57 57 4 69 85 88 8 79 
7 1 25 2 64 55 10 37 56 13 73 22 34 34 19 46 62 65 15 56 
11 19 43 20 46 37 8 19 38 5 55 40 16 16 37 28 44 47 33 38 
12 4 20 3 69 60 15 42 61 18 78 17 39 39 14 51 67 70 10 61 
64 72 96 73 7 16 61 34 15 58 2 93 37 37 90 25 9 6 86 15 
50 58 82 59 7 2 47 20 1 44 16 79 23 23 76 11 5 8 72 1 

22 2 15 33 3 33 8 18 13 18 27 62 8 26 16 20 35 25 0 39 
2 22 9 9 21 9 16 6 11 42 51 38 16 2 8 44 11 1 24 15 
5 15 2 16 14 16 9 1 4 35 44 45 9 9 1 37 18 8 17 22 
10 10 3 21 9 21 4 6 1 30 39 50 4 14 4 32 23 13 12 27 
47 27 40 58 28 58 33 43 38 7 2 87 33 51 41 5 60 50 25 64 
13 33 20 2 32 2 27 17 22 53 62 27 27 9 19 55 0 10 35 4 
41 61 48 30 60 30 55 45 50 81 90 1 55 37 47 83 28 38 63 24 
31 51 38 20 50 20 45 35 40 71 80 9 45 27 37 73 18 28 53 14 
37 17 30 48 18 48 23 33 28 3 12 77 23 41 31 5 50 40 15 54 
36 16 29 47 17 47 22 32 27 4 13 76 22 40 30 6 49 39 14 53 
19 1 12 30 0 30 5 15 10 21 30 59 5 23 13 23 32 22 3 36 
5 25 12 6 24 6 19 9 14 45 54 35 19 1 11 47 8 2 27 12 
16 4 9 27 3 27 2 12 7 24 33 56 2 20 10 26 29 19 6 33 
23 3 16 34 4 34 9 19 14 17 26 63 9 27 17 19 36 26 1 40 
6 14 1 17 13 17 8 2 3 34 43 46 8 10 0 36 19 9 16 23 
4 24 11 7 23 7 18 8 13 44 53 36 18 0 10 46 9 1 26 13 
18 38 25 7 37 7 32 22 27 58 67 22 32 14 24 60 5 15 40 1 
34 54 41 23 53 23 48 38 43 74 83 6 48 30 40 76 21 31 56 17 
29 49 36 18 48 18 43 33 38 69 78 11 43 25 35 71 16 26 51 12 
22 2 15 33 3 33 8 18 13 18 27 62 8 26 16 20 35 25 0 39 

29 44 50 7 61 5 51 24 1 33 30 17 25 45 33 55 22 20 66 39 
53 20 26 31 37 19 27 48 25 9 6 41 49 21 57 31 2 4 42 15 
46 27 33 24 44 12 34 41 18 16 13 34 42 28 50 38 5 3 49 22 
41 32 38 19 49 7 39 36 13 21 18 29 37 33 45 43 10 8 54 27 
4 69 75 18 86 30 76 1 24 58 55 8 0 70 8 80 47 45 91 64 
64 9 15 42 26 30 16 59 36 2 5 52 60 10 68 20 13 15 31 4 
92 19 13 70 2 58 12 87 64 30 33 80 88 18 96 8 41 43 3 24 
82 9 3 60 8 48 2 77 54 20 23 70 78 8 86 2 31 33 13 14 
14 59 65 8 76 20 66 9 14 48 45 2 10 60 18 70 37 35 81 54 
15 58 64 7 75 19 65 10 13 47 44 3 11 59 19 69 36 34 80 53 
32 41 47 10 58 2 48 27 4 30 27 20 28 42 36 52 19 17 63 36 
56 17 23 34 34 22 24 51 28 6 3 44 52 18 60 28 5 7 39 12 
35 38 44 13 55 1 45 30 7 27 24 23 31 39 39 49 16 14 60 33 
28 45 51 6 62 6 52 23 0 34 31 16 24 46 32 56 23 21 67 40 
45 28 34 23 45 11 35 40 17 17 14 33 41 29 49 39 6 4 50 23 
55 18 24 33 35 21 25 50 27 7 4 43 51 19 59 29 4 6 40 13 
69 4 10 47 21 35 11 64 41 7 10 57 65 5 73 15 18 20 26 1 
85 12 6 63 5 51 5 80 57 23 26 73 81 11 89 1 34 36 10 17 
80 7 1 58 10 46 0 75 52 18 21 68 76 6 84 4 29 31 15 12 
29 44 50 7 61 5 51 24 1 33 30 17 25 45 33 55 22 20 66 39 

1 34 21 30 5 29 4 7 18 23 30 40 12 5 19 3 65 4 9 21 
25 10 45 54 29 5 20 17 42 1 54 16 36 29 43 27 41 28 15 3 
18 17 38 47 22 12 13 10 35 6 47 23 29 22 36 20 48 21 8 4 
13 22 33 42 17 17 8 5 30 11 42 28 24 17 31 15 53 16 3 9 
24 59 4 5 20 54 29 32 7 48 5 65 13 20 6 22 90 21 34 46 
36 1 56 65 40 6 31 28 53 12 65 5 47 40 54 38 30 39 26 14 
64 29 84 93 68 34 59 56 81 40 93 23 75 68 82 66 2 67 54 42 
54 19 74 83 58 24 49 46 71 30 83 13 65 58 72 56 12 57 44 32 
14 49 6 15 10 44 19 22 3 38 15 55 3 10 4 12 80 11 24 36 
13 48 7 16 9 43 18 21 4 37 16 54 2 9 5 11 79 10 23 35 
4 31 24 33 8 26 1 4 21 20 33 37 15 8 22 6 62 7 6 18 
28 7 48 57 32 2 23 20 45 4 57 13 39 32 46 30 38 31 18 6 
7 28 27 36 11 23 2 1 24 17 36 34 18 11 25 9 59 10 3 15 
0 35 20 29 4 30 5 8 17 24 29 41 11 4 18 2 66 3 10 22 
17 18 37 46 21 13 12 9 34 7 46 24 28 21 35 19 49 20 7 5 
27 8 47 56 31 3 22 19 44 3 56 14 38 31 45 29 39 30 17 5 
41 6 61 70 45 11 36 33 58 17 70 0 52 45 59 43 25 44 31 19 
57 22 77 86 61 27 52 49 74 33 86 16 68 61 75 59 9 60 47 35 
52 17 72 81 56 22 47 44 69 28 81 11 63 56 70 54 14 55 42 30 
1 34 21 30 5 29 4 7 18 23 30 40 12 5 19 3 65 4 9 21 

47 33 19 21 66 24 7 25 13 35 21 4 49 35 57 1 55 35 59 49 
23 9 5 3 42 0 17 1 11 11 3 20 25 11 33 25 31 11 35 25 
30 16 2 4 49 7 10 8 4 18 4 13 32 18 40 18 38 18 42 32 
35 21 7 9 54 12 5 13 1 23 9 8 37 23 45 13 43 23 47 37 
72 58 44 46 91 49 32 50 38 60 46 29 74 60 82 24 80 60 84 74 
12 2 16 14 31 11 28 10 22 0 14 31 14 0 22 36 20 0 24 14 
16 30 44 42 3 39 56 38 50 28 42 59 14 28 6 64 8 28 4 14 
6 20 34 32 13 29 46 28 40 18 32 49 4 18 4 54 2 18 6 4 
62 48 34 36 81 39 22 40 28 50 36 19 64 50 72 14 70 50 74 64 
61 47 33 35 80 38 21 39 27 49 35 18 63 49 71 13 69 49 73 63 
44 30 16 18 63 21 4 22 10 32 18 1 46 32 54 4 52 32 56 46 
20 6 8 6 39 3 20 2 14 8 6 23 22 8 30 28 28 8 32 22 
41 27 13 15 60 18 1 19 7 29 15 2 43 29 51 7 49 29 53 43 
48 34 20 22 67 25 8 26 14 36 22 5 50 36 58 0 56 36 60 50 
31 17 3 5 50 8 9 9 3 19 5 12 33 19 41 17 39 19 43 33 
21 7 7 5 40 2 19 1 13 9 5 22 23 9 31 27 29 9 33 23 
7 7 21 19 26 16 33 15 27 5 19 36 9 5 17 41 15 5 19 9 
9 23 37 35 10 32 49 31 43 21 35 52 7 21 1 57 1 21 3 7 
4 18 32 30 15 27 44 26 38 16 30 47 2 16 6 52 4 16 8 2 
47 33 19 21 66 24 7 25 13 35 21 4 49 35 57 1 55 35 59 49 

35 23 6 65 4 3 63 1 61 19 2 23 25 43 66 54 24 27 28 24 
11 47 18 41 28 21 39 23 37 5 22 47 1 19 42 30 48 3 52 0 
18 40 11 48 21 14 46 16 44 2 15 40 8 26 49 37 41 10 45 7 
23 35 6 53 16 9 51 11 49 7 10 35 13 31 54 42 36 15 40 12 
60 2 31 90 21 28 88 26 86 44 27 2 50 68 91 79 1 52 3 49 
0 58 29 30 39 32 28 34 26 16 33 58 10 8 31 19 59 8 63 11 
28 86 57 2 67 60 0 62 2 44 61 86 38 20 3 9 87 36 91 39 
18 76 47 12 57 50 10 52 8 34 51 76 28 10 13 1 77 26 81 29 
50 8 21 80 11 18 78 16 76 34 17 8 40 58 81 69 9 42 13 39 
49 9 20 79 10 17 77 15 75 33 16 9 39 57 80 68 10 41 14 38 
32 26 3 62 7 0 60 2 58 16 1 26 22 40 63 51 27 24 31 21 
8 50 21 38 31 24 36 26 34 8 25 50 2 16 39 27 51 0 55 3 
29 29 0 59 10 3 57 5 55 13 4 29 19 37 60 48 30 21 34 18 
36 22 7 66 3 4 64 2 62 20 3 22 26 44 67 55 23 28 27 25 
19 39 10 49 20 13 47 15 45 3 14 39 9 27 50 38 40 11 44 8 
9 49 20 39 30 23 37 25 35 7 24 49 1 17 40 28 50 1 54 2 
5 63 34 25 44 37 23 39 21 21 38 63 15 3 26 14 64 13 68 16 
21 79 50 9 60 53 7 55 5 37 54 79 31 13 10 2 80 29 84 32 
16 74 45 14 55 48 12 50 10 32 49 74 26 8 15 3 75 24 79 27 
35 23 6 65 4 3 63 1 61 19 2 23 25 43 66 54 24 27 28 24 

56 7 27 36 19 29 59 8 1 19 30 65 3 19 42 25 22 22 15 45 
32 31 3 12 5 5 35 16 23 5 54 41 27 43 18 49 46 46 39 21 
39 24 10 19 2 12 42 9 16 2 47 48 20 36 25 42 39 39 32 28 
44 19 15 24 7 17 47 4 11 7 42 53 15 31 30 37 34 34 27 33 
81 18 52 61 44 54 84 33 26 44 5 90 22 6 67 0 3 3 10 70 
21 42 8 1 16 6 24 27 34 16 65 30 38 54 7 60 57 57 50 10 
7 70 36 27 44 34 4 55 62 44 93 2 66 82 21 88 85 85 78 18 
3 60 26 17 34 24 6 45 52 34 83 12 56 72 11 78 75 75 68 8 
71 8 42 51 34 44 74 23 16 34 15 80 12 4 57 10 7 7 0 60 
70 7 41 50 33 43 73 22 15 33 16 79 11 5 56 11 8 8 1 59 
53 10 24 33 16 26 56 5 2 16 33 62 6 22 39 28 25 25 18 42 
29 34 0 9 8 2 32 19 26 8 57 38 30 46 15 52 49 49 42 18 
50 13 21 30 13 23 53 2 5 13 36 59 9 25 36 31 28 28 21 39 
57 6 28 37 20 30 60 9 2 20 29 66 2 18 43 24 21 21 14 46 
40 23 11 20 3 13 43 8 15 3 46 49 19 35 26 41 38 38 31 29 
30 33 1 10 7 3 33 18 25 7 56 39 29 45 16 51 48 48 41 19 
16 47 13 4 21 11 19 32 39 21 70 25 43 59 2 65 62 62 55 5 
0 63 29 20 37 27 3 48 55 37 86 9 59 75 14 81 78 78 71 11 
5 58 24 15 32 22 8 43 50 32 81 14 54 70 9 76 73 73 66 6 
56 7 27 36 19 29 59 8 1 19 30 65 3 19 42 25 22 22 15 45 

17 1 35 4 7 14 23 3 24 3 25 61 25 14 10 7 48 54 37 20 
41 23 11 28 17 10 1 27 48 21 49 37 1 10 34 31 24 30 13 44 
34 16 18 21 10 3 6 20 41 14 42 44 8 3 27 24 31 37 20 37 
29 11 23 16 5 2 11 15 36 9 37 49 13 2 22 19 36 42 25 32 
8 26 60 21 32 39 48 22 1 28 0 86 50 39 15 18 73 79 62 5 
52 34 0 39 28 21 12 38 59 32 60 26 10 21 45 42 13 19 2 55 
80 62 28 67 56 49 40 66 87 60 88 2 38 49 73 70 15 9 26 83 
70 52 18 57 46 39 30 56 77 50 78 8 28 39 63 60 5 1 16 73 
2 16 50 11 22 29 38 12 9 18 10 76 40 29 5 8 63 69 52 5 
3 15 49 10 21 28 37 11 10 17 11 75 39 28 4 7 62 68 51 6 
20 2 32 7 4 11 20 6 27 0 28 58 22 11 13 10 45 51 34 23 
44 26 8 31 20 13 4 30 51 24 52 34 2 13 37 34 21 27 10 47 
23 5 29 10 1 8 17 9 30 3 31 55 19 8 16 13 42 48 31 26 
16 2 36 3 8 15 24 2 23 4 24 62 26 15 9 6 49 55 38 19 
33 15 19 20 9 2 7 19 40 13 41 45 9 2 26 23 32 38 21 36 
43 25 9 30 19 12 3 29 50 23 51 35 1 12 36 33 22 28 11 46 
57 39 5 44 33 26 17 43 64 37 65 21 15 26 50 47 8 14 3 60 
73 55 21 60 49 42 33 59 80 53 81 5 31 42 66 63 8 2 19 76 
68 50 16 55 44 37 28 54 75 48 76 10 26 37 61 58 3 3 14 71 
17 1 35 4 7 14 23 3 24 3 25 61 25 14 10 7 48 54 37 20 

33 41 65 42 24 15 30 3 16 27 33 62 6 6 59 6 22 25 55 16 
9 17 41 18 48 39 6 21 40 3 57 38 18 18 35 30 46 49 31 40 
16 24 48 25 41 32 13 14 33 10 50 45 11 11 42 23 39 42 38 33 
21 29 53 30 36 27 18 9 28 15 45 50 6 6 47 18 34 37 43 28 
58 66 90 67 1 10 55 28 9 52 8 87 31 31 84 19 3 0 80 9 
2 6 30 7 59 50 5 32 51 8 68 27 29 29 24 41 57 60 20 51 
30 22 2 21 87 78 33 60 79 36 96 1 57 57 4 69 85 88 8 79 
20 12 12 11 77 68 23 50 69 26 86 9 47 47 6 59 75 78 2 69 
48 56 80 57 9 0 45 18 1 42 18 77 21 21 74 9 7 10 70 1 
47 55 79 56 10 1 44 17 2 41 19 76 20 20 73 8 8 11 69 2 
30 38 62 39 27 18 27 0 19 24 36 59 3 3 56 9 25 28 52 19 
6 14 38 15 51 42 3 24 43 0 60 35 21 21 32 33 49 52 28 43 
27 35 59 36 30 21 24 3 22 21 39 56 0 0 53 12 28 31 49 22 
34 42 66 43 23 14 31 4 15 28 32 63 7 7 60 5 21 24 56 15 
17 25 49 26 40 31 14 13 32 11 49 46 10 10 43 22 38 41 39 32 
7 15 39 16 50 41 4 23 42 1 59 36 20 20 33 32 48 51 29 42 
7 1 25 2 64 55 10 37 56 13 73 22 34 34 19 46 62 65 15 56 
23 15 9 14 80 71 26 53 72 29 89 6 50 50 3 62 78 81 1 72 
18 10 14 9 75 66 21 48 67 24 84 11 45 45 8 57 73 76 4 67 
33 41 65 42 24 15 30 3 16 27 33 62 6 6 59 6 22 25 55 16 

51 22 28 29 39 17 29 46 23 11 8 39 47 23 55 33 0 2 44 17 
31 42 48 9 59 3 49 26 3 31 28 19 27 43 35 53 20 18 64 37 
44 29 35 22 46 10 36 39 16 18 15 32 40 30 48 40 7 5 51 24 
62 11 17 40 28 28 18 57 34 0 3 50 58 12 66 22 11 13 33 6 
32 41 47 10 58 2 48 27 4 30 27 20 28 42 36 52 19 17 63 36 
62 11 17 40 28 28 18 57 34 0 3 50 58 12 66 22 11 13 33 6 
37 36 42 15 53 3 43 32 9 25 22 25 33 37 41 47 14 12 58 31 
47 26 32 25 43 13 33 42 19 15 12 35 43 27 51 37 4 2 48 21 
42 31 37 20 48 8 38 37 14 20 17 30 38 32 46 42 9 7 53 26 
11 62 68 11 79 23 69 6 17 51 48 1 7 63 15 73 40 38 84 57 
2 71 77 20 88 32 78 3 26 60 57 10 2 72 6 82 49 47 93 66 
91 18 12 69 1 57 11 86 63 29 32 79 87 17 95 7 40 42 4 23 
37 36 42 15 53 3 43 32 9 25 22 25 33 37 41 47 14 12 58 31 
55 18 24 33 35 21 25 50 27 7 4 43 51 19 59 29 4 6 40 13 
45 28 34 23 45 11 35 40 17 17 14 33 41 29 49 39 6 4 50 23 
9 64 70 13 81 25 71 4 19 53 50 3 5 65 13 75 42 40 86 59 
64 9 15 42 26 30 16 59 36 2 5 52 60 10 68 20 13 15 31 4 
54 19 25 32 36 20 26 49 26 8 5 42 50 20 58 30 3 5 41 14 
29 44 50 7 61 5 51 24 1 33 30 17 25 45 33 55 22 20 66 39 
68 5 11 46 22 34 12 63 40 6 9 56 64 6 72 16 17 19 27 0 

23 12 43 52 27 7 18 15 40 1 52 18 34 27 41 25 43 26 13 1 
3 32 23 32 7 27 2 5 20 21 32 38 14 7 21 5 63 6 7 19 
16 19 36 45 20 14 11 8 33 8 45 25 27 20 34 18 50 19 6 6 
34 1 54 63 38 4 29 26 51 10 63 7 45 38 52 36 32 37 24 12 
4 31 24 33 8 26 1 4 21 20 33 37 15 8 22 6 62 7 6 18 
34 1 54 63 38 4 29 26 51 10 63 7 45 38 52 36 32 37 24 12 
9 26 29 38 13 21 4 1 26 15 38 32 20 13 27 11 57 12 1 13 
19 16 39 48 23 11 14 11 36 5 48 22 30 23 37 21 47 22 9 3 
14 21 34 43 18 16 9 6 31 10 43 27 25 18 32 16 52 17 4 8 
17 52 3 12 13 47 22 25 0 41 12 58 6 13 1 15 83 14 27 39 
26 61 6 3 22 56 31 34 9 50 3 67 15 22 8 24 92 23 36 48 
63 28 83 92 67 33 58 55 80 39 92 22 74 67 81 65 3 66 53 41 
9 26 29 38 13 21 4 1 26 15 38 32 20 13 27 11 57 12 1 13 
27 8 47 56 31 3 22 19 44 3 56 14 38 31 45 29 39 30 17 5 
17 18 37 46 21 13 12 9 34 7 46 24 28 21 35 19 49 20 7 5 
19 54 1 10 15 49 24 27 2 43 10 60 8 15 1 17 85 16 29 41 
36 1 56 65 40 6 31 28 53 12 65 5 47 40 54 38 30 39 26 14 
26 9 46 55 30 4 21 18 43 2 55 15 37 30 44 28 40 29 16 4 
1 34 21 30 5 29 4 7 18 23 30 40 12 5 19 3 65 4 9 21 
40 5 60 69 44 10 35 32 57 16 69 1 51 44 58 42 26 43 30 18 

25 11 3 1 44 2 15 3 9 13 1 18 27 13 35 23 33 13 37 27 
45 31 17 19 64 22 5 23 11 33 19 2 47 33 55 3 53 33 57 47 
32 18 4 6 51 9 8 10 2 20 6 11 34 20 42 16 40 20 44 34 
14 0 14 12 33 9 26 8 20 2 12 29 16 2 24 34 22 2 26 16 
44 30 16 18 63 21 4 22 10 32 18 1 46 32 54 4 52 32 56 46 
14 0 14 12 33 9 26 8 20 2 12 29 16 2 24 34 22 2 26 16 
39 25 11 13 58 16 1 17 5 27 13 4 41 27 49 9 47 27 51 41 
29 15 1 3 48 6 11 7 5 17 3 14 31 17 39 19 37 17 41 31 
34 20 6 8 53 11 6 12 0 22 8 9 36 22 44 14 42 22 46 36 
65 51 37 39 84 42 25 43 31 53 39 22 67 53 75 17 73 53 77 67 
74 60 46 48 93 51 34 52 40 62 48 31 76 62 84 26 82 62 86 76 
15 29 43 41 4 38 55 37 49 27 41 58 13 27 5 63 7 27 3 13 
39 25 11 13 58 16 1 17 5 27 13 4 41 27 49 9 47 27 51 41 
21 7 7 5 40 2 19 1 13 9 5 22 23 9 31 27 29 9 33 23 
31 17 3 5 50 8 9 9 3 19 5 12 33 19 41 17 39 19 43 33 
67 53 39 41 86 44 27 45 33 55 41 24 69 55 77 19 75 55 79 69 
12 2 16 14 31 11 28 10 22 0 14 31 14 0 22 36 20 0 24 14 
22 8 6 4 41 1 18 0 12 10 4 21 24 10 32 26 30 10 34 24 
47 33 19 21 66 24 7 25 13 35 21 4 49 35 57 1 55 35 59 49 
8 6 20 18 27 15 32 14 26 4 18 35 10 4 18 40 16 4 20 10 

13 45 16 43 26 19 41 21 39 3 20 45 3 21 44 32 46 5 50 2 
33 25 4 63 6 1 61 1 59 17 0 25 23 41 64 52 26 25 30 22 
20 38 9 50 19 12 48 14 46 4 13 38 10 28 51 39 39 12 43 9 
2 56 27 32 37 30 30 32 28 14 31 56 8 10 33 21 57 6 61 9 
32 26 3 62 7 0 60 2 58 16 1 26 22 40 63 51 27 24 31 21 
2 56 27 32 37 30 30 32 28 14 31 56 8 10 33 21 57 6 61 9 
27 31 2 57 12 5 55 7 53 11 6 31 17 35 58 46 32 19 36 16 
17 41 12 47 22 15 45 17 43 1 16 41 7 25 48 36 42 9 46 6 
22 36 7 52 17 10 50 12 48 6 11 36 12 30 53 41 37 14 41 11 
53 5 24 83 14 21 81 19 79 37 20 5 43 61 84 72 6 45 10 42 
62 4 33 92 23 30 90 28 88 46 29 4 52 70 93 81 3 54 1 51 
27 85 56 3 66 59 1 61 1 43 60 85 37 19 4 8 86 35 90 38 
27 31 2 57 12 5 55 7 53 11 6 31 17 35 58 46 32 19 36 16 
9 49 20 39 30 23 37 25 35 7 24 49 1 17 40 28 50 1 54 2 
19 39 10 49 20 13 47 15 45 3 14 39 9 27 50 38 40 11 44 8 
55 3 26 85 16 23 83 21 81 39 22 3 45 63 86 74 4 47 8 44 
0 58 29 30 39 32 28 34 26 16 33 58 10 8 31 19 59 8 63 11 
10 48 19 40 29 22 38 24 36 6 23 48 0 18 41 29 49 2 53 1 
35 23 6 65 4 3 63 1 61 19 2 23 25 43 66 54 24 27 28 24 
4 62 33 26 43 36 24 38 22 20 37 62 14 4 27 15 63 12 67 15 

34 29 5 14 3 7 37 14 21 3 52 43 25 41 20 47 44 44 37 23 
54 9 25 34 17 27 57 6 1 17 32 63 5 21 40 27 24 24 17 43 
41 22 12 21 4 14 44 7 14 4 45 50 18 34 27 40 37 37 30 30 
23 40 6 3 14 4 26 25 32 14 63 32 36 52 9 58 55 55 48 12 
53 10 24 33 16 26 56 5 2 16 33 62 6 22 39 28 25 25 18 42 
23 40 6 3 14 4 26 25 32 14 63 32 36 52 9 58 55 55 48 12 
48 15 19 28 11 21 51 0 7 11 38 57 11 27 34 33 30 30 23 37 
38 25 9 18 1 11 41 10 17 1 48 47 21 37 24 43 40 40 33 27 
43 20 14 23 6 16 46 5 12 6 43 52 16 32 29 38 35 35 28 32 
74 11 45 54 37 47 77 26 19 37 12 83 15 1 60 7 4 4 3 63 
83 20 54 63 46 56 86 35 28 46 3 92 24 8 69 2 5 5 12 72 
6 69 35 26 43 33 3 54 61 43 92 3 65 81 20 87 84 84 77 17 
48 15 19 28 11 21 51 0 7 11 38 57 11 27 34 33 30 30 23 37 
30 33 1 10 7 3 33 18 25 7 56 39 29 45 16 51 48 48 41 19 
40 23 11 20 3 13 43 8 15 3 46 49 19 35 26 41 38 38 31 29 
76 13 47 56 39 49 79 28 21 39 10 85 17 1 62 5 2 2 5 65 
21 42 8 1 16 6 24 27 34 16 65 30 38 54 7 60 57 57 50 10 
31 32 2 11 6 4 34 17 24 6 55 40 28 44 17 50 47 47 40 20 
56 7 27 36 19 29 59 8 1 19 30 65 3 19 42 25 22 22 15 45 
17 46 12 3 20 10 20 31 38 20 69 26 42 58 3 64 61 61 54 6 

39 21 13 26 15 8 1 25 46 19 47 39 3 8 32 29 26 32 15 42 
19 1 33 6 5 12 21 5 26 1 27 59 23 12 12 9 46 52 35 22 
32 14 20 19 8 1 8 18 39 12 40 46 10 1 25 22 33 39 22 35 
50 32 2 37 26 19 10 36 57 30 58 28 8 19 43 40 15 21 4 53 
20 2 32 7 4 11 20 6 27 0 28 58 22 11 13 10 45 51 34 23 
50 32 2 37 26 19 10 36 57 30 58 28 8 19 43 40 15 21 4 53 
25 7 27 12 1 6 15 11 32 5 33 53 17 6 18 15 40 46 29 28 
35 17 17 22 11 4 5 21 42 15 43 43 7 4 28 25 30 36 19 38 
30 12 22 17 6 1 10 16 37 10 38 48 12 1 23 20 35 41 24 33 
1 19 53 14 25 32 41 15 6 21 7 79 43 32 8 11 66 72 55 2 
10 28 62 23 34 41 50 24 3 30 2 88 52 41 17 20 75 81 64 7 
79 61 27 66 55 48 39 65 86 59 87 1 37 48 72 69 14 8 25 82 
25 7 27 12 1 6 15 11 32 5 33 53 17 6 18 15 40 46 29 28 
43 25 9 30 19 12 3 29 50 23 51 35 1 12 36 33 22 28 11 46 
33 15 19 20 9 2 7 19 40 13 41 45 9 2 26 23 32 38 21 36 
3 21 55 16 27 34 43 17 4 23 5 81 45 34 10 13 68 74 57 0 
52 34 0 39 28 21 12 38 59 32 60 26 10 21 45 42 13 19 2 55 
42 24 10 29 18 11 2 28 49 22 50 36 0 11 35 32 23 29 12 45 
17 1 35 4 7 14 23 3 24 3 25 61 25 14 10 7 48 54 37 20 
56 38 4 43 32 25 16 42 63 36 64 22 14 25 49 46 9 15 2 59 

11 19 43 20 46 37 8 19 38 5 55 40 16 16 37 28 44 47 33 38 
31 39 63 40 26 17 28 1 18 25 35 60 4 4 57 8 24 27 53 18 
18 26 50 27 39 30 15 12 31 12 48 47 9 9 44 21 37 40 40 31 
0 8 32 9 57 48 3 30 49 6 66 29 27 27 26 39 55 58 22 49 
30 38 62 39 27 18 27 0 19 24 36 59 3 3 56 9 25 28 52 19 
0 8 32 9 57 48 3 30 49 6 66 29 27 27 26 39 55 58 22 49 
25 33 57 34 32 23 22 5 24 19 41 54 2 2 51 14 30 33 47 24 
15 23 47 24 42 33 12 15 34 9 51 44 12 12 41 24 40 43 37 34 
20 28 52 29 37 28 17 10 29 14 46 49 7 7 46 19 35 38 42 29 
51 59 83 60 6 3 48 21 2 45 15 80 24 24 77 12 4 7 73 2 
60 68 92 69 3 12 57 30 11 54 6 89 33 33 86 21 5 2 82 11 
29 21 3 20 86 77 32 59 78 35 95 0 56 56 3 68 84 87 7 78 
25 33 57 34 32 23 22 5 24 19 41 54 2 2 51 14 30 33 47 24 
7 15 39 16 50 41 4 23 42 1 59 36 20 20 33 32 48 51 29 42 
17 25 49 26 40 31 14 13 32 11 49 46 10 10 43 22 38 41 39 32 
53 61 85 62 4 5 50 23 4 47 13 82 26 26 79 14 2 5 75 4 
2 6 30 7 59 50 5 32 51 8 68 27 29 29 24 41 57 60 20 51 
8 16 40 17 49 40 5 22 41 2 58 37 19 19 34 31 47 50 30 41 
33 41 65 42 24 15 30 3 16 27 33 62 6 6 59 6 22 25 55 16 
6 2 26 3 63 54 9 36 55 12 72 23 33 33 20 45 61 64 16 55 

28 63 8 1 24 58 33 36 11 52 1 69 17 24 10 26 94 25 38 50 
45 10 65 74 49 15 40 37 62 21 74 4 56 49 63 47 21 48 35 23 
51 16 71 80 55 21 46 43 68 27 80 10 62 55 69 53 15 54 41 29 
6 41 14 23 2 36 11 14 11 30 23 47 5 2 12 4 72 3 16 28 
62 27 82 91 66 32 57 54 79 38 91 21 73 66 80 64 4 65 52 40 
6 29 26 35 10 24 1 2 23 18 35 35 17 10 24 8 60 9 4 16 
52 17 72 81 56 22 47 44 69 28 81 11 63 56 70 54 14 55 42 30 
23 58 3 6 19 53 28 31 6 47 6 64 12 19 5 21 89 20 33 45 
0 35 20 29 4 30 5 8 17 24 29 41 11 4 18 2 66 3 10 22 
34 1 54 63 38 4 29 26 51 10 63 7 45 38 52 36 32 37 24 12 
31 4 51 60 35 1 26 23 48 7 60 10 42 35 49 33 35 34 21 9 
16 51 4 13 12 46 21 24 1 40 13 57 5 12 2 14 82 13 26 38 
24 59 4 5 20 54 29 32 7 48 5 65 13 20 6 22 90 21 34 46 
46 11 66 75 50 16 41 38 63 22 75 5 57 50 64 48 20 49 36 24 
32 67 12 3 28 62 37 40 15 56 3 73 21 28 14 30 98 29 42 54 
56 21 76 85 60 26 51 48 73 32 85 15 67 60 74 58 10 59 46 34 
23 12 43 52 27 7 18 15 40 1 52 18 34 27 41 25 43 26 13 1 
21 14 41 50 25 9 16 13 38 3 50 20 32 25 39 23 45 24 11 1 
67 32 87 96 71 37 62 59 84 43 96 26 78 71 85 69 1 70 57 45 
40 5 60 69 44 10 35 32 57 16 69 1 51 44 58 42 26 43 30 18 

76 62 48 50 95 53 36 54 42 64 50 33 78 64 86 28 84 64 88 78 
3 11 25 23 22 20 37 19 31 9 23 40 5 9 13 45 11 9 15 5 
3 17 31 29 16 26 43 25 37 15 29 46 1 15 7 51 5 15 9 1 
54 40 26 28 73 31 14 32 20 42 28 11 56 42 64 6 62 42 66 56 
14 28 42 40 5 37 54 36 48 26 40 57 12 26 4 62 6 26 2 12 
42 28 14 16 61 19 2 20 8 30 16 1 44 30 52 6 50 30 54 44 
4 18 32 30 15 27 44 26 38 16 30 47 2 16 6 52 4 16 8 2 
71 57 43 45 90 48 31 49 37 59 45 28 73 59 81 23 79 59 83 73 
48 34 20 22 67 25 8 26 14 36 22 5 50 36 58 0 56 36 60 50 
14 0 14 12 33 9 26 8 20 2 12 29 16 2 24 34 22 2 26 16 
17 3 11 9 36 6 23 5 17 5 9 26 19 5 27 31 25 5 29 19 
64 50 36 38 83 41 24 42 30 52 38 21 66 52 74 16 72 52 76 66 
72 58 44 46 91 49 32 50 38 60 46 29 74 60 82 24 80 60 84 74 
2 12 26 24 21 21 38 20 32 10 24 41 4 10 12 46 10 10 14 4 
80 66 52 54 99 57 40 58 46 68 54 37 82 68 90 32 88 68 92 82 
8 22 36 34 11 31 48 30 42 20 34 51 6 20 2 56 0 20 4 6 
25 11 3 1 44 2 15 3 9 13 1 18 27 13 35 23 33 13 37 27 
27 13 1 1 46 4 13 5 7 15 1 16 29 15 37 21 35 15 39 29 
19 33 47 45 0 42 59 41 53 31 45 62 17 31 9 67 11 31 7 17 
8 6 20 18 27 15 32 14 26 4 18 35 10 4 18 40 16 4 20 10 

64 6 35 94 25 32 92 30 90 48 31 6 54 72 95 83 5 56 1 53 
9 67 38 21 48 41 19 43 17 25 42 67 19 1 22 10 68 17 72 20 
15 73 44 15 54 47 13 49 11 31 48 73 25 7 16 4 74 23 78 26 
42 16 13 72 3 10 70 8 68 26 9 16 32 50 73 61 17 34 21 31 
26 84 55 4 65 58 2 60 0 42 59 84 36 18 5 7 85 34 89 37 
30 28 1 60 9 2 58 4 56 14 3 28 20 38 61 49 29 22 33 19 
16 74 45 14 55 48 12 50 10 32 49 74 26 8 15 3 75 24 79 27 
59 1 30 89 20 27 87 25 85 43 26 1 49 67 90 78 0 51 4 48 
36 22 7 66 3 4 64 2 62 20 3 22 26 44 67 55 23 28 27 25 
2 56 27 32 37 30 30 32 28 14 31 56 8 10 33 21 57 6 61 9 
5 53 24 35 34 27 33 29 31 11 28 53 5 13 36 24 54 3 58 6 
52 6 23 82 13 20 80 18 78 36 19 6 42 60 83 71 7 44 11 41 
60 2 31 90 21 28 88 26 86 44 27 2 50 68 91 79 1 52 3 49 
10 68 39 20 49 42 18 44 16 26 43 68 20 2 21 9 69 18 73 21 
68 10 39 98 29 36 96 34 94 52 35 10 58 76 99 87 9 60 5 57 
20 78 49 10 59 52 8 54 6 36 53 78 30 12 11 1 79 28 83 31 
13 45 16 43 26 19 41 21 39 3 20 45 3 21 44 32 46 5 50 2 
15 43 14 45 24 17 43 19 41 1 18 43 5 23 46 34 44 7 48 4 
31 89 60 1 70 63 3 65 5 47 64 89 41 23 0 12 90 39 94 42 
4 62 33 26 43 36 24 38 22 20 37 62 14 4 27 15 63 12 67 15 

85 22 56 65 48 58 88 37 30 48 1 94 26 10 71 4 7 7 14 74 
12 51 17 8 25 15 15 36 43 25 74 21 47 63 2 69 66 66 59 1 
6 57 23 14 31 21 9 42 49 31 80 15 53 69 8 75 72 72 65 5 
63 0 34 43 26 36 66 15 8 26 23 72 4 12 49 18 15 15 8 52 
5 68 34 25 42 32 2 53 60 42 91 4 64 80 19 86 83 83 76 16 
51 12 22 31 14 24 54 3 4 14 35 60 8 24 37 30 27 27 20 40 
5 58 24 15 32 22 8 43 50 32 81 14 54 70 9 76 73 73 66 6 
80 17 51 60 43 53 83 32 25 43 6 89 21 5 66 1 2 2 9 69 
57 6 28 37 20 30 60 9 2 20 29 66 2 18 43 24 21 21 14 46 
23 40 6 3 14 4 26 25 32 14 63 32 36 52 9 58 55 55 48 12 
26 37 3 6 11 1 29 22 29 11 60 35 33 49 12 55 52 52 45 15 
73 10 44 53 36 46 76 25 18 36 13 82 14 2 59 8 5 5 2 62 
81 18 52 61 44 54 84 33 26 44 5 90 22 6 67 0 3 3 10 70 
11 52 18 9 26 16 14 37 44 26 75 20 48 64 3 70 67 67 60 0 
89 26 60 69 52 62 92 41 34 52 3 98 30 14 75 8 11 11 18 78 
1 62 28 19 36 26 4 47 54 36 85 10 58 74 13 80 77 77 70 10 
34 29 5 14 3 7 37 14 21 3 52 43 25 41 20 47 44 44 37 23 
36 27 7 16 1 9 39 12 19 1 50 45 23 39 22 45 42 42 35 25 
10 73 39 30 47 37 7 58 65 47 96 1 69 85 24 91 88 88 81 21 
17 46 12 3 20 10 20 31 38 20 69 26 42 58 3 64 61 61 54 6 

12 30 64 25 36 43 52 26 5 32 4 90 54 43 19 22 77 83 66 9 
61 43 9 48 37 30 21 47 68 41 69 17 19 30 54 51 4 10 7 64 
67 49 15 54 43 36 27 53 74 47 75 11 25 36 60 57 2 4 13 70 
10 8 42 3 14 21 30 4 17 10 18 68 32 21 3 0 55 61 44 13 
78 60 26 65 54 47 38 64 85 58 86 0 36 47 71 68 13 7 24 81 
22 4 30 9 2 9 18 8 29 2 30 56 20 9 15 12 43 49 32 25 
68 50 16 55 44 37 28 54 75 48 76 10 26 37 61 58 3 3 14 71 
7 25 59 20 31 38 47 21 0 27 1 85 49 38 14 17 72 78 61 4 
16 2 36 3 8 15 24 2 23 4 24 62 26 15 9 6 49 55 38 19 
50 32 2 37 26 19 10 36 57 30 58 28 8 19 43 40 15 21 4 53 
47 29 5 34 23 16 7 33 54 27 55 31 5 16 40 37 18 24 7 50 
0 18 52 13 24 31 40 14 7 20 8 78 42 31 7 10 65 71 54 3 
8 26 60 21 32 39 48 22 1 28 0 86 50 39 15 18 73 79 62 5 
62 44 10 49 38 31 22 48 69 42 70 16 20 31 55 52 3 9 8 65 
16 34 68 29 40 47 56 30 9 36 8 94 58 47 23 26 81 87 70 13 
72 54 20 59 48 41 32 58 79 52 80 6 30 41 65 62 7 1 18 75 
39 21 13 26 15 8 1 25 46 19 47 39 3 8 32 29 26 32 15 42 
37 19 15 24 13 6 3 23 44 17 45 41 5 6 30 27 28 34 17 40 
83 65 31 70 59 52 43 69 90 63 91 5 41 52 76 73 18 12 29 86 
56 38 4 43 32 25 16 42 63 36 64 22 14 25 49 46 9 15 2 59 

62 70 94 71 5 14 59 32 13 56 4 91 35 35 88 23 7 4 84 13 
11 3 21 2 68 59 14 41 60 17 77 18 38 38 15 50 66 69 11 60 
17 9 15 8 74 65 20 47 66 23 83 12 44 44 9 56 72 75 5 66 
40 48 72 49 17 8 37 10 9 34 26 69 13 13 66 1 15 18 62 9 
28 20 4 19 85 76 31 58 77 34 94 1 55 55 2 67 83 86 6 77 
28 36 60 37 29 20 25 2 21 22 38 57 1 1 54 11 27 30 50 21 
18 10 14 9 75 66 21 48 67 24 84 11 45 45 8 57 73 76 4 67 
57 65 89 66 0 9 54 27 8 51 9 86 30 30 83 18 2 1 79 8 
34 42 66 43 23 14 31 4 15 28 32 63 7 7 60 5 21 24 56 15 
0 8 32 9 57 48 3 30 49 6 66 29 27 27 26 39 55 58 22 49 
3 11 35 12 54 45 0 27 46 3 63 32 24 24 29 36 52 55 25 46 
50 58 82 59 7 2 47 20 1 44 16 79 23 23 76 11 5 8 72 1 
58 66 90 67 1 10 55 28 9 52 8 87 31 31 84 19 3 0 80 9 
12 4 20 3 69 60 15 42 61 18 78 17 39 39 14 51 67 70 10 61 
66 74 98 75 9 18 63 36 17 60 0 95 39 39 92 27 11 8 88 17 
22 14 10 13 79 70 25 52 71 28 88 7 49 49 4 61 77 80 0 71 
11 19 43 20 46 37 8 19 38 5 55 40 16 16 37 28 44 47 33 38 
13 21 45 22 44 35 10 17 36 7 53 42 14 14 39 26 42 45 35 36 
33 25 1 24 90 81 36 63 82 39 99 4 60 60 7 72 88 91 11 82 
6 2 26 3 63 54 9 36 55 12 72 23 33 33 20 45 61 64 16 55 

48 34 20 22 67 25 8 26 14 36 22 5 50 36 58 0 56 36 60 50 
13 1 15 13 32 10 27 9 21 1 13 30 15 1 23 35 21 1 25 15 
68 54 40 42 87 45 28 46 34 56 42 25 70 56 78 20 76 56 80 70 
77 63 49 51 96 54 37 55 43 65 51 34 79 65 87 29 85 65 89 79 
52 38 24 26 71 29 12 30 18 40 26 9 54 40 62 4 60 40 64 54 
18 4 10 8 37 5 22 4 16 6 8 25 20 6 28 30 26 6 30 20 
43 29 15 17 62 20 3 21 9 31 17 0 45 31 53 5 51 31 55 45 
40 26 12 14 59 17 0 18 6 28 14 3 42 28 50 8 48 28 52 42 
65 51 37 39 84 42 25 43 31 53 39 22 67 53 75 17 73 53 77 67 
24 10 4 2 43 1 16 2 10 12 2 19 26 12 34 24 32 12 36 26 
77 63 49 51 96 54 37 55 43 65 51 34 79 65 87 29 85 65 89 79 
7 7 21 19 26 16 33 15 27 5 19 36 9 5 17 41 15 5 19 9 
59 45 31 33 78 36 19 37 25 47 33 16 61 47 69 11 67 47 71 61 
52 38 24 26 71 29 12 30 18 40 26 9 54 40 62 4 60 40 64 54 
66 52 38 40 85 43 26 44 32 54 40 23 68 54 76 18 74 54 78 68 
50 36 22 24 69 27 10 28 16 38 24 7 52 38 60 2 58 38 62 52 
18 32 46 44 1 41 58 40 52 30 44 61 16 30 8 66 10 30 6 16 
51 37 23 25 70 28 11 29 17 39 25 8 53 39 61 3 59 39 63 53 
38 24 10 12 57 15 2 16 4 26 12 5 40 26 48 10 46 26 50 40 
26 12 2 0 45 3 14 4 8 14 0 17 28 14 36 22 34 14 38 28 

36 22 7 66 3 4 64 2 62 20 3 22 26 44 67 55 23 28 27 25 
1 57 28 31 38 31 29 33 27 15 32 57 9 9 32 20 58 7 62 10 
56 2 27 86 17 24 84 22 82 40 23 2 46 64 87 75 3 48 7 45 
65 7 36 95 26 33 93 31 91 49 32 7 55 73 96 84 6 57 2 54 
40 18 11 70 1 8 68 6 66 24 7 18 30 48 71 59 19 32 23 29 
6 52 23 36 33 26 34 28 32 10 27 52 4 14 37 25 53 2 57 5 
31 27 2 61 8 1 59 3 57 15 2 27 21 39 62 50 28 23 32 20 
28 30 1 58 11 4 56 6 54 12 5 30 18 36 59 47 31 20 35 17 
53 5 24 83 14 21 81 19 79 37 20 5 43 61 84 72 6 45 10 42 
12 46 17 42 27 20 40 22 38 4 21 46 2 20 43 31 47 4 51 1 
65 7 36 95 26 33 93 31 91 49 32 7 55 73 96 84 6 57 2 54 
5 63 34 25 44 37 23 39 21 21 38 63 15 3 26 14 64 13 68 16 
47 11 18 77 8 15 75 13 73 31 14 11 37 55 78 66 12 39 16 36 
40 18 11 70 1 8 68 6 66 24 7 18 30 48 71 59 19 32 23 29 
54 4 25 84 15 22 82 20 80 38 21 4 44 62 85 73 5 46 9 43 
38 20 9 68 1 6 66 4 64 22 5 20 28 46 69 57 21 30 25 27 
30 88 59 0 69 62 2 64 4 46 63 88 40 22 1 11 89 38 93 41 
39 19 10 69 0 7 67 5 65 23 6 19 29 47 70 58 20 31 24 28 
26 32 3 56 13 6 54 8 52 10 7 32 16 34 57 45 33 18 37 15 
14 44 15 44 25 18 42 20 40 2 19 44 4 22 45 33 45 6 49 3 

57 6 28 37 20 30 60 9 2 20 29 66 2 18 43 24 21 21 14 46 
22 41 7 2 15 5 25 26 33 15 64 31 37 53 8 59 56 56 49 11 
77 14 48 57 40 50 80 29 22 40 9 86 18 2 63 4 1 1 6 66 
86 23 57 66 49 59 89 38 31 49 0 95 27 11 72 5 8 8 15 75 
61 2 32 41 24 34 64 13 6 24 25 70 2 14 47 20 17 17 10 50 
27 36 2 7 10 0 30 21 28 10 59 36 32 48 13 54 51 51 44 16 
52 11 23 32 15 25 55 4 3 15 34 61 7 23 38 29 26 26 19 41 
49 14 20 29 12 22 52 1 6 12 37 58 10 26 35 32 29 29 22 38 
74 11 45 54 37 47 77 26 19 37 12 83 15 1 60 7 4 4 3 63 
33 30 4 13 4 6 36 15 22 4 53 42 26 42 19 48 45 45 38 22 
86 23 57 66 49 59 89 38 31 49 0 95 27 11 72 5 8 8 15 75 
16 47 13 4 21 11 19 32 39 21 70 25 43 59 2 65 62 62 55 5 
68 5 39 48 31 41 71 20 13 31 18 77 9 7 54 13 10 10 3 57 
61 2 32 41 24 34 64 13 6 24 25 70 2 14 47 20 17 17 10 50 
75 12 46 55 38 48 78 27 20 38 11 84 16 0 61 6 3 3 4 64 
59 4 30 39 22 32 62 11 4 22 27 68 0 16 45 22 19 19 12 48 
9 72 38 29 46 36 6 57 64 46 95 0 68 84 23 90 87 87 80 20 
60 3 31 40 23 33 63 12 5 23 26 69 1 15 46 21 18 18 11 49 
47 16 18 27 10 20 50 1 8 10 39 56 12 28 33 34 31 31 24 36 
35 28 6 15 2 8 38 13 20 2 51 44 24 40 21 46 43 43 36 24 

16 2 36 3 8 15 24 2 23 4 24 62 26 15 9 6 49 55 38 19 
51 33 1 38 27 20 11 37 58 31 59 27 9 20 44 41 14 20 3 54 
4 22 56 17 28 35 44 18 3 24 4 82 46 35 11 14 69 75 58 1 
13 31 65 26 37 44 53 27 6 33 5 91 55 44 20 23 78 84 67 10 
12 6 40 1 12 19 28 2 19 8 20 66 30 19 5 2 53 59 42 15 
46 28 6 33 22 15 6 32 53 26 54 32 4 15 39 36 19 25 8 49 
21 3 31 8 3 10 19 7 28 1 29 57 21 10 14 11 44 50 33 24 
24 6 28 11 0 7 16 10 31 4 32 54 18 7 17 14 41 47 30 27 
1 19 53 14 25 32 41 15 6 21 7 79 43 32 8 11 66 72 55 2 
40 22 12 27 16 9 0 26 47 20 48 38 2 9 33 30 25 31 14 43 
13 31 65 26 37 44 53 27 6 33 5 91 55 44 20 23 78 84 67 10 
57 39 5 44 33 26 17 43 64 37 65 21 15 26 50 47 8 14 3 60 
5 13 47 8 19 26 35 9 12 15 13 73 37 26 2 5 60 66 49 8 
12 6 40 1 12 19 28 2 19 8 20 66 30 19 5 2 53 59 42 15 
2 20 54 15 26 33 42 16 5 22 6 80 44 33 9 12 67 73 56 1 
14 4 38 1 10 17 26 0 21 6 22 64 28 17 7 4 51 57 40 17 
82 64 30 69 58 51 42 68 89 62 90 4 40 51 75 72 17 11 28 85 
13 5 39 0 11 18 27 1 20 7 21 65 29 18 6 3 52 58 41 16 
26 8 26 13 2 5 14 12 33 6 34 52 16 5 19 16 39 45 28 29 
38 20 14 25 14 7 2 24 45 18 46 40 4 7 31 28 27 33 16 41 

34 42 66 43 23 14 31 4 15 28 32 63 7 7 60 5 21 24 56 15 
1 7 31 8 58 49 4 31 50 7 67 28 28 28 25 40 56 59 21 50 
54 62 86 63 3 6 51 24 5 48 12 83 27 27 80 15 1 4 76 5 
63 71 95 72 6 15 60 33 14 57 3 92 36 36 89 24 8 5 85 14 
38 46 70 47 19 10 35 8 11 32 28 67 11 11 64 1 17 20 60 11 
4 12 36 13 53 44 1 26 45 2 62 33 23 23 30 35 51 54 26 45 
29 37 61 38 28 19 26 1 20 23 37 58 2 2 55 10 26 29 51 20 
26 34 58 35 31 22 23 4 23 20 40 55 1 1 52 13 29 32 48 23 
51 59 83 60 6 3 48 21 2 45 15 80 24 24 77 12 4 7 73 2 
10 18 42 19 47 38 7 20 39 4 56 39 17 17 36 29 45 48 32 39 
63 71 95 72 6 15 60 33 14 57 3 92 36 36 89 24 8 5 85 14 
7 1 25 2 64 55 10 37 56 13 73 22 34 34 19 46 62 65 15 56 
45 53 77 54 12 3 42 15 4 39 21 74 18 18 71 6 10 13 67 4 
38 46 70 47 19 10 35 8 11 32 28 67 11 11 64 1 17 20 60 11 
52 60 84 61 5 4 49 22 3 46 14 81 25 25 78 13 3 6 74 3 
36 44 68 45 21 12 33 6 13 30 30 65 9 9 62 3 19 22 58 13 
32 24 0 23 89 80 35 62 81 38 98 3 59 59 6 71 87 90 10 81 
37 45 69 46 20 11 34 7 12 31 29 66 10 10 63 2 18 21 59 12 
24 32 56 33 33 24 21 6 25 18 42 53 3 3 50 15 31 34 46 25 
12 20 44 21 45 36 9 18 37 6 54 41 15 15 38 27 43 46 34 37 

12 70 41 18 51 44 16 46 14 28 45 70 22 4 19 7 71 20 75 23 
2 56 27 32 37 30 30 32 28 14 31 56 8 10 33 21 57 6 61 9 
16 42 13 46 23 16 44 18 42 0 17 42 6 24 47 35 43 8 47 5 
14 44 15 44 25 18 42 20 40 2 19 44 4 22 45 33 45 6 49 3 
31 89 60 1 70 63 3 65 5 47 64 89 41 23 0 12 90 39 94 42 
11 47 18 41 28 21 39 23 37 5 22 47 1 19 42 30 48 3 52 0 
28 30 1 58 11 4 56 6 54 12 5 30 18 36 59 47 31 20 35 17 
10 48 19 40 29 22 38 24 36 6 23 48 0 18 41 29 49 2 53 1 
22 36 7 52 17 10 50 12 48 6 11 36 12 30 53 41 37 14 41 11 
0 58 29 30 39 32 28 34 26 16 33 58 10 8 31 19 59 8 63 11 
14 44 15 44 25 18 42 20 40 2 19 44 4 22 45 33 45 6 49 3 
31 27 2 61 8 1 59 3 57 15 2 27 21 39 62 50 28 23 32 20 
14 72 43 16 53 46 14 48 12 30 47 72 24 6 17 5 73 22 77 25 
0 58 29 30 39 32 28 34 26 16 33 58 10 8 31 19 59 8 63 11 
22 80 51 8 61 54 6 56 4 38 55 80 32 14 9 3 81 30 85 33 
36 22 7 66 3 4 64 2 62 20 3 22 26 44 67 55 23 28 27 25 
20 78 49 10 59 52 8 54 6 36 53 78 30 12 11 1 79 28 83 31 
0 58 29 30 39 32 28 34 26 16 33 58 10 8 31 19 59 8 63 11 
24 82 53 6 63 56 4 58 2 40 57 82 34 16 7 5 83 32 87 35 
14 72 43 16 53 46 14 48 12 30 47 72 24 6 17 5 73 22 77 25 

9 54 20 11 28 18 12 39 46 28 77 18 50 66 5 72 69 69 62 2 
23 40 6 3 14 4 26 25 32 14 63 32 36 52 9 58 55 55 48 12 
37 26 8 17 0 10 40 11 18 0 49 46 22 38 23 44 41 41 34 26 
35 28 6 15 2 8 38 13 20 2 51 44 24 40 21 46 43 43 36 24 
10 73 39 30 47 37 7 58 65 47 96 1 69 85 24 91 88 88 81 21 
32 31 3 12 5 5 35 16 23 5 54 41 27 43 18 49 46 46 39 21 
49 14 20 29 12 22 52 1 6 12 37 58 10 26 35 32 29 29 22 38 
31 32 2 11 6 4 34 17 24 6 55 40 28 44 17 50 47 47 40 20 
43 20 14 23 6 16 46 5 12 6 43 52 16 32 29 38 35 35 28 32 
21 42 8 1 16 6 24 27 34 16 65 30 38 54 7 60 57 57 50 10 
35 28 6 15 2 8 38 13 20 2 51 44 24 40 21 46 43 43 36 24 
52 11 23 32 15 25 55 4 3 15 34 61 7 23 38 29 26 26 19 41 
7 56 22 13 30 20 10 41 48 30 79 16 52 68 7 74 71 71 64 4 
21 42 8 1 16 6 24 27 34 16 65 30 38 54 7 60 57 57 50 10 
1 64 30 21 38 28 2 49 56 38 87 8 60 76 15 82 79 79 72 12 
57 6 28 37 20 30 60 9 2 20 29 66 2 18 43 24 21 21 14 46 
1 62 28 19 36 26 4 47 54 36 85 10 58 74 13 80 77 77 70 10 
21 42 8 1 16 6 24 27 34 16 65 30 38 54 7 60 57 57 50 10 
3 66 32 23 40 30 0 51 58 40 89 6 62 78 17 84 81 81 74 14 
7 56 22 13 30 20 10 41 48 30 79 16 52 68 7 74 71 71 64 4 

64 46 12 51 40 33 24 50 71 44 72 14 22 33 57 54 1 7 10 67 
50 32 2 37 26 19 10 36 57 30 58 28 8 19 43 40 15 21 4 53 
36 18 16 23 12 5 4 22 43 16 44 42 6 5 29 26 29 35 18 39 
38 20 14 25 14 7 2 24 45 18 46 40 4 7 31 28 27 33 16 41 
83 65 31 70 59 52 43 69 90 63 91 5 41 52 76 73 18 12 29 86 
41 23 11 28 17 10 1 27 48 21 49 37 1 10 34 31 24 30 13 44 
24 6 28 11 0 7 16 10 31 4 32 54 18 7 17 14 41 47 30 27 
42 24 10 29 18 11 2 28 49 22 50 36 0 11 35 32 23 29 12 45 
30 12 22 17 6 1 10 16 37 10 38 48 12 1 23 20 35 41 24 33 
52 34 0 39 28 21 12 38 59 32 60 26 10 21 45 42 13 19 2 55 
38 20 14 25 14 7 2 24 45 18 46 40 4 7 31 28 27 33 16 41 
21 3 31 8 3 10 19 7 28 1 29 57 21 10 14 11 44 50 33 24 
66 48 14 53 42 35 26 52 73 46 74 12 24 35 59 56 1 5 12 69 
52 34 0 39 28 21 12 38 59 32 60 26 10 21 45 42 13 19 2 55 
74 56 22 61 50 43 34 60 81 54 82 4 32 43 67 64 9 3 20 77 
16 2 36 3 8 15 24 2 23 4 24 62 26 15 9 6 49 55 38 19 
72 54 20 59 48 41 32 58 79 52 80 6 30 41 65 62 7 1 18 75 
52 34 0 39 28 21 12 38 59 32 60 26 10 21 45 42 13 19 2 55 
76 58 24 63 52 45 36 62 83 56 84 2 34 45 69 66 11 5 22 79 
66 48 14 53 42 35 26 52 73 46 74 12 24 35 59 56 1 5 12 69 

14 6 18 5 71 62 17 44 63 20 80 15 41 41 12 53 69 72 8 63 
0 8 32 9 57 48 3 30 49 6 66 29 27 27 26 39 55 58 22 49 
14 22 46 23 43 34 11 16 35 8 52 43 13 13 40 25 41 44 36 35 
12 20 44 21 45 36 9 18 37 6 54 41 15 15 38 27 43 46 34 37 
33 25 1 24 90 81 36 63 82 39 99 4 60 60 7 72 88 91 11 82 
9 17 41 18 48 39 6 21 40 3 57 38 18 18 35 30 46 49 31 40 
26 34 58 35 31 22 23 4 23 20 40 55 1 1 52 13 29 32 48 23 
8 16 40 17 49 40 5 22 41 2 58 37 19 19 34 31 47 50 30 41 
20 28 52 29 37 28 17 10 29 14 46 49 7 7 46 19 35 38 42 29 
2 6 30 7 59 50 5 32 51 8 68 27 29 29 24 41 57 60 20 51 
12 20 44 21 45 36 9 18 37 6 54 41 15 15 38 27 43 46 34 37 
29 37 61 38 28 19 26 1 20 23 37 58 2 2 55 10 26 29 51 20 
16 8 16 7 73 64 19 46 65 22 82 13 43 43 10 55 71 74 6 65 
2 6 30 7 59 50 5 32 51 8 68 27 29 29 24 41 57 60 20 51 
24 16 8 15 81 72 27 54 73 30 90 5 51 51 2 63 79 82 2 73 
34 42 66 43 23 14 31 4 15 28 32 63 7 7 60 5 21 24 56 15 
22 14 10 13 79 70 25 52 71 28 88 7 49 49 4 61 77 80 0 71 
2 6 30 7 59 50 5 32 51 8 68 27 29 29 24 41 57 60 20 51 
26 18 6 17 83 74 29 56 75 32 92 3 53 53 0 65 81 84 4 75 
16 8 16 7 73 64 19 46 65 22 82 13 43 43 10 55 71 74 6 65 

21 42 8 1 16 6 24 27 34 16 65 30 38 54 7 60 57 57 50 10 
79 16 50 59 42 52 82 31 24 42 7 88 20 4 65 2 1 1 8 68 
50 13 21 30 13 23 53 2 5 13 36 59 9 25 36 31 28 28 21 39 
9 72 38 29 46 36 6 57 64 46 95 0 68 84 23 90 87 87 80 20 
60 3 31 40 23 33 63 12 5 23 26 69 1 15 46 21 18 18 11 49 
53 10 24 33 16 26 56 5 2 16 33 62 6 22 39 28 25 25 18 42 
7 70 36 27 44 34 4 55 62 44 93 2 66 82 21 88 85 85 78 18 
55 8 26 35 18 28 58 7 0 18 31 64 4 20 41 26 23 23 16 44 
5 68 34 25 42 32 2 53 60 42 91 4 64 80 19 86 83 83 76 16 
37 26 8 17 0 10 40 11 18 0 49 46 22 38 23 44 41 41 34 26 
54 9 25 34 17 27 57 6 1 17 32 63 5 21 40 27 24 24 17 43 
79 16 50 59 42 52 82 31 24 42 7 88 20 4 65 2 1 1 8 68 
31 32 2 11 6 4 34 17 24 6 55 40 28 44 17 50 47 47 40 20 
13 50 16 7 24 14 16 35 42 24 73 22 46 62 1 68 65 65 58 2 
10 73 39 30 47 37 7 58 65 47 96 1 69 85 24 91 88 88 81 21 
2 61 27 18 35 25 5 46 53 35 84 11 57 73 12 79 76 76 69 9 
80 17 51 60 43 53 83 32 25 43 6 89 21 5 66 1 2 2 9 69 
29 34 0 9 8 2 32 19 26 8 57 38 30 46 15 52 49 49 42 18 
84 21 55 64 47 57 87 36 29 47 2 93 25 9 70 3 6 6 13 73 
32 31 3 12 5 5 35 16 23 5 54 41 27 43 18 49 46 46 39 21 

52 34 0 39 28 21 12 38 59 32 60 26 10 21 45 42 13 19 2 55 
6 24 58 19 30 37 46 20 1 26 2 84 48 37 13 16 71 77 60 3 
23 5 29 10 1 8 17 9 30 3 31 55 19 8 16 13 42 48 31 26 
82 64 30 69 58 51 42 68 89 62 90 4 40 51 75 72 17 11 28 85 
13 5 39 0 11 18 27 1 20 7 21 65 29 18 6 3 52 58 41 16 
20 2 32 7 4 11 20 6 27 0 28 58 22 11 13 10 45 51 34 23 
80 62 28 67 56 49 40 66 87 60 88 2 38 49 73 70 15 9 26 83 
18 0 34 5 6 13 22 4 25 2 26 60 24 13 11 8 47 53 36 21 
78 60 26 65 54 47 38 64 85 58 86 0 36 47 71 68 13 7 24 81 
36 18 16 23 12 5 4 22 43 16 44 42 6 5 29 26 29 35 18 39 
19 1 33 6 5 12 21 5 26 1 27 59 23 12 12 9 46 52 35 22 
6 24 58 19 30 37 46 20 1 26 2 84 48 37 13 16 71 77 60 3 
42 24 10 29 18 11 2 28 49 22 50 36 0 11 35 32 23 29 12 45 
60 42 8 47 36 29 20 46 67 40 68 18 18 29 53 50 5 11 6 63 
83 65 31 70 59 52 43 69 90 63 91 5 41 52 76 73 18 12 29 86 
71 53 19 58 47 40 31 57 78 51 79 7 29 40 64 61 6 0 17 74 
7 25 59 20 31 38 47 21 0 27 1 85 49 38 14 17 72 78 61 4 
44 26 8 31 20 13 4 30 51 24 52 34 2 13 37 34 21 27 10 47 
11 29 63 24 35 42 51 25 4 31 3 89 53 42 18 21 76 82 65 8 
41 23 11 28 17 10 1 27 48 21 49 37 1 10 34 31 24 30 13 44 

2 6 30 7 59 50 5 32 51 8 68 27 29 29 24 41 57 60 20 51 
56 64 88 65 1 8 53 26 7 50 10 85 29 29 82 17 1 2 78 7 
27 35 59 36 30 21 24 3 22 21 39 56 0 0 53 12 28 31 49 22 
32 24 0 23 89 80 35 62 81 38 98 3 59 59 6 71 87 90 10 81 
37 45 69 46 20 11 34 7 12 31 29 66 10 10 63 2 18 21 59 12 
30 38 62 39 27 18 27 0 19 24 36 59 3 3 56 9 25 28 52 19 
30 22 2 21 87 78 33 60 79 36 96 1 57 57 4 69 85 88 8 79 
32 40 64 41 25 16 29 2 17 26 34 61 5 5 58 7 23 26 54 17 
28 20 4 19 85 76 31 58 77 34 94 1 55 55 2 67 83 86 6 77 
14 22 46 23 43 34 11 16 35 8 52 43 13 13 40 25 41 44 36 35 
31 39 63 40 26 17 28 1 18 25 35 60 4 4 57 8 24 27 53 18 
56 64 88 65 1 8 53 26 7 50 10 85 29 29 82 17 1 2 78 7 
8 16 40 17 49 40 5 22 41 2 58 37 19 19 34 31 47 50 30 41 
10 2 22 1 67 58 13 40 59 16 76 19 37 37 16 49 65 68 12 59 
33 25 1 24 90 81 36 63 82 39 99 4 60 60 7 72 88 91 11 82 
21 13 11 12 78 69 24 51 70 27 87 8 48 48 5 60 76 79 1 70 
57 65 89 66 0 9 54 27 8 51 9 86 30 30 83 18 2 1 79 8 
6 14 38 15 51 42 3 24 43 0 60 35 21 21 32 33 49 52 28 43 
61 69 93 70 4 13 58 31 12 55 5 90 34 34 87 22 6 3 83 12 
9 17 41 18 48 39 6 21 40 3 57 38 18 18 35 30 46 49 31 40 

73 55 21 60 49 42 33 59 80 53 81 5 31 42 66 63 8 2 19 76 
10 8 42 3 14 21 30 4 17 10 18 68 32 21 3 0 55 61 44 13 
44 26 8 31 20 13 4 30 51 24 52 34 2 13 37 34 21 27 10 47 
53 35 1 40 29 22 13 39 60 33 61 25 11 22 46 43 12 18 1 56 
36 18 16 23 12 5 4 22 43 16 44 42 6 5 29 26 29 35 18 39 
46 28 6 33 22 15 6 32 53 26 54 32 4 15 39 36 19 25 8 49 
76 58 24 63 52 45 36 62 83 56 84 2 34 45 69 66 11 5 22 79 
25 7 27 12 1 6 15 11 32 5 33 53 17 6 18 15 40 46 29 28 
18 0 34 5 6 13 22 4 25 2 26 60 24 13 11 8 47 53 36 21 
36 18 16 23 12 5 4 22 43 16 44 42 6 5 29 26 29 35 18 39 
13 31 65 26 37 44 53 27 6 33 5 91 55 44 20 23 78 84 67 10 
82 64 30 69 58 51 42 68 89 62 90 4 40 51 75 72 17 11 28 85 
14 4 38 1 10 17 26 0 21 6 22 64 28 17 7 4 51 57 40 17 
2 20 54 15 26 33 42 16 5 22 6 80 44 33 9 12 67 73 56 1 
59 41 7 46 35 28 19 45 66 39 67 19 17 28 52 49 6 12 5 62 
8 26 60 21 32 39 48 22 1 28 0 86 50 39 15 18 73 79 62 5 
5 23 57 18 29 36 45 19 2 25 3 83 47 36 12 15 70 76 59 2 
5 23 57 18 29 36 45 19 2 25 3 83 47 36 12 15 70 76 59 2 
2 16 50 11 22 29 38 12 9 18 10 76 40 29 5 8 63 69 52 5 
62 44 10 49 38 31 22 48 69 42 70 16 20 31 55 52 3 9 8 65 

23 15 9 14 80 71 26 53 72 29 89 6 50 50 3 62 78 81 1 72 
40 48 72 49 17 8 37 10 9 34 26 69 13 13 66 1 15 18 62 9 
6 14 38 15 51 42 3 24 43 0 60 35 21 21 32 33 49 52 28 43 
3 5 29 6 60 51 6 33 52 9 69 26 30 30 23 42 58 61 19 52 
14 22 46 23 43 34 11 16 35 8 52 43 13 13 40 25 41 44 36 35 
4 12 36 13 53 44 1 26 45 2 62 33 23 23 30 35 51 54 26 45 
26 18 6 17 83 74 29 56 75 32 92 3 53 53 0 65 81 84 4 75 
25 33 57 34 32 23 22 5 24 19 41 54 2 2 51 14 30 33 47 24 
32 40 64 41 25 16 29 2 17 26 34 61 5 5 58 7 23 26 54 17 
14 22 46 23 43 34 11 16 35 8 52 43 13 13 40 25 41 44 36 35 
63 71 95 72 6 15 60 33 14 57 3 92 36 36 89 24 8 5 85 14 
32 24 0 23 89 80 35 62 81 38 98 3 59 59 6 71 87 90 10 81 
36 44 68 45 21 12 33 6 13 30 30 65 9 9 62 3 19 22 58 13 
52 60 84 61 5 4 49 22 3 46 14 81 25 25 78 13 3 6 74 3 
9 1 23 0 66 57 12 39 58 15 75 20 36 36 17 48 64 67 13 58 
58 66 90 67 1 10 55 28 9 52 8 87 31 31 84 19 3 0 80 9 
55 63 87 64 2 7 52 25 6 49 11 84 28 28 81 16 0 3 77 6 
55 63 87 64 2 7 52 25 6 49 11 84 28 28 81 16 0 3 77 6 
48 56 80 57 9 0 45 18 1 42 18 77 21 21 74 9 7 10 70 1 
12 4 20 3 69 60 15 42 61 18 78 17 39 39 14 51 67 70 10 61 

50 58 82 59 7 2 47 20 1 44 16 79 23 23 76 11 5 8 72 1 
32 40 64 41 25 16 29 2 17 26 34 61 5 5 58 7 23 26 54 17 
2 6 30 7 59 50 5 32 51 8 68 27 29 29 24 41 57 60 20 51 
37 45 69 46 20 11 34 7 12 31 29 66 10 10 63 2 18 21 59 12 
26 34 58 35 31 22 23 4 23 20 40 55 1 1 52 13 29 32 48 23 
19 27 51 28 38 29 16 11 30 13 47 48 8 8 45 20 36 39 41 30 
10 18 42 19 47 38 7 20 39 4 56 39 17 17 36 29 45 48 32 39 
36 44 68 45 21 12 33 6 13 30 30 65 9 9 62 3 19 22 58 13 
57 65 89 66 0 9 54 27 8 51 9 86 30 30 83 18 2 1 79 8 
30 38 62 39 27 18 27 0 19 24 36 59 3 3 56 9 25 28 52 19 
58 66 90 67 1 10 55 28 9 52 8 87 31 31 84 19 3 0 80 9 
28 20 4 19 85 76 31 58 77 34 94 1 55 55 2 67 83 86 6 77 
8 16 40 17 49 40 5 22 41 2 58 37 19 19 34 31 47 50 30 41 
19 27 51 28 38 29 16 11 30 13 47 48 8 8 45 20 36 39 41 30 
43 51 75 52 14 5 40 13 6 37 23 72 16 16 69 4 12 15 65 6 
40 48 72 49 17 8 37 10 9 34 26 69 13 13 66 1 15 18 62 9 
15 7 17 6 72 63 18 45 64 21 81 14 42 42 11 54 70 73 7 64 
21 13 11 12 78 69 24 51 70 27 87 8 48 48 5 60 76 79 1 70 
4 4 28 5 61 52 7 34 53 10 70 25 31 31 22 43 59 62 18 53 
53 61 85 62 4 5 50 23 4 47 13 82 26 26 79 14 2 5 75 4 

