16 11 

72 9 62 12 25 42 64 47 16 33 29 51 24 7 40 25 
7 74 3 53 40 23 1 18 49 32 36 14 89 72 25 40 
33 48 23 27 14 3 25 8 23 6 10 12 63 46 1 14 
54 27 44 6 7 24 46 29 2 15 11 33 42 25 22 7 
61 20 51 1 14 31 53 36 5 22 18 40 35 18 29 14 
80 1 70 20 33 50 72 55 24 41 37 59 16 1 48 33 
1 80 9 59 46 29 7 24 55 38 42 20 95 78 31 46 
26 55 16 34 21 4 18 1 30 13 17 5 70 53 6 21 
24 57 14 36 23 6 16 1 32 15 19 3 72 55 8 23 
38 43 28 22 9 8 30 13 18 1 5 17 58 41 6 9 
40 41 30 20 7 10 32 15 16 1 3 19 56 39 8 7 
17 64 7 43 30 13 9 8 39 22 26 4 79 62 15 30 
11 70 1 49 36 19 3 14 45 28 32 10 85 68 21 36 
76 5 66 16 29 46 68 51 20 37 33 55 20 3 44 29 
22 59 12 38 25 8 14 3 34 17 21 1 74 57 10 25 
13 68 3 47 34 17 5 12 43 26 30 8 83 66 19 34 

1 42 75 72 41 23 9 4 56 3 7 22 23 3 24 7 
64 23 10 7 24 88 56 69 9 62 72 87 42 62 89 58 
38 3 36 33 2 62 30 43 17 36 46 61 16 36 63 32 
17 24 57 54 23 41 9 22 38 15 25 40 5 15 42 11 
10 31 64 61 30 34 2 15 45 8 18 33 12 8 35 4 
9 50 83 80 49 15 17 4 64 11 1 14 31 11 16 15 
70 29 4 1 30 94 62 75 15 68 78 93 48 68 95 64 
45 4 29 26 5 69 37 50 10 43 53 68 23 43 70 39 
47 6 27 24 7 71 39 52 8 45 55 70 25 45 72 41 
33 8 41 38 7 57 25 38 22 31 41 56 11 31 58 27 
31 10 43 40 9 55 23 36 24 29 39 54 9 29 56 25 
54 13 20 17 14 78 46 59 1 52 62 77 32 52 79 48 
60 19 14 11 20 84 52 65 5 58 68 83 38 58 85 54 
5 46 79 76 45 19 13 0 60 7 3 18 27 7 20 11 
49 8 25 22 9 73 41 54 6 47 57 72 27 47 74 43 
58 17 16 13 18 82 50 63 3 56 66 81 36 56 83 52 

25 17 54 34 6 48 72 26 36 74 19 6 9 20 44 45 
40 48 11 31 59 17 7 39 29 9 84 71 56 85 21 20 
14 22 15 5 33 9 33 13 3 35 58 45 30 59 5 6 
7 1 36 16 12 30 54 8 18 56 37 24 9 38 26 27 
14 6 43 23 5 37 61 15 25 63 30 17 2 31 33 34 
33 25 62 42 14 56 80 34 44 82 11 2 17 12 52 53 
46 54 17 37 65 23 1 45 35 3 90 77 62 91 27 26 
21 29 8 12 40 2 26 20 10 28 65 52 37 66 2 1 
23 31 6 14 42 0 24 22 12 26 67 54 39 68 4 3 
9 17 20 0 28 14 38 8 2 40 53 40 25 54 10 11 
7 15 22 2 26 16 40 6 4 42 51 38 23 52 12 13 
30 38 1 21 49 7 17 29 19 19 74 61 46 75 11 10 
36 44 7 27 55 13 11 35 25 13 80 67 52 81 17 16 
29 21 58 38 10 52 76 30 40 78 15 2 13 16 48 49 
25 33 4 16 44 2 22 24 14 24 69 56 41 70 6 5 
34 42 5 25 53 11 13 33 23 15 78 65 50 79 15 14 

58 6 19 41 8 66 30 20 55 61 34 24 28 20 56 2 
7 71 84 24 57 1 35 85 10 4 31 89 37 85 9 63 
19 45 58 2 31 27 9 59 16 22 5 63 11 59 17 37 
40 24 37 23 10 48 12 38 37 43 16 42 10 38 38 16 
47 17 30 30 3 55 19 31 44 50 23 35 17 31 45 9 
66 2 11 49 16 74 38 12 63 69 42 16 36 12 64 10 
13 77 90 30 63 5 41 91 16 10 37 95 43 91 15 69 
12 52 65 5 38 20 16 66 9 15 12 70 18 66 10 44 
10 54 67 7 40 18 18 68 7 13 14 72 20 68 8 46 
24 40 53 7 26 32 4 54 21 27 0 58 6 54 22 32 
26 38 51 9 24 34 2 52 23 29 2 56 4 52 24 30 
3 61 74 14 47 11 25 75 0 6 21 79 27 75 1 53 
3 67 80 20 53 5 31 81 6 0 27 85 33 81 5 59 
62 2 15 45 12 70 34 16 59 65 38 20 32 16 60 6 
8 56 69 9 42 16 20 70 5 11 16 74 22 70 6 48 
1 65 78 18 51 7 29 79 4 2 25 83 31 79 3 57 

29 43 29 10 5 13 23 9 12 2 19 14 74 4 47 2 
36 22 36 55 70 78 88 56 77 63 46 51 9 69 18 67 
10 4 10 29 44 52 62 30 51 37 20 25 35 43 8 41 
11 25 11 8 23 31 41 9 30 16 1 4 56 22 29 20 
18 32 18 1 16 24 34 2 23 9 8 3 63 15 36 13 
37 51 37 18 3 5 15 17 4 10 27 22 82 4 55 6 
42 28 42 61 76 84 94 62 83 69 52 57 3 75 24 73 
17 3 17 36 51 59 69 37 58 44 27 32 28 50 1 48 
19 5 19 38 53 61 71 39 60 46 29 34 26 52 1 50 
5 9 5 24 39 47 57 25 46 32 15 20 40 38 13 36 
3 11 3 22 37 45 55 23 44 30 13 18 42 36 15 34 
26 12 26 45 60 68 78 46 67 53 36 41 19 59 8 57 
32 18 32 51 66 74 84 52 73 59 42 47 13 65 14 63 
33 47 33 14 1 9 19 13 8 6 23 18 78 0 51 2 
21 7 21 40 55 63 73 41 62 48 31 36 24 54 3 52 
30 16 30 49 64 72 82 50 71 57 40 45 15 63 12 61 

36 71 44 1 21 64 35 18 8 68 73 22 60 39 16 57 
29 6 21 66 86 1 30 83 73 3 8 43 5 26 49 8 
3 32 5 40 60 25 4 57 47 29 34 17 21 0 23 18 
18 53 26 19 39 46 17 36 26 50 55 4 42 21 2 39 
25 60 33 12 32 53 24 29 19 57 62 11 49 28 5 46 
44 79 52 7 13 72 43 10 0 76 81 30 68 47 24 65 
35 0 27 72 92 7 36 89 79 3 2 49 11 32 55 14 
10 25 2 47 67 18 11 64 54 22 27 24 14 7 30 11 
12 23 4 49 69 16 13 66 56 20 25 26 12 9 32 9 
2 37 10 35 55 30 1 52 42 34 39 12 26 5 18 23 
4 39 12 33 53 32 3 50 40 36 41 10 28 7 16 25 
19 16 11 56 76 9 20 73 63 13 18 33 5 16 39 2 
25 10 17 62 82 3 26 79 69 7 12 39 1 22 45 4 
40 75 48 3 17 68 39 14 4 72 77 26 64 43 20 61 
14 21 6 51 71 14 15 68 58 18 23 28 10 11 34 7 
23 12 15 60 80 5 24 77 67 9 14 37 1 20 43 2 

1 21 48 72 22 34 44 4 1 68 66 15 33 13 43 37 
66 44 17 7 43 31 21 69 66 3 1 80 32 78 22 28 
40 18 9 33 17 5 5 43 40 29 27 54 6 52 4 2 
19 3 30 54 4 16 26 22 19 50 48 33 15 31 25 19 
12 10 37 61 11 23 33 15 12 57 55 26 22 24 32 26 
7 29 56 80 30 42 52 4 7 76 74 7 41 5 51 45 
72 50 23 1 49 37 27 75 72 3 5 86 38 84 28 34 
47 25 2 26 24 12 2 50 47 22 20 61 13 59 3 9 
49 27 0 24 26 14 4 52 49 20 18 63 15 61 5 11 
35 13 14 38 12 0 10 38 35 34 32 49 1 47 9 3 
33 11 16 40 10 2 12 36 33 36 34 47 1 45 11 5 
56 34 7 17 33 21 11 59 56 13 11 70 22 68 12 18 
62 40 13 11 39 27 17 65 62 7 5 76 28 74 18 24 
3 25 52 76 26 38 48 0 3 72 70 11 37 9 47 41 
51 29 2 22 28 16 6 54 51 18 16 65 17 63 7 13 
60 38 11 13 37 25 15 63 60 9 7 74 26 72 16 22 

57 12 31 15 14 19 15 46 12 4 36 34 50 42 67 11 
8 53 34 80 79 46 50 19 53 69 29 31 15 23 2 76 
18 27 8 54 53 20 24 7 27 43 3 5 11 3 28 50 
39 6 13 33 32 1 3 28 6 22 18 16 32 24 49 29 
46 1 20 26 25 8 4 35 1 15 25 23 39 31 56 22 
65 20 39 7 6 27 23 54 20 4 44 42 58 50 75 3 
14 59 40 86 85 52 56 25 59 75 35 37 21 29 4 82 
11 34 15 61 60 27 31 0 34 50 10 12 4 4 21 57 
9 36 17 63 62 29 33 2 36 52 12 14 2 6 19 59 
23 22 3 49 48 15 19 12 22 38 2 0 16 8 33 45 
25 20 1 47 46 13 17 14 20 36 4 2 18 10 35 43 
2 43 24 70 69 36 40 9 43 59 19 21 5 13 12 66 
4 49 30 76 75 42 46 15 49 65 25 27 11 19 6 72 
61 16 35 11 10 23 19 50 16 0 40 38 54 46 71 7 
7 38 19 65 64 31 35 4 38 54 14 16 0 8 17 61 
2 47 28 74 73 40 44 13 47 63 23 25 9 17 8 70 

7 40 39 37 66 17 44 55 22 72 9 4 17 24 14 3 
72 25 26 28 1 48 21 10 43 7 74 61 82 41 51 62 
46 1 0 2 27 22 5 16 17 33 48 35 56 15 25 36 
25 22 21 19 48 1 26 37 4 54 27 14 35 6 4 15 
18 29 28 26 55 6 33 44 11 61 20 7 28 13 3 8 
1 48 47 45 74 25 52 63 30 80 1 12 9 32 22 11 
78 31 32 34 5 54 27 16 49 1 80 67 88 47 57 68 
53 6 7 9 20 29 2 9 24 26 55 42 63 22 32 43 
55 8 9 11 18 31 4 7 26 24 57 44 65 24 34 45 
41 6 5 3 32 17 10 21 12 38 43 30 51 10 20 31 
39 8 7 5 34 15 12 23 10 40 41 28 49 8 18 29 
62 15 16 18 11 38 11 0 33 17 64 51 72 31 41 52 
68 21 22 24 5 44 17 6 39 11 70 57 78 37 47 58 
3 44 43 41 70 21 48 59 26 76 5 8 13 28 18 7 
57 10 11 13 16 33 6 5 28 22 59 46 67 26 36 47 
66 19 20 22 7 42 15 4 37 13 68 55 76 35 45 56 

69 11 24 0 14 9 48 72 6 73 70 15 70 66 23 75 
4 54 89 65 79 74 17 7 71 8 5 80 5 1 88 10 
30 28 63 39 53 48 9 33 45 34 31 54 31 27 62 36 
51 7 42 18 32 27 30 54 24 55 52 33 52 48 41 57 
58 0 35 11 25 20 37 61 17 62 59 26 59 55 34 64 
77 19 16 8 6 1 56 80 2 81 78 7 78 74 15 83 
2 60 95 71 85 80 23 1 77 2 1 86 1 5 94 4 
23 35 70 46 60 55 2 26 52 27 24 61 24 20 69 29 
21 37 72 48 62 57 0 24 54 25 22 63 22 18 71 27 
35 23 58 34 48 43 14 38 40 39 36 49 36 32 57 41 
37 21 56 32 46 41 16 40 38 41 38 47 38 34 55 43 
14 44 79 55 69 64 7 17 61 18 15 70 15 11 78 20 
8 50 85 61 75 70 13 11 67 12 9 76 9 5 84 14 
73 15 20 4 10 5 52 76 2 77 74 11 74 70 19 79 
19 39 74 50 64 59 2 22 56 23 20 65 20 16 73 25 
10 48 83 59 73 68 11 13 65 14 11 74 11 7 82 16 

71 30 3 0 31 95 63 76 16 69 79 94 49 69 96 65 
10 51 84 81 50 14 18 5 65 12 2 13 32 12 15 16 
61 20 13 10 21 85 53 66 6 59 69 84 39 59 86 55 
11 30 63 60 29 35 3 16 44 9 19 34 11 9 36 5 
24 17 50 47 16 48 16 29 31 22 32 47 2 22 49 18 
41 0 33 30 1 65 33 46 14 39 49 64 19 39 66 35 
63 22 11 8 23 87 55 68 8 61 71 86 41 61 88 57 
46 5 28 25 6 70 38 51 9 44 54 69 24 44 71 40 
15 26 59 56 25 39 7 20 40 13 23 38 7 13 40 9 
32 9 42 39 8 56 24 37 23 30 40 55 10 30 57 26 
28 13 46 43 12 52 20 33 27 26 36 51 6 26 53 22 
50 9 24 21 10 74 42 55 5 48 58 73 28 48 75 44 
25 66 99 96 65 1 33 20 80 27 17 2 47 27 0 31 
8 49 82 79 48 16 16 3 63 10 0 15 30 10 17 14 
39 2 35 32 1 63 31 44 16 37 47 62 17 37 64 33 
24 17 50 47 16 48 16 29 31 22 32 47 2 22 49 18 

47 55 18 38 66 24 0 46 36 2 91 78 63 92 28 27 
34 26 63 43 15 57 81 35 45 83 10 3 18 11 53 54 
37 45 8 28 56 14 10 36 26 12 81 68 53 82 18 17 
13 5 42 22 6 36 60 14 24 62 31 18 3 32 32 33 
0 8 29 9 19 23 47 1 11 49 44 31 16 45 19 20 
17 25 12 8 36 6 30 16 6 32 61 48 33 62 2 3 
39 47 10 30 58 16 8 38 28 10 83 70 55 84 20 19 
22 30 7 13 41 1 25 21 11 27 66 53 38 67 3 2 
9 1 38 18 10 32 56 10 20 58 35 22 7 36 28 29 
8 16 21 1 27 15 39 7 3 41 52 39 24 53 11 12 
4 12 25 5 23 19 43 3 7 45 48 35 20 49 15 16 
26 34 3 17 45 3 21 25 15 23 70 57 42 71 7 6 
49 41 78 58 30 72 96 50 60 98 5 18 33 4 68 69 
32 24 61 41 13 55 79 33 43 81 12 1 16 13 51 52 
15 23 14 6 34 8 32 14 4 34 59 46 31 60 4 5 
0 8 29 9 19 23 47 1 11 49 44 31 16 45 19 20 

14 78 91 31 64 6 42 92 17 11 38 96 44 92 16 70 
67 3 10 50 17 75 39 11 64 70 43 15 37 11 65 11 
4 68 81 21 54 4 32 82 7 1 28 86 34 82 6 60 
46 18 31 29 4 54 18 32 43 49 22 36 16 32 44 10 
33 31 44 16 17 41 5 45 30 36 9 49 3 45 31 23 
16 48 61 1 34 24 12 62 13 19 8 66 14 62 14 40 
6 70 83 23 56 2 34 84 9 3 30 88 36 84 8 62 
11 53 66 6 39 19 17 67 8 14 13 71 19 67 9 45 
42 22 35 25 8 50 14 36 39 45 18 40 12 36 40 14 
25 39 52 8 25 33 3 53 22 28 1 57 5 53 23 31 
29 35 48 12 21 37 1 49 26 32 5 53 1 49 27 27 
7 57 70 10 43 15 21 71 4 10 17 75 23 71 5 49 
82 18 5 65 32 90 54 4 79 85 58 0 52 4 80 26 
65 1 12 48 15 73 37 13 62 68 41 17 35 13 63 9 
18 46 59 1 32 26 10 60 15 21 6 64 12 60 16 38 
33 31 44 16 17 41 5 45 30 36 9 49 3 45 31 23 

43 29 43 62 77 85 95 63 84 70 53 58 2 76 25 74 
38 52 38 19 4 4 14 18 3 11 28 23 83 5 56 7 
33 19 33 52 67 75 85 53 74 60 43 48 12 66 15 64 
17 31 17 2 17 25 35 3 24 10 7 2 62 16 35 14 
4 18 4 15 30 38 48 16 37 23 6 11 49 29 22 27 
13 1 13 32 47 55 65 33 54 40 23 28 32 46 5 44 
35 21 35 54 69 77 87 55 76 62 45 50 10 68 17 66 
18 4 18 37 52 60 70 38 59 45 28 33 27 51 0 49 
13 27 13 6 21 29 39 7 28 14 3 2 58 20 31 18 
4 10 4 23 38 46 56 24 45 31 14 19 41 37 14 35 
0 14 0 19 34 42 52 20 41 27 10 15 45 33 18 31 
22 8 22 41 56 64 74 42 63 49 32 37 23 55 4 53 
53 67 53 34 19 11 1 33 12 26 43 38 98 20 71 22 
36 50 36 17 2 6 16 16 5 9 26 21 81 3 54 5 
11 3 11 30 45 53 63 31 52 38 21 26 34 44 7 42 
4 18 4 15 30 38 48 16 37 23 6 11 49 29 22 27 

36 1 28 73 93 8 37 90 80 4 1 50 12 33 56 15 
45 80 53 8 12 73 44 9 1 77 82 31 69 48 25 66 
26 9 18 63 83 2 27 80 70 6 11 40 2 23 46 5 
24 59 32 13 33 52 23 30 20 56 61 10 48 27 4 45 
11 46 19 26 46 39 10 43 33 43 48 3 35 14 9 32 
6 29 2 43 63 22 7 60 50 26 31 20 18 3 26 15 
28 7 20 65 85 0 29 82 72 4 9 42 4 25 48 7 
11 24 3 48 68 17 12 65 55 21 26 25 13 8 31 10 
20 55 28 17 37 48 19 34 24 52 57 6 44 23 0 41 
3 38 11 34 54 31 2 51 41 35 40 11 27 6 17 24 
7 42 15 30 50 35 6 47 37 39 44 7 31 10 13 28 
15 20 7 52 72 13 16 69 59 17 22 29 9 12 35 6 
60 95 68 23 3 88 59 6 16 92 97 46 84 63 40 81 
43 78 51 6 14 71 42 11 1 75 80 29 67 46 23 64 
4 31 4 41 61 24 5 58 48 28 33 18 20 1 24 17 
11 46 19 26 46 39 10 43 33 43 48 3 35 14 9 32 

73 51 24 0 50 38 28 76 73 4 6 87 39 85 29 35 
8 30 57 81 31 43 53 5 8 77 75 6 42 4 52 46 
63 41 14 10 40 28 18 66 63 6 4 77 29 75 19 25 
13 9 36 60 10 22 32 16 13 56 54 27 21 25 31 25 
26 4 23 47 3 9 19 29 26 43 41 40 8 38 18 12 
43 21 6 30 20 8 2 46 43 26 24 57 9 55 1 5 
65 43 16 8 42 30 20 68 65 4 2 79 31 77 21 27 
48 26 1 25 25 13 3 51 48 21 19 62 14 60 4 10 
17 5 32 56 6 18 28 20 17 52 50 31 17 29 27 21 
34 12 15 39 11 1 11 37 34 35 33 48 0 46 10 4 
30 8 19 43 7 5 15 33 30 39 37 44 4 42 14 8 
52 30 3 21 29 17 7 55 52 17 15 66 18 64 8 14 
23 45 72 96 46 58 68 20 23 92 90 9 57 11 67 61 
6 28 55 79 29 41 51 3 6 75 73 8 40 6 50 44 
41 19 8 32 18 6 4 44 41 28 26 55 7 53 3 3 
26 4 23 47 3 9 19 29 26 43 41 40 8 38 18 12 

15 60 41 87 86 53 57 26 60 76 36 38 22 30 5 83 
66 21 40 6 5 28 24 55 21 5 45 43 59 51 76 2 
5 50 31 77 76 43 47 16 50 66 26 28 12 20 5 73 
45 0 19 27 26 7 3 34 0 16 24 22 38 30 55 23 
32 13 6 40 39 6 10 21 13 29 11 9 25 17 42 36 
15 30 11 57 56 23 27 4 30 46 6 8 8 0 25 53 
7 52 33 79 78 45 49 18 52 68 28 30 14 22 3 75 
10 35 16 62 61 28 32 1 35 51 11 13 3 5 20 58 
41 4 15 31 30 3 1 30 4 20 20 18 34 26 51 27 
24 21 2 48 47 14 18 13 21 37 3 1 17 9 34 44 
28 17 2 44 43 10 14 17 17 33 7 5 21 13 38 40 
6 39 20 66 65 32 36 5 39 55 15 17 1 9 16 62 
81 36 55 9 10 43 39 70 36 20 60 58 74 66 91 13 
64 19 38 8 7 26 22 53 19 3 43 41 57 49 74 4 
17 28 9 55 54 21 25 6 28 44 4 6 10 2 27 51 
32 13 6 40 39 6 10 21 13 29 11 9 25 17 42 36 

79 32 33 35 6 55 28 17 50 0 81 68 89 48 58 69 
2 49 48 46 75 26 53 64 31 81 0 13 8 33 23 12 
69 22 23 25 4 45 18 7 40 10 71 58 79 38 48 59 
19 28 27 25 54 5 32 43 10 60 21 8 29 12 2 9 
32 15 14 12 41 8 19 30 3 47 34 21 42 1 11 22 
49 2 3 5 24 25 2 13 20 30 51 38 59 18 28 39 
71 24 25 27 2 47 20 9 42 8 73 60 81 40 50 61 
54 7 8 10 19 30 3 8 25 25 56 43 64 23 33 44 
23 24 23 21 50 1 28 39 6 56 25 12 33 8 2 13 
40 7 6 4 33 16 11 22 11 39 42 29 50 9 19 30 
36 11 10 8 37 12 15 26 7 43 38 25 46 5 15 26 
58 11 12 14 15 34 7 4 29 21 60 47 68 27 37 48 
17 64 63 61 90 41 68 79 46 96 15 28 7 48 38 27 
0 47 46 44 73 24 51 62 29 79 2 11 10 31 21 10 
47 0 1 3 26 23 4 15 18 32 49 36 57 16 26 37 
32 15 14 12 41 8 19 30 3 47 34 21 42 1 11 22 

3 61 96 72 86 81 24 0 78 1 2 87 2 6 95 3 
78 20 15 9 5 0 57 81 3 82 79 6 79 75 14 84 
7 51 86 62 76 71 14 10 68 11 8 77 8 4 85 13 
57 1 36 12 26 21 36 60 18 61 58 27 58 54 35 63 
44 14 49 25 39 34 23 47 31 48 45 40 45 41 48 50 
27 31 66 42 56 51 6 30 48 31 28 57 28 24 65 33 
5 53 88 64 78 73 16 8 70 9 6 79 6 2 87 11 
22 36 71 47 61 56 1 25 53 26 23 62 23 19 70 28 
53 5 40 16 30 25 32 56 22 57 54 31 54 50 39 59 
36 22 57 33 47 42 15 39 39 40 37 48 37 33 56 42 
40 18 53 29 43 38 19 43 35 44 41 44 41 37 52 46 
18 40 75 51 65 60 3 21 57 22 19 66 19 15 74 24 
93 35 0 24 10 15 72 96 18 97 94 9 94 90 1 99 
76 18 17 7 7 2 55 79 1 80 77 8 77 73 16 82 
29 29 64 40 54 49 8 32 46 33 30 55 30 26 63 35 
44 14 49 25 39 34 23 47 31 48 45 40 45 41 48 50 

24 16 53 33 5 47 71 25 35 73 20 7 8 21 43 44 
17 25 12 8 36 6 30 16 6 32 61 48 33 62 2 3 
50 58 21 41 69 27 3 49 39 1 94 81 66 95 31 30 
47 55 18 38 66 24 0 46 36 2 91 78 63 92 28 27 
16 24 13 7 35 7 31 15 5 33 60 47 32 61 3 4 
48 40 77 57 29 71 95 49 59 97 4 17 32 3 67 68 
16 8 45 25 3 39 63 17 27 65 28 15 0 29 35 36 
29 21 58 38 10 52 76 30 40 78 15 2 13 16 48 49 
31 39 2 22 50 8 16 30 20 18 75 62 47 76 12 11 
22 14 51 31 3 45 69 23 33 71 22 9 6 23 41 42 
32 24 61 41 13 55 79 33 43 81 12 1 16 13 51 52 
47 39 76 56 28 70 94 48 58 96 3 16 31 2 66 67 
2 6 31 11 17 25 49 3 13 51 42 29 14 43 21 22 
22 14 51 31 3 45 69 23 33 71 22 9 6 23 41 42 
49 41 78 58 30 72 96 50 60 98 5 18 33 4 68 69 
18 10 47 27 1 41 65 19 29 67 26 13 2 27 37 38 

57 7 20 40 7 65 29 21 54 60 33 25 27 21 55 1 
16 48 61 1 34 24 12 62 13 19 8 66 14 62 14 40 
17 81 94 34 67 9 45 95 20 14 41 99 47 95 19 73 
14 78 91 31 64 6 42 92 17 11 38 96 44 92 16 70 
17 47 60 0 33 25 11 61 14 20 7 65 13 61 15 39 
81 17 4 64 31 89 53 3 78 84 57 1 51 3 79 25 
49 15 28 32 1 57 21 29 46 52 25 33 19 29 47 7 
62 2 15 45 12 70 34 16 59 65 38 20 32 16 60 6 
2 62 75 15 48 10 26 76 1 5 22 80 28 76 0 54 
55 9 22 38 5 63 27 23 52 58 31 27 25 23 53 1 
65 1 12 48 15 73 37 13 62 68 41 17 35 13 63 9 
80 16 3 63 30 88 52 2 77 83 56 2 50 2 78 24 
35 29 42 18 15 43 7 43 32 38 11 47 5 43 33 21 
55 9 22 38 5 63 27 23 52 58 31 27 25 23 53 1 
82 18 5 65 32 90 54 4 79 85 58 0 52 4 80 26 
51 13 26 34 1 59 23 27 48 54 27 31 21 27 49 5 

28 42 28 9 6 14 24 8 13 1 18 13 73 5 46 3 
13 1 13 32 47 55 65 33 54 40 23 28 32 46 5 44 
46 32 46 65 80 88 98 66 87 73 56 61 1 79 28 77 
43 29 43 62 77 85 95 63 84 70 53 58 2 76 25 74 
12 2 12 31 46 54 64 32 53 39 22 27 33 45 6 43 
52 66 52 33 18 10 0 32 11 25 42 37 97 19 70 21 
20 34 20 1 14 22 32 0 21 7 10 5 65 13 38 11 
33 47 33 14 1 9 19 13 8 6 23 18 78 0 51 2 
27 13 27 46 61 69 79 47 68 54 37 42 18 60 9 58 
26 40 26 7 8 16 26 6 15 1 16 11 71 7 44 5 
36 50 36 17 2 6 16 16 5 9 26 21 81 3 54 5 
51 65 51 32 17 9 1 31 10 24 41 36 96 18 69 20 
6 20 6 13 28 36 46 14 35 21 4 9 51 27 24 25 
26 40 26 7 8 16 26 6 15 1 16 11 71 7 44 5 
53 67 53 34 19 11 1 33 12 26 43 38 98 20 71 22 
22 36 22 3 12 20 30 2 19 5 12 7 67 11 40 9 

35 70 43 2 22 63 34 19 9 67 72 21 59 38 15 56 
6 29 2 43 63 22 7 60 50 26 31 20 18 3 26 15 
39 4 31 76 96 11 40 93 83 7 2 53 15 36 59 18 
36 1 28 73 93 8 37 90 80 4 1 50 12 33 56 15 
5 30 3 42 62 23 6 59 49 27 32 19 19 2 25 16 
59 94 67 22 2 87 58 5 15 91 96 45 83 62 39 80 
27 62 35 10 30 55 26 27 17 59 64 13 51 30 7 48 
40 75 48 3 17 68 39 14 4 72 77 26 64 43 20 61 
20 15 12 57 77 8 21 74 64 12 17 34 4 17 40 1 
33 68 41 4 24 61 32 21 11 65 70 19 57 36 13 54 
43 78 51 6 14 71 42 11 1 75 80 29 67 46 23 64 
58 93 66 21 1 86 57 4 14 90 95 44 82 61 38 79 
13 48 21 24 44 41 12 41 31 45 50 1 37 16 7 34 
33 68 41 4 24 61 32 21 11 65 70 19 57 36 13 54 
60 95 68 23 3 88 59 6 16 92 97 46 84 63 40 81 
29 64 37 8 28 57 28 25 15 61 66 15 53 32 9 50 

2 20 47 71 21 33 43 5 2 67 65 16 32 14 42 36 
43 21 6 30 20 8 2 46 43 26 24 57 9 55 1 5 
76 54 27 3 53 41 31 79 76 7 9 90 42 88 32 38 
73 51 24 0 50 38 28 76 73 4 6 87 39 85 29 35 
42 20 7 31 19 7 3 45 42 27 25 56 8 54 2 4 
22 44 71 95 45 57 67 19 22 91 89 8 56 10 66 60 
10 12 39 63 13 25 35 13 10 59 57 24 24 22 34 28 
3 25 52 76 26 38 48 0 3 72 70 11 37 9 47 41 
57 35 8 16 34 22 12 60 57 12 10 71 23 69 13 19 
4 18 45 69 19 31 41 7 4 65 63 18 30 16 40 34 
6 28 55 79 29 41 51 3 6 75 73 8 40 6 50 44 
21 43 70 94 44 56 66 18 21 90 88 7 55 9 65 59 
24 2 25 49 1 11 21 27 24 45 43 38 10 36 20 14 
4 18 45 69 19 31 41 7 4 65 63 18 30 16 40 34 
23 45 72 96 46 58 68 20 23 92 90 9 57 11 67 61 
8 14 41 65 15 27 37 11 8 61 59 22 26 20 36 30 

56 11 30 16 15 18 14 45 11 5 35 33 49 41 66 12 
15 30 11 57 56 23 27 4 30 46 6 8 8 0 25 53 
18 63 44 90 89 56 60 29 63 79 39 41 25 33 8 86 
15 60 41 87 86 53 57 26 60 76 36 38 22 30 5 83 
16 29 10 56 55 22 26 5 29 45 5 7 9 1 26 52 
80 35 54 8 9 42 38 69 35 19 59 57 73 65 90 12 
48 3 22 24 23 10 6 37 3 13 27 25 41 33 58 20 
61 16 35 11 10 23 19 50 16 0 40 38 54 46 71 7 
1 44 25 71 70 37 41 10 44 60 20 22 6 14 11 67 
54 9 28 18 17 16 12 43 9 7 33 31 47 39 64 14 
64 19 38 8 7 26 22 53 19 3 43 41 57 49 74 4 
79 34 53 7 8 41 37 68 34 18 58 56 72 64 89 11 
34 11 8 38 37 4 8 23 11 27 13 11 27 19 44 34 
54 9 28 18 17 16 12 43 9 7 33 31 47 39 64 14 
81 36 55 9 10 43 39 70 36 20 60 58 74 66 91 13 
50 5 24 22 21 12 8 39 5 11 29 27 43 35 60 18 

8 39 38 36 65 16 43 54 21 71 10 3 18 23 13 2 
49 2 3 5 24 25 2 13 20 30 51 38 59 18 28 39 
82 35 36 38 9 58 31 20 53 3 84 71 92 51 61 72 
79 32 33 35 6 55 28 17 50 0 81 68 89 48 58 69 
48 1 2 4 25 24 3 14 19 31 50 37 58 17 27 38 
16 63 62 60 89 40 67 78 45 95 14 27 6 47 37 26 
16 31 30 28 57 8 35 46 13 63 18 5 26 15 5 6 
3 44 43 41 70 21 48 59 26 76 5 8 13 28 18 7 
63 16 17 19 10 39 12 1 34 16 65 52 73 32 42 53 
10 37 36 34 63 14 41 52 19 69 12 1 20 21 11 0 
0 47 46 44 73 24 51 62 29 79 2 11 10 31 21 10 
15 62 61 59 88 39 66 77 44 94 13 26 5 46 36 25 
30 17 16 14 43 6 21 32 1 49 32 19 40 1 9 20 
10 37 36 34 63 14 41 52 19 69 12 1 20 21 11 0 
17 64 63 61 90 41 68 79 46 96 15 28 7 48 38 27 
14 33 32 30 59 10 37 48 15 65 16 3 24 17 7 4 

68 10 25 1 15 10 47 71 7 72 69 16 69 65 24 74 
27 31 66 42 56 51 6 30 48 31 28 57 28 24 65 33 
6 64 99 75 89 84 27 3 81 2 5 90 5 9 98 0 
3 61 96 72 86 81 24 0 78 1 2 87 2 6 95 3 
28 30 65 41 55 50 7 31 47 32 29 56 29 25 64 34 
92 34 1 23 9 14 71 95 17 96 93 8 93 89 0 98 
60 2 33 9 23 18 39 63 15 64 61 24 61 57 32 66 
73 15 20 4 10 5 52 76 2 77 74 11 74 70 19 79 
13 45 80 56 70 65 8 16 62 17 14 71 14 10 79 19 
66 8 27 3 17 12 45 69 9 70 67 18 67 63 26 72 
76 18 17 7 7 2 55 79 1 80 77 8 77 73 16 82 
91 33 2 22 8 13 70 94 16 95 92 7 92 88 1 97 
46 12 47 23 37 32 25 49 29 50 47 38 47 43 46 52 
66 8 27 3 17 12 45 69 9 70 67 18 67 63 26 72 
93 35 0 24 10 15 72 96 18 97 94 9 94 90 1 99 
62 4 31 7 21 16 41 65 13 66 63 22 63 59 30 68 

33 31 44 16 17 41 5 45 30 36 9 49 3 45 31 23 
41 23 36 24 9 49 13 37 38 44 17 41 11 37 39 15 
4 60 73 13 46 12 24 74 1 7 20 78 26 74 2 52 
24 40 53 7 26 32 4 54 21 27 0 58 6 54 22 32 
52 12 25 35 2 60 24 26 49 55 28 30 22 26 50 4 
10 54 67 7 40 18 18 68 7 13 14 72 20 68 8 46 
14 78 91 31 64 6 42 92 17 11 38 96 44 92 16 70 
32 32 45 15 18 40 4 46 29 35 8 50 2 46 30 24 
22 42 55 5 28 30 6 56 19 25 2 60 8 56 20 34 
16 80 93 33 66 8 44 94 19 13 40 98 46 94 18 72 
77 13 0 60 27 85 49 1 74 80 53 5 47 1 75 21 
64 0 13 47 14 72 36 14 61 67 40 18 34 14 62 8 
49 15 28 32 1 57 21 29 46 52 25 33 19 29 47 7 
78 14 1 61 28 86 50 0 75 81 54 4 48 0 76 22 
14 50 63 3 36 22 14 64 11 17 10 68 16 64 12 42 
13 51 64 4 37 21 15 65 10 16 11 69 17 65 11 43 

4 18 4 15 30 38 48 16 37 23 6 11 49 29 22 27 
12 26 12 7 22 30 40 8 29 15 2 3 57 21 30 19 
25 11 25 44 59 67 77 45 66 52 35 40 20 58 7 56 
5 9 5 24 39 47 57 25 46 32 15 20 40 38 13 36 
23 37 23 4 11 19 29 3 18 4 13 8 68 10 41 8 
19 5 19 38 53 61 71 39 60 46 29 34 26 52 1 50 
43 29 43 62 77 85 95 63 84 70 53 58 2 76 25 74 
3 17 3 16 31 39 49 17 38 24 7 12 48 30 21 28 
7 7 7 26 41 49 59 27 48 34 17 22 38 40 11 38 
45 31 45 64 79 87 97 65 86 72 55 60 0 78 27 76 
48 62 48 29 14 6 4 28 7 21 38 33 93 15 66 17 
35 49 35 16 1 7 17 15 6 8 25 20 80 2 53 4 
20 34 20 1 14 22 32 0 21 7 10 5 65 13 38 11 
49 63 49 30 15 7 3 29 8 22 39 34 94 16 67 18 
15 1 15 34 49 57 67 35 56 42 25 30 30 48 3 46 
16 2 16 35 50 58 68 36 57 43 26 31 29 49 2 47 

11 46 19 26 46 39 10 43 33 43 48 3 35 14 9 32 
19 54 27 18 38 47 18 35 25 51 56 5 43 22 1 40 
18 17 10 55 75 10 19 72 62 14 19 32 6 15 38 3 
2 37 10 35 55 30 1 52 42 34 39 12 26 5 18 23 
30 65 38 7 27 58 29 24 14 62 67 16 54 33 10 51 
12 23 4 49 69 16 13 66 56 20 25 26 12 9 32 9 
36 1 28 73 93 8 37 90 80 4 1 50 12 33 56 15 
10 45 18 27 47 38 9 44 34 42 47 4 34 13 10 31 
0 35 8 37 57 28 1 54 44 32 37 14 24 3 20 21 
38 3 30 75 95 10 39 92 82 6 1 52 14 35 58 17 
55 90 63 18 2 83 54 1 11 87 92 41 79 58 35 76 
42 77 50 5 15 70 41 12 2 74 79 28 66 45 22 63 
27 62 35 10 30 55 26 27 17 59 64 13 51 30 7 48 
56 91 64 19 1 84 55 2 12 88 93 42 80 59 36 77 
8 27 0 45 65 20 9 62 52 24 29 22 16 5 28 13 
9 26 1 46 66 19 10 63 53 23 28 23 15 6 29 12 

26 4 23 47 3 9 19 29 26 43 41 40 8 38 18 12 
18 4 31 55 5 17 27 21 18 51 49 32 16 30 26 20 
55 33 6 18 32 20 10 58 55 14 12 69 21 67 11 17 
35 13 14 38 12 0 10 38 35 34 32 49 1 47 9 3 
7 15 42 66 16 28 38 10 7 62 60 21 27 19 37 31 
49 27 0 24 26 14 4 52 49 20 18 63 15 61 5 11 
73 51 24 0 50 38 28 76 73 4 6 87 39 85 29 35 
27 5 22 46 4 8 18 30 27 42 40 41 7 39 17 11 
37 15 12 36 14 2 8 40 37 32 30 51 3 49 7 1 
75 53 26 2 52 40 30 78 75 6 8 89 41 87 31 37 
18 40 67 91 41 53 63 15 18 87 85 4 52 6 62 56 
5 27 54 78 28 40 50 2 5 74 72 9 39 7 49 43 
10 12 39 63 13 25 35 13 10 59 57 24 24 22 34 28 
19 41 68 92 42 54 64 16 19 88 86 5 53 7 63 57 
45 23 4 28 22 10 0 48 45 24 22 59 11 57 1 7 
46 24 3 27 23 11 1 49 46 23 21 60 12 58 2 8 

32 13 6 40 39 6 10 21 13 29 11 9 25 17 42 36 
40 5 14 32 31 2 2 29 5 21 19 17 33 25 50 28 
3 42 23 69 68 35 39 8 42 58 18 20 4 12 13 65 
23 22 3 49 48 15 19 12 22 38 2 0 16 8 33 45 
51 6 25 21 20 13 9 40 6 10 30 28 44 36 61 17 
9 36 17 63 62 29 33 2 36 52 12 14 2 6 19 59 
15 60 41 87 86 53 57 26 60 76 36 38 22 30 5 83 
31 14 5 41 40 7 11 20 14 30 10 8 24 16 41 37 
21 24 5 51 50 17 21 10 24 40 0 2 14 6 31 47 
17 62 43 89 88 55 59 28 62 78 38 40 24 32 7 85 
76 31 50 4 5 38 34 65 31 15 55 53 69 61 86 8 
63 18 37 9 8 25 21 52 18 2 42 40 56 48 73 5 
48 3 22 24 23 10 6 37 3 13 27 25 41 33 58 20 
77 32 51 5 6 39 35 66 32 16 56 54 70 62 87 9 
13 32 13 59 58 25 29 2 32 48 8 10 6 2 23 55 
12 33 14 60 59 26 30 1 33 49 9 11 5 3 22 56 

32 15 14 12 41 8 19 30 3 47 34 21 42 1 11 22 
24 23 22 20 49 0 27 38 5 55 26 13 34 7 3 14 
61 14 15 17 12 37 10 1 32 18 63 50 71 30 40 51 
41 6 5 3 32 17 10 21 12 38 43 30 51 10 20 31 
13 34 33 31 60 11 38 49 16 66 15 2 23 18 8 3 
55 8 9 11 18 31 4 7 26 24 57 44 65 24 34 45 
79 32 33 35 6 55 28 17 50 0 81 68 89 48 58 69 
33 14 13 11 40 9 18 29 4 46 35 22 43 2 12 23 
43 4 3 1 30 19 8 19 14 36 45 32 53 12 22 33 
81 34 35 37 8 57 30 19 52 2 83 70 91 50 60 71 
12 59 58 56 85 36 63 74 41 91 10 23 2 43 33 22 
1 46 45 43 72 23 50 61 28 78 3 10 11 30 20 9 
16 31 30 28 57 8 35 46 13 63 18 5 26 15 5 6 
13 60 59 57 86 37 64 75 42 92 11 24 3 44 34 23 
51 4 5 7 22 27 0 11 22 28 53 40 61 20 30 41 
52 5 6 8 21 28 1 10 23 27 54 41 62 21 31 42 

44 14 49 25 39 34 23 47 31 48 45 40 45 41 48 50 
52 6 41 17 31 26 31 55 23 56 53 32 53 49 40 58 
15 43 78 54 68 63 6 18 60 19 16 69 16 12 77 21 
35 23 58 34 48 43 14 38 40 39 36 49 36 32 57 41 
63 5 30 6 20 15 42 66 12 67 64 21 64 60 29 69 
21 37 72 48 62 57 0 24 54 25 22 63 22 18 71 27 
3 61 96 72 86 81 24 0 78 1 2 87 2 6 95 3 
43 15 50 26 40 35 22 46 32 47 44 41 44 40 49 49 
33 25 60 36 50 45 12 36 42 37 34 51 34 30 59 39 
5 63 98 74 88 83 26 2 80 1 4 89 4 8 97 1 
88 30 5 19 5 10 67 91 13 92 89 4 89 85 4 94 
75 17 18 6 8 3 54 78 0 79 76 9 76 72 17 81 
60 2 33 9 23 18 39 63 15 64 61 24 61 57 32 66 
89 31 4 20 6 11 68 92 14 93 90 5 90 86 3 95 
25 33 68 44 58 53 4 28 50 29 26 59 26 22 67 31 
24 34 69 45 59 54 3 27 51 28 25 60 25 21 68 30 

29 15 29 48 63 71 81 49 70 56 39 44 16 62 11 60 
35 49 35 16 1 7 17 15 6 8 25 20 80 2 53 4 
48 62 48 29 14 6 4 28 7 21 38 33 93 15 66 17 
12 2 12 31 46 54 64 32 53 39 22 27 33 45 6 43 
21 35 21 2 13 21 31 1 20 6 11 6 66 12 39 10 
37 23 37 56 71 79 89 57 78 64 47 52 8 70 19 68 
1 13 1 20 35 43 53 21 42 28 11 16 44 34 17 32 
49 63 49 30 15 7 3 29 8 22 39 34 94 16 67 18 
26 12 26 45 60 68 78 46 67 53 36 41 19 59 8 57 
32 18 32 51 66 74 84 52 73 59 42 47 13 65 14 63 
5 9 5 24 39 47 57 25 46 32 15 20 40 38 13 36 
53 67 53 34 19 11 1 33 12 26 43 38 98 20 71 22 
1 15 1 18 33 41 51 19 40 26 9 14 46 32 19 30 
49 63 49 30 15 7 3 29 8 22 39 34 94 16 67 18 
27 13 27 46 61 69 79 47 68 54 37 42 18 60 9 58 
27 41 27 8 7 15 25 7 14 0 17 12 72 6 45 4 

22 13 14 59 79 6 23 76 66 10 15 36 2 19 42 1 
42 77 50 5 15 70 41 12 2 74 79 28 66 45 22 63 
55 90 63 18 2 83 54 1 11 87 92 41 79 58 35 76 
5 30 3 42 62 23 6 59 49 27 32 19 19 2 25 16 
28 63 36 9 29 56 27 26 16 60 65 14 52 31 8 49 
30 5 22 67 87 2 31 84 74 2 7 44 6 27 50 9 
6 41 14 31 51 34 5 48 38 38 43 8 30 9 14 27 
56 91 64 19 1 84 55 2 12 88 93 42 80 59 36 77 
19 16 11 56 76 9 20 73 63 13 18 33 5 16 39 2 
25 10 17 62 82 3 26 79 69 7 12 39 1 22 45 4 
2 37 10 35 55 30 1 52 42 34 39 12 26 5 18 23 
60 95 68 23 3 88 59 6 16 92 97 46 84 63 40 81 
8 43 16 29 49 36 7 46 36 40 45 6 32 11 12 29 
56 91 64 19 1 84 55 2 12 88 93 42 80 59 36 77 
20 15 12 57 77 8 21 74 64 12 17 34 4 17 40 1 
34 69 42 3 23 62 33 20 10 66 71 20 58 37 14 55 

59 37 10 14 36 24 14 62 59 10 8 73 25 71 15 21 
5 27 54 78 28 40 50 2 5 74 72 9 39 7 49 43 
18 40 67 91 41 53 63 15 18 87 85 4 52 6 62 56 
42 20 7 31 19 7 3 45 42 27 25 56 8 54 2 4 
9 13 40 64 14 26 36 12 9 60 58 23 25 21 35 29 
67 45 18 6 44 32 22 70 67 2 0 81 33 79 23 29 
31 9 18 42 8 4 14 34 31 38 36 45 3 43 13 7 
19 41 68 92 42 54 64 16 19 88 86 5 53 7 63 57 
56 34 7 17 33 21 11 59 56 13 11 70 22 68 12 18 
62 40 13 11 39 27 17 65 62 7 5 76 28 74 18 24 
35 13 14 38 12 0 10 38 35 34 32 49 1 47 9 3 
23 45 72 96 46 58 68 20 23 92 90 9 57 11 67 61 
29 7 20 44 6 6 16 32 29 40 38 43 5 41 15 9 
19 41 68 92 42 54 64 16 19 88 86 5 53 7 63 57 
57 35 8 16 34 22 12 60 57 12 10 71 23 69 13 19 
3 19 46 70 20 32 42 6 3 66 64 17 31 15 41 35 

1 46 27 73 72 39 43 12 46 62 22 24 8 16 9 69 
63 18 37 9 8 25 21 52 18 2 42 40 56 48 73 5 
76 31 50 4 5 38 34 65 31 15 55 53 69 61 86 8 
16 29 10 56 55 22 26 5 29 45 5 7 9 1 26 52 
49 4 23 23 22 11 7 38 4 12 28 26 42 34 59 19 
9 54 35 81 80 47 51 20 54 70 30 32 16 24 1 77 
27 18 1 45 44 11 15 16 18 34 6 4 20 12 37 41 
77 32 51 5 6 39 35 66 32 16 56 54 70 62 87 9 
2 43 24 70 69 36 40 9 43 59 19 21 5 13 12 66 
4 49 30 76 75 42 46 15 49 65 25 27 11 19 6 72 
23 22 3 49 48 15 19 12 22 38 2 0 16 8 33 45 
81 36 55 9 10 43 39 70 36 20 60 58 74 66 91 13 
29 16 3 43 42 9 13 18 16 32 8 6 22 14 39 39 
77 32 51 5 6 39 35 66 32 16 56 54 70 62 87 9 
1 44 25 71 70 37 41 10 44 60 20 22 6 14 11 67 
55 10 29 17 16 17 13 44 10 6 34 32 48 40 65 13 

65 18 19 21 8 41 14 3 36 14 67 54 75 34 44 55 
1 46 45 43 72 23 50 61 28 78 3 10 11 30 20 9 
12 59 58 56 85 36 63 74 41 91 10 23 2 43 33 22 
48 1 2 4 25 24 3 14 19 31 50 37 58 17 27 38 
15 32 31 29 58 9 36 47 14 64 17 4 25 16 6 5 
73 26 27 29 0 49 22 11 44 6 75 62 83 42 52 63 
37 10 9 7 36 13 14 25 8 42 39 26 47 6 16 27 
13 60 59 57 86 37 64 75 42 92 11 24 3 44 34 23 
62 15 16 18 11 38 11 0 33 17 64 51 72 31 41 52 
68 21 22 24 5 44 17 6 39 11 70 57 78 37 47 58 
41 6 5 3 32 17 10 21 12 38 43 30 51 10 20 31 
17 64 63 61 90 41 68 79 46 96 15 28 7 48 38 27 
35 12 11 9 38 11 16 27 6 44 37 24 45 4 14 25 
13 60 59 57 86 37 64 75 42 92 11 24 3 44 34 23 
63 16 17 19 10 39 12 1 34 16 65 52 73 32 42 53 
9 38 37 35 64 15 42 53 20 70 11 2 19 22 12 1 

11 47 82 58 72 67 10 14 64 15 12 73 12 8 81 17 
75 17 18 6 8 3 54 78 0 79 76 9 76 72 17 81 
88 30 5 19 5 10 67 91 13 92 89 4 89 85 4 94 
28 30 65 41 55 50 7 31 47 32 29 56 29 25 64 34 
61 3 32 8 22 17 40 64 14 65 62 23 62 58 31 67 
3 55 90 66 80 75 18 6 72 7 4 81 4 0 89 9 
39 19 54 30 44 39 18 42 36 43 40 45 40 36 53 45 
89 31 4 20 6 11 68 92 14 93 90 5 90 86 3 95 
14 44 79 55 69 64 7 17 61 18 15 70 15 11 78 20 
8 50 85 61 75 70 13 11 67 12 9 76 9 5 84 14 
35 23 58 34 48 43 14 38 40 39 36 49 36 32 57 41 
93 35 0 24 10 15 72 96 18 97 94 9 94 90 1 99 
41 17 52 28 42 37 20 44 34 45 42 43 42 38 51 47 
89 31 4 20 6 11 68 92 14 93 90 5 90 86 3 95 
13 45 80 56 70 65 8 16 62 17 14 71 14 10 79 19 
67 9 26 2 16 11 46 70 8 71 68 17 68 64 25 73 

7 42 15 30 50 35 6 47 37 39 44 7 31 10 13 28 
7 28 1 44 64 21 8 61 51 25 30 21 17 4 27 14 
7 42 15 30 50 35 6 47 37 39 44 7 31 10 13 28 
26 61 34 11 31 54 25 28 18 58 63 12 50 29 6 47 
41 76 49 4 16 69 40 13 3 73 78 27 65 44 21 62 
49 84 57 12 8 77 48 5 5 81 86 35 73 52 29 70 
59 94 67 22 2 87 58 5 15 91 96 45 83 62 39 80 
27 62 35 10 30 55 26 27 17 59 64 13 51 30 7 48 
48 83 56 11 9 76 47 6 4 80 85 34 72 51 28 69 
34 69 42 3 23 62 33 20 10 66 71 20 58 37 14 55 
17 52 25 20 40 45 16 37 27 49 54 3 41 20 3 38 
22 57 30 15 35 50 21 32 22 54 59 8 46 25 2 43 
38 3 30 75 95 10 39 92 82 6 1 52 14 35 58 17 
40 75 48 3 17 68 39 14 4 72 77 26 64 43 20 61 
11 24 3 48 68 17 12 65 55 21 26 25 13 8 31 10 
38 73 46 1 19 66 37 16 6 70 75 24 62 41 18 59 

30 8 19 43 7 5 15 33 30 39 37 44 4 42 14 8 
44 22 5 29 21 9 1 47 44 25 23 58 10 56 0 6 
30 8 19 43 7 5 15 33 30 39 37 44 4 42 14 8 
11 11 38 62 12 24 34 14 11 58 56 25 23 23 33 27 
4 26 53 77 27 39 49 1 4 73 71 10 38 8 48 42 
12 34 61 85 35 47 57 9 12 81 79 2 46 0 56 50 
22 44 71 95 45 57 67 19 22 91 89 8 56 10 66 60 
10 12 39 63 13 25 35 13 10 59 57 24 24 22 34 28 
11 33 60 84 34 46 56 8 11 80 78 3 45 1 55 49 
3 19 46 70 20 32 42 6 3 66 64 17 31 15 41 35 
20 2 29 53 3 15 25 23 20 49 47 34 14 32 24 18 
15 7 34 58 8 20 30 18 15 54 52 29 19 27 29 23 
75 53 26 2 52 40 30 78 75 6 8 89 41 87 31 37 
3 25 52 76 26 38 48 0 3 72 70 11 37 9 47 41 
48 26 1 25 25 13 3 51 48 21 19 62 14 60 4 10 
1 23 50 74 24 36 46 2 1 70 68 13 35 11 45 39 

28 17 2 44 43 10 14 17 17 33 7 5 21 13 38 40 
14 31 12 58 57 24 28 3 31 47 7 9 7 1 24 54 
28 17 2 44 43 10 14 17 17 33 7 5 21 13 38 40 
47 2 21 25 24 9 5 36 2 14 26 24 40 32 57 21 
62 17 36 10 9 24 20 51 17 1 41 39 55 47 72 6 
70 25 44 2 1 32 28 59 25 9 49 47 63 55 80 2 
80 35 54 8 9 42 38 69 35 19 59 57 73 65 90 12 
48 3 22 24 23 10 6 37 3 13 27 25 41 33 58 20 
69 24 43 3 2 31 27 58 24 8 48 46 62 54 79 1 
55 10 29 17 16 17 13 44 10 6 34 32 48 40 65 13 
38 7 12 34 33 0 4 27 7 23 17 15 31 23 48 30 
43 2 17 29 28 5 1 32 2 18 22 20 36 28 53 25 
17 62 43 89 88 55 59 28 62 78 38 40 24 32 7 85 
61 16 35 11 10 23 19 50 16 0 40 38 54 46 71 7 
10 35 16 62 61 28 32 1 35 51 11 13 3 5 20 58 
59 14 33 13 12 21 17 48 14 2 38 36 52 44 69 9 

36 11 10 8 37 12 15 26 7 43 38 25 46 5 15 26 
50 3 4 6 23 26 1 12 21 29 52 39 60 19 29 40 
36 11 10 8 37 12 15 26 7 43 38 25 46 5 15 26 
17 30 29 27 56 7 34 45 12 62 19 6 27 14 4 7 
2 45 44 42 71 22 49 60 27 77 4 9 12 29 19 8 
6 53 52 50 79 30 57 68 35 85 4 17 4 37 27 16 
16 63 62 60 89 40 67 78 45 95 14 27 6 47 37 26 
16 31 30 28 57 8 35 46 13 63 18 5 26 15 5 6 
5 52 51 49 78 29 56 67 34 84 3 16 5 36 26 15 
9 38 37 35 64 15 42 53 20 70 11 2 19 22 12 1 
26 21 20 18 47 2 25 36 3 53 28 15 36 5 5 16 
21 26 25 23 52 3 30 41 8 58 23 10 31 10 0 11 
81 34 35 37 8 57 30 19 52 2 83 70 91 50 60 71 
3 44 43 41 70 21 48 59 26 76 5 8 13 28 18 7 
54 7 8 10 19 30 3 8 25 25 56 43 64 23 33 44 
5 42 41 39 68 19 46 57 24 74 7 6 15 26 16 5 

40 18 53 29 43 38 19 43 35 44 41 44 41 37 52 46 
26 32 67 43 57 52 5 29 49 30 27 58 27 23 66 32 
40 18 53 29 43 38 19 43 35 44 41 44 41 37 52 46 
59 1 34 10 24 19 38 62 16 63 60 25 60 56 33 65 
74 16 19 5 9 4 53 77 1 78 75 10 75 71 18 80 
82 24 11 13 1 4 61 85 7 86 83 2 83 79 10 88 
92 34 1 23 9 14 71 95 17 96 93 8 93 89 0 98 
60 2 33 9 23 18 39 63 15 64 61 24 61 57 32 66 
81 23 12 12 2 3 60 84 6 85 82 3 82 78 11 87 
67 9 26 2 16 11 46 70 8 71 68 17 68 64 25 73 
50 8 43 19 33 28 29 53 25 54 51 34 51 47 42 56 
55 3 38 14 28 23 34 58 20 59 56 29 56 52 37 61 
5 63 98 74 88 83 26 2 80 1 4 89 4 8 97 1 
73 15 20 4 10 5 52 76 2 77 74 11 74 70 19 79 
22 36 71 47 61 56 1 25 53 26 23 62 23 19 70 28 
71 13 22 2 12 7 50 74 4 75 72 13 72 68 21 77 

37 15 12 36 14 2 8 40 37 32 30 51 3 49 7 1 
72 50 23 1 49 37 27 75 72 3 5 86 38 84 28 34 
45 23 4 28 22 10 0 48 45 24 22 59 11 57 1 7 
0 22 49 73 23 35 45 3 0 69 67 14 34 12 44 38 
20 42 69 93 43 55 65 17 20 89 87 6 54 8 64 58 
65 43 16 8 42 30 20 68 65 4 2 79 31 77 21 27 
36 14 13 37 13 1 9 39 36 33 31 50 2 48 8 2 
17 39 66 90 40 52 62 14 17 86 84 3 51 5 61 55 
7 29 56 80 30 42 52 4 7 76 74 7 41 5 51 45 
69 47 20 4 46 34 24 72 69 0 2 83 35 81 25 31 
74 52 25 1 51 39 29 77 74 5 7 88 40 86 30 36 
23 1 26 50 0 12 22 26 23 46 44 37 11 35 21 15 
61 39 12 12 38 26 16 64 61 8 6 75 27 73 17 23 
40 18 9 33 17 5 5 43 40 29 27 54 6 52 4 2 
17 5 32 56 6 18 28 20 17 52 50 31 17 29 27 21 
58 36 9 15 35 23 13 61 58 11 9 72 24 70 14 20 

21 24 5 51 50 17 21 10 24 40 0 2 14 6 31 47 
14 59 40 86 85 52 56 25 59 75 35 37 21 29 4 82 
13 32 13 59 58 25 29 2 32 48 8 10 6 2 23 55 
58 13 32 14 13 20 16 47 13 3 37 35 51 43 68 10 
78 33 52 6 7 40 36 67 33 17 57 55 71 63 88 10 
7 52 33 79 78 45 49 18 52 68 28 30 14 22 3 75 
22 23 4 50 49 16 20 11 23 39 1 1 15 7 32 46 
75 30 49 3 4 37 33 64 30 14 54 52 68 60 85 7 
65 20 39 7 6 27 23 54 20 4 44 42 58 50 75 3 
11 56 37 83 82 49 53 22 56 72 32 34 18 26 1 79 
16 61 42 88 87 54 58 27 61 77 37 39 23 31 6 84 
35 10 9 37 36 3 7 24 10 26 14 12 28 20 45 33 
3 48 29 75 74 41 45 14 48 64 24 26 10 18 7 71 
18 27 8 54 53 20 24 7 27 43 3 5 11 3 28 50 
41 4 15 31 30 3 1 30 4 20 20 18 34 26 51 27 
0 45 26 72 71 38 42 11 45 61 21 23 7 15 10 68 

43 4 3 1 30 19 8 19 14 36 45 32 53 12 22 33 
78 31 32 34 5 54 27 16 49 1 80 67 88 47 57 68 
51 4 5 7 22 27 0 11 22 28 53 40 61 20 30 41 
6 41 40 38 67 18 45 56 23 73 8 5 16 25 15 4 
14 61 60 58 87 38 65 76 43 93 12 25 4 45 35 24 
71 24 25 27 2 47 20 9 42 8 73 60 81 40 50 61 
42 5 4 2 31 18 9 20 13 37 44 31 52 11 21 32 
11 58 57 55 84 35 62 73 40 90 9 22 1 42 32 21 
1 48 47 45 74 25 52 63 30 80 1 12 9 32 22 11 
75 28 29 31 2 51 24 13 46 4 77 64 85 44 54 65 
80 33 34 36 7 56 29 18 51 1 82 69 90 49 59 70 
29 18 17 15 44 5 22 33 0 50 31 18 39 2 8 19 
67 20 21 23 6 43 16 5 38 12 69 56 77 36 46 57 
46 1 0 2 27 22 5 16 17 33 48 35 56 15 25 36 
23 24 23 21 50 1 28 39 6 56 25 12 33 8 2 13 
64 17 18 20 9 40 13 2 35 15 66 53 74 33 43 54 

33 25 60 36 50 45 12 36 42 37 34 51 34 30 59 39 
2 60 95 71 85 80 23 1 77 2 1 86 1 5 94 4 
25 33 68 44 58 53 4 28 50 29 26 59 26 22 67 31 
70 12 23 1 13 8 49 73 5 74 71 14 71 67 22 76 
90 32 3 21 7 12 69 93 15 94 91 6 91 87 2 96 
5 53 88 64 78 73 16 8 70 9 6 79 6 2 87 11 
34 24 59 35 49 44 13 37 41 38 35 50 35 31 58 40 
87 29 6 18 4 9 66 90 12 91 88 3 88 84 5 93 
77 19 16 8 6 1 56 80 2 81 78 7 78 74 15 83 
1 57 92 68 82 77 20 4 74 5 2 83 2 2 91 7 
4 62 97 73 87 82 25 1 79 0 3 88 3 7 96 2 
47 11 46 22 36 31 26 50 28 51 48 37 48 44 45 53 
9 49 84 60 74 69 12 12 66 13 10 75 10 6 83 15 
30 28 63 39 53 48 9 33 45 34 31 54 31 27 62 36 
53 5 40 16 30 25 32 56 22 57 54 31 54 50 39 59 
12 46 81 57 71 66 9 15 63 16 13 72 13 9 80 18 

58 13 32 14 13 20 16 47 13 3 37 35 51 43 68 10 
36 9 10 36 35 2 6 25 9 25 15 13 29 21 46 32 
9 36 17 63 62 29 33 2 36 52 12 14 2 6 19 59 
15 60 41 87 86 53 57 26 60 76 36 38 22 30 5 83 
35 10 9 37 36 3 7 24 10 26 14 12 28 20 45 33 
23 22 3 49 48 15 19 12 22 38 2 0 16 8 33 45 
13 32 13 59 58 25 29 2 32 48 8 10 6 2 23 55 
61 16 35 11 10 23 19 50 16 0 40 38 54 46 71 7 
58 13 32 14 13 20 16 47 13 3 37 35 51 43 68 10 
11 56 37 83 82 49 53 22 56 72 32 34 18 26 1 79 
9 54 35 81 80 47 51 20 54 70 30 32 16 24 1 77 
72 27 46 0 1 34 30 61 27 11 51 49 65 57 82 4 
24 21 2 48 47 14 18 13 21 37 3 1 17 9 34 44 
70 25 44 2 1 32 28 59 25 9 49 47 63 55 80 2 
14 31 12 58 57 24 28 3 31 47 7 9 7 1 24 54 
20 25 6 52 51 18 22 9 25 41 1 3 13 5 30 48 

6 41 40 38 67 18 45 56 23 73 8 5 16 25 15 4 
28 19 18 16 45 4 23 34 1 51 30 17 38 3 7 18 
55 8 9 11 18 31 4 7 26 24 57 44 65 24 34 45 
79 32 33 35 6 55 28 17 50 0 81 68 89 48 58 69 
29 18 17 15 44 5 22 33 0 50 31 18 39 2 8 19 
41 6 5 3 32 17 10 21 12 38 43 30 51 10 20 31 
51 4 5 7 22 27 0 11 22 28 53 40 61 20 30 41 
3 44 43 41 70 21 48 59 26 76 5 8 13 28 18 7 
6 41 40 38 67 18 45 56 23 73 8 5 16 25 15 4 
75 28 29 31 2 51 24 13 46 4 77 64 85 44 54 65 
73 26 27 29 0 49 22 11 44 6 75 62 83 42 52 63 
8 55 54 52 81 32 59 70 37 87 6 19 2 39 29 18 
40 7 6 4 33 16 11 22 11 39 42 29 50 9 19 30 
6 53 52 50 79 30 57 68 35 85 4 17 4 37 27 16 
50 3 4 6 23 26 1 12 21 29 52 39 60 19 29 40 
44 3 2 0 29 20 7 18 15 35 46 33 54 13 23 34 

70 12 23 1 13 8 49 73 5 74 71 14 71 67 22 76 
48 10 45 21 35 30 27 51 27 52 49 36 49 45 44 54 
21 37 72 48 62 57 0 24 54 25 22 63 22 18 71 27 
3 61 96 72 86 81 24 0 78 1 2 87 2 6 95 3 
47 11 46 22 36 31 26 50 28 51 48 37 48 44 45 53 
35 23 58 34 48 43 14 38 40 39 36 49 36 32 57 41 
25 33 68 44 58 53 4 28 50 29 26 59 26 22 67 31 
73 15 20 4 10 5 52 76 2 77 74 11 74 70 19 79 
70 12 23 1 13 8 49 73 5 74 71 14 71 67 22 76 
1 57 92 68 82 77 20 4 74 5 2 83 2 2 91 7 
3 55 90 66 80 75 18 6 72 7 4 81 4 0 89 9 
84 26 9 15 1 6 63 87 9 88 85 0 85 81 8 90 
36 22 57 33 47 42 15 39 39 40 37 48 37 33 56 42 
82 24 11 13 1 4 61 85 7 86 83 2 83 79 10 88 
26 32 67 43 57 52 5 29 49 30 27 58 27 23 66 32 
32 26 61 37 51 46 11 35 43 36 33 52 33 29 60 38 

64 17 18 20 9 40 13 2 35 15 66 53 74 33 43 54 
19 28 27 25 54 5 32 43 10 60 21 8 29 12 2 9 
38 9 8 6 35 14 13 24 9 41 40 27 48 7 17 28 
8 55 54 52 81 32 59 70 37 87 6 19 2 39 29 18 
7 54 53 51 80 31 58 69 36 86 5 18 3 38 28 17 
26 21 20 18 47 2 25 36 3 53 28 15 36 5 5 16 
22 25 24 22 51 2 29 40 7 57 24 11 32 9 1 12 
53 6 7 9 20 29 2 9 24 26 55 42 63 22 32 43 
19 28 27 25 54 5 32 43 10 60 21 8 29 12 2 9 
3 44 43 41 70 21 48 59 26 76 5 8 13 28 18 7 
43 4 3 1 30 19 8 19 14 36 45 32 53 12 22 33 
41 6 5 3 32 17 10 21 12 38 43 30 51 10 20 31 
57 10 11 13 16 33 6 5 28 22 59 46 67 26 36 47 
49 2 3 5 24 25 2 13 20 30 51 38 59 18 28 39 
74 27 28 30 1 50 23 12 45 5 76 63 84 43 53 64 
4 51 50 48 77 28 55 66 33 83 2 15 6 35 25 14 

12 46 81 57 71 66 9 15 63 16 13 72 13 9 80 18 
57 1 36 12 26 21 36 60 18 61 58 27 58 54 35 63 
38 20 55 31 45 40 17 41 37 42 39 46 39 35 54 44 
84 26 9 15 1 6 63 87 9 88 85 0 85 81 8 90 
83 25 10 14 0 5 62 86 8 87 84 1 84 80 9 89 
50 8 43 19 33 28 29 53 25 54 51 34 51 47 42 56 
54 4 39 15 29 24 33 57 21 58 55 30 55 51 38 60 
23 35 70 46 60 55 2 26 52 27 24 61 24 20 69 29 
57 1 36 12 26 21 36 60 18 61 58 27 58 54 35 63 
73 15 20 4 10 5 52 76 2 77 74 11 74 70 19 79 
33 25 60 36 50 45 12 36 42 37 34 51 34 30 59 39 
35 23 58 34 48 43 14 38 40 39 36 49 36 32 57 41 
19 39 74 50 64 59 2 22 56 23 20 65 20 16 73 25 
27 31 66 42 56 51 6 30 48 31 28 57 28 24 65 33 
2 56 91 67 81 76 19 5 73 6 3 82 3 1 90 8 
80 22 13 11 3 2 59 83 5 84 81 4 81 77 12 86 

76 18 17 7 7 2 55 79 1 80 77 8 77 73 16 82 
29 29 64 40 54 49 8 32 46 33 30 55 30 26 63 35 
30 28 63 39 53 48 9 33 45 34 31 54 31 27 62 36 
32 26 61 37 51 46 11 35 43 36 33 52 33 29 60 38 
3 55 90 66 80 75 18 6 72 7 4 81 4 0 89 9 
52 6 41 17 31 26 31 55 23 56 53 32 53 49 40 58 
25 33 68 44 58 53 4 28 50 29 26 59 26 22 67 31 
14 44 79 55 69 64 7 17 61 18 15 70 15 11 78 20 
47 11 46 22 36 31 26 50 28 51 48 37 48 44 45 53 
3 61 96 72 86 81 24 0 78 1 2 87 2 6 95 3 
78 20 15 9 5 0 57 81 3 82 79 6 79 75 14 84 
65 7 28 4 18 13 44 68 10 69 66 19 66 62 27 71 
86 28 7 17 3 8 65 89 11 90 87 2 87 83 6 92 
45 13 48 24 38 33 24 48 30 49 46 39 46 42 47 51 
55 3 38 14 28 23 34 58 20 59 56 29 56 52 37 61 
66 8 27 3 17 12 45 69 9 70 67 18 67 63 26 72 

