18 12 

58 54 58 29 75 4 83 69 20 60 10 88 54 70 3 23 51 21 
14 18 14 43 3 76 11 3 52 12 62 16 18 2 75 49 21 51 
34 38 34 63 17 96 9 23 72 32 82 4 38 22 95 69 41 71 
4 8 4 33 13 66 21 7 42 2 52 26 8 8 65 39 11 41 
54 50 54 25 71 8 79 65 16 56 6 84 50 66 7 19 47 17 
10 14 10 39 7 72 15 1 48 8 58 20 14 2 71 45 17 47 
16 20 16 45 1 78 9 5 54 14 64 14 20 4 77 51 23 53 
61 57 61 32 78 1 86 72 23 63 13 91 57 73 0 26 54 24 
8 4 8 21 25 54 33 19 30 10 40 38 4 20 53 27 1 29 
17 21 17 46 0 79 8 6 55 15 65 13 21 5 78 52 24 54 
16 12 16 13 33 46 41 27 22 18 32 46 12 28 45 19 9 21 
34 30 34 5 51 28 59 45 4 36 14 64 30 46 27 1 27 3 
0 4 0 29 17 62 25 11 38 2 48 30 4 12 61 35 7 37 
13 17 13 42 4 75 12 2 51 11 61 17 17 1 74 48 20 50 
21 17 21 8 38 41 46 32 17 23 27 51 17 33 40 14 14 16 
4 0 4 25 21 58 29 15 34 6 44 34 0 16 57 31 3 33 
39 35 39 10 56 23 64 50 1 41 9 69 35 51 22 4 32 2 
27 31 27 56 10 89 2 16 65 25 75 3 31 15 88 62 34 64 

88 13 63 6 7 31 15 48 36 8 72 56 40 62 73 74 17 60 
16 59 9 78 79 41 57 24 36 64 0 16 32 10 1 2 55 12 
4 79 29 98 99 61 77 44 56 84 20 36 52 30 19 18 75 32 
26 49 1 68 69 31 47 14 26 54 10 6 22 0 11 12 45 2 
84 9 59 10 11 27 11 44 32 4 68 52 36 58 69 70 13 56 
20 55 5 74 75 37 53 20 32 60 4 12 28 6 5 6 51 8 
14 61 11 80 81 43 59 26 38 66 2 18 34 12 1 0 57 14 
91 16 66 3 4 34 18 51 39 11 75 59 43 65 76 77 20 63 
38 37 13 56 57 19 35 2 14 42 22 6 10 12 23 24 33 10 
13 62 12 81 82 44 60 27 39 67 3 19 35 13 2 1 58 15 
46 29 21 48 49 11 27 6 6 34 30 14 2 20 31 32 25 18 
64 11 39 30 31 7 9 24 12 16 48 32 16 38 49 50 7 36 
30 45 5 64 65 27 43 10 22 50 14 2 18 4 15 16 41 2 
17 58 8 77 78 40 56 23 35 63 1 15 31 9 2 3 54 11 
51 24 26 43 44 6 22 11 1 29 35 19 3 25 36 37 20 23 
34 41 9 60 61 23 39 6 18 46 18 2 14 8 19 20 37 6 
69 6 44 25 26 12 4 29 17 11 53 37 21 43 54 55 2 41 
3 72 22 91 92 54 70 37 49 77 13 29 45 23 12 11 68 25 

84 11 25 10 29 64 13 18 84 44 3 35 0 0 19 14 19 19 
12 61 47 62 43 8 59 54 12 28 69 37 72 72 53 58 53 53 
8 81 67 82 63 28 79 74 8 48 89 57 92 92 73 78 73 73 
22 51 37 52 33 2 49 44 22 18 59 27 62 62 43 48 43 43 
80 7 21 6 25 60 9 14 80 40 1 31 4 4 15 10 15 15 
16 57 43 58 39 4 55 50 16 24 65 33 68 68 49 54 49 49 
10 63 49 64 45 10 61 56 10 30 71 39 74 74 55 60 55 55 
87 14 28 13 32 67 16 21 87 47 6 38 3 3 22 17 22 22 
34 39 25 40 21 14 37 32 34 6 47 15 50 50 31 36 31 31 
9 64 50 65 46 11 62 57 9 31 72 40 75 75 56 61 56 56 
42 31 17 32 13 22 29 24 42 2 39 7 42 42 23 28 23 23 
60 13 1 14 5 40 11 6 60 20 21 11 24 24 5 10 5 5 
26 47 33 48 29 6 45 40 26 14 55 23 58 58 39 44 39 39 
13 60 46 61 42 7 58 53 13 27 68 36 71 71 52 57 52 52 
47 26 12 27 8 27 24 19 47 7 34 2 37 37 18 23 18 18 
30 43 29 44 25 10 41 36 30 10 51 19 54 54 35 40 35 35 
65 8 6 9 10 45 6 1 65 25 16 16 19 19 0 5 0 0 
1 74 60 75 56 21 72 67 1 41 82 50 85 85 66 71 66 66 

75 43 1 37 43 16 58 56 12 53 68 10 54 4 6 30 9 67 
3 29 71 35 29 56 14 16 60 19 4 62 18 76 66 42 63 5 
17 49 91 55 49 76 34 36 80 39 24 82 38 96 86 62 83 25 
13 19 61 25 19 46 4 6 50 9 6 52 8 66 56 32 53 5 
71 39 3 33 39 12 54 52 8 49 64 6 50 8 2 26 5 63 
7 25 67 31 25 52 10 12 56 15 0 58 14 72 62 38 59 1 
1 31 73 37 31 58 16 18 62 21 6 64 20 78 68 44 65 7 
78 46 4 40 46 19 61 59 15 56 71 13 57 1 9 33 12 70 
25 7 49 13 7 34 8 6 38 3 18 40 4 54 44 20 41 17 
0 32 74 38 32 59 17 19 63 22 7 65 21 79 69 45 66 8 
33 1 41 5 1 26 16 14 30 11 26 32 12 46 36 12 33 25 
51 19 23 13 19 8 34 32 12 29 44 14 30 28 18 6 15 43 
17 15 57 21 15 42 0 2 46 5 10 48 4 62 52 28 49 9 
4 28 70 34 28 55 13 15 59 18 3 61 17 75 65 41 62 4 
38 6 36 0 6 21 21 19 25 16 31 27 17 41 31 7 28 30 
21 11 53 17 11 38 4 2 42 1 14 44 0 58 48 24 45 13 
56 24 18 18 24 3 39 37 7 34 49 9 35 23 13 11 10 48 
10 42 84 48 42 69 27 29 73 32 17 75 31 89 79 55 76 18 

8 51 11 17 32 10 78 10 10 24 2 13 10 43 26 17 88 18 
64 21 61 55 40 62 6 62 62 48 70 59 62 29 46 55 16 54 
84 41 81 75 60 82 14 82 82 68 90 79 82 49 66 75 4 74 
54 11 51 45 30 52 16 52 52 38 60 49 52 19 36 45 26 44 
4 47 7 13 28 6 74 6 6 20 2 9 6 39 22 13 84 14 
60 17 57 51 36 58 10 58 58 44 66 55 58 25 42 51 20 50 
66 23 63 57 42 64 4 64 64 50 72 61 64 31 48 57 14 56 
11 54 14 20 35 13 81 13 13 27 5 16 13 46 29 20 91 21 
42 1 39 33 18 40 28 40 40 26 48 37 40 7 24 33 38 32 
67 24 64 58 43 65 3 65 65 51 73 62 65 32 49 58 13 57 
34 9 31 25 10 32 36 32 32 18 40 29 32 1 16 25 46 24 
16 27 13 7 8 14 54 14 14 0 22 11 14 19 2 7 64 6 
50 7 47 41 26 48 20 48 48 34 56 45 48 15 32 41 30 40 
63 20 60 54 39 61 7 61 61 47 69 58 61 28 45 54 17 53 
29 14 26 20 5 27 41 27 27 13 35 24 27 6 11 20 51 19 
46 3 43 37 22 44 24 44 44 30 52 41 44 11 28 37 34 36 
11 32 8 2 13 9 59 9 9 5 17 6 9 24 7 2 69 1 
77 34 74 68 53 75 7 75 75 61 83 72 75 42 59 68 3 67 

70 49 68 67 28 68 54 5 80 69 36 22 81 67 0 9 16 29 
2 23 4 5 44 4 18 67 8 3 36 50 9 5 72 63 56 43 
22 43 24 25 64 24 38 87 12 23 56 70 11 25 92 83 76 63 
8 13 6 5 34 6 8 57 18 7 26 40 19 5 62 53 46 33 
66 45 64 63 24 64 50 1 76 65 32 18 77 63 4 5 12 25 
2 19 0 1 40 0 14 63 12 1 32 46 13 1 68 59 52 39 
4 25 6 7 46 6 20 69 6 5 38 52 7 7 74 65 58 45 
73 52 71 70 31 71 57 8 83 72 39 25 84 70 3 12 19 32 
20 1 18 17 22 18 4 45 30 19 14 28 31 17 50 41 34 21 
5 26 7 8 47 7 21 70 5 6 39 53 6 8 75 66 59 46 
28 7 26 25 14 26 12 37 38 27 6 20 39 25 42 33 26 13 
46 25 44 43 4 44 30 19 56 45 12 2 57 43 24 15 8 5 
12 9 10 9 30 10 4 53 22 11 22 36 23 9 58 49 42 29 
1 22 3 4 43 3 17 66 9 2 35 49 10 4 71 62 55 42 
33 12 31 30 9 31 17 32 43 32 1 15 44 30 37 28 21 8 
16 5 14 13 26 14 0 49 26 15 18 32 27 13 54 45 38 25 
51 30 49 48 9 49 35 14 61 50 17 3 62 48 19 10 3 10 
15 36 17 18 57 17 31 80 5 16 49 63 4 18 85 76 69 56 

52 26 90 58 7 6 73 1 2 43 20 71 31 7 11 20 83 45 
20 46 18 14 79 78 1 71 74 29 52 1 41 65 61 52 11 27 
40 66 2 34 99 98 19 91 94 49 72 21 61 85 81 72 9 47 
10 36 28 4 69 68 11 61 64 19 42 9 31 55 51 42 21 17 
48 22 86 54 11 10 69 3 6 39 16 67 27 3 7 16 79 41 
16 42 22 10 75 74 5 67 70 25 48 3 37 61 57 48 15 23 
22 48 16 16 81 80 1 73 76 31 54 3 43 67 63 54 9 29 
55 29 93 61 4 3 76 4 1 46 23 74 34 10 14 23 86 48 
2 24 40 8 57 56 23 49 52 7 30 21 19 43 39 30 33 5 
23 49 15 17 82 81 2 74 77 32 55 4 44 68 64 55 8 30 
10 16 48 16 49 48 31 41 44 1 22 29 11 35 31 22 41 3 
28 2 66 34 31 30 49 23 26 19 4 47 7 17 13 4 59 21 
6 32 32 0 65 64 15 57 60 15 38 13 27 51 47 38 25 13 
19 45 19 13 78 77 2 70 73 28 51 0 40 64 60 51 12 26 
15 11 53 21 44 43 36 36 39 6 17 34 6 30 26 17 46 8 
2 28 36 4 61 60 19 53 56 11 34 17 23 47 43 34 29 9 
33 7 71 39 26 25 54 18 21 24 1 52 12 12 8 1 64 26 
33 59 5 27 92 91 12 84 87 42 65 14 54 78 74 65 2 40 

50 52 71 75 17 4 66 7 76 39 53 53 49 39 60 73 19 57 
22 20 1 3 55 68 6 79 4 33 19 19 23 33 12 1 53 15 
42 40 21 17 75 88 26 99 16 53 39 39 43 53 32 19 73 35 
12 10 9 13 45 58 4 69 14 23 9 9 13 23 2 11 43 5 
46 48 67 71 13 0 62 11 72 35 49 49 45 35 56 69 15 53 
18 16 3 7 51 64 2 75 8 29 15 15 19 29 8 5 49 11 
24 22 3 1 57 70 8 81 2 35 21 21 25 35 14 1 55 17 
53 55 74 78 20 7 69 4 79 42 56 56 52 42 63 76 22 60 
0 2 21 25 33 46 16 57 26 11 3 3 1 11 10 23 31 7 
25 23 4 0 58 71 9 82 1 36 22 22 26 36 15 2 56 18 
8 10 29 33 25 38 24 49 34 3 11 11 7 3 18 31 23 15 
26 28 47 51 7 20 42 31 52 15 29 29 25 15 36 49 5 33 
8 6 13 17 41 54 8 65 18 19 5 5 9 19 2 15 39 1 
21 19 0 4 54 67 5 78 5 32 18 18 22 32 11 2 52 14 
13 15 34 38 20 33 29 44 39 2 16 16 12 2 23 36 18 20 
4 2 17 21 37 50 12 61 22 15 1 1 5 15 6 19 35 3 
31 33 52 56 2 15 47 26 57 20 34 34 30 20 41 54 0 38 
35 33 14 10 68 81 19 92 9 46 32 32 36 46 25 12 66 28 

27 42 22 8 40 24 38 8 57 3 28 10 40 23 62 51 86 20 
45 30 50 64 32 48 34 64 15 75 44 62 32 49 10 21 14 52 
65 50 70 84 52 68 54 84 35 95 64 82 52 69 30 41 6 72 
35 20 40 54 22 38 24 54 5 65 34 52 22 39 0 11 24 42 
23 38 18 4 36 20 34 4 53 7 24 6 36 19 58 47 82 16 
41 26 46 60 28 44 30 60 11 71 40 58 28 45 6 17 18 48 
47 32 52 66 34 50 36 66 17 77 46 64 34 51 12 23 12 54 
30 45 25 11 43 27 41 11 60 0 31 13 43 26 65 54 89 23 
23 8 28 42 10 26 12 42 7 53 22 40 10 27 12 1 36 30 
48 33 53 67 35 51 37 67 18 78 47 65 35 52 13 24 11 55 
15 0 20 34 2 18 4 34 15 45 14 32 2 19 20 9 44 22 
3 18 2 16 16 0 14 16 33 27 4 14 16 1 38 27 62 4 
31 16 36 50 18 34 20 50 1 61 30 48 18 35 4 7 28 38 
44 29 49 63 31 47 33 63 14 74 43 61 31 48 9 20 15 51 
10 5 15 29 3 13 1 29 20 40 9 27 3 14 25 14 49 17 
27 12 32 46 14 30 16 46 3 57 26 44 14 31 8 3 32 34 
8 23 3 11 21 5 19 11 38 22 9 9 21 4 43 32 67 1 
58 43 63 77 45 61 47 77 28 88 57 75 45 62 23 34 1 65 

88 42 51 38 48 70 62 68 4 1 80 54 25 56 41 28 15 44 
16 30 21 34 24 2 10 4 76 73 8 18 47 16 31 44 57 28 
4 50 41 54 44 22 30 24 96 93 12 38 67 36 51 64 77 48 
26 20 11 24 14 8 0 6 66 63 18 8 37 6 21 34 47 18 
84 38 47 34 44 66 58 64 8 5 76 50 21 52 37 24 11 40 
20 26 17 30 20 2 6 0 72 69 12 14 43 12 27 40 53 24 
14 32 23 36 26 4 12 6 78 75 6 20 49 18 33 46 59 30 
91 45 54 41 51 73 65 71 1 2 83 57 28 59 44 31 18 47 
38 8 1 12 2 20 12 18 54 51 30 4 25 6 9 22 35 6 
13 33 24 37 27 5 13 7 79 76 5 21 50 19 34 47 60 31 
46 0 9 4 6 28 20 26 46 43 38 12 17 14 1 14 27 2 
64 18 27 14 24 46 38 44 28 25 56 30 1 32 17 4 9 20 
30 16 7 20 10 12 4 10 62 59 22 4 33 2 17 30 43 14 
17 29 20 33 23 1 9 3 75 72 9 17 46 15 30 43 56 27 
51 5 14 1 11 33 25 31 41 38 43 17 12 19 4 9 22 7 
34 12 3 16 6 16 8 14 58 55 26 0 29 2 13 26 39 10 
69 23 32 19 29 51 43 49 23 20 61 35 6 37 22 9 4 25 
3 43 34 47 37 15 23 17 89 86 5 31 60 29 44 57 70 41 

2 44 4 59 1 20 44 68 20 7 71 25 25 57 61 84 71 59 
70 28 68 13 71 52 28 4 52 65 1 47 47 15 11 12 1 13 
90 48 88 33 91 72 48 24 72 85 21 67 67 35 31 8 21 33 
60 18 58 3 61 42 18 6 42 55 9 37 37 5 1 22 9 3 
2 40 0 55 3 16 40 64 16 3 67 21 21 53 57 80 67 55 
66 24 64 9 67 48 24 0 48 61 3 43 43 11 7 16 3 9 
72 30 70 15 73 54 30 6 54 67 3 49 49 17 13 10 3 15 
5 47 7 62 4 23 47 71 23 10 74 28 28 60 64 87 74 62 
48 6 46 9 49 30 6 18 30 43 21 25 25 7 11 34 21 9 
73 31 71 16 74 55 31 7 55 68 4 50 50 18 14 9 4 16 
40 2 38 17 41 22 2 26 22 35 29 17 17 15 19 42 29 17 
22 20 20 35 23 4 20 44 4 17 47 1 1 33 37 60 47 35 
56 14 54 1 57 38 14 10 38 51 13 33 33 1 3 26 13 1 
69 27 67 12 70 51 27 3 51 64 0 46 46 14 10 13 0 12 
35 7 33 22 36 17 7 31 17 30 34 12 12 20 24 47 34 22 
52 10 50 5 53 34 10 14 34 47 17 29 29 3 7 30 17 5 
17 25 15 40 18 1 25 49 1 12 52 6 6 38 42 65 52 40 
83 41 81 26 84 65 41 17 65 78 14 60 60 28 24 1 14 26 

30 45 5 64 65 27 43 10 22 50 14 2 18 4 15 16 41 2 
34 41 9 60 61 23 39 6 18 46 18 2 14 8 19 20 37 6 
30 45 5 64 65 27 43 10 22 50 14 2 18 4 15 16 41 2 
59 16 34 35 36 2 14 19 7 21 43 27 11 33 44 45 12 31 
13 62 12 81 82 44 60 27 39 67 3 19 35 13 2 1 58 15 
92 17 67 2 3 35 19 52 40 12 76 60 44 66 77 78 21 64 
5 70 20 89 90 52 68 35 47 75 11 27 43 21 10 9 66 23 
19 56 6 75 76 38 54 21 33 61 3 13 29 7 4 5 52 9 
68 7 43 26 27 11 5 28 16 12 52 36 20 42 53 54 3 40 
28 47 3 66 67 29 45 12 24 52 12 4 20 2 13 14 43 0 
78 3 53 16 17 21 5 38 26 2 62 46 30 52 63 64 7 50 
0 75 25 94 95 57 73 40 52 80 16 32 48 26 15 14 71 28 
34 41 9 60 61 23 39 6 18 46 18 2 14 8 19 20 37 6 
18 57 7 76 77 39 55 22 34 62 2 14 30 8 3 4 53 10 
91 16 66 3 4 34 18 51 39 11 75 59 43 65 76 77 20 63 
65 10 40 29 30 8 8 25 13 15 49 33 17 39 50 51 6 37 
37 38 12 57 58 20 36 3 15 43 21 5 11 11 22 23 34 9 
67 8 42 27 28 10 6 27 15 13 51 35 19 41 52 53 4 39 

26 47 33 48 29 6 45 40 26 14 55 23 58 58 39 44 39 39 
30 43 29 44 25 10 41 36 30 10 51 19 54 54 35 40 35 35 
26 47 33 48 29 6 45 40 26 14 55 23 58 58 39 44 39 39 
55 18 4 19 0 35 16 11 55 15 26 6 29 29 10 15 10 10 
9 64 50 65 46 11 62 57 9 31 72 40 75 75 56 61 56 56 
88 15 29 14 33 68 17 22 88 48 7 39 4 4 23 18 23 23 
1 72 58 73 54 19 70 65 1 39 80 48 83 83 64 69 64 64 
15 58 44 59 40 5 56 51 15 25 66 34 69 69 50 55 50 50 
64 9 5 10 9 44 7 2 64 24 17 15 20 20 1 6 1 1 
24 49 35 50 31 4 47 42 24 16 57 25 60 60 41 46 41 41 
74 1 15 0 19 54 3 8 74 34 7 25 10 10 9 4 9 9 
4 77 63 78 59 24 75 70 4 44 85 53 88 88 69 74 69 69 
30 43 29 44 25 10 41 36 30 10 51 19 54 54 35 40 35 35 
14 59 45 60 41 6 57 52 14 26 67 35 70 70 51 56 51 51 
87 14 28 13 32 67 16 21 87 47 6 38 3 3 22 17 22 22 
61 12 2 13 6 41 10 5 61 21 20 12 23 23 4 9 4 4 
33 40 26 41 22 13 38 33 33 7 48 16 51 51 32 37 32 32 
63 10 4 11 8 43 8 3 63 23 18 14 21 21 2 7 2 2 

17 15 57 21 15 42 0 2 46 5 10 48 4 62 52 28 49 9 
21 11 53 17 11 38 4 2 42 1 14 44 0 58 48 24 45 13 
17 15 57 21 15 42 0 2 46 5 10 48 4 62 52 28 49 9 
46 14 28 8 14 13 29 27 17 24 39 19 25 33 23 1 20 38 
0 32 74 38 32 59 17 19 63 22 7 65 21 79 69 45 66 8 
79 47 5 41 47 20 62 60 16 57 72 14 58 0 10 34 13 71 
8 40 82 46 40 67 25 27 71 30 15 73 29 87 77 53 74 16 
6 26 68 32 26 53 11 13 57 16 1 59 15 73 63 39 60 2 
55 23 19 17 23 4 38 36 8 33 48 10 34 24 14 10 11 47 
15 17 59 23 17 44 2 4 48 7 8 50 6 64 54 30 51 7 
65 33 9 27 33 6 48 46 2 43 58 0 44 14 4 20 1 57 
13 45 87 51 45 72 30 32 76 35 20 78 34 92 82 58 79 21 
21 11 53 17 11 38 4 2 42 1 14 44 0 58 48 24 45 13 
5 27 69 33 27 54 12 14 58 17 2 60 16 74 64 40 61 3 
78 46 4 40 46 19 61 59 15 56 71 13 57 1 9 33 12 70 
52 20 22 14 20 7 35 33 11 30 45 13 31 27 17 7 14 44 
24 8 50 14 8 35 7 5 39 2 17 41 3 55 45 21 42 16 
54 22 20 16 22 5 37 35 9 32 47 11 33 25 15 9 12 46 

50 7 47 41 26 48 20 48 48 34 56 45 48 15 32 41 30 40 
46 3 43 37 22 44 24 44 44 30 52 41 44 11 28 37 34 36 
50 7 47 41 26 48 20 48 48 34 56 45 48 15 32 41 30 40 
21 22 18 12 3 19 49 19 19 5 27 16 19 14 3 12 59 11 
67 24 64 58 43 65 3 65 65 51 73 62 65 32 49 58 13 57 
12 55 15 21 36 14 82 14 14 28 6 17 14 47 30 21 92 22 
75 32 72 66 51 73 5 73 73 59 81 70 73 40 57 66 5 65 
61 18 58 52 37 59 9 59 59 45 67 56 59 26 43 52 19 51 
12 31 9 3 12 10 58 10 10 4 18 7 10 23 6 3 68 2 
52 9 49 43 28 50 18 50 50 36 58 47 50 17 34 43 28 42 
2 41 1 7 22 0 68 0 0 14 8 3 0 33 16 7 78 8 
80 37 77 71 56 78 10 78 78 64 86 75 78 45 62 71 0 70 
46 3 43 37 22 44 24 44 44 30 52 41 44 11 28 37 34 36 
62 19 59 53 38 60 8 60 60 46 68 57 60 27 44 53 18 52 
11 54 14 20 35 13 81 13 13 27 5 16 13 46 29 20 91 21 
15 28 12 6 9 13 55 13 13 1 21 10 13 20 3 6 65 5 
43 0 40 34 19 41 27 41 41 27 49 38 41 8 25 34 37 33 
13 30 10 4 11 11 57 11 11 3 19 8 11 22 5 4 67 3 

12 9 10 9 30 10 4 53 22 11 22 36 23 9 58 49 42 29 
16 5 14 13 26 14 0 49 26 15 18 32 27 13 54 45 38 25 
12 9 10 9 30 10 4 53 22 11 22 36 23 9 58 49 42 29 
41 20 39 38 1 39 25 24 51 40 7 7 52 38 29 20 13 0 
5 26 7 8 47 7 21 70 5 6 39 53 6 8 75 66 59 46 
74 53 72 71 32 72 58 9 84 73 40 26 85 71 4 13 20 33 
13 34 15 16 55 15 29 78 3 14 47 61 2 16 83 74 67 54 
1 20 1 2 41 1 15 64 11 0 33 47 12 2 69 60 53 40 
50 29 48 47 8 48 34 15 60 49 16 2 61 47 20 11 4 9 
10 11 8 7 32 8 6 55 20 9 24 38 21 7 60 51 44 31 
60 39 58 57 18 58 44 5 70 59 26 12 71 57 10 1 6 19 
18 39 20 21 60 20 34 83 8 19 52 66 7 21 88 79 72 59 
16 5 14 13 26 14 0 49 26 15 18 32 27 13 54 45 38 25 
0 21 2 3 42 2 16 65 10 1 34 48 11 3 70 61 54 41 
73 52 71 70 31 71 57 8 83 72 39 25 84 70 3 12 19 32 
47 26 45 44 5 45 31 18 57 46 13 1 58 44 23 14 7 6 
19 2 17 16 23 17 3 46 29 18 15 29 30 16 51 42 35 22 
49 28 47 46 7 47 33 16 59 48 15 1 60 46 21 12 5 8 

6 32 32 0 65 64 15 57 60 15 38 13 27 51 47 38 25 13 
2 28 36 4 61 60 19 53 56 11 34 17 23 47 43 34 29 9 
6 32 32 0 65 64 15 57 60 15 38 13 27 51 47 38 25 13 
23 3 61 29 36 35 44 28 31 14 9 42 2 22 18 9 54 16 
23 49 15 17 82 81 2 74 77 32 55 4 44 68 64 55 8 30 
56 30 94 62 3 2 77 5 2 47 24 75 35 11 15 24 87 49 
31 57 7 25 90 89 10 82 85 40 63 12 52 76 72 63 0 38 
17 43 21 11 76 75 4 68 71 26 49 2 38 62 58 49 14 24 
32 6 70 38 27 26 53 19 22 23 0 51 11 13 9 0 63 25 
8 34 30 2 67 66 13 59 62 17 40 11 29 53 49 40 23 15 
42 16 80 48 17 16 63 9 12 33 10 61 21 3 1 10 73 35 
36 62 2 30 95 94 15 87 90 45 68 17 57 81 77 68 5 43 
2 28 36 4 61 60 19 53 56 11 34 17 23 47 43 34 29 9 
18 44 20 12 77 76 3 69 72 27 50 1 39 63 59 50 13 25 
55 29 93 61 4 3 76 4 1 46 23 74 34 10 14 23 86 48 
29 3 67 35 30 29 50 22 25 20 3 48 8 16 12 3 60 22 
1 25 39 7 58 57 22 50 53 8 31 20 20 44 40 31 32 6 
31 5 69 37 28 27 52 20 23 22 1 50 10 14 10 1 62 24 

8 6 13 17 41 54 8 65 18 19 5 5 9 19 2 15 39 1 
4 2 17 21 37 50 12 61 22 15 1 1 5 15 6 19 35 3 
8 6 13 17 41 54 8 65 18 19 5 5 9 19 2 15 39 1 
21 23 42 46 12 25 37 36 47 10 24 24 20 10 31 44 10 28 
25 23 4 0 58 71 9 82 1 36 22 22 26 36 15 2 56 18 
54 56 75 79 21 8 70 3 80 43 57 57 53 43 64 77 23 61 
33 31 12 8 66 79 17 90 7 44 30 30 34 44 23 10 64 26 
19 17 2 6 52 65 3 76 7 30 16 16 20 30 9 4 50 12 
30 32 51 55 3 16 46 27 56 19 33 33 29 19 40 53 1 37 
10 8 11 15 43 56 6 67 16 21 7 7 11 21 0 13 41 3 
40 42 61 65 7 6 56 17 66 29 43 43 39 29 50 63 9 47 
38 36 17 13 71 84 22 95 12 49 35 35 39 49 28 15 69 31 
4 2 17 21 37 50 12 61 22 15 1 1 5 15 6 19 35 3 
20 18 1 5 53 66 4 77 6 31 17 17 21 31 10 3 51 13 
53 55 74 78 20 7 69 4 79 42 56 56 52 42 63 76 22 60 
27 29 48 52 6 19 43 30 53 16 30 30 26 16 37 50 4 34 
1 1 20 24 34 47 15 58 25 12 2 2 2 12 9 22 32 6 
29 31 50 54 4 17 45 28 55 18 32 32 28 18 39 52 2 36 

31 16 36 50 18 34 20 50 1 61 30 48 18 35 4 7 28 38 
27 12 32 46 14 30 16 46 3 57 26 44 14 31 8 3 32 34 
31 16 36 50 18 34 20 50 1 61 30 48 18 35 4 7 28 38 
2 13 7 21 11 5 9 21 28 32 1 19 11 6 33 22 57 9 
48 33 53 67 35 51 37 67 18 78 47 65 35 52 13 24 11 55 
31 46 26 12 44 28 42 12 61 1 32 14 44 27 66 55 90 24 
56 41 61 75 43 59 45 75 26 86 55 73 43 60 21 32 3 63 
42 27 47 61 29 45 31 61 12 72 41 59 29 46 7 18 17 49 
7 22 2 12 20 4 18 12 37 23 8 10 20 3 42 31 66 0 
33 18 38 52 20 36 22 52 3 63 32 50 20 37 2 9 26 40 
17 32 12 2 30 14 28 2 47 13 18 0 30 13 52 41 76 10 
61 46 66 80 48 64 50 80 31 91 60 78 48 65 26 37 2 68 
27 12 32 46 14 30 16 46 3 57 26 44 14 31 8 3 32 34 
43 28 48 62 30 46 32 62 13 73 42 60 30 47 8 19 16 50 
30 45 25 11 43 27 41 11 60 0 31 13 43 26 65 54 89 23 
4 19 1 15 17 1 15 15 34 26 5 13 17 0 39 28 63 3 
24 9 29 43 11 27 13 43 6 54 23 41 11 28 11 0 35 31 
6 21 1 13 19 3 17 13 36 24 7 11 19 2 41 30 65 1 

30 16 7 20 10 12 4 10 62 59 22 4 33 2 17 30 43 14 
34 12 3 16 6 16 8 14 58 55 26 0 29 2 13 26 39 10 
30 16 7 20 10 12 4 10 62 59 22 4 33 2 17 30 43 14 
59 13 22 9 19 41 33 39 33 30 51 25 4 27 12 1 14 15 
13 33 24 37 27 5 13 7 79 76 5 21 50 19 34 47 60 31 
92 46 55 42 52 74 66 72 0 3 84 58 29 60 45 32 19 48 
5 41 32 45 35 13 21 15 87 84 3 29 58 27 42 55 68 39 
19 27 18 31 21 1 7 1 73 70 11 15 44 13 28 41 54 25 
68 22 31 18 28 50 42 48 24 21 60 34 5 36 21 8 5 24 
28 18 9 22 12 10 2 8 64 61 20 6 35 4 19 32 45 16 
78 32 41 28 38 60 52 58 14 11 70 44 15 46 31 18 5 34 
0 46 37 50 40 18 26 20 92 89 8 34 63 32 47 60 73 44 
34 12 3 16 6 16 8 14 58 55 26 0 29 2 13 26 39 10 
18 28 19 32 22 0 8 2 74 71 10 16 45 14 29 42 55 26 
91 45 54 41 51 73 65 71 1 2 83 57 28 59 44 31 18 47 
65 19 28 15 25 47 39 45 27 24 57 31 2 33 18 5 8 21 
37 9 0 13 3 19 11 17 55 52 29 3 26 5 10 23 36 7 
67 21 30 17 27 49 41 47 25 22 59 33 4 35 20 7 6 23 

56 14 54 1 57 38 14 10 38 51 13 33 33 1 3 26 13 1 
52 10 50 5 53 34 10 14 34 47 17 29 29 3 7 30 17 5 
56 14 54 1 57 38 14 10 38 51 13 33 33 1 3 26 13 1 
27 15 25 30 28 9 15 39 9 22 42 4 4 28 32 55 42 30 
73 31 71 16 74 55 31 7 55 68 4 50 50 18 14 9 4 16 
6 48 8 63 5 24 48 72 24 11 75 29 29 61 65 88 75 63 
81 39 79 24 82 63 39 15 63 76 12 58 58 26 22 1 12 24 
67 25 65 10 68 49 25 1 49 62 2 44 44 12 8 15 2 10 
18 24 16 39 19 0 24 48 0 13 51 5 5 37 41 64 51 39 
58 16 56 1 59 40 16 8 40 53 11 35 35 3 1 24 11 1 
8 34 6 49 9 10 34 58 10 3 61 15 15 47 51 74 61 49 
86 44 84 29 87 68 44 20 68 81 17 63 63 31 27 4 17 29 
52 10 50 5 53 34 10 14 34 47 17 29 29 3 7 30 17 5 
68 26 66 11 69 50 26 2 50 63 1 45 45 13 9 14 1 11 
5 47 7 62 4 23 47 71 23 10 74 28 28 60 64 87 74 62 
21 21 19 36 22 3 21 45 3 16 48 2 2 34 38 61 48 36 
49 7 47 8 50 31 7 17 31 44 20 26 26 6 10 33 20 8 
19 23 17 38 20 1 23 47 1 14 50 4 4 36 40 63 50 38 

4 77 63 78 59 24 75 70 4 44 85 53 88 88 69 74 69 69 
71 2 12 3 16 51 0 5 71 31 10 22 13 13 6 1 6 6 
21 52 38 53 34 1 50 45 21 19 60 28 63 63 44 49 44 44 
90 17 31 16 35 70 19 24 90 50 9 41 6 6 25 20 25 25 
91 18 32 17 36 71 20 25 91 51 10 42 7 7 26 21 26 26 
53 20 6 21 2 33 18 13 53 13 28 4 31 31 12 17 12 12 
69 4 10 5 14 49 2 3 69 29 12 20 15 15 4 1 4 4 
36 37 23 38 19 16 35 30 36 4 45 13 48 48 29 34 29 29 
48 25 11 26 7 28 23 18 48 8 33 1 36 36 17 22 17 17 
76 3 17 2 21 56 5 10 76 36 5 27 8 8 11 6 11 11 
12 61 47 62 43 8 59 54 12 28 69 37 72 72 53 58 53 53 
28 45 31 46 27 8 43 38 28 12 53 21 56 56 37 42 37 37 
44 29 15 30 11 24 27 22 44 4 37 5 40 40 21 26 21 21 
22 51 37 52 33 2 49 44 22 18 59 27 62 62 43 48 43 43 
11 62 48 63 44 9 60 55 11 29 70 38 73 73 54 59 54 54 
10 63 49 64 45 10 61 56 10 30 71 39 74 74 55 60 55 55 
67 6 8 7 12 47 4 1 67 27 14 18 17 17 2 3 2 2 
24 49 35 50 31 4 47 42 24 16 57 25 60 60 41 46 41 41 

13 45 87 51 45 72 30 32 76 35 20 78 34 92 82 58 79 21 
62 30 12 24 30 3 45 43 1 40 55 3 41 17 7 17 4 54 
12 20 62 26 20 47 5 7 51 10 5 53 9 67 57 33 54 4 
81 49 7 43 49 22 64 62 18 59 74 16 60 2 12 36 15 73 
82 50 8 44 50 23 65 63 19 60 75 17 61 3 13 37 16 74 
44 12 30 6 12 15 27 25 19 22 37 21 23 35 25 1 22 36 
60 28 14 22 28 1 43 41 3 38 53 5 39 19 9 15 6 52 
27 5 47 11 5 32 10 8 36 5 20 38 6 52 42 18 39 19 
39 7 35 1 7 20 22 20 24 17 32 26 18 40 30 6 27 31 
67 35 7 29 35 8 50 48 4 45 60 2 46 12 2 22 1 59 
3 29 71 35 29 56 14 16 60 19 4 62 18 76 66 42 63 5 
19 13 55 19 13 40 2 0 44 3 12 46 2 60 50 26 47 11 
35 3 39 3 3 24 18 16 28 13 28 30 14 44 34 10 31 27 
13 19 61 25 19 46 4 6 50 9 6 52 8 66 56 32 53 5 
2 30 72 36 30 57 15 17 61 20 5 63 19 77 67 43 64 6 
1 31 73 37 31 58 16 18 62 21 6 64 20 78 68 44 65 7 
58 26 16 20 26 1 41 39 5 36 51 7 37 21 11 13 8 50 
15 17 59 23 17 44 2 4 48 7 8 50 6 64 54 30 51 7 

80 37 77 71 56 78 10 78 78 64 86 75 78 45 62 71 0 70 
5 38 2 4 19 3 65 3 3 11 11 0 3 30 13 4 75 5 
55 12 52 46 31 53 15 53 53 39 61 50 53 20 37 46 25 45 
14 57 17 23 38 16 84 16 16 30 8 19 16 49 32 23 94 24 
15 58 18 24 39 17 85 17 17 31 9 20 17 50 33 24 95 25 
23 20 20 14 1 21 47 21 21 7 29 18 21 12 5 14 57 13 
7 36 4 2 17 5 63 5 5 9 13 2 5 28 11 2 73 3 
40 3 37 31 16 38 30 38 38 24 46 35 38 5 22 31 40 30 
28 15 25 19 4 26 42 26 26 12 34 23 26 7 10 19 52 18 
0 43 3 9 24 2 70 2 2 16 6 5 2 35 18 9 80 10 
64 21 61 55 40 62 6 62 62 48 70 59 62 29 46 55 16 54 
48 5 45 39 24 46 22 46 46 32 54 43 46 13 30 39 32 38 
32 11 29 23 8 30 38 30 30 16 38 27 30 3 14 23 48 22 
54 11 51 45 30 52 16 52 52 38 60 49 52 19 36 45 26 44 
65 22 62 56 41 63 5 63 63 49 71 60 63 30 47 56 15 55 
66 23 63 57 42 64 4 64 64 50 72 61 64 31 48 57 14 56 
9 34 6 0 15 7 61 7 7 7 15 4 7 26 9 0 71 1 
52 9 49 43 28 50 18 50 50 36 58 47 50 17 34 43 28 42 

18 39 20 21 60 20 34 83 8 19 52 66 7 21 88 79 72 59 
57 36 55 54 15 55 41 8 67 56 23 9 68 54 13 4 3 16 
7 14 5 4 35 5 9 58 17 6 27 41 18 4 63 54 47 34 
76 55 74 73 34 74 60 11 86 75 42 28 87 73 6 15 22 35 
77 56 75 74 35 75 61 12 87 76 43 29 88 74 7 16 23 36 
39 18 37 36 3 37 23 26 49 38 5 9 50 36 31 22 15 2 
55 34 53 52 13 53 39 10 65 54 21 7 66 52 15 6 1 14 
22 1 20 19 20 20 6 43 32 21 12 26 33 19 48 39 32 19 
34 13 32 31 8 32 18 31 44 33 0 14 45 31 36 27 20 7 
62 41 60 59 20 60 46 3 72 61 28 14 73 59 8 1 8 21 
2 23 4 5 44 4 18 67 8 3 36 50 9 5 72 63 56 43 
14 7 12 11 28 12 2 51 24 13 20 34 25 11 56 47 40 27 
30 9 28 27 12 28 14 35 40 29 4 18 41 27 40 31 24 11 
8 13 6 5 34 6 8 57 18 7 26 40 19 5 62 53 46 33 
3 24 5 6 45 5 19 68 7 4 37 51 8 6 73 64 57 44 
4 25 6 7 46 6 20 69 6 5 38 52 7 7 74 65 58 45 
53 32 51 50 11 51 37 12 63 52 19 5 64 50 17 8 1 12 
10 11 8 7 32 8 6 55 20 9 24 38 21 7 60 51 44 31 

36 62 2 30 95 94 15 87 90 45 68 17 57 81 77 68 5 43 
39 13 77 45 20 19 60 12 15 30 7 58 18 6 2 7 70 32 
11 37 27 5 70 69 10 62 65 20 43 8 32 56 52 43 20 18 
58 32 96 64 1 0 79 7 4 49 26 77 37 13 17 26 89 51 
59 33 97 65 0 1 80 8 5 50 27 78 38 14 18 27 90 52 
21 5 59 27 38 37 42 30 33 12 11 40 0 24 20 11 52 14 
37 11 75 43 22 21 58 14 17 28 5 56 16 8 4 5 68 30 
4 22 42 10 55 54 25 47 50 5 28 23 17 41 37 28 35 3 
16 10 54 22 43 42 37 35 38 7 16 35 5 29 25 16 47 9 
44 18 82 50 15 14 65 7 10 35 12 63 23 1 3 12 75 37 
20 46 18 14 79 78 1 71 74 29 52 1 41 65 61 52 11 27 
4 30 34 2 63 62 17 55 58 13 36 15 25 49 45 36 27 11 
12 14 50 18 47 46 33 39 42 3 20 31 9 33 29 20 43 5 
10 36 28 4 69 68 11 61 64 19 42 9 31 55 51 42 21 17 
21 47 17 15 80 79 0 72 75 30 53 2 42 66 62 53 10 28 
22 48 16 16 81 80 1 73 76 31 54 3 43 67 63 54 9 29 
35 9 73 41 24 23 56 16 19 26 3 54 14 10 6 3 66 28 
8 34 30 2 67 66 13 59 62 17 40 11 29 53 49 40 23 15 

38 36 17 13 71 84 22 95 12 49 35 35 39 49 28 15 69 31 
37 39 58 62 4 9 53 20 63 26 40 40 36 26 47 60 6 44 
13 11 8 12 46 59 3 70 13 24 10 10 14 24 3 10 44 6 
56 58 77 81 23 10 72 1 82 45 59 59 55 45 66 79 25 63 
57 59 78 82 24 11 73 0 83 46 60 60 56 46 67 80 26 64 
19 21 40 44 14 27 35 38 45 8 22 22 18 8 29 42 12 26 
35 37 56 60 2 11 51 22 61 24 38 38 34 24 45 58 4 42 
2 4 23 27 31 44 18 55 28 9 5 5 1 9 12 25 29 9 
14 16 35 39 19 32 30 43 40 3 17 17 13 3 24 37 17 21 
42 44 63 67 9 4 58 15 68 31 45 45 41 31 52 65 11 49 
22 20 1 3 55 68 6 79 4 33 19 19 23 33 12 1 53 15 
6 4 15 19 39 52 10 63 20 17 3 3 7 17 4 17 37 1 
10 12 31 35 23 36 26 47 36 1 13 13 9 1 20 33 21 17 
12 10 9 13 45 58 4 69 14 23 9 9 13 23 2 11 43 5 
23 21 2 2 56 69 7 80 3 34 20 20 24 34 13 0 54 16 
24 22 3 1 57 70 8 81 2 35 21 21 25 35 14 1 55 17 
33 35 54 58 0 13 49 24 59 22 36 36 32 22 43 56 2 40 
10 8 11 15 43 56 6 67 16 21 7 7 11 21 0 13 41 3 

61 46 66 80 48 64 50 80 31 91 60 78 48 65 26 37 2 68 
14 29 9 5 27 11 25 5 44 16 15 3 27 10 49 38 73 7 
36 21 41 55 23 39 25 55 6 66 35 53 23 40 1 12 23 43 
33 48 28 14 46 30 44 14 63 3 34 16 46 29 68 57 92 26 
34 49 29 15 47 31 45 15 64 4 35 17 47 30 69 58 93 27 
4 11 9 23 9 7 7 23 26 34 3 21 9 8 31 20 55 11 
12 27 7 7 25 9 23 7 42 18 13 5 25 8 47 36 71 5 
21 6 26 40 8 24 10 40 9 51 20 38 8 25 14 3 38 28 
9 6 14 28 4 12 2 28 21 39 8 26 4 13 26 15 50 16 
19 34 14 0 32 16 30 0 49 11 20 2 32 15 54 43 78 12 
45 30 50 64 32 48 34 64 15 75 44 62 32 49 10 21 14 52 
29 14 34 48 16 32 18 48 1 59 28 46 16 33 6 5 30 36 
13 2 18 32 0 16 2 32 17 43 12 30 0 17 22 11 46 20 
35 20 40 54 22 38 24 54 5 65 34 52 22 39 0 11 24 42 
46 31 51 65 33 49 35 65 16 76 45 63 33 50 11 22 13 53 
47 32 52 66 34 50 36 66 17 77 46 64 34 51 12 23 12 54 
10 25 5 9 23 7 21 9 40 20 11 7 23 6 45 34 69 3 
33 18 38 52 20 36 22 52 3 63 32 50 20 37 2 9 26 40 

0 46 37 50 40 18 26 20 92 89 8 34 63 32 47 60 73 44 
75 29 38 25 35 57 49 55 17 14 67 41 12 43 28 15 2 31 
25 21 12 25 15 7 1 5 67 64 17 9 38 7 22 35 48 19 
94 48 57 44 54 76 68 74 2 5 86 60 31 62 47 34 21 50 
95 49 58 45 55 77 69 75 3 6 87 61 32 63 48 35 22 51 
57 11 20 7 17 39 31 37 35 32 49 23 6 25 10 3 16 13 
73 27 36 23 33 55 47 53 19 16 65 39 10 41 26 13 0 29 
40 6 3 10 0 22 14 20 52 49 32 6 23 8 7 20 33 4 
52 6 15 2 12 34 26 32 40 37 44 18 11 20 5 8 21 8 
80 34 43 30 40 62 54 60 12 9 72 46 17 48 33 20 7 36 
16 30 21 34 24 2 10 4 76 73 8 18 47 16 31 44 57 28 
32 14 5 18 8 14 6 12 60 57 24 2 31 0 15 28 41 12 
48 2 11 2 8 30 22 28 44 41 40 14 15 16 1 12 25 4 
26 20 11 24 14 8 0 6 66 63 18 8 37 6 21 34 47 18 
15 31 22 35 25 3 11 5 77 74 7 19 48 17 32 45 58 29 
14 32 23 36 26 4 12 6 78 75 6 20 49 18 33 46 59 30 
71 25 34 21 31 53 45 51 21 18 63 37 8 39 24 11 2 27 
28 18 9 22 12 10 2 8 64 61 20 6 35 4 19 32 45 16 

86 44 84 29 87 68 44 20 68 81 17 63 63 31 27 4 17 29 
11 31 9 46 12 7 31 55 7 6 58 12 12 44 48 71 58 46 
61 19 59 4 62 43 19 5 43 56 8 38 38 6 2 21 8 4 
8 50 10 65 7 26 50 74 26 13 77 31 31 63 67 90 77 65 
9 51 11 66 8 27 51 75 27 14 78 32 32 64 68 91 78 66 
29 13 27 28 30 11 13 37 11 24 40 6 6 26 30 53 40 28 
13 29 11 44 14 5 29 53 5 8 56 10 10 42 46 69 56 44 
46 4 44 11 47 28 4 20 28 41 23 23 23 9 13 36 23 11 
34 8 32 23 35 16 8 32 16 29 35 11 11 21 25 48 35 23 
6 36 4 51 7 12 36 60 12 1 63 17 17 49 53 76 63 51 
70 28 68 13 71 52 28 4 52 65 1 47 47 15 11 12 1 13 
54 12 52 3 55 36 12 12 36 49 15 31 31 1 5 28 15 3 
38 4 36 19 39 20 4 28 20 33 31 15 15 17 21 44 31 19 
60 18 58 3 61 42 18 6 42 55 9 37 37 5 1 22 9 3 
71 29 69 14 72 53 29 5 53 66 2 48 48 16 12 11 2 14 
72 30 70 15 73 54 30 6 54 67 3 49 49 17 13 10 3 15 
15 27 13 42 16 3 27 51 3 10 54 8 8 40 44 67 54 42 
58 16 56 1 59 40 16 8 40 53 11 35 35 3 1 24 11 1 

9 41 83 47 41 68 26 28 72 31 16 74 30 88 78 54 75 17 
64 32 10 26 32 5 47 45 1 42 57 1 43 15 5 19 2 56 
50 18 24 12 18 9 33 31 13 28 43 15 29 29 19 5 16 42 
65 33 9 27 33 6 48 46 2 43 58 0 44 14 4 20 1 57 
46 14 28 8 14 13 29 27 17 24 39 19 25 33 23 1 20 38 
11 21 63 27 21 48 6 8 52 11 4 54 10 68 58 34 55 3 
62 30 12 24 30 3 45 43 1 40 55 3 41 17 7 17 4 54 
57 25 17 19 25 2 40 38 6 35 50 8 36 22 12 12 9 49 
9 41 83 47 41 68 26 28 72 31 16 74 30 88 78 54 75 17 
31 1 43 7 1 28 14 12 32 9 24 34 10 48 38 14 35 23 
72 40 2 34 40 13 55 53 9 50 65 7 51 7 3 27 6 64 
40 8 34 2 8 19 23 21 23 18 33 25 19 39 29 5 26 32 
75 43 1 37 43 16 58 56 12 53 68 10 54 4 6 30 9 67 
75 43 1 37 43 16 58 56 12 53 68 10 54 4 6 30 9 67 
56 24 18 18 24 3 39 37 7 34 49 9 35 23 13 11 10 48 
61 29 13 23 29 2 44 42 2 39 54 4 40 18 8 16 5 53 
56 24 18 18 24 3 39 37 7 34 49 9 35 23 13 11 10 48 
56 24 18 18 24 3 39 37 7 34 49 9 35 23 13 11 10 48 

76 33 73 67 52 74 6 74 74 60 82 71 74 41 58 67 4 66 
3 40 0 6 21 1 67 1 1 13 9 2 1 32 15 6 77 7 
17 26 14 8 7 15 53 15 15 1 23 12 15 18 1 8 63 7 
2 41 1 7 22 0 68 0 0 14 8 3 0 33 16 7 78 8 
21 22 18 12 3 19 49 19 19 5 27 16 19 14 3 12 59 11 
56 13 53 47 32 54 14 54 54 40 62 51 54 21 38 47 24 46 
5 38 2 4 19 3 65 3 3 11 11 0 3 30 13 4 75 5 
10 33 7 1 14 8 60 8 8 6 16 5 8 25 8 1 70 0 
76 33 73 67 52 74 6 74 74 60 82 71 74 41 58 67 4 66 
36 7 33 27 12 34 34 34 34 20 42 31 34 1 18 27 44 26 
5 48 8 14 29 7 75 7 7 21 1 10 7 40 23 14 85 15 
27 16 24 18 3 25 43 25 25 11 33 22 25 8 9 18 53 17 
8 51 11 17 32 10 78 10 10 24 2 13 10 43 26 17 88 18 
8 51 11 17 32 10 78 10 10 24 2 13 10 43 26 17 88 18 
11 32 8 2 13 9 59 9 9 5 17 6 9 24 7 2 69 1 
6 37 3 3 18 4 64 4 4 10 12 1 4 29 12 3 74 4 
11 32 8 2 13 9 59 9 9 5 17 6 9 24 7 2 69 1 
11 32 8 2 13 9 59 9 9 5 17 6 9 24 7 2 69 1 

14 35 16 17 56 16 30 79 4 15 48 62 3 17 84 75 68 55 
59 38 57 56 17 57 43 6 69 58 25 11 70 56 11 2 5 18 
45 24 43 42 3 43 29 20 55 44 11 3 56 42 25 16 9 4 
60 39 58 57 18 58 44 5 70 59 26 12 71 57 10 1 6 19 
41 20 39 38 1 39 25 24 51 40 7 7 52 38 29 20 13 0 
6 15 4 3 36 4 10 59 16 5 28 42 17 3 64 55 48 35 
57 36 55 54 15 55 41 8 67 56 23 9 68 54 13 4 3 16 
52 31 50 49 10 50 36 13 62 51 18 4 63 49 18 9 2 11 
14 35 16 17 56 16 30 79 4 15 48 62 3 17 84 75 68 55 
26 5 24 23 16 24 10 39 36 25 8 22 37 23 44 35 28 15 
67 46 65 64 25 65 51 2 77 66 33 19 78 64 3 6 13 26 
35 14 33 32 7 33 19 30 45 34 1 13 46 32 35 26 19 6 
70 49 68 67 28 68 54 5 80 69 36 22 81 67 0 9 16 29 
70 49 68 67 28 68 54 5 80 69 36 22 81 67 0 9 16 29 
51 30 49 48 9 49 35 14 61 50 17 3 62 48 19 10 3 10 
56 35 54 53 14 54 40 9 66 55 22 8 67 53 14 5 2 15 
51 30 49 48 9 49 35 14 61 50 17 3 62 48 19 10 3 10 
51 30 49 48 9 49 35 14 61 50 17 3 62 48 19 10 3 10 

32 58 6 26 91 90 11 83 86 41 64 13 53 77 73 64 1 39 
41 15 79 47 18 17 62 10 13 32 9 60 20 4 0 9 72 34 
27 1 65 33 32 31 48 24 27 18 5 46 6 18 14 5 58 20 
42 16 80 48 17 16 63 9 12 33 10 61 21 3 1 10 73 35 
23 3 61 29 36 35 44 28 31 14 9 42 2 22 18 9 54 16 
12 38 26 6 71 70 9 63 66 21 44 7 33 57 53 44 19 19 
39 13 77 45 20 19 60 12 15 30 7 58 18 6 2 7 70 32 
34 8 72 40 25 24 55 17 20 25 2 53 13 11 7 2 65 27 
32 58 6 26 91 90 11 83 86 41 64 13 53 77 73 64 1 39 
8 18 46 14 51 50 29 43 46 1 24 27 13 37 33 24 39 1 
49 23 87 55 10 9 70 2 5 40 17 68 28 4 8 17 80 42 
17 9 55 23 42 41 38 34 37 8 15 36 4 28 24 15 48 10 
52 26 90 58 7 6 73 1 2 43 20 71 31 7 11 20 83 45 
52 26 90 58 7 6 73 1 2 43 20 71 31 7 11 20 83 45 
33 7 71 39 26 25 54 18 21 24 1 52 12 12 8 1 64 26 
38 12 76 44 21 20 59 13 16 29 6 57 17 7 3 6 69 31 
33 7 71 39 26 25 54 18 21 24 1 52 12 12 8 1 64 26 
33 7 71 39 26 25 54 18 21 24 1 52 12 12 8 1 64 26 

34 32 13 9 67 80 18 91 8 45 31 31 35 45 24 11 65 27 
39 41 60 64 6 7 55 18 65 28 42 42 38 28 49 62 8 46 
25 27 46 50 8 21 41 32 51 14 28 28 24 14 35 48 6 32 
40 42 61 65 7 6 56 17 66 29 43 43 39 29 50 63 9 47 
21 23 42 46 12 25 37 36 47 10 24 24 20 10 31 44 10 28 
14 12 7 11 47 60 2 71 12 25 11 11 15 25 4 9 45 7 
37 39 58 62 4 9 53 20 63 26 40 40 36 26 47 60 6 44 
32 34 53 57 1 14 48 25 58 21 35 35 31 21 42 55 1 39 
34 32 13 9 67 80 18 91 8 45 31 31 35 45 24 11 65 27 
6 8 27 31 27 40 22 51 32 5 9 9 5 5 16 29 25 13 
47 49 68 72 14 1 63 10 73 36 50 50 46 36 57 70 16 54 
15 17 36 40 18 31 31 42 41 4 18 18 14 4 25 38 16 22 
50 52 71 75 17 4 66 7 76 39 53 53 49 39 60 73 19 57 
50 52 71 75 17 4 66 7 76 39 53 53 49 39 60 73 19 57 
31 33 52 56 2 15 47 26 57 20 34 34 30 20 41 54 0 38 
36 38 57 61 3 10 52 21 62 25 39 39 35 25 46 59 5 43 
31 33 52 56 2 15 47 26 57 20 34 34 30 20 41 54 0 38 
31 33 52 56 2 15 47 26 57 20 34 34 30 20 41 54 0 38 

57 42 62 76 44 60 46 76 27 87 56 74 44 61 22 33 2 64 
16 31 11 3 29 13 27 3 46 14 17 1 29 12 51 40 75 9 
2 17 3 17 15 1 13 17 32 28 3 15 15 2 37 26 61 5 
17 32 12 2 30 14 28 2 47 13 18 0 30 13 52 41 76 10 
2 13 7 21 11 5 9 21 28 32 1 19 11 6 33 22 57 9 
37 22 42 56 24 40 26 56 7 67 36 54 24 41 2 13 22 44 
14 29 9 5 27 11 25 5 44 16 15 3 27 10 49 38 73 7 
9 24 4 10 22 6 20 10 39 21 10 8 22 5 44 33 68 2 
57 42 62 76 44 60 46 76 27 87 56 74 44 61 22 33 2 64 
17 2 22 36 4 20 6 36 13 47 16 34 4 21 18 7 42 24 
24 39 19 5 37 21 35 5 54 6 25 7 37 20 59 48 83 17 
8 7 13 27 5 11 3 27 22 38 7 25 5 12 27 16 51 15 
27 42 22 8 40 24 38 8 57 3 28 10 40 23 62 51 86 20 
27 42 22 8 40 24 38 8 57 3 28 10 40 23 62 51 86 20 
8 23 3 11 21 5 19 11 38 22 9 9 21 4 43 32 67 1 
13 28 8 6 26 10 24 6 43 17 14 4 26 9 48 37 72 6 
8 23 3 11 21 5 19 11 38 22 9 9 21 4 43 32 67 1 
8 23 3 11 21 5 19 11 38 22 9 9 21 4 43 32 67 1 

4 42 33 46 36 14 22 16 88 85 4 30 59 28 43 56 69 40 
77 31 40 27 37 59 51 57 15 12 69 43 14 45 30 17 4 33 
63 17 26 13 23 45 37 43 29 26 55 29 0 31 16 3 10 19 
78 32 41 28 38 60 52 58 14 11 70 44 15 46 31 18 5 34 
59 13 22 9 19 41 33 39 33 30 51 25 4 27 12 1 14 15 
24 22 13 26 16 6 2 4 68 65 16 10 39 8 23 36 49 20 
75 29 38 25 35 57 49 55 17 14 67 41 12 43 28 15 2 31 
70 24 33 20 30 52 44 50 22 19 62 36 7 38 23 10 3 26 
4 42 33 46 36 14 22 16 88 85 4 30 59 28 43 56 69 40 
44 2 7 6 4 26 18 24 48 45 36 10 19 12 3 16 29 0 
85 39 48 35 45 67 59 65 7 4 77 51 22 53 38 25 12 41 
53 7 16 3 13 35 27 33 39 36 45 19 10 21 6 7 20 9 
88 42 51 38 48 70 62 68 4 1 80 54 25 56 41 28 15 44 
88 42 51 38 48 70 62 68 4 1 80 54 25 56 41 28 15 44 
69 23 32 19 29 51 43 49 23 20 61 35 6 37 22 9 4 25 
74 28 37 24 34 56 48 54 18 15 66 40 11 42 27 14 1 30 
69 23 32 19 29 51 43 49 23 20 61 35 6 37 22 9 4 25 
69 23 32 19 29 51 43 49 23 20 61 35 6 37 22 9 4 25 

82 40 80 25 83 64 40 16 64 77 13 59 59 27 23 0 13 25 
9 33 7 48 10 9 33 57 9 4 60 14 14 46 50 73 60 48 
23 19 21 34 24 5 19 43 5 18 46 0 0 32 36 59 46 34 
8 34 6 49 9 10 34 58 10 3 61 15 15 47 51 74 61 49 
27 15 25 30 28 9 15 39 9 22 42 4 4 28 32 55 42 30 
62 20 60 5 63 44 20 4 44 57 7 39 39 7 3 20 7 5 
11 31 9 46 12 7 31 55 7 6 58 12 12 44 48 71 58 46 
16 26 14 41 17 2 26 50 2 11 53 7 7 39 43 66 53 41 
82 40 80 25 83 64 40 16 64 77 13 59 59 27 23 0 13 25 
42 0 40 15 43 24 0 24 24 37 27 19 19 13 17 40 27 15 
1 41 1 56 2 17 41 65 17 4 68 22 22 54 58 81 68 56 
33 9 31 24 34 15 9 33 15 28 36 10 10 22 26 49 36 24 
2 44 4 59 1 20 44 68 20 7 71 25 25 57 61 84 71 59 
2 44 4 59 1 20 44 68 20 7 71 25 25 57 61 84 71 59 
17 25 15 40 18 1 25 49 1 12 52 6 6 38 42 65 52 40 
12 30 10 45 13 6 30 54 6 7 57 11 11 43 47 70 57 45 
17 25 15 40 18 1 25 49 1 12 52 6 6 38 42 65 52 40 
17 25 15 40 18 1 25 49 1 12 52 6 6 38 42 65 52 40 

67 24 64 58 43 65 3 65 65 51 73 62 65 32 49 58 13 57 
35 8 32 26 11 33 35 33 33 19 41 30 33 0 17 26 45 25 
7 50 10 16 31 9 77 9 9 23 1 12 9 42 25 16 87 17 
29 14 26 20 5 27 41 27 27 13 35 24 27 6 11 20 51 19 
35 8 32 26 11 33 35 33 33 19 41 30 33 0 17 26 45 25 
8 35 5 1 16 6 62 6 6 8 14 3 6 27 10 1 72 2 
50 7 47 41 26 48 20 48 48 34 56 45 48 15 32 41 30 40 
48 5 45 39 24 46 22 46 46 32 54 43 46 13 30 39 32 38 
4 39 1 5 20 2 66 2 2 12 10 1 2 31 14 5 76 6 
45 2 42 36 21 43 25 43 43 29 51 40 43 10 27 36 35 35 
60 17 57 51 36 58 10 58 58 44 66 55 58 25 42 51 20 50 
2 41 1 7 22 0 68 0 0 14 8 3 0 33 16 7 78 8 
46 3 43 37 22 44 24 44 44 30 52 41 44 11 28 37 34 36 
12 55 15 21 36 14 82 14 14 28 6 17 14 47 30 21 92 22 
2 45 5 11 26 4 72 4 4 18 4 7 4 37 20 11 82 12 
22 21 19 13 2 20 48 20 20 6 28 17 20 13 4 13 58 12 
1 42 2 8 23 1 69 1 1 15 7 4 1 34 17 8 79 9 
59 16 56 50 35 57 11 57 57 43 65 54 57 24 41 50 21 49 

5 26 7 8 47 7 21 70 5 6 39 53 6 8 75 66 59 46 
27 6 25 24 15 25 11 38 37 26 7 21 38 24 43 34 27 14 
69 48 67 66 27 67 53 4 79 68 35 21 80 66 1 8 15 28 
33 12 31 30 9 31 17 32 43 32 1 15 44 30 37 28 21 8 
27 6 25 24 15 25 11 38 37 26 7 21 38 24 43 34 27 14 
54 33 52 51 12 52 38 11 64 53 20 6 65 51 16 7 0 13 
12 9 10 9 30 10 4 53 22 11 22 36 23 9 58 49 42 29 
14 7 12 11 28 12 2 51 24 13 20 34 25 11 56 47 40 27 
58 37 56 55 16 56 42 7 68 57 24 10 69 55 12 3 4 17 
17 4 15 14 25 15 1 48 27 16 17 31 28 14 53 44 37 24 
2 19 0 1 40 0 14 63 12 1 32 46 13 1 68 59 52 39 
60 39 58 57 18 58 44 5 70 59 26 12 71 57 10 1 6 19 
16 5 14 13 26 14 0 49 26 15 18 32 27 13 54 45 38 25 
74 53 72 71 32 72 58 9 84 73 40 26 85 71 4 13 20 33 
64 43 62 61 22 62 48 1 74 63 30 16 75 61 6 3 10 23 
40 19 38 37 2 38 24 25 50 39 6 8 51 37 30 21 14 1 
61 40 59 58 19 59 45 4 71 60 27 13 72 58 9 0 7 20 
3 18 1 0 39 1 13 62 13 2 31 45 14 0 67 58 51 38 

23 49 15 17 82 81 2 74 77 32 55 4 44 68 64 55 8 30 
9 17 47 15 50 49 30 42 45 0 23 28 12 36 32 23 40 2 
51 25 89 57 8 7 72 0 3 42 19 70 30 6 10 19 82 44 
15 11 53 21 44 43 36 36 39 6 17 34 6 30 26 17 46 8 
9 17 47 15 50 49 30 42 45 0 23 28 12 36 32 23 40 2 
36 10 74 42 23 22 57 15 18 27 4 55 15 9 5 4 67 29 
6 32 32 0 65 64 15 57 60 15 38 13 27 51 47 38 25 13 
4 30 34 2 63 62 17 55 58 13 36 15 25 49 45 36 27 11 
40 14 78 46 19 18 61 11 14 31 8 59 19 5 1 8 71 33 
1 27 37 5 60 59 20 52 55 10 33 18 22 46 42 33 30 8 
16 42 22 10 75 74 5 67 70 25 48 3 37 61 57 48 15 23 
42 16 80 48 17 16 63 9 12 33 10 61 21 3 1 10 73 35 
2 28 36 4 61 60 19 53 56 11 34 17 23 47 43 34 29 9 
56 30 94 62 3 2 77 5 2 47 24 75 35 11 15 24 87 49 
46 20 84 52 13 12 67 5 8 37 14 65 25 1 5 14 77 39 
22 4 60 28 37 36 43 29 32 13 10 41 1 23 19 10 53 15 
43 17 81 49 16 15 64 8 11 34 11 62 22 2 2 11 74 36 
15 41 23 9 74 73 6 66 69 24 47 4 36 60 56 47 16 22 

25 23 4 0 58 71 9 82 1 36 22 22 26 36 15 2 56 18 
7 9 28 32 26 39 23 50 33 4 10 10 6 4 17 30 24 14 
49 51 70 74 16 3 65 8 75 38 52 52 48 38 59 72 18 56 
13 15 34 38 20 33 29 44 39 2 16 16 12 2 23 36 18 20 
7 9 28 32 26 39 23 50 33 4 10 10 6 4 17 30 24 14 
34 36 55 59 1 12 50 23 60 23 37 37 33 23 44 57 3 41 
8 6 13 17 41 54 8 65 18 19 5 5 9 19 2 15 39 1 
6 4 15 19 39 52 10 63 20 17 3 3 7 17 4 17 37 1 
38 40 59 63 5 8 54 19 64 27 41 41 37 27 48 61 7 45 
3 1 18 22 36 49 13 60 23 14 0 0 4 14 7 20 34 4 
18 16 3 7 51 64 2 75 8 29 15 15 19 29 8 5 49 11 
40 42 61 65 7 6 56 17 66 29 43 43 39 29 50 63 9 47 
4 2 17 21 37 50 12 61 22 15 1 1 5 15 6 19 35 3 
54 56 75 79 21 8 70 3 80 43 57 57 53 43 64 77 23 61 
44 46 65 69 11 2 60 13 70 33 47 47 43 33 54 67 13 51 
20 22 41 45 13 26 36 37 46 9 23 23 19 9 30 43 11 27 
41 43 62 66 8 5 57 16 67 30 44 44 40 30 51 64 10 48 
17 15 4 8 50 63 1 74 9 28 14 14 18 28 7 6 48 10 

48 33 53 67 35 51 37 67 18 78 47 65 35 52 13 24 11 55 
16 1 21 35 3 19 5 35 14 46 15 33 3 20 19 8 43 23 
26 41 21 7 39 23 37 7 56 4 27 9 39 22 61 50 85 19 
10 5 15 29 3 13 1 29 20 40 9 27 3 14 25 14 49 17 
16 1 21 35 3 19 5 35 14 46 15 33 3 20 19 8 43 23 
11 26 6 8 24 8 22 8 41 19 12 6 24 7 46 35 70 4 
31 16 36 50 18 34 20 50 1 61 30 48 18 35 4 7 28 38 
29 14 34 48 16 32 18 48 1 59 28 46 16 33 6 5 30 36 
15 30 10 4 28 12 26 4 45 15 16 2 28 11 50 39 74 8 
26 11 31 45 13 29 15 45 4 56 25 43 13 30 9 2 33 33 
41 26 46 60 28 44 30 60 11 71 40 58 28 45 6 17 18 48 
17 32 12 2 30 14 28 2 47 13 18 0 30 13 52 41 76 10 
27 12 32 46 14 30 16 46 3 57 26 44 14 31 8 3 32 34 
31 46 26 12 44 28 42 12 61 1 32 14 44 27 66 55 90 24 
21 36 16 2 34 18 32 2 51 9 22 4 34 17 56 45 80 14 
3 12 8 22 10 6 8 22 27 33 2 20 10 7 32 21 56 10 
18 33 13 1 31 15 29 1 48 12 19 1 31 14 53 42 77 11 
40 25 45 59 27 43 29 59 10 70 39 57 27 44 5 16 19 47 

13 33 24 37 27 5 13 7 79 76 5 21 50 19 34 47 60 31 
45 1 8 5 5 27 19 25 47 44 37 11 18 13 2 15 28 1 
87 41 50 37 47 69 61 67 5 2 79 53 24 55 40 27 14 43 
51 5 14 1 11 33 25 31 41 38 43 17 12 19 4 9 22 7 
45 1 8 5 5 27 19 25 47 44 37 11 18 13 2 15 28 1 
72 26 35 22 32 54 46 52 20 17 64 38 9 40 25 12 1 28 
30 16 7 20 10 12 4 10 62 59 22 4 33 2 17 30 43 14 
32 14 5 18 8 14 6 12 60 57 24 2 31 0 15 28 41 12 
76 30 39 26 36 58 50 56 16 13 68 42 13 44 29 16 3 32 
35 11 2 15 5 17 9 15 57 54 27 1 28 3 12 25 38 9 
20 26 17 30 20 2 6 0 72 69 12 14 43 12 27 40 53 24 
78 32 41 28 38 60 52 58 14 11 70 44 15 46 31 18 5 34 
34 12 3 16 6 16 8 14 58 55 26 0 29 2 13 26 39 10 
92 46 55 42 52 74 66 72 0 3 84 58 29 60 45 32 19 48 
82 36 45 32 42 64 56 62 10 7 74 48 19 50 35 22 9 38 
58 12 21 8 18 40 32 38 34 31 50 24 5 26 11 2 15 14 
79 33 42 29 39 61 53 59 13 10 71 45 16 47 32 19 6 35 
21 25 16 29 19 3 5 1 71 68 13 13 42 11 26 39 52 23 

73 31 71 16 74 55 31 7 55 68 4 50 50 18 14 9 4 16 
41 1 39 16 42 23 1 25 23 36 28 18 18 14 18 41 28 16 
1 43 3 58 0 19 43 67 19 6 70 24 24 56 60 83 70 58 
35 7 33 22 36 17 7 31 17 30 34 12 12 20 24 47 34 22 
41 1 39 16 42 23 1 25 23 36 28 18 18 14 18 41 28 16 
14 28 12 43 15 4 28 52 4 9 55 9 9 41 45 68 55 43 
56 14 54 1 57 38 14 10 38 51 13 33 33 1 3 26 13 1 
54 12 52 3 55 36 12 12 36 49 15 31 31 1 5 28 15 3 
10 32 8 47 11 8 32 56 8 5 59 13 13 45 49 72 59 47 
51 9 49 6 52 33 9 15 33 46 18 28 28 4 8 31 18 6 
66 24 64 9 67 48 24 0 48 61 3 43 43 11 7 16 3 9 
8 34 6 49 9 10 34 58 10 3 61 15 15 47 51 74 61 49 
52 10 50 5 53 34 10 14 34 47 17 29 29 3 7 30 17 5 
6 48 8 63 5 24 48 72 24 11 75 29 29 61 65 88 75 63 
4 38 2 53 5 14 38 62 14 1 65 19 19 51 55 78 65 53 
28 14 26 29 29 10 14 38 10 23 41 5 5 27 31 54 41 29 
7 35 5 50 8 11 35 59 11 2 62 16 16 48 52 75 62 50 
65 23 63 8 66 47 23 1 47 60 4 42 42 10 6 17 4 8 

62 41 60 59 20 60 46 3 72 61 28 14 73 59 8 1 8 21 
19 2 17 16 23 17 3 46 29 18 15 29 30 16 51 42 35 22 
59 38 57 56 17 57 43 6 69 58 25 11 70 56 11 2 5 18 
53 32 51 50 11 51 37 12 63 52 19 5 64 50 17 8 1 12 
38 17 36 35 4 36 22 27 48 37 4 10 49 35 32 23 16 3 
60 39 58 57 18 58 44 5 70 59 26 12 71 57 10 1 6 19 
8 29 10 11 50 10 24 73 2 9 42 56 3 11 78 69 62 49 
60 39 58 57 18 58 44 5 70 59 26 12 71 57 10 1 6 19 
60 39 58 57 18 58 44 5 70 59 26 12 71 57 10 1 6 19 
46 25 44 43 4 44 30 19 56 45 12 2 57 43 24 15 8 5 
68 47 66 65 26 66 52 3 78 67 34 20 79 65 2 7 14 27 
57 36 55 54 15 55 41 8 67 56 23 9 68 54 13 4 3 16 
60 39 58 57 18 58 44 5 70 59 26 12 71 57 10 1 6 19 
27 6 25 24 15 25 11 38 37 26 7 21 38 24 43 34 27 14 
44 23 42 41 2 42 28 21 54 43 10 4 55 41 26 17 10 3 
53 32 51 50 11 51 37 12 63 52 19 5 64 50 17 8 1 12 
18 39 20 21 60 20 34 83 8 19 52 66 7 21 88 79 72 59 
52 31 50 49 10 50 36 13 62 51 18 4 63 49 18 9 2 11 

44 18 82 50 15 14 65 7 10 35 12 63 23 1 3 12 75 37 
1 25 39 7 58 57 22 50 53 8 31 20 20 44 40 31 32 6 
41 15 79 47 18 17 62 10 13 32 9 60 20 4 0 9 72 34 
35 9 73 41 24 23 56 16 19 26 3 54 14 10 6 3 66 28 
20 6 58 26 39 38 41 31 34 11 12 39 1 25 21 12 51 13 
42 16 80 48 17 16 63 9 12 33 10 61 21 3 1 10 73 35 
26 52 12 20 85 84 5 77 80 35 58 7 47 71 67 58 5 33 
42 16 80 48 17 16 63 9 12 33 10 61 21 3 1 10 73 35 
42 16 80 48 17 16 63 9 12 33 10 61 21 3 1 10 73 35 
28 2 66 34 31 30 49 23 26 19 4 47 7 17 13 4 59 21 
50 24 88 56 9 8 71 1 4 41 18 69 29 5 9 18 81 43 
39 13 77 45 20 19 60 12 15 30 7 58 18 6 2 7 70 32 
42 16 80 48 17 16 63 9 12 33 10 61 21 3 1 10 73 35 
9 17 47 15 50 49 30 42 45 0 23 28 12 36 32 23 40 2 
26 0 64 32 33 32 47 25 28 17 6 45 5 19 15 6 57 19 
35 9 73 41 24 23 56 16 19 26 3 54 14 10 6 3 66 28 
36 62 2 30 95 94 15 87 90 45 68 17 57 81 77 68 5 43 
34 8 72 40 25 24 55 17 20 25 2 53 13 11 7 2 65 27 

42 44 63 67 9 4 58 15 68 31 45 45 41 31 52 65 11 49 
1 1 20 24 34 47 15 58 25 12 2 2 2 12 9 22 32 6 
39 41 60 64 6 7 55 18 65 28 42 42 38 28 49 62 8 46 
33 35 54 58 0 13 49 24 59 22 36 36 32 22 43 56 2 40 
18 20 39 43 15 28 34 39 44 7 21 21 17 7 28 41 13 25 
40 42 61 65 7 6 56 17 66 29 43 43 39 29 50 63 9 47 
28 26 7 3 61 74 12 85 2 39 25 25 29 39 18 5 59 21 
40 42 61 65 7 6 56 17 66 29 43 43 39 29 50 63 9 47 
40 42 61 65 7 6 56 17 66 29 43 43 39 29 50 63 9 47 
26 28 47 51 7 20 42 31 52 15 29 29 25 15 36 49 5 33 
48 50 69 73 15 2 64 9 74 37 51 51 47 37 58 71 17 55 
37 39 58 62 4 9 53 20 63 26 40 40 36 26 47 60 6 44 
40 42 61 65 7 6 56 17 66 29 43 43 39 29 50 63 9 47 
7 9 28 32 26 39 23 50 33 4 10 10 6 4 17 30 24 14 
24 26 45 49 9 22 40 33 50 13 27 27 23 13 34 47 7 31 
33 35 54 58 0 13 49 24 59 22 36 36 32 22 43 56 2 40 
38 36 17 13 71 84 22 95 12 49 35 35 39 49 28 15 69 31 
32 34 53 57 1 14 48 25 58 21 35 35 31 21 42 55 1 39 

19 34 14 0 32 16 30 0 49 11 20 2 32 15 54 43 78 12 
24 9 29 43 11 27 13 43 6 54 23 41 11 28 11 0 35 31 
16 31 11 3 29 13 27 3 46 14 17 1 29 12 51 40 75 9 
10 25 5 9 23 7 21 9 40 20 11 7 23 6 45 34 69 3 
5 10 10 24 8 8 6 24 25 35 4 22 8 9 30 19 54 12 
17 32 12 2 30 14 28 2 47 13 18 0 30 13 52 41 76 10 
51 36 56 70 38 54 40 70 21 81 50 68 38 55 16 27 8 58 
17 32 12 2 30 14 28 2 47 13 18 0 30 13 52 41 76 10 
17 32 12 2 30 14 28 2 47 13 18 0 30 13 52 41 76 10 
3 18 2 16 16 0 14 16 33 27 4 14 16 1 38 27 62 4 
25 40 20 6 38 22 36 6 55 5 26 8 38 21 60 49 84 18 
14 29 9 5 27 11 25 5 44 16 15 3 27 10 49 38 73 7 
17 32 12 2 30 14 28 2 47 13 18 0 30 13 52 41 76 10 
16 1 21 35 3 19 5 35 14 46 15 33 3 20 19 8 43 23 
1 16 4 18 14 2 12 18 31 29 2 16 14 3 36 25 60 6 
10 25 5 9 23 7 21 9 40 20 11 7 23 6 45 34 69 3 
61 46 66 80 48 64 50 80 31 91 60 78 48 65 26 37 2 68 
9 24 4 10 22 6 20 10 39 21 10 8 22 5 44 33 68 2 

80 34 43 30 40 62 54 60 12 9 72 46 17 48 33 20 7 36 
37 9 0 13 3 19 11 17 55 52 29 3 26 5 10 23 36 7 
77 31 40 27 37 59 51 57 15 12 69 43 14 45 30 17 4 33 
71 25 34 21 31 53 45 51 21 18 63 37 8 39 24 11 2 27 
56 10 19 6 16 38 30 36 36 33 48 22 7 24 9 4 17 12 
78 32 41 28 38 60 52 58 14 11 70 44 15 46 31 18 5 34 
10 36 27 40 30 8 16 10 82 79 2 24 53 22 37 50 63 34 
78 32 41 28 38 60 52 58 14 11 70 44 15 46 31 18 5 34 
78 32 41 28 38 60 52 58 14 11 70 44 15 46 31 18 5 34 
64 18 27 14 24 46 38 44 28 25 56 30 1 32 17 4 9 20 
86 40 49 36 46 68 60 66 6 3 78 52 23 54 39 26 13 42 
75 29 38 25 35 57 49 55 17 14 67 41 12 43 28 15 2 31 
78 32 41 28 38 60 52 58 14 11 70 44 15 46 31 18 5 34 
45 1 8 5 5 27 19 25 47 44 37 11 18 13 2 15 28 1 
62 16 25 12 22 44 36 42 30 27 54 28 1 30 15 2 11 18 
71 25 34 21 31 53 45 51 21 18 63 37 8 39 24 11 2 27 
0 46 37 50 40 18 26 20 92 89 8 34 63 32 47 60 73 44 
70 24 33 20 30 52 44 50 22 19 62 36 7 38 23 10 3 26 

6 36 4 51 7 12 36 60 12 1 63 17 17 49 53 76 63 51 
49 7 47 8 50 31 7 17 31 44 20 26 26 6 10 33 20 8 
9 33 7 48 10 9 33 57 9 4 60 14 14 46 50 73 60 48 
15 27 13 42 16 3 27 51 3 10 54 8 8 40 44 67 54 42 
30 12 28 27 31 12 12 36 12 25 39 7 7 25 29 52 39 27 
8 34 6 49 9 10 34 58 10 3 61 15 15 47 51 74 61 49 
76 34 74 19 77 58 34 10 58 71 7 53 53 21 17 6 7 19 
8 34 6 49 9 10 34 58 10 3 61 15 15 47 51 74 61 49 
8 34 6 49 9 10 34 58 10 3 61 15 15 47 51 74 61 49 
22 20 20 35 23 4 20 44 4 17 47 1 1 33 37 60 47 35 
0 42 2 57 1 18 42 66 18 5 69 23 23 55 59 82 69 57 
11 31 9 46 12 7 31 55 7 6 58 12 12 44 48 71 58 46 
8 34 6 49 9 10 34 58 10 3 61 15 15 47 51 74 61 49 
41 1 39 16 42 23 1 25 23 36 28 18 18 14 18 41 28 16 
24 18 22 33 25 6 18 42 6 19 45 1 1 31 35 58 45 33 
15 27 13 42 16 3 27 51 3 10 54 8 8 40 44 67 54 42 
86 44 84 29 87 68 44 20 68 81 17 63 63 31 27 4 17 29 
16 26 14 41 17 2 26 50 2 11 53 7 7 39 43 66 53 41 

18 44 20 12 77 76 3 69 72 27 50 1 39 63 59 50 13 25 
3 23 41 9 56 55 24 48 51 6 29 22 18 42 38 29 34 4 
16 42 22 10 75 74 5 67 70 25 48 3 37 61 57 48 15 23 
15 41 23 9 74 73 6 66 69 24 47 4 36 60 56 47 16 22 
24 2 62 30 35 34 45 27 30 15 8 43 3 21 17 8 55 17 
16 42 22 10 75 74 5 67 70 25 48 3 37 61 57 48 15 23 
2 28 36 4 61 60 19 53 56 11 34 17 23 47 43 34 29 9 
47 21 85 53 12 11 68 4 7 38 15 66 26 2 6 15 78 40 
28 54 10 22 87 86 7 79 82 37 60 9 49 73 69 60 3 35 
17 43 21 11 76 75 4 68 71 26 49 2 38 62 58 49 14 24 
16 10 54 22 43 42 37 35 38 7 16 35 5 29 25 16 47 9 
30 4 68 36 29 28 51 21 24 21 2 49 9 15 11 2 61 23 
29 55 9 23 88 87 8 80 83 38 61 10 50 74 70 61 2 36 
15 41 23 9 74 73 6 66 69 24 47 4 36 60 56 47 16 22 
52 26 90 58 7 6 73 1 2 43 20 71 31 7 11 20 83 45 
43 17 81 49 16 15 64 8 11 34 11 62 22 2 2 11 74 36 
36 10 74 42 23 22 57 15 18 27 4 55 15 9 5 4 67 29 
23 3 61 29 36 35 44 28 31 14 9 42 2 22 18 9 54 16 

20 18 1 5 53 66 4 77 6 31 17 17 21 31 10 3 51 13 
1 3 22 26 32 45 17 56 27 10 4 4 0 10 11 24 30 8 
18 16 3 7 51 64 2 75 8 29 15 15 19 29 8 5 49 11 
17 15 4 8 50 63 1 74 9 28 14 14 18 28 7 6 48 10 
22 24 43 47 11 24 38 35 48 11 25 25 21 11 32 45 9 29 
18 16 3 7 51 64 2 75 8 29 15 15 19 29 8 5 49 11 
4 2 17 21 37 50 12 61 22 15 1 1 5 15 6 19 35 3 
45 47 66 70 12 1 61 12 71 34 48 48 44 34 55 68 14 52 
30 28 9 5 63 76 14 87 4 41 27 27 31 41 20 7 61 23 
19 17 2 6 52 65 3 76 7 30 16 16 20 30 9 4 50 12 
14 16 35 39 19 32 30 43 40 3 17 17 13 3 24 37 17 21 
28 30 49 53 5 18 44 29 54 17 31 31 27 17 38 51 3 35 
31 29 10 6 64 77 15 88 5 42 28 28 32 42 21 8 62 24 
17 15 4 8 50 63 1 74 9 28 14 14 18 28 7 6 48 10 
50 52 71 75 17 4 66 7 76 39 53 53 49 39 60 73 19 57 
41 43 62 66 8 5 57 16 67 30 44 44 40 30 51 64 10 48 
34 36 55 59 1 12 50 23 60 23 37 37 33 23 44 57 3 41 
21 23 42 46 12 25 37 36 47 10 24 24 20 10 31 44 10 28 

43 28 48 62 30 46 32 62 13 73 42 60 30 47 8 19 16 50 
22 7 27 41 9 25 11 41 8 52 21 39 9 26 13 2 37 29 
41 26 46 60 28 44 30 60 11 71 40 58 28 45 6 17 18 48 
40 25 45 59 27 43 29 59 10 70 39 57 27 44 5 16 19 47 
1 14 6 20 12 4 10 20 29 31 0 18 12 5 34 23 58 8 
41 26 46 60 28 44 30 60 11 71 40 58 28 45 6 17 18 48 
27 12 32 46 14 30 16 46 3 57 26 44 14 31 8 3 32 34 
22 37 17 3 35 19 33 3 52 8 23 5 35 18 57 46 81 15 
53 38 58 72 40 56 42 72 23 83 52 70 40 57 18 29 6 60 
42 27 47 61 29 45 31 61 12 72 41 59 29 46 7 18 17 49 
9 6 14 28 4 12 2 28 21 39 8 26 4 13 26 15 50 16 
5 20 0 14 18 2 16 14 35 25 6 12 18 1 40 29 64 2 
54 39 59 73 41 57 43 73 24 84 53 71 41 58 19 30 5 61 
40 25 45 59 27 43 29 59 10 70 39 57 27 44 5 16 19 47 
27 42 22 8 40 24 38 8 57 3 28 10 40 23 62 51 86 20 
18 33 13 1 31 15 29 1 48 12 19 1 31 14 53 42 77 11 
11 26 6 8 24 8 22 8 41 19 12 6 24 7 46 35 70 4 
2 13 7 21 11 5 9 21 28 32 1 19 11 6 33 22 57 9 

18 28 19 32 22 0 8 2 74 71 10 16 45 14 29 42 55 26 
39 7 2 11 1 21 13 19 53 50 31 5 24 7 8 21 34 5 
20 26 17 30 20 2 6 0 72 69 12 14 43 12 27 40 53 24 
21 25 16 29 19 3 5 1 71 68 13 13 42 11 26 39 52 23 
60 14 23 10 20 42 34 40 32 29 52 26 3 28 13 0 13 16 
20 26 17 30 20 2 6 0 72 69 12 14 43 12 27 40 53 24 
34 12 3 16 6 16 8 14 58 55 26 0 29 2 13 26 39 10 
83 37 46 33 43 65 57 63 9 6 75 49 20 51 36 23 10 39 
8 38 29 42 32 10 18 12 84 81 0 26 55 24 39 52 65 36 
19 27 18 31 21 1 7 1 73 70 11 15 44 13 28 41 54 25 
52 6 15 2 12 34 26 32 40 37 44 18 11 20 5 8 21 8 
66 20 29 16 26 48 40 46 26 23 58 32 3 34 19 6 7 22 
7 39 30 43 33 11 19 13 85 82 1 27 56 25 40 53 66 37 
21 25 16 29 19 3 5 1 71 68 13 13 42 11 26 39 52 23 
88 42 51 38 48 70 62 68 4 1 80 54 25 56 41 28 15 44 
79 33 42 29 39 61 53 59 13 10 71 45 16 47 32 19 6 35 
72 26 35 22 32 54 46 52 20 17 64 38 9 40 25 12 1 28 
59 13 22 9 19 41 33 39 33 30 51 25 4 27 12 1 14 15 

68 26 66 11 69 50 26 2 50 63 1 45 45 13 9 14 1 11 
47 5 45 10 48 29 5 19 29 42 22 24 24 8 12 35 22 10 
66 24 64 9 67 48 24 0 48 61 3 43 43 11 7 16 3 9 
65 23 63 8 66 47 23 1 47 60 4 42 42 10 6 17 4 8 
26 16 24 31 27 8 16 40 8 21 43 3 3 29 33 56 43 31 
66 24 64 9 67 48 24 0 48 61 3 43 43 11 7 16 3 9 
52 10 50 5 53 34 10 14 34 47 17 29 29 3 7 30 17 5 
3 39 1 54 4 15 39 63 15 2 66 20 20 52 56 79 66 54 
78 36 76 21 79 60 36 12 60 73 9 55 55 23 19 4 9 21 
67 25 65 10 68 49 25 1 49 62 2 44 44 12 8 15 2 10 
34 8 32 23 35 16 8 32 16 29 35 11 11 21 25 48 35 23 
20 22 18 37 21 2 22 46 2 15 49 3 3 35 39 62 49 37 
79 37 77 22 80 61 37 13 61 74 10 56 56 24 20 3 10 22 
65 23 63 8 66 47 23 1 47 60 4 42 42 10 6 17 4 8 
2 44 4 59 1 20 44 68 20 7 71 25 25 57 61 84 71 59 
7 35 5 50 8 11 35 59 11 2 62 16 16 48 52 75 62 50 
14 28 12 43 15 4 28 52 4 9 55 9 9 41 45 68 55 43 
27 15 25 30 28 9 15 39 9 22 42 4 4 28 32 55 42 30 

2 0 19 23 35 48 14 59 24 13 1 1 3 13 8 21 33 5 
24 26 45 49 9 22 40 33 50 13 27 27 23 13 34 47 7 31 
40 38 19 15 73 86 24 97 14 51 37 37 41 51 30 17 71 33 
8 6 13 17 41 54 8 65 18 19 5 5 9 19 2 15 39 1 
57 59 78 82 24 11 73 0 83 46 60 60 56 46 67 80 26 64 
56 58 77 81 23 10 72 1 82 45 59 59 55 45 66 79 25 63 
23 21 2 2 56 69 7 80 3 34 20 20 24 34 13 0 54 16 
49 51 70 74 16 3 65 8 75 38 52 52 48 38 59 72 18 56 
52 54 73 77 19 6 68 5 78 41 55 55 51 41 62 75 21 59 
7 9 28 32 26 39 23 50 33 4 10 10 6 4 17 30 24 14 
30 32 51 55 3 16 46 27 56 19 33 33 29 19 40 53 1 37 
21 19 0 4 54 67 5 78 5 32 18 18 22 32 11 2 52 14 
19 21 40 44 14 27 35 38 45 8 22 22 18 8 29 42 12 26 
43 45 64 68 10 3 59 14 69 32 46 46 42 32 53 66 12 50 
39 41 60 64 6 7 55 18 65 28 42 42 38 28 49 62 8 46 
30 32 51 55 3 16 46 27 56 19 33 33 29 19 40 53 1 37 
33 31 12 8 66 79 17 90 7 44 30 30 34 44 23 10 64 26 
5 7 26 30 28 41 21 52 31 6 8 8 4 6 15 28 26 12 

25 10 30 44 12 28 14 44 5 55 24 42 12 29 10 1 34 32 
1 16 4 18 14 2 12 18 31 29 2 16 14 3 36 25 60 6 
63 48 68 82 50 66 52 82 33 93 62 80 50 67 28 39 4 70 
31 16 36 50 18 34 20 50 1 61 30 48 18 35 4 7 28 38 
34 49 29 15 47 31 45 15 64 4 35 17 47 30 69 58 93 27 
33 48 28 14 46 30 44 14 63 3 34 16 46 29 68 57 92 26 
46 31 51 65 33 49 35 65 16 76 45 63 33 50 11 22 13 53 
26 41 21 7 39 23 37 7 56 4 27 9 39 22 61 50 85 19 
29 44 24 10 42 26 40 10 59 1 30 12 42 25 64 53 88 22 
16 1 21 35 3 19 5 35 14 46 15 33 3 20 19 8 43 23 
7 22 2 12 20 4 18 12 37 23 8 10 20 3 42 31 66 0 
44 29 49 63 31 47 33 63 14 74 43 61 31 48 9 20 15 51 
4 11 9 23 9 7 7 23 26 34 3 21 9 8 31 20 55 11 
20 35 15 1 33 17 31 1 50 10 21 3 33 16 55 44 79 13 
16 31 11 3 29 13 27 3 46 14 17 1 29 12 51 40 75 9 
7 22 2 12 20 4 18 12 37 23 8 10 20 3 42 31 66 0 
56 41 61 75 43 59 45 75 26 86 55 73 43 60 21 32 3 63 
18 3 23 37 5 21 7 37 12 48 17 35 5 22 17 6 41 25 

36 10 1 14 4 18 10 16 56 53 28 2 27 4 11 24 37 8 
62 16 25 12 22 44 36 42 30 27 54 28 1 30 15 2 11 18 
2 48 39 52 42 20 28 22 94 91 10 36 65 34 49 62 75 46 
30 16 7 20 10 12 4 10 62 59 22 4 33 2 17 30 43 14 
95 49 58 45 55 77 69 75 3 6 87 61 32 63 48 35 22 51 
94 48 57 44 54 76 68 74 2 5 86 60 31 62 47 34 21 50 
15 31 22 35 25 3 11 5 77 74 7 19 48 17 32 45 58 29 
87 41 50 37 47 69 61 67 5 2 79 53 24 55 40 27 14 43 
90 44 53 40 50 72 64 70 2 1 82 56 27 58 43 30 17 46 
45 1 8 5 5 27 19 25 47 44 37 11 18 13 2 15 28 1 
68 22 31 18 28 50 42 48 24 21 60 34 5 36 21 8 5 24 
17 29 20 33 23 1 9 3 75 72 9 17 46 15 30 43 56 27 
57 11 20 7 17 39 31 37 35 32 49 23 6 25 10 3 16 13 
81 35 44 31 41 63 55 61 11 8 73 47 18 49 34 21 8 37 
77 31 40 27 37 59 51 57 15 12 69 43 14 45 30 17 4 33 
68 22 31 18 28 50 42 48 24 21 60 34 5 36 21 8 5 24 
5 41 32 45 35 13 21 15 87 84 3 29 58 27 42 55 68 39 
43 3 6 7 3 25 17 23 49 46 35 9 20 11 4 17 30 1 

50 8 48 7 51 32 8 16 32 45 19 27 27 5 9 32 19 7 
24 18 22 33 25 6 18 42 6 19 45 1 1 31 35 58 45 33 
88 46 86 31 89 70 46 22 70 83 19 65 65 33 29 6 19 31 
56 14 54 1 57 38 14 10 38 51 13 33 33 1 3 26 13 1 
9 51 11 66 8 27 51 75 27 14 78 32 32 64 68 91 78 66 
8 50 10 65 7 26 50 74 26 13 77 31 31 63 67 90 77 65 
71 29 69 14 72 53 29 5 53 66 2 48 48 16 12 11 2 14 
1 43 3 58 0 19 43 67 19 6 70 24 24 56 60 83 70 58 
4 46 6 61 3 22 46 70 22 9 73 27 27 59 63 86 73 61 
41 1 39 16 42 23 1 25 23 36 28 18 18 14 18 41 28 16 
18 24 16 39 19 0 24 48 0 13 51 5 5 37 41 64 51 39 
69 27 67 12 70 51 27 3 51 64 0 46 46 14 10 13 0 12 
29 13 27 28 30 11 13 37 11 24 40 6 6 26 30 53 40 28 
5 37 3 52 6 13 37 61 13 0 64 18 18 50 54 77 64 52 
9 33 7 48 10 9 33 57 9 4 60 14 14 46 50 73 60 48 
18 24 16 39 19 0 24 48 0 13 51 5 5 37 41 64 51 39 
81 39 79 24 82 63 39 15 63 76 12 58 58 26 22 1 12 24 
43 1 41 14 44 25 1 23 25 38 26 20 20 12 16 39 26 14 

23 8 28 42 10 26 12 42 7 53 22 40 10 27 12 1 36 30 
25 10 30 44 12 28 14 44 5 55 24 42 12 29 10 1 34 32 
44 29 49 63 31 47 33 63 14 74 43 61 31 48 9 20 15 51 
48 33 53 67 35 51 37 67 18 78 47 65 35 52 13 24 11 55 
10 25 5 9 23 7 21 9 40 20 11 7 23 6 45 34 69 3 
23 38 18 4 36 20 34 4 53 7 24 6 36 19 58 47 82 16 
39 24 44 58 26 42 28 58 9 69 38 56 26 43 4 15 20 46 
34 49 29 15 47 31 45 15 64 4 35 17 47 30 69 58 93 27 
49 34 54 68 36 52 38 68 19 79 48 66 36 53 14 25 10 56 
12 3 17 31 1 15 1 31 18 42 11 29 1 16 23 12 47 19 
26 11 31 45 13 29 15 45 4 56 25 43 13 30 9 2 33 33 
26 11 31 45 13 29 15 45 4 56 25 43 13 30 9 2 33 33 
22 7 27 41 9 25 11 41 8 52 21 39 9 26 13 2 37 29 
12 3 17 31 1 15 1 31 18 42 11 29 1 16 23 12 47 19 
33 18 38 52 20 36 22 52 3 63 32 50 20 37 2 9 26 40 
46 31 51 65 33 49 35 65 16 76 45 63 33 50 11 22 13 53 
8 23 3 11 21 5 19 11 38 22 9 9 21 4 43 32 67 1 
30 15 35 49 17 33 19 49 0 60 29 47 17 34 5 6 29 37 

38 8 1 12 2 20 12 18 54 51 30 4 25 6 9 22 35 6 
36 10 1 14 4 18 10 16 56 53 28 2 27 4 11 24 37 8 
17 29 20 33 23 1 9 3 75 72 9 17 46 15 30 43 56 27 
13 33 24 37 27 5 13 7 79 76 5 21 50 19 34 47 60 31 
71 25 34 21 31 53 45 51 21 18 63 37 8 39 24 11 2 27 
84 38 47 34 44 66 58 64 8 5 76 50 21 52 37 24 11 40 
22 24 15 28 18 4 4 2 70 67 14 12 41 10 25 38 51 22 
95 49 58 45 55 77 69 75 3 6 87 61 32 63 48 35 22 51 
12 34 25 38 28 6 14 8 80 77 4 22 51 20 35 48 61 32 
49 3 12 1 9 31 23 29 43 40 41 15 14 17 2 11 24 5 
35 11 2 15 5 17 9 15 57 54 27 1 28 3 12 25 38 9 
35 11 2 15 5 17 9 15 57 54 27 1 28 3 12 25 38 9 
39 7 2 11 1 21 13 19 53 50 31 5 24 7 8 21 34 5 
49 3 12 1 9 31 23 29 43 40 41 15 14 17 2 11 24 5 
28 18 9 22 12 10 2 8 64 61 20 6 35 4 19 32 45 16 
15 31 22 35 25 3 11 5 77 74 7 19 48 17 32 45 58 29 
69 23 32 19 29 51 43 49 23 20 61 35 6 37 22 9 4 25 
31 15 6 19 9 13 5 11 61 58 23 3 32 1 16 29 42 13 

48 6 46 9 49 30 6 18 30 43 21 25 25 7 11 34 21 9 
50 8 48 7 51 32 8 16 32 45 19 27 27 5 9 32 19 7 
69 27 67 12 70 51 27 3 51 64 0 46 46 14 10 13 0 12 
73 31 71 16 74 55 31 7 55 68 4 50 50 18 14 9 4 16 
15 27 13 42 16 3 27 51 3 10 54 8 8 40 44 67 54 42 
2 40 0 55 3 16 40 64 16 3 67 21 21 53 57 80 67 55 
64 22 62 7 65 46 22 2 46 59 5 41 41 9 5 18 5 7 
9 51 11 66 8 27 51 75 27 14 78 32 32 64 68 91 78 66 
74 32 72 17 75 56 32 8 56 69 5 51 51 19 15 8 5 17 
37 5 35 20 38 19 5 29 19 32 32 14 14 18 22 45 32 20 
51 9 49 6 52 33 9 15 33 46 18 28 28 4 8 31 18 6 
51 9 49 6 52 33 9 15 33 46 18 28 28 4 8 31 18 6 
47 5 45 10 48 29 5 19 29 42 22 24 24 8 12 35 22 10 
37 5 35 20 38 19 5 29 19 32 32 14 14 18 22 45 32 20 
58 16 56 1 59 40 16 8 40 53 11 35 35 3 1 24 11 1 
71 29 69 14 72 53 29 5 53 66 2 48 48 16 12 11 2 14 
17 25 15 40 18 1 25 49 1 12 52 6 6 38 42 65 52 40 
55 13 53 2 56 37 13 11 37 50 14 32 32 0 4 27 14 2 

61 15 24 11 21 43 35 41 31 28 53 27 2 29 14 1 12 17 
46 0 9 4 6 28 20 26 46 43 38 12 17 14 1 14 27 2 
66 20 29 16 26 48 40 46 26 23 58 32 3 34 19 6 7 22 
80 34 43 30 40 62 54 60 12 9 72 46 17 48 33 20 7 36 
48 2 11 2 8 30 22 28 44 41 40 14 15 16 1 12 25 4 
64 18 27 14 24 46 38 44 28 25 56 30 1 32 17 4 9 20 
50 4 13 0 10 32 24 30 42 39 42 16 13 18 3 10 23 6 
80 34 43 30 40 62 54 60 12 9 72 46 17 48 33 20 7 36 
31 15 6 19 9 13 5 11 61 58 23 3 32 1 16 29 42 13 
91 45 54 41 51 73 65 71 1 2 83 57 28 59 44 31 18 47 
60 14 23 10 20 42 34 40 32 29 52 26 3 28 13 0 13 16 
78 32 41 28 38 60 52 58 14 11 70 44 15 46 31 18 5 34 
48 2 11 2 8 30 22 28 44 41 40 14 15 16 1 12 25 4 
65 19 28 15 25 47 39 45 27 24 57 31 2 33 18 5 8 21 
26 20 11 24 14 8 0 6 66 63 18 8 37 6 21 34 47 18 
37 9 0 13 3 19 11 17 55 52 29 3 26 5 10 23 36 7 
2 44 35 48 38 16 24 18 90 87 6 32 61 30 45 58 71 42 
68 22 31 18 28 50 42 48 24 21 60 34 5 36 21 8 5 24 

25 17 23 32 26 7 17 41 7 20 44 2 2 30 34 57 44 32 
40 2 38 17 41 22 2 26 22 35 29 17 17 15 19 42 29 17 
20 22 18 37 21 2 22 46 2 15 49 3 3 35 39 62 49 37 
6 36 4 51 7 12 36 60 12 1 63 17 17 49 53 76 63 51 
38 4 36 19 39 20 4 28 20 33 31 15 15 17 21 44 31 19 
22 20 20 35 23 4 20 44 4 17 47 1 1 33 37 60 47 35 
36 6 34 21 37 18 6 30 18 31 33 13 13 19 23 46 33 21 
6 36 4 51 7 12 36 60 12 1 63 17 17 49 53 76 63 51 
55 13 53 2 56 37 13 11 37 50 14 32 32 0 4 27 14 2 
5 47 7 62 4 23 47 71 23 10 74 28 28 60 64 87 74 62 
26 16 24 31 27 8 16 40 8 21 43 3 3 29 33 56 43 31 
8 34 6 49 9 10 34 58 10 3 61 15 15 47 51 74 61 49 
38 4 36 19 39 20 4 28 20 33 31 15 15 17 21 44 31 19 
21 21 19 36 22 3 21 45 3 16 48 2 2 34 38 61 48 36 
60 18 58 3 61 42 18 6 42 55 9 37 37 5 1 22 9 3 
49 7 47 8 50 31 7 17 31 44 20 26 26 6 10 33 20 8 
84 42 82 27 85 66 42 18 66 79 15 61 61 29 25 2 15 27 
18 24 16 39 19 0 24 48 0 13 51 5 5 37 41 64 51 39 

86 44 84 29 87 68 44 20 68 81 17 63 63 31 27 4 17 29 
40 2 38 17 41 22 2 26 22 35 29 17 17 15 19 42 29 17 
49 7 47 8 50 31 7 17 31 44 20 26 26 6 10 33 20 8 
36 6 34 21 37 18 6 30 18 31 33 13 13 19 23 46 33 21 
46 4 44 11 47 28 4 20 28 41 23 23 23 9 13 36 23 11 
68 26 66 11 69 50 26 2 50 63 1 45 45 13 9 14 1 11 
60 18 58 3 61 42 18 6 42 55 9 37 37 5 1 22 9 3 
66 24 64 9 67 48 24 0 48 61 3 43 43 11 7 16 3 9 
6 48 8 63 5 24 48 72 24 11 75 29 29 61 65 88 75 63 
3 45 5 60 2 21 45 69 21 8 72 26 26 58 62 85 72 60 
78 36 76 21 79 60 36 12 60 73 9 55 55 23 19 4 9 21 
52 10 50 5 53 34 10 14 34 47 17 29 29 3 7 30 17 5 
23 19 21 34 24 5 19 43 5 18 46 0 0 32 36 59 46 34 
54 12 52 3 55 36 12 12 36 49 15 31 31 1 5 28 15 3 
39 3 37 18 40 21 3 27 21 34 30 16 16 16 20 43 30 18 
26 16 24 31 27 8 16 40 8 21 43 3 3 29 33 56 43 31 
13 29 11 44 14 5 29 53 5 8 56 10 10 42 46 69 56 44 
42 0 40 15 43 24 0 24 24 37 27 19 19 13 17 40 27 15 

