15 13 

26 51 19 60 15 64 12 7 64 36 62 22 51 61 52 
69 8 62 17 28 21 55 50 21 7 19 21 8 18 9 
88 11 81 2 47 2 74 69 2 26 0 40 11 1 10 
30 47 23 56 11 60 16 11 60 32 58 18 47 57 48 
77 0 70 9 36 13 63 58 13 15 11 29 0 10 1 
57 20 50 29 16 33 43 38 33 5 31 9 20 30 21 
34 43 27 52 7 56 20 15 56 28 54 14 43 53 44 
72 5 65 14 31 18 58 53 18 10 16 24 5 15 6 
11 66 4 75 30 79 3 8 79 51 77 37 66 76 67 
51 26 44 35 10 39 37 32 39 11 37 3 26 36 27 
37 40 30 49 4 53 23 18 53 25 51 11 40 50 41 
23 54 16 63 18 67 9 4 67 39 65 25 54 64 55 
80 3 73 6 39 10 66 61 10 18 8 32 3 7 2 
19 58 12 67 22 71 5 0 71 43 69 29 58 68 59 
10 67 3 76 31 80 4 9 80 52 78 38 67 77 68 

60 18 6 16 54 62 2 17 22 50 32 4 64 32 22 
17 25 37 59 11 19 45 60 21 7 11 47 21 11 21 
2 44 56 78 8 0 64 79 40 12 30 66 2 30 40 
56 14 2 20 50 58 6 21 18 46 28 8 60 28 18 
9 33 45 67 3 11 53 68 29 1 19 55 13 19 29 
29 13 25 47 23 31 33 48 9 19 1 35 33 1 9 
52 10 2 24 46 54 10 25 14 42 24 12 56 24 14 
14 28 40 62 8 16 48 63 24 4 14 50 18 14 24 
75 33 21 1 69 77 13 2 37 65 47 11 79 47 37 
35 7 19 41 29 37 27 42 3 25 7 29 39 7 3 
49 7 5 27 43 51 13 28 11 39 21 15 53 21 11 
63 21 9 13 57 65 1 14 25 53 35 1 67 35 25 
6 36 48 70 0 8 56 71 32 4 22 58 10 22 32 
67 25 13 9 61 69 5 10 29 57 39 3 71 39 29 
76 34 22 0 70 78 14 1 38 66 48 12 80 48 38 

5 26 13 48 28 25 37 13 15 23 3 18 11 54 12 
48 69 30 5 15 18 6 30 28 66 40 25 54 11 55 
67 88 49 14 34 37 25 49 47 85 59 44 73 8 74 
9 30 9 44 24 21 33 9 11 27 1 14 15 50 16 
56 77 38 3 23 26 14 38 36 74 48 33 62 3 63 
36 57 18 17 3 6 6 18 16 54 28 13 42 23 43 
13 34 5 40 20 17 29 5 7 31 5 10 19 46 20 
51 72 33 2 18 21 9 33 31 69 43 28 57 8 58 
10 11 28 63 43 40 52 28 30 8 18 33 4 69 3 
30 51 12 23 3 0 12 12 10 48 22 7 36 29 37 
16 37 2 37 17 14 26 2 4 34 8 7 22 43 23 
2 23 16 51 31 28 40 16 18 20 6 21 8 57 9 
59 80 41 6 26 29 17 41 39 77 51 36 65 0 66 
2 19 20 55 35 32 44 20 22 16 10 25 4 61 5 
11 10 29 64 44 41 53 29 31 7 19 34 5 70 4 

10 64 20 42 20 66 1 22 26 25 0 71 49 44 16 
53 21 63 1 63 23 44 21 17 18 43 28 6 1 27 
72 2 82 20 82 4 63 40 36 37 62 9 13 18 46 
14 60 24 38 24 62 5 18 22 21 4 67 45 40 12 
61 13 71 9 71 15 52 29 25 26 51 20 2 7 35 
41 33 51 11 51 35 32 9 5 6 31 40 18 13 15 
18 56 28 34 28 58 9 14 18 17 8 63 41 36 8 
56 18 66 4 66 20 47 24 20 21 46 25 3 2 30 
5 79 5 57 5 81 14 37 41 40 15 86 64 59 31 
35 39 45 17 45 41 26 3 1 0 25 46 24 19 9 
21 53 31 31 31 55 12 11 15 14 11 60 38 33 5 
7 67 17 45 17 69 2 25 29 28 3 74 52 47 19 
64 10 74 12 74 12 55 32 28 29 54 17 5 10 38 
3 71 13 49 13 73 6 29 33 32 7 78 56 51 23 
6 80 4 58 4 82 15 38 42 41 16 87 65 60 32 

35 4 42 57 71 5 43 6 65 62 67 28 35 17 21 
8 39 1 14 28 48 0 49 22 19 24 71 8 26 22 
27 58 20 5 9 67 19 68 3 0 5 90 27 45 41 
31 0 38 53 67 9 39 10 61 58 63 32 31 13 17 
16 47 9 6 20 56 8 57 14 11 16 79 16 34 30 
4 27 11 26 40 36 12 37 34 31 36 59 4 14 10 
27 4 34 49 63 13 35 14 57 54 59 36 27 9 13 
11 42 4 11 25 51 3 52 19 16 21 74 11 29 25 
50 19 57 72 86 10 58 9 80 77 82 13 50 32 36 
10 21 17 32 46 30 18 31 40 37 42 53 10 8 4 
24 7 31 46 60 16 32 17 54 51 56 39 24 6 10 
38 7 45 60 74 2 46 3 68 65 70 25 38 20 24 
19 50 12 3 17 59 11 60 11 8 13 82 19 37 33 
42 11 49 64 78 2 50 1 72 69 74 21 42 24 28 
51 20 58 73 87 11 59 10 81 78 83 12 51 33 37 

70 39 63 67 34 6 63 14 57 14 71 8 0 69 58 
27 4 20 24 9 49 20 57 14 57 28 35 43 26 15 
8 23 1 5 28 68 1 76 5 76 9 54 62 7 4 
66 35 59 63 30 10 59 18 53 18 67 4 4 65 54 
19 12 12 16 17 57 12 65 6 65 20 43 51 18 7 
39 8 32 36 3 37 32 45 26 45 40 23 31 38 27 
62 31 55 59 26 14 55 22 49 22 63 0 8 61 50 
24 7 17 21 12 52 17 60 11 60 25 38 46 23 12 
85 54 78 82 49 9 78 1 72 1 86 23 15 84 73 
45 14 38 42 9 31 38 39 32 39 46 17 25 44 33 
59 28 52 56 23 17 52 25 46 25 60 3 11 58 47 
73 42 66 70 37 3 66 11 60 11 74 11 3 72 61 
16 15 9 13 20 60 9 68 3 68 17 46 54 15 4 
77 46 70 74 41 1 70 7 64 7 78 15 7 76 65 
86 55 79 83 50 10 79 2 73 2 87 24 16 85 74 

48 39 56 33 61 47 18 40 49 37 46 28 2 28 52 
5 4 13 10 18 4 61 3 6 6 3 15 41 15 9 
14 23 6 29 1 15 80 22 13 25 16 34 60 34 10 
44 35 52 29 57 43 22 36 45 33 42 24 2 24 48 
3 12 5 18 10 4 69 11 2 14 5 23 49 23 1 
17 8 25 2 30 16 49 9 18 6 15 3 29 3 21 
40 31 48 25 53 39 26 32 41 29 38 20 6 20 44 
2 7 10 13 15 1 64 6 3 9 0 18 44 18 6 
63 54 71 48 76 62 3 55 64 52 61 43 17 43 67 
23 14 31 8 36 22 43 15 24 12 21 3 23 3 27 
37 28 45 22 50 36 29 29 38 26 35 17 9 17 41 
51 42 59 36 64 50 15 43 52 40 49 31 5 31 55 
6 15 2 21 7 7 72 14 5 17 8 26 52 26 2 
55 46 63 40 68 54 11 47 56 44 53 35 9 35 59 
64 55 72 49 77 63 2 56 65 53 62 44 18 44 68 

5 15 54 16 56 2 27 28 14 61 51 30 27 71 32 
48 58 11 27 13 41 16 71 29 18 8 13 70 28 11 
67 77 8 46 6 60 35 90 48 1 11 32 89 9 30 
9 19 50 12 52 2 23 32 10 57 47 26 31 67 28 
56 66 3 35 5 49 24 79 37 10 0 21 78 20 19 
36 46 23 15 25 29 4 59 17 30 20 1 58 40 1 
13 23 46 8 48 6 19 36 6 53 43 22 35 63 24 
51 61 8 30 10 44 19 74 32 15 5 16 73 25 14 
10 0 69 31 71 17 42 13 29 76 66 45 12 86 47 
30 40 29 9 31 23 2 53 11 36 26 5 52 46 7 
16 26 43 5 45 9 16 39 3 50 40 19 38 60 21 
2 12 57 19 59 5 30 25 17 64 54 33 24 74 35 
59 69 0 38 2 52 27 82 40 7 3 24 81 17 22 
2 8 61 23 63 9 34 21 21 68 58 37 20 78 39 
11 1 70 32 72 18 43 12 30 77 67 46 11 87 48 

53 33 64 27 19 13 59 10 38 32 3 13 44 23 21 
10 10 21 16 24 56 16 53 5 11 46 30 1 20 22 
9 29 2 35 43 75 3 72 24 30 65 49 18 39 41 
49 29 60 23 15 17 55 14 34 28 7 9 40 19 17 
2 18 13 24 32 64 8 61 13 19 54 38 7 28 30 
22 2 33 4 12 44 28 41 7 1 34 18 13 8 10 
45 25 56 19 11 21 51 18 30 24 11 5 36 15 13 
7 13 18 19 27 59 13 56 8 14 49 33 2 23 25 
68 48 79 42 34 2 74 5 53 47 12 28 59 38 36 
28 8 39 2 6 38 34 35 13 7 28 12 19 2 4 
42 22 53 16 8 24 48 21 27 21 14 2 33 12 10 
56 36 67 30 22 10 62 7 41 35 0 16 47 26 24 
1 21 10 27 35 67 5 64 16 22 57 41 10 31 33 
60 40 71 34 26 6 66 3 45 39 4 20 51 30 28 
69 49 80 43 35 3 75 6 54 48 13 29 60 39 37 

24 23 3 2 8 66 15 17 11 16 22 17 71 29 12 
19 66 46 41 51 23 58 60 54 27 65 26 28 14 31 
38 85 65 60 70 4 77 79 73 46 84 45 9 33 50 
20 27 7 2 12 62 19 21 15 12 26 13 67 25 8 
27 74 54 49 59 15 66 68 62 35 73 34 20 22 39 
7 54 34 29 39 35 46 48 42 15 53 14 40 2 19 
16 31 11 6 16 58 23 25 19 8 30 9 63 21 4 
22 69 49 44 54 20 61 63 57 30 68 29 25 17 34 
39 8 12 17 7 81 0 2 4 31 7 32 86 44 27 
1 48 28 23 33 41 40 42 36 9 47 8 46 4 13 
13 34 14 9 19 55 26 28 22 5 33 6 60 18 1 
27 20 0 5 5 69 12 14 8 19 19 20 74 32 15 
30 77 57 52 62 12 69 71 65 38 76 37 17 25 42 
31 16 4 9 1 73 8 10 4 23 15 24 78 36 19 
40 7 13 18 8 82 1 1 5 32 6 33 87 45 28 

6 8 26 48 25 53 28 4 45 16 32 48 16 28 27 
37 51 17 5 68 10 15 39 2 27 11 5 27 15 70 
56 70 36 14 87 9 34 58 17 46 30 14 46 34 89 
2 12 22 44 29 49 24 0 41 12 28 44 12 24 31 
45 59 25 3 76 2 23 47 6 35 19 3 35 23 78 
25 39 5 17 56 22 3 27 14 15 1 17 15 3 58 
2 16 18 40 33 45 20 4 37 8 24 40 8 20 35 
40 54 20 2 71 7 18 42 1 30 14 2 30 18 73 
21 7 41 63 10 68 43 19 60 31 47 63 31 43 12 
19 33 1 23 50 28 3 21 20 9 7 23 9 3 52 
5 19 15 37 36 42 17 7 34 5 21 37 5 17 38 
9 5 29 51 22 56 31 7 48 19 35 51 19 31 24 
48 62 28 6 79 1 26 50 9 38 22 6 38 26 81 
13 1 33 55 18 60 35 11 52 23 39 55 23 35 20 
22 8 42 64 9 69 44 20 61 32 48 64 32 44 11 

55 68 30 64 67 27 15 34 38 57 70 66 28 2 71 
12 25 13 21 24 16 58 9 5 14 27 23 15 45 28 
7 6 32 2 5 35 77 28 24 5 8 4 34 64 9 
51 64 26 60 63 23 19 30 34 53 66 62 24 6 67 
4 17 21 13 16 24 66 17 13 6 19 15 23 53 20 
24 37 1 33 36 4 46 3 7 26 39 35 3 33 40 
47 60 22 56 59 19 23 26 30 49 62 58 20 10 63 
9 22 16 18 21 19 61 12 8 11 24 20 18 48 25 
70 83 45 79 82 42 0 49 53 72 85 81 43 13 86 
30 43 5 39 42 2 40 9 13 32 45 41 3 27 46 
44 57 19 53 56 16 26 23 27 46 59 55 17 13 60 
58 71 33 67 70 30 12 37 41 60 73 69 31 1 74 
1 14 24 10 13 27 69 20 16 3 16 12 26 56 17 
62 75 37 71 74 34 8 41 45 64 77 73 35 5 78 
71 84 46 80 83 43 1 50 54 73 86 82 44 14 87 

86 44 32 10 80 88 24 9 48 76 58 22 90 58 48 
9 33 45 67 3 11 53 68 29 1 19 55 13 19 29 
79 37 25 3 73 81 17 2 41 69 51 15 83 51 41 
0 42 54 76 6 2 62 77 38 10 28 64 4 28 38 
45 3 9 31 39 47 17 32 7 35 17 19 49 17 7 
4 46 58 80 10 2 66 81 42 14 32 68 0 32 42 
72 30 18 4 66 74 10 5 34 62 44 8 76 44 34 
67 25 13 9 61 69 5 10 29 57 39 3 71 39 29 
4 46 58 80 10 2 66 81 42 14 32 68 0 32 42 
24 18 30 52 18 26 38 53 14 14 4 40 28 4 14 
2 44 56 78 8 0 64 79 40 12 30 66 2 30 40 
38 4 16 38 32 40 24 39 0 28 10 26 42 10 0 
9 33 45 67 3 11 53 68 29 1 19 55 13 19 29 
1 43 55 77 7 1 63 78 39 11 29 65 3 29 39 
8 34 46 68 2 10 54 69 30 2 20 56 12 20 30 

21 0 39 74 54 51 63 39 41 3 29 44 15 80 14 
56 77 38 3 23 26 14 38 36 74 48 33 62 3 63 
14 7 32 67 47 44 56 32 34 4 22 37 8 73 7 
65 86 47 12 32 35 23 47 45 83 57 42 71 6 72 
20 41 2 33 13 10 22 2 0 38 12 3 26 39 27 
69 90 51 16 36 39 27 51 49 87 61 46 75 10 76 
7 14 25 60 40 37 49 25 27 11 15 30 1 66 0 
2 19 20 55 35 32 44 20 22 16 10 25 4 61 5 
69 90 51 16 36 39 27 51 49 87 61 46 75 10 76 
41 62 23 12 8 11 1 23 21 59 33 18 47 18 48 
67 88 49 14 34 37 25 49 47 85 59 44 73 8 74 
27 48 9 26 6 3 15 9 7 45 19 4 33 32 34 
56 77 38 3 23 26 14 38 36 74 48 33 62 3 63 
66 87 48 13 33 36 24 48 46 84 58 43 72 7 73 
57 78 39 4 24 27 15 39 37 75 49 34 63 2 64 

16 90 6 68 6 92 25 48 52 51 26 97 75 70 42 
61 13 71 9 71 15 52 29 25 26 51 20 2 7 35 
9 83 1 61 1 85 18 41 45 44 19 90 68 63 35 
70 4 80 18 80 6 61 38 34 35 60 11 11 16 44 
25 49 35 27 35 51 16 7 11 10 15 56 34 29 1 
74 0 84 22 84 2 65 42 38 39 64 7 15 20 48 
2 76 8 54 8 78 11 34 38 37 12 83 61 56 28 
3 71 13 49 13 73 6 29 33 32 7 78 56 51 23 
74 0 84 22 84 2 65 42 38 39 64 7 15 20 48 
46 28 56 6 56 30 37 14 10 11 36 35 13 8 20 
72 2 82 20 82 4 63 40 36 37 62 9 13 18 46 
32 42 42 20 42 44 23 0 4 3 22 49 27 22 6 
61 13 71 9 71 15 52 29 25 26 51 20 2 7 35 
71 3 81 19 81 5 62 39 35 36 61 10 12 17 45 
62 12 72 10 72 14 53 30 26 27 52 19 3 8 36 

61 30 68 83 97 21 69 20 91 88 93 2 61 43 47 
16 47 9 6 20 56 8 57 14 11 16 79 16 34 30 
54 23 61 76 90 14 62 13 84 81 86 9 54 36 40 
25 56 18 3 11 65 17 66 5 2 7 88 25 43 39 
20 11 27 42 56 20 28 21 50 47 52 43 20 2 6 
29 60 22 7 7 69 21 70 1 2 3 92 29 47 43 
47 16 54 69 83 7 55 6 77 74 79 16 47 29 33 
42 11 49 64 78 2 50 1 72 69 74 21 42 24 28 
29 60 22 7 7 69 21 70 1 2 3 92 29 47 43 
1 32 6 21 35 41 7 42 29 26 31 64 1 19 15 
27 58 20 5 9 67 19 68 3 0 5 90 27 45 41 
13 18 20 35 49 27 21 28 43 40 45 50 13 5 1 
16 47 9 6 20 56 8 57 14 11 16 79 16 34 30 
26 57 19 4 10 66 18 67 4 1 6 89 26 44 40 
17 48 10 5 19 57 9 58 13 10 15 80 17 35 31 

96 65 89 93 60 20 89 12 83 12 97 34 26 95 84 
19 12 12 16 17 57 12 65 6 65 20 43 51 18 7 
89 58 82 86 53 13 82 5 76 5 90 27 19 88 77 
10 21 3 7 26 66 3 74 3 74 11 52 60 9 2 
55 24 48 52 19 21 48 29 42 29 56 7 15 54 43 
6 25 1 3 30 70 1 78 7 78 7 56 64 5 6 
82 51 75 79 46 6 75 2 69 2 83 20 12 81 70 
77 46 70 74 41 1 70 7 64 7 78 15 7 76 65 
6 25 1 3 30 70 1 78 7 78 7 56 64 5 6 
34 3 27 31 2 42 27 50 21 50 35 28 36 33 22 
8 23 1 5 28 68 1 76 5 76 9 54 62 7 4 
48 17 41 45 12 28 41 36 35 36 49 14 22 47 36 
19 12 12 16 17 57 12 65 6 65 20 43 51 18 7 
9 22 2 6 27 67 2 75 4 75 10 53 61 8 3 
18 13 11 15 18 58 11 66 5 66 19 44 52 17 6 

74 65 82 59 87 73 8 66 75 63 72 54 28 54 78 
3 12 5 18 10 4 69 11 2 14 5 23 49 23 1 
67 58 75 52 80 66 1 59 68 56 65 47 21 47 71 
12 21 4 27 1 13 78 20 11 23 14 32 58 32 8 
33 24 41 18 46 32 33 25 34 22 31 13 13 13 37 
16 25 8 31 3 17 82 24 15 27 18 36 62 36 12 
60 51 68 45 73 59 6 52 61 49 58 40 14 40 64 
55 46 63 40 68 54 11 47 56 44 53 35 9 35 59 
16 25 8 31 3 17 82 24 15 27 18 36 62 36 12 
12 3 20 3 25 11 54 4 13 1 10 8 34 8 16 
14 23 6 29 1 15 80 22 13 25 16 34 60 34 10 
26 17 34 11 39 25 40 18 27 15 24 6 20 6 30 
3 12 5 18 10 4 69 11 2 14 5 23 49 23 1 
13 22 5 28 0 14 79 21 12 24 15 33 59 33 9 
4 13 4 19 9 5 70 12 3 15 6 24 50 24 0 

21 11 80 42 82 28 53 2 40 87 77 56 1 97 58 
56 66 3 35 5 49 24 79 37 10 0 21 78 20 19 
14 4 73 35 75 21 46 9 33 80 70 49 8 90 51 
65 75 6 44 4 58 33 88 46 1 9 30 87 11 28 
20 30 39 1 41 13 12 43 1 46 36 15 42 56 17 
69 79 10 48 8 62 37 92 50 3 13 34 91 7 32 
7 3 66 28 68 14 39 16 26 73 63 42 15 83 44 
2 8 61 23 63 9 34 21 21 68 58 37 20 78 39 
69 79 10 48 8 62 37 92 50 3 13 34 91 7 32 
41 51 18 20 20 34 9 64 22 25 15 6 63 35 4 
67 77 8 46 6 60 35 90 48 1 11 32 89 9 30 
27 37 32 6 34 20 5 50 8 39 29 8 49 49 10 
56 66 3 35 5 49 24 79 37 10 0 21 78 20 19 
66 76 7 45 5 59 34 89 47 0 10 31 88 10 29 
57 67 2 36 4 50 25 80 38 9 1 22 79 19 20 

79 59 90 53 45 13 85 16 64 58 23 39 70 49 47 
2 18 13 24 32 64 8 61 13 19 54 38 7 28 30 
72 52 83 46 38 6 78 9 57 51 16 32 63 42 40 
7 27 4 33 41 73 1 70 22 28 63 47 16 37 39 
38 18 49 12 4 28 44 25 23 17 18 2 29 8 6 
11 31 0 37 45 77 5 74 26 32 67 51 20 41 43 
65 45 76 39 31 1 71 2 50 44 9 25 56 35 33 
60 40 71 34 26 6 66 3 45 39 4 20 51 30 28 
11 31 0 37 45 77 5 74 26 32 67 51 20 41 43 
17 3 28 9 17 49 23 46 2 4 39 23 8 13 15 
9 29 2 35 43 75 3 72 24 30 65 49 18 39 41 
31 11 42 5 3 35 37 32 16 10 25 9 22 1 1 
2 18 13 24 32 64 8 61 13 19 54 38 7 28 30 
8 28 3 34 42 74 2 71 23 29 64 48 17 38 40 
1 19 12 25 33 65 7 62 14 20 55 39 8 29 31 

50 3 23 28 18 92 11 9 15 42 4 43 97 55 38 
27 74 54 49 59 15 66 68 62 35 73 34 20 22 39 
43 4 16 21 11 85 4 2 8 35 3 36 90 48 31 
36 83 63 58 68 6 75 77 71 44 82 43 11 31 48 
9 38 18 13 23 51 30 32 26 1 37 2 56 14 3 
40 87 67 62 72 2 79 81 75 48 86 47 7 35 52 
36 11 9 14 4 78 3 5 1 28 10 29 83 41 24 
31 16 4 9 1 73 8 10 4 23 15 24 78 36 19 
40 87 67 62 72 2 79 81 75 48 86 47 7 35 52 
12 59 39 34 44 30 51 53 47 20 58 19 35 7 24 
38 85 65 60 70 4 77 79 73 46 84 45 9 33 50 
2 45 25 20 30 44 37 39 33 6 44 5 49 7 10 
27 74 54 49 59 15 66 68 62 35 73 34 20 22 39 
37 84 64 59 69 5 76 78 72 45 83 44 10 32 49 
28 75 55 50 60 14 67 69 63 36 74 35 19 23 40 

32 18 52 74 1 79 54 30 71 42 58 74 42 54 1 
45 59 25 3 76 2 23 47 6 35 19 3 35 23 78 
25 11 45 67 6 72 47 23 64 35 51 67 35 47 8 
54 68 34 12 85 7 32 56 15 44 28 12 44 32 87 
9 23 11 33 40 38 13 11 30 1 17 33 1 13 42 
58 72 38 16 89 11 36 60 19 48 32 16 48 36 91 
18 4 38 60 13 65 40 16 57 28 44 60 28 40 15 
13 1 33 55 18 60 35 11 52 23 39 55 23 35 20 
58 72 38 16 89 11 36 60 19 48 32 16 48 36 91 
30 44 10 12 61 17 8 32 9 20 4 12 20 8 63 
56 70 36 14 87 9 34 58 17 46 30 14 46 34 89 
16 30 4 26 47 31 6 18 23 6 10 26 6 6 49 
45 59 25 3 76 2 23 47 6 35 19 3 35 23 78 
55 69 35 13 86 8 33 57 16 45 29 13 45 33 88 
46 60 26 4 77 1 24 48 7 36 20 4 36 24 79 

81 94 56 90 93 53 11 60 64 83 96 92 54 24 97 
4 17 21 13 16 24 66 17 13 6 19 15 23 53 20 
74 87 49 83 86 46 4 53 57 76 89 85 47 17 90 
5 8 30 4 7 33 75 26 22 3 10 6 32 62 11 
40 53 15 49 52 12 30 19 23 42 55 51 13 17 56 
9 4 34 0 3 37 79 30 26 7 6 2 36 66 7 
67 80 42 76 79 39 3 46 50 69 82 78 40 10 83 
62 75 37 71 74 34 8 41 45 64 77 73 35 5 78 
9 4 34 0 3 37 79 30 26 7 6 2 36 66 7 
19 32 6 28 31 9 51 2 2 21 34 30 8 38 35 
7 6 32 2 5 35 77 28 24 5 8 4 34 64 9 
33 46 8 42 45 5 37 12 16 35 48 44 6 24 49 
4 17 21 13 16 24 66 17 13 6 19 15 23 53 20 
6 7 31 3 6 34 76 27 23 4 9 5 33 63 10 
3 16 22 12 15 25 67 18 14 5 18 14 24 54 19 

65 86 47 12 32 35 23 47 45 83 57 42 71 6 72 
23 44 5 30 10 7 19 5 3 41 15 0 29 36 30 
11 32 7 42 22 19 31 7 9 29 3 12 17 48 18 
11 10 29 64 44 41 53 29 31 7 19 34 5 70 4 
59 80 41 6 26 29 17 41 39 77 51 36 65 0 66 
67 88 49 14 34 37 25 49 47 85 59 44 73 8 74 
3 24 15 50 30 27 39 15 17 21 5 20 9 56 10 
12 9 30 65 45 42 54 30 32 6 20 35 6 71 5 
27 48 9 26 6 3 15 9 7 45 19 4 33 32 34 
55 76 37 2 22 25 13 37 35 73 47 32 61 4 62 
37 58 19 16 4 7 5 19 17 55 29 14 43 22 44 
1 22 17 52 32 29 41 17 19 19 7 22 7 58 8 
69 90 51 16 36 39 27 51 49 87 61 46 75 10 76 
37 58 19 16 4 7 5 19 17 55 29 14 43 22 44 
27 48 9 26 6 3 15 9 7 45 19 4 33 32 34 

70 4 80 18 80 6 61 38 34 35 60 11 11 16 44 
28 46 38 24 38 48 19 4 8 7 18 53 31 26 2 
16 58 26 36 26 60 7 16 20 19 6 65 43 38 10 
6 80 4 58 4 82 15 38 42 41 16 87 65 60 32 
64 10 74 12 74 12 55 32 28 29 54 17 5 10 38 
72 2 82 20 82 4 63 40 36 37 62 9 13 18 46 
8 66 18 44 18 68 1 24 28 27 2 73 51 46 18 
7 81 3 59 3 83 16 39 43 42 17 88 66 61 33 
32 42 42 20 42 44 23 0 4 3 22 49 27 22 6 
60 14 70 8 70 16 51 28 24 25 50 21 1 6 34 
42 32 52 10 52 34 33 10 6 7 32 39 17 12 16 
6 68 16 46 16 70 3 26 30 29 4 75 53 48 20 
74 0 84 22 84 2 65 42 38 39 64 7 15 20 48 
42 32 52 10 52 34 33 10 6 7 32 39 17 12 16 
32 42 42 20 42 44 23 0 4 3 22 49 27 22 6 

25 56 18 3 11 65 17 66 5 2 7 88 25 43 39 
17 14 24 39 53 23 25 24 47 44 49 46 17 1 3 
29 2 36 51 65 11 37 12 59 56 61 34 29 11 15 
51 20 58 73 87 11 59 10 81 78 83 12 51 33 37 
19 50 12 3 17 59 11 60 11 8 13 82 19 37 33 
27 58 20 5 9 67 19 68 3 0 5 90 27 45 41 
37 6 44 59 73 3 45 4 67 64 69 26 37 19 23 
52 21 59 74 88 12 60 11 82 79 84 11 52 34 38 
13 18 20 35 49 27 21 28 43 40 45 50 13 5 1 
15 46 8 7 21 55 7 56 15 12 17 78 15 33 29 
3 28 10 25 39 37 11 38 33 30 35 60 3 15 11 
39 8 46 61 75 1 47 2 69 66 71 24 39 21 25 
29 60 22 7 7 69 21 70 1 2 3 92 29 47 43 
3 28 10 25 39 37 11 38 33 30 35 60 3 15 11 
13 18 20 35 49 27 21 28 43 40 45 50 13 5 1 

10 21 3 7 26 66 3 74 3 74 11 52 60 9 2 
52 21 45 49 16 24 45 32 39 32 53 10 18 51 40 
64 33 57 61 28 12 57 20 51 20 65 2 6 63 52 
86 55 79 83 50 10 79 2 73 2 87 24 16 85 74 
16 15 9 13 20 60 9 68 3 68 17 46 54 15 4 
8 23 1 5 28 68 1 76 5 76 9 54 62 7 4 
72 41 65 69 36 4 65 12 59 12 73 10 2 71 60 
87 56 80 84 51 11 80 3 74 3 88 25 17 86 75 
48 17 41 45 12 28 41 36 35 36 49 14 22 47 36 
20 11 13 17 16 56 13 64 7 64 21 42 50 19 8 
38 7 31 35 2 38 31 46 25 46 39 24 32 37 26 
74 43 67 71 38 2 67 10 61 10 75 12 4 73 62 
6 25 1 3 30 70 1 78 7 78 7 56 64 5 6 
38 7 31 35 2 38 31 46 25 46 39 24 32 37 26 
48 17 41 45 12 28 41 36 35 36 49 14 22 47 36 

12 21 4 27 1 13 78 20 11 23 14 32 58 32 8 
30 21 38 15 43 29 36 22 31 19 28 10 16 10 34 
42 33 50 27 55 41 24 34 43 31 40 22 4 22 46 
64 55 72 49 77 63 2 56 65 53 62 44 18 44 68 
6 15 2 21 7 7 72 14 5 17 8 26 52 26 2 
14 23 6 29 1 15 80 22 13 25 16 34 60 34 10 
50 41 58 35 63 49 16 42 51 39 48 30 4 30 54 
65 56 73 50 78 64 1 57 66 54 63 45 19 45 69 
26 17 34 11 39 25 40 18 27 15 24 6 20 6 30 
2 11 6 17 11 3 68 10 1 13 4 22 48 22 2 
16 7 24 1 29 15 50 8 17 5 14 4 30 4 20 
52 43 60 37 65 51 14 44 53 41 50 32 6 32 56 
16 25 8 31 3 17 82 24 15 27 18 36 62 36 12 
16 7 24 1 29 15 50 8 17 5 14 4 30 4 20 
26 17 34 11 39 25 40 18 27 15 24 6 20 6 30 

65 75 6 44 4 58 33 88 46 1 9 30 87 11 28 
23 33 36 2 38 16 9 46 4 43 33 12 45 53 14 
11 21 48 10 50 4 21 34 8 55 45 24 33 65 26 
11 1 70 32 72 18 43 12 30 77 67 46 11 87 48 
59 69 0 38 2 52 27 82 40 7 3 24 81 17 22 
67 77 8 46 6 60 35 90 48 1 11 32 89 9 30 
3 13 56 18 58 4 29 26 16 63 53 32 25 73 34 
12 2 71 33 73 19 44 11 31 78 68 47 10 88 49 
27 37 32 6 34 20 5 50 8 39 29 8 49 49 10 
55 65 4 34 6 48 23 78 36 11 1 20 77 21 18 
37 47 22 16 24 30 5 60 18 29 19 2 59 39 0 
1 11 58 20 60 6 31 24 18 65 55 34 23 75 36 
69 79 10 48 8 62 37 92 50 3 13 34 91 7 32 
37 47 22 16 24 30 5 60 18 29 19 2 59 39 0 
27 37 32 6 34 20 5 50 8 39 29 8 49 49 10 

7 27 4 33 41 73 1 70 22 28 63 47 16 37 39 
35 15 46 9 1 31 41 28 20 14 21 5 26 5 3 
47 27 58 21 13 19 53 16 32 26 9 7 38 17 15 
69 49 80 43 35 3 75 6 54 48 13 29 60 39 37 
1 21 10 27 35 67 5 64 16 22 57 41 10 31 33 
9 29 2 35 43 75 3 72 24 30 65 49 18 39 41 
55 35 66 29 21 11 61 8 40 34 1 15 46 25 23 
70 50 81 44 36 4 76 7 55 49 14 30 61 40 38 
31 11 42 5 3 35 37 32 16 10 25 9 22 1 1 
3 17 14 23 31 63 9 60 12 18 53 37 6 27 29 
21 1 32 5 13 45 27 42 6 0 35 19 12 9 11 
57 37 68 31 23 9 63 6 42 36 1 17 48 27 25 
11 31 0 37 45 77 5 74 26 32 67 51 20 41 43 
21 1 32 5 13 45 27 42 6 0 35 19 12 9 11 
31 11 42 5 3 35 37 32 16 10 25 9 22 1 1 

36 83 63 58 68 6 75 77 71 44 82 43 11 31 48 
6 41 21 16 26 48 33 35 29 2 40 1 53 11 6 
18 29 9 4 14 60 21 23 17 10 28 11 65 23 6 
40 7 13 18 8 82 1 1 5 32 6 33 87 45 28 
30 77 57 52 62 12 69 71 65 38 76 37 17 25 42 
38 85 65 60 70 4 77 79 73 46 84 45 9 33 50 
26 21 1 4 6 68 13 15 9 18 20 19 73 31 14 
41 6 14 19 9 83 2 0 6 33 5 34 88 46 29 
2 45 25 20 30 44 37 39 33 6 44 5 49 7 10 
26 73 53 48 58 16 65 67 61 34 72 33 21 21 38 
8 55 35 30 40 34 47 49 43 16 54 15 39 3 20 
28 19 1 6 4 70 11 13 7 20 18 21 75 33 16 
40 87 67 62 72 2 79 81 75 48 86 47 7 35 52 
8 55 35 30 40 34 47 49 43 16 54 15 39 3 20 
2 45 25 20 30 44 37 39 33 6 44 5 49 7 10 

54 68 34 12 85 7 32 56 15 44 28 12 44 32 87 
12 26 8 30 43 35 10 14 27 2 14 30 2 10 45 
0 14 20 42 31 47 22 2 39 10 26 42 10 22 33 
22 8 42 64 9 69 44 20 61 32 48 64 32 44 11 
48 62 28 6 79 1 26 50 9 38 22 6 38 26 81 
56 70 36 14 87 9 34 58 17 46 30 14 46 34 89 
8 6 28 50 23 55 30 6 47 18 34 50 18 30 25 
23 9 43 65 8 70 45 21 62 33 49 65 33 45 10 
16 30 4 26 47 31 6 18 23 6 10 26 6 6 49 
44 58 24 2 75 3 22 46 5 34 18 2 34 22 77 
26 40 6 16 57 21 4 28 13 16 0 16 16 4 59 
10 4 30 52 21 57 32 8 49 20 36 52 20 32 23 
58 72 38 16 89 11 36 60 19 48 32 16 48 36 91 
26 40 6 16 57 21 4 28 13 16 0 16 16 4 59 
16 30 4 26 47 31 6 18 23 6 10 26 6 6 49 

5 8 30 4 7 33 75 26 22 3 10 6 32 62 11 
37 50 12 46 49 9 33 16 20 39 52 48 10 20 53 
49 62 24 58 61 21 21 28 32 51 64 60 22 8 65 
71 84 46 80 83 43 1 50 54 73 86 82 44 14 87 
1 14 24 10 13 27 69 20 16 3 16 12 26 56 17 
7 6 32 2 5 35 77 28 24 5 8 4 34 64 9 
57 70 32 66 69 29 13 36 40 59 72 68 30 0 73 
72 85 47 81 84 44 2 51 55 74 87 83 45 15 88 
33 46 8 42 45 5 37 12 16 35 48 44 6 24 49 
5 18 20 14 17 23 65 16 12 7 20 16 22 52 21 
23 36 2 32 35 5 47 2 6 25 38 34 4 34 39 
59 72 34 68 71 31 11 38 42 61 74 70 32 2 75 
9 4 34 0 3 37 79 30 26 7 6 2 36 66 7 
23 36 2 32 35 5 47 2 6 25 38 34 4 34 39 
33 46 8 42 45 5 37 12 16 35 48 44 6 24 49 

5 69 15 47 15 71 4 27 31 30 5 76 54 49 21 
16 90 6 68 6 92 25 48 52 51 26 97 75 70 42 
23 51 33 29 33 53 14 9 13 12 13 58 36 31 3 
58 16 68 6 68 18 49 26 22 23 48 23 1 4 32 
38 36 48 14 48 38 29 6 2 3 28 43 21 16 12 
35 39 45 17 45 41 26 3 1 0 25 46 24 19 9 
47 27 57 5 57 29 38 15 11 12 37 34 12 7 21 
23 51 33 29 33 53 14 9 13 12 13 58 36 31 3 
25 49 35 27 35 51 16 7 11 10 15 56 34 29 1 
13 87 3 65 3 89 22 45 49 48 23 94 72 67 39 
13 61 23 39 23 63 4 19 23 22 3 68 46 41 13 
28 46 38 24 38 48 19 4 8 7 18 53 31 26 2 
1 75 9 53 9 77 10 33 37 36 11 82 60 55 27 
64 10 74 12 74 12 55 32 28 29 54 17 5 10 38 
2 76 8 54 8 78 11 34 38 37 12 83 61 56 28 

40 9 47 62 76 0 48 1 70 67 72 23 40 22 26 
61 30 68 83 97 21 69 20 91 88 93 2 61 43 47 
22 9 29 44 58 18 30 19 52 49 54 41 22 4 8 
13 44 6 9 23 53 5 54 17 14 19 76 13 31 27 
7 24 14 29 43 33 15 34 37 34 39 56 7 11 7 
10 21 17 32 46 30 18 31 40 37 42 53 10 8 4 
2 33 5 20 34 42 6 43 28 25 30 65 2 20 16 
22 9 29 44 58 18 30 19 52 49 54 41 22 4 8 
20 11 27 42 56 20 28 21 50 47 52 43 20 2 6 
58 27 65 80 94 18 66 17 88 85 90 5 58 40 44 
32 1 39 54 68 8 40 9 62 59 64 31 32 14 18 
17 14 24 39 53 23 25 24 47 44 49 46 17 1 3 
46 15 53 68 82 6 54 5 76 73 78 17 46 28 32 
19 50 12 3 17 59 11 60 11 8 13 82 19 37 33 
47 16 54 69 83 7 55 6 77 74 79 16 47 29 33 

75 44 68 72 39 1 68 9 62 9 76 13 5 74 63 
96 65 89 93 60 20 89 12 83 12 97 34 26 95 84 
57 26 50 54 21 19 50 27 44 27 58 5 13 56 45 
22 9 15 19 14 54 15 62 9 62 23 40 48 21 10 
42 11 35 39 6 34 35 42 29 42 43 20 28 41 30 
45 14 38 42 9 31 38 39 32 39 46 17 25 44 33 
33 2 26 30 3 43 26 51 20 51 34 29 37 32 21 
57 26 50 54 21 19 50 27 44 27 58 5 13 56 45 
55 24 48 52 19 21 48 29 42 29 56 7 15 54 43 
93 62 86 90 57 17 86 9 80 9 94 31 23 92 81 
67 36 60 64 31 9 60 17 54 17 68 5 3 66 55 
52 21 45 49 16 24 45 32 39 32 53 10 18 51 40 
81 50 74 78 45 5 74 3 68 3 82 19 11 80 69 
16 15 9 13 20 60 9 68 3 68 17 46 54 15 4 
82 51 75 79 46 6 75 2 69 2 83 20 12 81 70 

53 44 61 38 66 52 13 45 54 42 51 33 7 33 57 
74 65 82 59 87 73 8 66 75 63 72 54 28 54 78 
35 26 43 20 48 34 31 27 36 24 33 15 11 15 39 
0 9 8 15 13 1 66 8 1 11 2 20 46 20 4 
20 11 28 5 33 19 46 12 21 9 18 0 26 0 24 
23 14 31 8 36 22 43 15 24 12 21 3 23 3 27 
11 2 19 4 24 10 55 3 12 0 9 9 35 9 15 
35 26 43 20 48 34 31 27 36 24 33 15 11 15 39 
33 24 41 18 46 32 33 25 34 22 31 13 13 13 37 
71 62 79 56 84 70 5 63 72 60 69 51 25 51 75 
45 36 53 30 58 44 21 37 46 34 43 25 1 25 49 
30 21 38 15 43 29 36 22 31 19 28 10 16 10 34 
59 50 67 44 72 58 7 51 60 48 57 39 13 39 63 
6 15 2 21 7 7 72 14 5 17 8 26 52 26 2 
60 51 68 45 73 59 6 52 61 49 58 40 14 40 64 

0 10 59 21 61 7 32 23 19 66 56 35 22 76 37 
21 11 80 42 82 28 53 2 40 87 77 56 1 97 58 
18 28 41 3 43 11 14 41 1 48 38 17 40 58 19 
53 63 6 32 8 46 21 76 34 13 3 18 75 23 16 
33 43 26 12 28 26 1 56 14 33 23 2 55 43 4 
30 40 29 9 31 23 2 53 11 36 26 5 52 46 7 
42 52 17 21 19 35 10 65 23 24 14 7 64 34 5 
18 28 41 3 43 11 14 41 1 48 38 17 40 58 19 
20 30 39 1 41 13 12 43 1 46 36 15 42 56 17 
18 8 77 39 79 25 50 5 37 84 74 53 4 94 55 
8 18 51 13 53 1 24 31 11 58 48 27 30 68 29 
23 33 36 2 38 16 9 46 4 43 33 12 45 53 14 
6 4 65 27 67 13 38 17 25 72 62 41 16 82 43 
59 69 0 38 2 52 27 82 40 7 3 24 81 17 22 
7 3 66 28 68 14 39 16 26 73 63 42 15 83 44 

58 38 69 32 24 8 64 5 43 37 2 18 49 28 26 
79 59 90 53 45 13 85 16 64 58 23 39 70 49 47 
40 20 51 14 6 26 46 23 25 19 16 0 31 10 8 
5 15 16 21 29 61 11 58 10 16 51 35 4 25 27 
25 5 36 1 9 41 31 38 10 4 31 15 16 5 7 
28 8 39 2 6 38 34 35 13 7 28 12 19 2 4 
16 4 27 10 18 50 22 47 1 5 40 24 7 14 16 
40 20 51 14 6 26 46 23 25 19 16 0 31 10 8 
38 18 49 12 4 28 44 25 23 17 18 2 29 8 6 
76 56 87 50 42 10 82 13 61 55 20 36 67 46 44 
50 30 61 24 16 16 56 13 35 29 6 10 41 20 18 
35 15 46 9 1 31 41 28 20 14 21 5 26 5 3 
64 44 75 38 30 2 70 1 49 43 8 24 55 34 32 
1 21 10 27 35 67 5 64 16 22 57 41 10 31 33 
65 45 76 39 31 1 71 2 50 44 9 25 56 35 33 

29 18 2 7 3 71 10 12 6 21 17 22 76 34 17 
50 3 23 28 18 92 11 9 15 42 4 43 97 55 38 
11 36 16 11 21 53 28 30 24 3 35 4 58 16 1 
24 71 51 46 56 18 63 65 59 32 70 31 23 19 36 
4 51 31 26 36 38 43 45 39 12 50 11 43 1 16 
1 48 28 23 33 41 40 42 36 9 47 8 46 4 13 
13 60 40 35 45 29 52 54 48 21 59 20 34 8 25 
11 36 16 11 21 53 28 30 24 3 35 4 58 16 1 
9 38 18 13 23 51 30 32 26 1 37 2 56 14 3 
47 0 20 25 15 89 8 6 12 39 1 40 94 52 35 
21 26 6 1 11 63 18 20 14 13 25 14 68 26 9 
6 41 21 16 26 48 33 35 29 2 40 1 53 11 6 
35 12 8 13 3 77 4 6 0 27 11 28 82 40 23 
30 77 57 52 62 12 69 71 65 38 76 37 17 25 42 
36 11 9 14 4 78 3 5 1 28 10 29 83 41 24 

11 3 31 53 20 58 33 9 50 21 37 53 21 33 22 
32 18 52 74 1 79 54 30 71 42 58 74 42 54 1 
7 21 13 35 38 40 15 9 32 3 19 35 3 15 40 
42 56 22 0 73 5 20 44 3 32 16 0 32 20 75 
22 36 2 20 53 25 0 24 17 12 4 20 12 0 55 
19 33 1 23 50 28 3 21 20 9 7 23 9 3 52 
31 45 11 11 62 16 9 33 8 21 5 11 21 9 64 
7 21 13 35 38 40 15 9 32 3 19 35 3 15 40 
9 23 11 33 40 38 13 11 30 1 17 33 1 13 42 
29 15 49 71 2 76 51 27 68 39 55 71 39 51 4 
3 11 23 45 28 50 25 1 42 13 29 45 13 25 30 
12 26 8 30 43 35 10 14 27 2 14 30 2 10 45 
17 3 37 59 14 64 39 15 56 27 43 59 27 39 16 
48 62 28 6 79 1 26 50 9 38 22 6 38 26 81 
18 4 38 60 13 65 40 16 57 28 44 60 28 40 15 

60 73 35 69 72 32 10 39 43 62 75 71 33 3 76 
81 94 56 90 93 53 11 60 64 83 96 92 54 24 97 
42 55 17 51 54 14 28 21 25 44 57 53 15 15 58 
7 20 18 16 19 21 63 14 10 9 22 18 20 50 23 
27 40 2 36 39 1 43 6 10 29 42 38 0 30 43 
30 43 5 39 42 2 40 9 13 32 45 41 3 27 46 
18 31 7 27 30 10 52 3 1 20 33 29 9 39 34 
42 55 17 51 54 14 28 21 25 44 57 53 15 15 58 
40 53 15 49 52 12 30 19 23 42 55 51 13 17 56 
78 91 53 87 90 50 8 57 61 80 93 89 51 21 94 
52 65 27 61 64 24 18 31 35 54 67 63 25 5 68 
37 50 12 46 49 9 33 16 20 39 52 48 10 20 53 
66 79 41 75 78 38 4 45 49 68 81 77 39 9 82 
1 14 24 10 13 27 69 20 16 3 16 12 26 56 17 
67 80 42 76 79 39 3 46 50 69 82 78 40 10 83 

45 14 52 67 81 5 53 4 75 72 77 18 45 27 31 
29 60 22 7 7 69 21 70 1 2 3 92 29 47 43 
55 24 62 77 91 15 63 14 85 82 87 8 55 37 41 
7 38 0 15 29 47 1 48 23 20 25 70 7 25 21 
55 24 62 77 91 15 63 14 85 82 87 8 55 37 41 
31 62 24 9 5 71 23 72 1 4 1 94 31 49 45 
36 5 43 58 72 4 44 5 66 63 68 27 36 18 22 
13 18 20 35 49 27 21 28 43 40 45 50 13 5 1 
9 22 16 31 45 31 17 32 39 36 41 54 9 9 5 
10 21 17 32 46 30 18 31 40 37 42 53 10 8 4 
35 4 42 57 71 5 43 6 65 62 67 28 35 17 21 
36 67 29 14 0 76 28 77 6 9 4 99 36 54 50 
14 45 7 8 22 54 6 55 16 13 18 77 14 32 28 
9 40 2 13 27 49 1 50 21 18 23 72 9 27 23 
19 12 26 41 55 21 27 22 49 46 51 44 19 1 5 

80 49 73 77 44 4 73 4 67 4 81 18 10 79 68 
6 25 1 3 30 70 1 78 7 78 7 56 64 5 6 
90 59 83 87 54 14 83 6 77 6 91 28 20 89 78 
28 3 21 25 8 48 21 56 15 56 29 34 42 27 16 
90 59 83 87 54 14 83 6 77 6 91 28 20 89 78 
4 27 3 1 32 72 3 80 9 80 5 58 66 3 8 
71 40 64 68 35 5 64 13 58 13 72 9 1 70 59 
48 17 41 45 12 28 41 36 35 36 49 14 22 47 36 
44 13 37 41 8 32 37 40 31 40 45 18 26 43 32 
45 14 38 42 9 31 38 39 32 39 46 17 25 44 33 
70 39 63 67 34 6 63 14 57 14 71 8 0 69 58 
1 32 8 4 37 77 8 85 14 85 0 63 71 2 13 
21 10 14 18 15 55 14 63 8 63 22 41 49 20 9 
26 5 19 23 10 50 19 58 13 58 27 36 44 25 14 
54 23 47 51 18 22 47 30 41 30 55 8 16 53 42 

58 49 66 43 71 57 8 50 59 47 56 38 12 38 62 
16 25 8 31 3 17 82 24 15 27 18 36 62 36 12 
68 59 76 53 81 67 2 60 69 57 66 48 22 48 72 
6 3 14 9 19 5 60 2 7 5 4 14 40 14 10 
68 59 76 53 81 67 2 60 69 57 66 48 22 48 72 
18 27 10 33 5 19 84 26 17 29 20 38 64 38 14 
49 40 57 34 62 48 17 41 50 38 47 29 3 29 53 
26 17 34 11 39 25 40 18 27 15 24 6 20 6 30 
22 13 30 7 35 21 44 14 23 11 20 2 24 2 26 
23 14 31 8 36 22 43 15 24 12 21 3 23 3 27 
48 39 56 33 61 47 18 40 49 37 46 28 2 28 52 
23 32 15 38 10 24 89 31 22 34 25 43 69 43 19 
1 10 7 16 12 2 67 9 0 12 3 21 47 21 3 
4 5 12 11 17 3 62 4 5 7 2 16 42 16 8 
32 23 40 17 45 31 34 24 33 21 30 12 14 12 36 

5 5 64 26 66 12 37 18 24 71 61 40 17 81 42 
69 79 10 48 8 62 37 92 50 3 13 34 91 7 32 
15 5 74 36 76 22 47 8 34 81 71 50 7 91 52 
47 57 12 26 14 40 15 70 28 19 9 12 69 29 10 
15 5 74 36 76 22 47 8 34 81 71 50 7 91 52 
71 81 12 50 10 64 39 94 52 5 15 36 93 5 34 
4 14 55 17 57 3 28 27 15 62 52 31 26 72 33 
27 37 32 6 34 20 5 50 8 39 29 8 49 49 10 
31 41 28 10 30 24 1 54 12 35 25 4 53 45 6 
30 40 29 9 31 23 2 53 11 36 26 5 52 46 7 
5 15 54 16 56 2 27 28 14 61 51 30 27 71 32 
76 86 17 55 15 69 44 99 57 10 20 41 98 0 39 
54 64 5 33 7 47 22 77 35 12 2 19 76 22 17 
49 59 10 28 12 42 17 72 30 17 7 14 71 27 12 
21 31 38 0 40 14 11 44 2 45 35 14 43 55 16 

63 43 74 37 29 3 69 0 48 42 7 23 54 33 31 
11 31 0 37 45 77 5 74 26 32 67 51 20 41 43 
73 53 84 47 39 7 79 10 58 52 17 33 64 43 41 
11 9 22 15 23 55 17 52 4 10 45 29 2 19 21 
73 53 84 47 39 7 79 10 58 52 17 33 64 43 41 
13 33 2 39 47 79 7 76 28 34 69 53 22 43 45 
54 34 65 28 20 12 60 9 39 33 2 14 45 24 22 
31 11 42 5 3 35 37 32 16 10 25 9 22 1 1 
27 7 38 1 7 39 33 36 12 6 29 13 18 3 5 
28 8 39 2 6 38 34 35 13 7 28 12 19 2 4 
53 33 64 27 19 13 59 10 38 32 3 13 44 23 21 
18 38 7 44 52 84 12 81 33 39 74 58 27 48 50 
4 16 15 22 30 62 10 59 11 17 52 36 5 26 28 
9 11 20 17 25 57 15 54 6 12 47 31 0 21 23 
37 17 48 11 3 29 43 26 22 16 19 3 28 7 5 

34 13 7 12 2 76 5 7 1 26 12 27 81 39 22 
40 87 67 62 72 2 79 81 75 48 86 47 7 35 52 
44 3 17 22 12 86 5 3 9 36 2 37 91 49 32 
18 65 45 40 50 24 57 59 53 26 64 25 29 13 30 
44 3 17 22 12 86 5 3 9 36 2 37 91 49 32 
42 89 69 64 74 0 81 83 77 50 88 49 5 37 54 
25 22 2 3 7 67 14 16 10 17 21 18 72 30 13 
2 45 25 20 30 44 37 39 33 6 44 5 49 7 10 
2 49 29 24 34 40 41 43 37 10 48 9 45 3 14 
1 48 28 23 33 41 40 42 36 9 47 8 46 4 13 
24 23 3 2 8 66 15 17 11 16 22 17 71 29 12 
47 94 74 69 79 5 86 88 82 55 93 54 0 42 59 
25 72 52 47 57 17 64 66 60 33 71 32 22 20 37 
20 67 47 42 52 22 59 61 55 28 66 27 27 15 32 
8 39 19 14 24 50 31 33 27 0 38 1 55 13 4 

16 2 36 58 15 63 38 14 55 26 42 58 26 38 17 
58 72 38 16 89 11 36 60 19 48 32 16 48 36 91 
26 12 46 68 5 73 48 24 65 36 52 68 36 48 7 
36 50 16 6 67 11 14 38 3 26 10 6 26 14 69 
26 12 46 68 5 73 48 24 65 36 52 68 36 48 7 
60 74 40 18 91 13 38 62 21 50 34 18 50 38 93 
7 7 27 49 24 54 29 5 46 17 33 49 17 29 26 
16 30 4 26 47 31 6 18 23 6 10 26 6 6 49 
20 34 0 22 51 27 2 22 19 10 6 22 10 2 53 
19 33 1 23 50 28 3 21 20 9 7 23 9 3 52 
6 8 26 48 25 53 28 4 45 16 32 48 16 28 27 
65 79 45 23 96 18 43 67 26 55 39 23 55 43 98 
43 57 23 1 74 4 21 45 4 33 17 1 33 21 76 
38 52 18 4 69 9 16 40 1 28 12 4 28 16 71 
10 24 10 32 41 37 12 12 29 0 16 32 0 12 43 

65 78 40 74 77 37 5 44 48 67 80 76 38 8 81 
9 4 34 0 3 37 79 30 26 7 6 2 36 66 7 
75 88 50 84 87 47 5 54 58 77 90 86 48 18 91 
13 26 12 22 25 15 57 8 4 15 28 24 14 44 29 
75 88 50 84 87 47 5 54 58 77 90 86 48 18 91 
11 2 36 2 1 39 81 32 28 9 4 0 38 68 5 
56 69 31 65 68 28 14 35 39 58 71 67 29 1 72 
33 46 8 42 45 5 37 12 16 35 48 44 6 24 49 
29 42 4 38 41 1 41 8 12 31 44 40 2 28 45 
30 43 5 39 42 2 40 9 13 32 45 41 3 27 46 
55 68 30 64 67 27 15 34 38 57 70 66 28 2 71 
16 3 41 7 4 44 86 37 33 14 1 5 43 73 0 
6 19 19 15 18 22 64 15 11 8 21 17 21 51 22 
11 24 14 20 23 17 59 10 6 13 26 22 16 46 27 
39 52 14 48 51 11 31 18 22 41 54 50 12 18 55 

35 4 28 32 1 41 28 49 22 49 36 27 35 34 23 
66 35 59 63 30 10 59 18 53 18 67 4 4 65 54 
28 3 21 25 8 48 21 56 15 56 29 34 42 27 16 
13 18 6 10 23 63 6 71 0 71 14 49 57 12 1 
1 32 8 4 37 77 8 85 14 85 0 63 71 2 13 
75 44 68 72 39 1 68 9 62 9 76 13 5 74 63 
27 4 20 24 9 49 20 57 14 57 28 35 43 26 15 
76 45 69 73 40 0 69 8 63 8 77 14 6 75 64 
5 26 2 2 31 71 2 79 8 79 6 57 65 4 7 
8 23 1 5 28 68 1 76 5 76 9 54 62 7 4 
3 28 4 0 33 73 4 81 10 81 4 59 67 2 9 
98 67 91 95 62 22 91 14 85 14 99 36 28 97 86 
35 4 28 32 1 41 28 49 22 49 36 27 35 34 23 
53 22 46 50 17 23 46 31 40 31 54 9 17 52 41 
49 18 42 46 13 27 42 35 36 35 50 13 21 48 37 

13 4 21 2 26 12 53 5 14 2 11 7 33 7 17 
44 35 52 29 57 43 22 36 45 33 42 24 2 24 48 
6 3 14 9 19 5 60 2 7 5 4 14 40 14 10 
9 18 1 24 4 10 75 17 8 20 11 29 55 29 5 
23 32 15 38 10 24 89 31 22 34 25 43 69 43 19 
53 44 61 38 66 52 13 45 54 42 51 33 7 33 57 
5 4 13 10 18 4 61 3 6 6 3 15 41 15 9 
54 45 62 39 67 53 12 46 55 43 52 34 8 34 58 
17 26 9 32 4 18 83 25 16 28 19 37 63 37 13 
14 23 6 29 1 15 80 22 13 25 16 34 60 34 10 
19 28 11 34 6 20 85 27 18 30 21 39 65 39 15 
76 67 84 61 89 75 10 68 77 65 74 56 30 56 80 
13 4 21 2 26 12 53 5 14 2 11 7 33 7 17 
31 22 39 16 44 30 35 23 32 20 29 11 15 11 35 
27 18 35 12 40 26 39 19 28 16 25 7 19 7 31 

40 50 19 19 21 33 8 63 21 26 16 5 62 36 3 
9 19 50 12 52 2 23 32 10 57 47 26 31 67 28 
47 57 12 26 14 40 15 70 28 19 9 12 69 29 10 
62 72 3 41 1 55 30 85 43 4 6 27 84 14 25 
76 86 17 55 15 69 44 99 57 10 20 41 98 0 39 
0 10 59 21 61 7 32 23 19 66 56 35 22 76 37 
48 58 11 27 13 41 16 71 29 18 8 13 70 28 11 
1 9 60 22 62 8 33 22 20 67 57 36 21 77 38 
70 80 11 49 9 63 38 93 51 4 14 35 92 6 33 
67 77 8 46 6 60 35 90 48 1 11 32 89 9 30 
72 82 13 51 11 65 40 95 53 6 16 37 94 4 35 
23 13 82 44 84 30 55 0 42 89 79 58 1 99 60 
40 50 19 19 21 33 8 63 21 26 16 5 62 36 3 
22 32 37 1 39 15 10 45 3 44 34 13 44 54 15 
26 36 33 5 35 19 6 49 7 40 30 9 48 50 11 

18 2 29 8 16 48 24 45 3 3 38 22 9 12 14 
49 29 60 23 15 17 55 14 34 28 7 9 40 19 17 
11 9 22 15 23 55 17 52 4 10 45 29 2 19 21 
4 24 7 30 38 70 2 67 19 25 60 44 13 34 36 
18 38 7 44 52 84 12 81 33 39 74 58 27 48 50 
58 38 69 32 24 8 64 5 43 37 2 18 49 28 26 
10 10 21 16 24 56 16 53 5 11 46 30 1 20 22 
59 39 70 33 25 7 65 4 44 38 3 19 50 29 27 
12 32 1 38 46 78 6 75 27 33 68 52 21 42 44 
9 29 2 35 43 75 3 72 24 30 65 49 18 39 41 
14 34 3 40 48 80 8 77 29 35 70 54 23 44 46 
81 61 92 55 47 15 87 18 66 60 25 41 72 51 49 
18 2 29 8 16 48 24 45 3 3 38 22 9 12 14 
36 16 47 10 2 30 42 27 21 15 20 4 27 6 4 
32 12 43 6 2 34 38 31 17 11 24 8 23 2 0 

11 58 38 33 43 31 50 52 46 19 57 18 36 6 23 
20 27 7 2 12 62 19 21 15 12 26 13 67 25 8 
18 65 45 40 50 24 57 59 53 26 64 25 29 13 30 
33 80 60 55 65 9 72 74 68 41 79 40 14 28 45 
47 94 74 69 79 5 86 88 82 55 93 54 0 42 59 
29 18 2 7 3 71 10 12 6 21 17 22 76 34 17 
19 66 46 41 51 23 58 60 54 27 65 26 28 14 31 
30 17 3 8 2 72 9 11 5 22 16 23 77 35 18 
41 88 68 63 73 1 80 82 76 49 87 48 6 36 53 
38 85 65 60 70 4 77 79 73 46 84 45 9 33 50 
43 90 70 65 75 1 82 84 78 51 89 50 4 38 55 
52 5 25 30 20 94 13 11 17 44 6 45 99 57 40 
11 58 38 33 43 31 50 52 46 19 57 18 36 6 23 
7 40 20 15 25 49 32 34 28 1 39 0 54 12 5 
3 44 24 19 29 45 36 38 32 5 43 4 50 8 9 

29 43 9 13 60 18 7 31 10 19 3 13 19 7 62 
2 12 22 44 29 49 24 0 41 12 28 44 12 24 31 
36 50 16 6 67 11 14 38 3 26 10 6 26 14 69 
51 65 31 9 82 4 29 53 12 41 25 9 41 29 84 
65 79 45 23 96 18 43 67 26 55 39 23 55 43 98 
11 3 31 53 20 58 33 9 50 21 37 53 21 33 22 
37 51 17 5 68 10 15 39 2 27 11 5 27 15 70 
12 2 32 54 19 59 34 10 51 22 38 54 22 34 21 
59 73 39 17 90 12 37 61 20 49 33 17 49 37 92 
56 70 36 14 87 9 34 58 17 46 30 14 46 34 89 
61 75 41 19 92 14 39 63 22 51 35 19 51 39 94 
34 20 54 76 3 81 56 32 73 44 60 76 44 56 1 
29 43 9 13 60 18 7 31 10 19 3 13 19 7 62 
11 25 9 31 42 36 11 13 28 1 15 31 1 11 44 
15 29 5 27 46 32 7 17 24 5 11 27 5 7 48 

20 33 5 29 32 8 50 1 3 22 35 31 7 37 36 
51 64 26 60 63 23 19 30 34 53 66 62 24 6 67 
13 26 12 22 25 15 57 8 4 15 28 24 14 44 29 
2 11 27 7 10 30 72 23 19 0 13 9 29 59 14 
16 3 41 7 4 44 86 37 33 14 1 5 43 73 0 
60 73 35 69 72 32 10 39 43 62 75 71 33 3 76 
12 25 13 21 24 16 58 9 5 14 27 23 15 45 28 
61 74 36 70 73 33 9 40 44 63 76 72 34 4 77 
10 3 35 1 2 38 80 31 27 8 5 1 37 67 6 
7 6 32 2 5 35 77 28 24 5 8 4 34 64 9 
12 1 37 3 0 40 82 33 29 10 3 1 39 69 4 
83 96 58 92 95 55 13 62 66 85 98 94 56 26 99 
20 33 5 29 32 8 50 1 3 22 35 31 7 37 36 
38 51 13 47 50 10 32 17 21 40 53 49 11 19 54 
34 47 9 43 46 6 36 13 17 36 49 45 7 23 50 

22 31 14 37 9 23 88 30 21 33 24 42 68 42 18 
9 0 17 6 22 8 57 1 10 2 7 11 37 11 13 
15 24 7 30 2 16 81 23 14 26 17 35 61 35 11 
19 28 11 34 6 20 85 27 18 30 21 39 65 39 15 
14 5 22 1 27 13 52 6 15 3 12 6 32 6 18 
54 45 62 39 67 53 12 46 55 43 52 34 8 34 58 
15 24 7 30 2 16 81 23 14 26 17 35 61 35 11 
62 53 70 47 75 61 4 54 63 51 60 42 16 42 66 
9 18 1 24 4 10 75 17 8 20 11 29 55 29 5 
62 53 70 47 75 61 4 54 63 51 60 42 16 42 66 
23 32 15 38 10 24 89 31 22 34 25 43 69 43 19 
40 31 48 25 53 39 26 32 41 29 38 20 6 20 44 
48 39 56 33 61 47 18 40 49 37 46 28 2 28 52 
21 30 13 36 8 22 87 29 20 32 23 41 67 41 17 
10 19 2 25 3 11 76 18 9 21 12 30 56 30 6 

75 85 16 54 14 68 43 98 56 9 19 40 97 1 38 
44 54 15 23 17 37 12 67 25 22 12 9 66 32 7 
68 78 9 47 7 61 36 91 49 2 12 33 90 8 31 
72 82 13 51 11 65 40 95 53 6 16 37 94 4 35 
39 49 20 18 22 32 7 62 20 27 17 4 61 37 2 
1 9 60 22 62 8 33 22 20 67 57 36 21 77 38 
68 78 9 47 7 61 36 91 49 2 12 33 90 8 31 
9 1 68 30 70 16 41 14 28 75 65 44 13 85 46 
62 72 3 41 1 55 30 85 43 4 6 27 84 14 25 
9 1 68 30 70 16 41 14 28 75 65 44 13 85 46 
76 86 17 55 15 69 44 99 57 10 20 41 98 0 39 
13 23 46 8 48 6 19 36 6 53 43 22 35 63 24 
5 15 54 16 56 2 27 28 14 61 51 30 27 71 32 
74 84 15 53 13 67 42 97 55 8 18 39 96 2 37 
63 73 4 42 2 56 31 86 44 3 7 28 85 13 26 

17 37 6 43 51 83 11 80 32 38 73 57 26 47 49 
14 6 25 12 20 52 20 49 1 7 42 26 5 16 18 
10 30 1 36 44 76 4 73 25 31 66 50 19 40 42 
14 34 3 40 48 80 8 77 29 35 70 54 23 44 46 
19 1 30 7 15 47 25 44 4 2 37 21 10 11 13 
59 39 70 33 25 7 65 4 44 38 3 19 50 29 27 
10 30 1 36 44 76 4 73 25 31 66 50 19 40 42 
67 47 78 41 33 1 73 4 52 46 11 27 58 37 35 
4 24 7 30 38 70 2 67 19 25 60 44 13 34 36 
67 47 78 41 33 1 73 4 52 46 11 27 58 37 35 
18 38 7 44 52 84 12 81 33 39 74 58 27 48 50 
45 25 56 19 11 21 51 18 30 24 11 5 36 15 13 
53 33 64 27 19 13 59 10 38 32 3 13 44 23 21 
16 36 5 42 50 82 10 79 31 37 72 56 25 46 48 
5 25 6 31 39 71 1 68 20 26 61 45 14 35 37 

46 93 73 68 78 4 85 87 81 54 92 53 1 41 58 
15 62 42 37 47 27 54 56 50 23 61 22 32 10 27 
39 86 66 61 71 3 78 80 74 47 85 46 8 34 51 
43 90 70 65 75 1 82 84 78 51 89 50 4 38 55 
10 57 37 32 42 32 49 51 45 18 56 17 37 5 22 
30 17 3 8 2 72 9 11 5 22 16 23 77 35 18 
39 86 66 61 71 3 78 80 74 47 85 46 8 34 51 
38 9 11 16 6 80 1 3 3 30 8 31 85 43 26 
33 80 60 55 65 9 72 74 68 41 79 40 14 28 45 
38 9 11 16 6 80 1 3 3 30 8 31 85 43 26 
47 94 74 69 79 5 86 88 82 55 93 54 0 42 59 
16 31 11 6 16 58 23 25 19 8 30 9 63 21 4 
24 23 3 2 8 66 15 17 11 16 22 17 71 29 12 
45 92 72 67 77 3 84 86 80 53 91 52 2 40 57 
34 81 61 56 66 8 73 75 69 42 80 41 13 29 46 

64 78 44 22 95 17 42 66 25 54 38 22 54 42 97 
33 47 13 9 64 14 11 35 6 23 7 9 23 11 66 
57 71 37 15 88 10 35 59 18 47 31 15 47 35 90 
61 75 41 19 92 14 39 63 22 51 35 19 51 39 94 
28 42 8 14 59 19 6 30 11 18 2 14 18 6 61 
12 2 32 54 19 59 34 10 51 22 38 54 22 34 21 
57 71 37 15 88 10 35 59 18 47 31 15 47 35 90 
20 6 40 62 11 67 42 18 59 30 46 62 30 42 13 
51 65 31 9 82 4 29 53 12 41 25 9 41 29 84 
20 6 40 62 11 67 42 18 59 30 46 62 30 42 13 
65 79 45 23 96 18 43 67 26 55 39 23 55 43 98 
2 16 18 40 33 45 20 4 37 8 24 40 8 20 35 
6 8 26 48 25 53 28 4 45 16 32 48 16 28 27 
63 77 43 21 94 16 41 65 24 53 37 21 53 41 96 
52 66 32 10 83 5 30 54 13 42 26 10 42 30 85 

15 2 40 6 3 43 85 36 32 13 0 4 42 72 1 
16 29 9 25 28 12 54 5 1 18 31 27 11 41 32 
8 5 33 1 4 36 78 29 25 6 7 3 35 65 8 
12 1 37 3 0 40 82 33 29 10 3 1 39 69 4 
21 34 4 30 33 7 49 0 4 23 36 32 6 36 37 
61 74 36 70 73 33 9 40 44 63 76 72 34 4 77 
8 5 33 1 4 36 78 29 25 6 7 3 35 65 8 
69 82 44 78 81 41 1 48 52 71 84 80 42 12 85 
2 11 27 7 10 30 72 23 19 0 13 9 29 59 14 
69 82 44 78 81 41 1 48 52 71 84 80 42 12 85 
16 3 41 7 4 44 86 37 33 14 1 5 43 73 0 
47 60 22 56 59 19 23 26 30 49 62 58 20 10 63 
55 68 30 64 67 27 15 34 38 57 70 66 28 2 71 
14 1 39 5 2 42 84 35 31 12 1 3 41 71 2 
3 10 28 6 9 31 73 24 20 1 12 8 30 60 13 

53 63 6 32 8 46 21 76 34 13 3 18 75 23 16 
44 54 15 23 17 37 12 67 25 22 12 9 66 32 7 
61 71 2 40 0 54 29 84 42 5 5 26 83 15 24 
38 48 21 17 23 31 6 61 19 28 18 3 60 38 1 
66 76 7 45 5 59 34 89 47 0 10 31 88 10 29 
52 62 7 31 9 45 20 75 33 14 4 17 74 24 15 
13 3 72 34 74 20 45 10 32 79 69 48 9 89 50 
45 55 14 24 16 38 13 68 26 21 11 10 67 31 8 
54 64 5 33 7 47 22 77 35 12 2 19 76 22 17 
42 52 17 21 19 35 10 65 23 24 14 7 64 34 5 
51 61 8 30 10 44 19 74 32 15 5 16 73 25 14 
33 43 26 12 28 26 1 56 14 33 23 2 55 43 4 
7 17 52 14 54 0 25 30 12 59 49 28 29 69 30 
33 43 26 12 28 26 1 56 14 33 23 2 55 43 4 
57 67 2 36 4 50 25 80 38 9 1 22 79 19 20 

5 15 16 21 29 61 11 58 10 16 51 35 4 25 27 
14 6 25 12 20 52 20 49 1 7 42 26 5 16 18 
3 23 8 29 37 69 3 66 18 24 59 43 12 33 35 
20 0 31 6 14 46 26 43 5 1 36 20 11 10 12 
8 28 3 34 42 74 2 71 23 29 64 48 17 38 40 
6 14 17 20 28 60 12 57 9 15 50 34 3 24 26 
71 51 82 45 37 5 77 8 56 50 15 31 62 41 39 
13 7 24 13 21 53 19 50 2 8 43 27 4 17 19 
4 16 15 22 30 62 10 59 11 17 52 36 5 26 28 
16 4 27 10 18 50 22 47 1 5 40 24 7 14 16 
7 13 18 19 27 59 13 56 8 14 49 33 2 23 25 
25 5 36 1 9 41 31 38 10 4 31 15 16 5 7 
51 31 62 25 17 15 57 12 36 30 5 11 42 21 19 
25 5 36 1 9 41 31 38 10 4 31 15 16 5 7 
1 19 12 25 33 65 7 62 14 20 55 39 8 29 31 

24 71 51 46 56 18 63 65 59 32 70 31 23 19 36 
15 62 42 37 47 27 54 56 50 23 61 22 32 10 27 
32 79 59 54 64 10 71 73 67 40 78 39 15 27 44 
9 56 36 31 41 33 48 50 44 17 55 16 38 4 21 
37 84 64 59 69 5 76 78 72 45 83 44 10 32 49 
23 70 50 45 55 19 62 64 58 31 69 30 24 18 35 
42 5 15 20 10 84 3 1 7 34 4 35 89 47 30 
16 63 43 38 48 26 55 57 51 24 62 23 31 11 28 
25 72 52 47 57 17 64 66 60 33 71 32 22 20 37 
13 60 40 35 45 29 52 54 48 21 59 20 34 8 25 
22 69 49 44 54 20 61 63 57 30 68 29 25 17 34 
4 51 31 26 36 38 43 45 39 12 50 11 43 1 16 
22 25 5 0 10 64 17 19 13 14 24 15 69 27 10 
4 51 31 26 36 38 43 45 39 12 50 11 43 1 16 
28 75 55 50 60 14 67 69 63 36 74 35 19 23 40 

42 56 22 0 73 5 20 44 3 32 16 0 32 20 75 
33 47 13 9 64 14 11 35 6 23 7 9 23 11 66 
50 64 30 8 81 3 28 52 11 40 24 8 40 28 83 
27 41 7 15 58 20 5 29 12 17 1 15 17 5 60 
55 69 35 13 86 8 33 57 16 45 29 13 45 33 88 
41 55 21 1 72 6 19 43 2 31 15 1 31 19 74 
24 10 44 66 7 71 46 22 63 34 50 66 34 46 9 
34 48 14 8 65 13 12 36 5 24 8 8 24 12 67 
43 57 23 1 74 4 21 45 4 33 17 1 33 21 76 
31 45 11 11 62 16 9 33 8 21 5 11 21 9 64 
40 54 20 2 71 7 18 42 1 30 14 2 30 18 73 
22 36 2 20 53 25 0 24 17 12 4 20 12 0 55 
4 10 24 46 27 51 26 2 43 14 30 46 14 26 29 
22 36 2 20 53 25 0 24 17 12 4 20 12 0 55 
46 60 26 4 77 1 24 48 7 36 20 4 36 24 79 

7 20 18 16 19 21 63 14 10 9 22 18 20 50 23 
16 29 9 25 28 12 54 5 1 18 31 27 11 41 32 
1 12 26 8 11 29 71 22 18 1 14 10 28 58 15 
22 35 3 31 34 6 48 1 5 24 37 33 5 35 38 
6 7 31 3 6 34 76 27 23 4 9 5 33 63 10 
8 21 17 17 20 20 62 13 9 10 23 19 19 49 24 
73 86 48 82 85 45 3 52 56 75 88 84 46 16 89 
15 28 10 24 27 13 55 6 2 17 30 26 12 42 31 
6 19 19 15 18 22 64 15 11 8 21 17 21 51 22 
18 31 7 27 30 10 52 3 1 20 33 29 9 39 34 
9 22 16 18 21 19 61 12 8 11 24 20 18 48 25 
27 40 2 36 39 1 43 6 10 29 42 38 0 30 43 
53 66 28 62 65 25 17 32 36 55 68 64 26 4 69 
27 40 2 36 39 1 43 6 10 29 42 38 0 30 43 
3 16 22 12 15 25 67 18 14 5 18 14 24 54 19 

58 38 69 32 24 8 64 5 43 37 2 18 49 28 26 
68 48 79 42 34 2 74 5 53 47 12 28 59 38 36 
1 21 10 27 35 67 5 64 16 22 57 41 10 31 33 
37 17 48 11 3 29 43 26 22 16 19 3 28 7 5 
3 23 8 29 37 69 3 66 18 24 59 43 12 33 35 
51 31 62 25 17 15 57 12 36 30 5 11 42 21 19 
26 6 37 0 8 40 32 37 11 5 30 14 17 4 6 
81 61 92 55 47 15 87 18 66 60 25 41 72 51 49 
39 19 50 13 5 27 45 24 24 18 17 1 30 9 7 
8 28 3 34 42 74 2 71 23 29 64 48 17 38 40 
2 18 13 24 32 64 8 61 13 19 54 38 7 28 30 
23 3 34 3 11 43 29 40 8 2 33 17 14 7 9 
80 60 91 54 46 14 86 17 65 59 24 40 71 50 48 
18 38 7 44 52 84 12 81 33 39 74 58 27 48 50 
21 1 32 5 13 45 27 42 6 0 35 19 12 9 11 

29 18 2 7 3 71 10 12 6 21 17 22 76 34 17 
39 8 12 17 7 81 0 2 4 31 7 32 86 44 27 
30 77 57 52 62 12 69 71 65 38 76 37 17 25 42 
8 39 19 14 24 50 31 33 27 0 38 1 55 13 4 
32 79 59 54 64 10 71 73 67 40 78 39 15 27 44 
22 25 5 0 10 64 17 19 13 14 24 15 69 27 10 
3 50 30 25 35 39 42 44 38 11 49 10 44 2 15 
52 5 25 30 20 94 13 11 17 44 6 45 99 57 40 
10 37 17 12 22 52 29 31 25 2 36 3 57 15 2 
37 84 64 59 69 5 76 78 72 45 83 44 10 32 49 
27 74 54 49 59 15 66 68 62 35 73 34 20 22 39 
6 53 33 28 38 36 45 47 41 14 52 13 41 1 18 
51 4 24 29 19 93 12 10 16 43 5 44 98 56 39 
47 94 74 69 79 5 86 88 82 55 93 54 0 42 59 
8 55 35 30 40 34 47 49 43 16 54 15 39 3 20 

11 3 31 53 20 58 33 9 50 21 37 53 21 33 22 
21 7 41 63 10 68 43 19 60 31 47 63 31 43 12 
48 62 28 6 79 1 26 50 9 38 22 6 38 26 81 
10 24 10 32 41 37 12 12 29 0 16 32 0 12 43 
50 64 30 8 81 3 28 52 11 40 24 8 40 28 83 
4 10 24 46 27 51 26 2 43 14 30 46 14 26 29 
21 35 1 21 52 26 1 23 18 11 5 21 11 1 54 
34 20 54 76 3 81 56 32 73 44 60 76 44 56 1 
8 22 12 34 39 39 14 10 31 2 18 34 2 14 41 
55 69 35 13 86 8 33 57 16 45 29 13 45 33 88 
45 59 25 3 76 2 23 47 6 35 19 3 35 23 78 
24 38 4 18 55 23 2 26 15 14 2 18 14 2 57 
33 19 53 75 2 80 55 31 72 43 59 75 43 55 0 
65 79 45 23 96 18 43 67 26 55 39 23 55 43 98 
26 40 6 16 57 21 4 28 13 16 0 16 16 4 59 

60 73 35 69 72 32 10 39 43 62 75 71 33 3 76 
70 83 45 79 82 42 0 49 53 72 85 81 43 13 86 
1 14 24 10 13 27 69 20 16 3 16 12 26 56 17 
39 52 14 48 51 11 31 18 22 41 54 50 12 18 55 
1 12 26 8 11 29 71 22 18 1 14 10 28 58 15 
53 66 28 62 65 25 17 32 36 55 68 64 26 4 69 
28 41 3 37 40 0 42 7 11 30 43 39 1 29 44 
83 96 58 92 95 55 13 62 66 85 98 94 56 26 99 
41 54 16 50 53 13 29 20 24 43 56 52 14 16 57 
6 7 31 3 6 34 76 27 23 4 9 5 33 63 10 
4 17 21 13 16 24 66 17 13 6 19 15 23 53 20 
25 38 0 34 37 3 45 4 8 27 40 36 2 32 41 
82 95 57 91 94 54 12 61 65 84 97 93 55 25 98 
16 3 41 7 4 44 86 37 33 14 1 5 43 73 0 
23 36 2 32 35 5 47 2 6 25 38 34 4 34 39 

29 76 56 51 61 13 68 70 64 37 75 36 18 24 41 
9 56 36 31 41 33 48 50 44 17 55 16 38 4 21 
40 87 67 62 72 2 79 81 75 48 86 47 7 35 52 
3 50 30 25 35 39 42 44 38 11 49 10 44 2 15 
5 42 22 17 27 47 34 36 30 3 41 2 52 10 7 
37 10 10 15 5 79 2 4 2 29 9 30 84 42 25 
35 82 62 57 67 7 74 76 70 43 81 42 12 30 47 
34 13 7 12 2 76 5 7 1 26 12 27 81 39 22 
14 61 41 36 46 28 53 55 49 22 60 21 33 9 26 
8 55 35 30 40 34 47 49 43 16 54 15 39 3 20 
27 20 0 5 5 69 12 14 8 19 19 20 74 32 15 
11 36 16 11 21 53 28 30 24 3 35 4 58 16 1 
20 67 47 42 52 22 59 61 55 28 66 27 27 15 32 
1 46 26 21 31 43 38 40 34 7 45 6 48 6 11 
3 44 24 19 29 45 36 38 32 5 43 4 50 8 9 

47 61 27 5 78 0 25 49 8 37 21 5 37 25 80 
27 41 7 15 58 20 5 29 12 17 1 15 17 5 60 
58 72 38 16 89 11 36 60 19 48 32 16 48 36 91 
21 35 1 21 52 26 1 23 18 11 5 21 11 1 54 
13 27 7 29 44 34 9 15 26 3 13 29 3 9 46 
19 5 39 61 12 66 41 17 58 29 45 61 29 41 14 
53 67 33 11 84 6 31 55 14 43 27 11 43 31 86 
16 2 36 58 15 63 38 14 55 26 42 58 26 38 17 
32 46 12 10 63 15 10 34 7 22 6 10 22 10 65 
26 40 6 16 57 21 4 28 13 16 0 16 16 4 59 
9 5 29 51 22 56 31 7 48 19 35 51 19 31 24 
7 21 13 35 38 40 15 9 32 3 19 35 3 15 40 
38 52 18 4 69 9 16 40 1 28 12 4 28 16 71 
17 31 3 25 48 30 5 19 22 7 9 25 7 5 50 
15 29 5 27 46 32 7 17 24 5 11 27 5 7 48 

2 15 23 11 14 26 68 19 15 4 17 13 25 55 18 
22 35 3 31 34 6 48 1 5 24 37 33 5 35 38 
9 4 34 0 3 37 79 30 26 7 6 2 36 66 7 
28 41 3 37 40 0 42 7 11 30 43 39 1 29 44 
36 49 11 45 48 8 34 15 19 38 51 47 9 21 52 
68 81 43 77 80 40 2 47 51 70 83 79 41 11 84 
4 9 29 5 8 32 74 25 21 2 11 7 31 61 12 
65 78 40 74 77 37 5 44 48 67 80 76 38 8 81 
17 30 8 26 29 11 53 4 0 19 32 28 10 40 33 
23 36 2 32 35 5 47 2 6 25 38 34 4 34 39 
58 71 33 67 70 30 12 37 41 60 73 69 31 1 74 
42 55 17 51 54 14 28 21 25 44 57 53 15 15 58 
11 24 14 20 23 17 59 10 6 13 26 22 16 46 27 
32 45 7 41 44 4 38 11 15 34 47 43 5 25 48 
34 47 9 43 46 6 36 13 17 36 49 45 7 23 50 

18 32 2 24 49 29 4 20 21 8 8 24 8 4 51 
29 15 49 71 2 76 51 27 68 39 55 71 39 51 4 
9 5 29 51 22 56 31 7 48 19 35 51 19 31 24 
4 10 24 46 27 51 26 2 43 14 30 46 14 26 29 
14 0 34 56 17 61 36 12 53 24 40 56 24 36 19 
60 74 40 18 91 13 38 62 21 50 34 18 50 38 93 
21 7 41 63 10 68 43 19 60 31 47 63 31 43 12 
23 9 43 65 8 70 45 21 62 33 49 65 33 45 10 
17 3 37 59 14 64 39 15 56 27 43 59 27 39 16 
10 24 10 32 41 37 12 12 29 0 16 32 0 12 43 
28 14 48 70 3 75 50 26 67 38 54 70 38 50 5 
11 25 9 31 42 36 11 13 28 1 15 31 1 11 44 
65 79 45 23 96 18 43 67 26 55 39 23 55 43 98 
23 37 3 19 54 24 1 25 16 13 3 19 13 1 56 
6 20 14 36 37 41 16 8 33 4 20 36 4 16 39 

31 44 6 40 43 3 39 10 14 33 46 42 4 26 47 
78 91 53 87 90 50 8 57 61 80 93 89 51 21 94 
58 71 33 67 70 30 12 37 41 60 73 69 31 1 74 
53 66 28 62 65 25 17 32 36 55 68 64 26 4 69 
63 76 38 72 75 35 7 42 46 65 78 74 36 6 79 
11 2 36 2 1 39 81 32 28 9 4 0 38 68 5 
70 83 45 79 82 42 0 49 53 72 85 81 43 13 86 
72 85 47 81 84 44 2 51 55 74 87 83 45 15 88 
66 79 41 75 78 38 4 45 49 68 81 77 39 9 82 
39 52 14 48 51 11 31 18 22 41 54 50 12 18 55 
77 90 52 86 89 49 7 56 60 79 92 88 50 20 93 
38 51 13 47 50 10 32 17 21 40 53 49 11 19 54 
16 3 41 7 4 44 86 37 33 14 1 5 43 73 0 
26 39 1 35 38 2 44 5 9 28 41 37 1 31 42 
43 56 18 52 55 15 27 22 26 45 58 54 16 14 59 

49 62 24 58 61 21 21 28 32 51 64 60 22 8 65 
63 76 38 72 75 35 7 42 46 65 78 74 36 6 79 
29 42 4 38 41 1 41 8 12 31 44 40 2 28 45 
7 20 18 16 19 21 63 14 10 9 22 18 20 50 23 
80 93 55 89 92 52 10 59 63 82 95 91 53 23 96 
2 15 23 11 14 26 68 19 15 4 17 13 25 55 18 
27 40 2 36 39 1 43 6 10 29 42 38 0 30 43 
51 64 26 60 63 23 19 30 34 53 66 62 24 6 67 
10 23 15 19 22 18 60 11 7 12 25 21 17 47 26 
39 52 14 48 51 11 31 18 22 41 54 50 12 18 55 
23 36 2 32 35 5 47 2 6 25 38 34 4 34 39 
7 20 18 16 19 21 63 14 10 9 22 18 20 50 23 
39 52 14 48 51 11 31 18 22 41 54 50 12 18 55 
27 40 2 36 39 1 43 6 10 29 42 38 0 30 43 
82 95 57 91 94 54 12 61 65 84 97 93 55 25 98 

