5 13 

13 32 31 32 3 
46 65 2 65 36 
20 39 24 39 10 
12 31 32 31 2 
59 78 15 78 49 

39 39 10 27 1 
6 6 23 60 32 
32 32 3 34 6 
40 40 11 26 2 
7 7 36 73 45 

6 13 42 36 27 
39 46 75 69 60 
13 20 49 43 34 
5 12 41 35 26 
52 59 88 82 73 

19 35 25 50 28 
52 2 8 17 5 
26 28 18 43 21 
18 36 26 51 29 
65 11 21 4 18 

34 18 19 3 14 
67 51 52 30 19 
41 25 26 4 7 
33 17 18 4 15 
80 64 65 43 32 

40 42 29 1 19 
73 9 4 32 52 
47 35 22 6 26 
39 43 30 2 18 
86 4 17 45 65 

22 21 45 29 41 
11 54 78 4 74 
15 28 52 22 48 
23 20 44 30 40 
24 67 91 17 87 

22 31 36 14 24 
11 2 3 47 9 
15 24 29 21 17 
23 32 37 13 25 
24 15 10 60 22 

16 1 45 19 31 
17 32 12 14 2 
9 6 38 12 24 
17 2 46 20 32 
30 45 1 27 15 

16 42 26 41 43 
17 75 59 74 10 
9 49 33 48 36 
17 41 25 40 44 
30 88 72 87 3 

29 29 12 36 15 
4 4 45 3 18 
22 22 19 29 8 
30 30 11 37 16 
17 17 58 10 31 

15 3 13 18 30 
18 36 46 15 3 
8 10 20 11 23 
16 2 12 19 31 
31 49 59 28 16 

52 52 23 14 14 
71 71 42 5 33 
8 8 21 58 30 
71 71 42 5 33 
42 42 13 24 4 

7 0 29 23 14 
26 19 10 4 5 
37 44 73 67 58 
26 19 10 4 5 
3 10 39 33 24 

6 48 38 63 41 
13 67 57 82 60 
50 4 6 19 3 
13 67 57 82 60 
16 38 28 53 31 

21 5 6 16 27 
2 14 13 35 46 
65 49 50 28 17 
2 14 13 35 46 
31 15 16 6 17 

27 55 42 14 6 
8 74 61 33 13 
71 11 2 30 50 
8 74 61 33 13 
37 45 32 4 16 

35 8 32 42 28 
54 11 13 61 9 
9 52 76 2 72 
54 11 13 61 9 
25 18 42 32 38 

35 44 49 1 37 
54 63 68 18 56 
9 0 5 45 7 
54 63 68 18 56 
25 34 39 11 27 

29 14 58 32 44 
48 33 77 51 63 
15 30 14 12 0 
48 33 77 51 63 
19 4 48 22 34 

29 29 13 28 56 
48 10 6 9 75 
15 73 57 72 12 
48 10 6 9 75 
19 39 23 38 46 

42 42 1 49 28 
61 61 20 68 47 
2 2 43 5 16 
61 61 20 68 47 
32 32 9 39 18 

28 10 0 31 43 
47 29 19 50 62 
16 34 44 13 1 
47 29 19 50 62 
18 0 10 21 33 

45 52 81 75 66 
45 52 81 75 66 
16 23 52 46 37 
21 14 15 9 0 
7 14 43 37 28 

58 4 14 11 11 
58 4 14 11 11 
29 25 15 40 18 
8 62 52 77 55 
20 34 24 49 27 

73 57 58 36 25 
73 57 58 36 25 
44 28 29 7 4 
7 9 8 30 41 
35 19 20 2 13 

79 3 10 38 58 
79 3 10 38 58 
50 32 19 9 29 
13 69 56 28 8 
41 41 28 0 20 

17 60 84 10 80 
17 60 84 10 80 
12 31 55 19 51 
49 6 18 56 14 
21 22 46 28 42 

17 8 3 53 15 
17 8 3 53 15 
12 21 26 24 14 
49 58 63 13 51 
21 30 35 15 23 

23 38 6 20 8 
23 38 6 20 8 
6 9 35 9 21 
43 28 72 46 58 
15 0 44 18 30 

23 81 65 80 4 
23 81 65 80 4 
6 52 36 51 33 
43 15 1 14 70 
15 43 27 42 42 

10 10 51 3 24 
10 10 51 3 24 
19 19 22 26 5 
56 56 15 63 42 
28 28 13 35 14 

24 42 52 21 9 
24 42 52 21 9 
5 13 23 8 20 
42 24 14 45 57 
14 4 14 17 29 

13 41 31 56 34 
6 48 38 63 41 
23 77 67 92 70 
17 71 61 86 64 
8 62 52 77 55 

28 12 13 9 20 
21 5 6 16 27 
8 24 23 45 56 
2 18 17 39 50 
7 9 8 30 41 

34 48 35 7 13 
27 55 42 14 6 
2 84 71 43 23 
4 78 65 37 17 
13 69 56 28 8 

28 15 39 35 35 
35 8 32 42 28 
64 21 3 71 1 
58 15 9 65 5 
49 6 18 56 14 

28 37 42 8 30 
35 44 49 1 37 
64 73 78 28 66 
58 67 72 22 60 
49 58 63 13 51 

22 7 51 25 37 
29 14 58 32 44 
58 43 87 61 73 
52 37 81 55 67 
43 28 72 46 58 

22 36 20 35 49 
29 29 13 28 56 
58 0 16 1 85 
52 6 10 5 79 
43 15 1 14 70 

35 35 6 42 21 
42 42 1 49 28 
71 71 30 78 57 
65 65 24 72 51 
56 56 15 63 42 

21 3 7 24 36 
28 10 0 31 43 
57 39 29 60 72 
51 33 23 54 66 
42 24 14 45 57 

15 1 0 22 33 
69 53 54 32 21 
59 43 44 22 11 
84 68 69 47 36 
62 46 47 25 14 

21 61 48 20 0 
75 7 6 34 54 
65 17 4 24 44 
90 8 21 49 69 
68 14 1 27 47 

41 2 26 48 22 
13 56 80 6 76 
3 46 70 4 66 
28 71 95 21 91 
6 49 73 1 69 

41 50 55 5 43 
13 4 1 49 11 
3 6 11 39 1 
28 19 14 64 26 
6 3 8 42 4 

35 20 64 38 50 
19 34 10 16 4 
9 24 20 6 6 
34 49 5 31 19 
12 27 17 9 3 

35 23 7 22 62 
19 77 61 76 8 
9 67 51 66 18 
34 92 76 91 7 
12 70 54 69 15 

48 48 7 55 34 
6 6 47 1 20 
4 4 37 11 10 
21 21 62 14 35 
1 1 40 8 13 

34 16 6 37 49 
20 38 48 17 5 
10 28 38 7 5 
35 53 63 32 20 
13 31 41 10 2 

6 76 63 35 15 
22 60 47 19 1 
21 61 48 20 0 
43 39 26 2 22 
54 28 15 13 33 

56 13 11 63 7 
40 3 27 47 23 
41 2 26 48 22 
19 24 48 26 44 
8 35 59 15 55 

56 65 70 20 58 
40 49 54 4 42 
41 50 55 5 43 
19 28 33 17 21 
8 17 22 28 10 

50 35 79 53 65 
34 19 63 37 49 
35 20 64 38 50 
13 2 42 16 28 
2 13 31 5 17 

50 8 8 7 77 
34 24 8 23 61 
35 23 7 22 62 
13 45 29 44 40 
2 56 40 55 29 

63 63 22 70 49 
47 47 6 54 33 
48 48 7 55 34 
26 26 15 33 12 
15 15 26 22 1 

49 31 21 52 64 
33 15 5 36 48 
34 16 6 37 49 
12 6 16 15 27 
1 17 27 4 16 

62 19 5 69 1 
20 63 87 13 83 
7 50 74 0 70 
21 22 46 28 42 
41 2 26 48 22 

62 71 76 26 64 
20 11 6 56 18 
7 2 7 43 5 
21 30 35 15 23 
41 50 55 5 43 

56 41 85 59 71 
26 41 3 23 11 
13 28 16 10 2 
15 0 44 18 30 
35 20 64 38 50 

56 2 14 1 83 
26 84 68 83 1 
13 71 55 70 14 
15 43 27 42 42 
35 23 7 22 62 

69 69 28 76 55 
13 13 54 6 27 
0 0 41 7 14 
28 28 13 35 14 
48 48 7 55 34 

55 37 27 58 70 
27 45 55 24 12 
14 32 42 11 1 
14 4 14 17 29 
34 16 6 37 49 

0 9 14 36 2 
43 52 57 7 45 
67 76 81 31 69 
7 2 7 43 5 
63 72 77 27 65 

6 21 23 3 9 
37 22 66 40 52 
61 46 90 64 76 
13 28 16 10 2 
57 42 86 60 72 

6 64 48 63 21 
37 21 5 20 64 
61 3 19 4 88 
13 71 55 70 14 
57 1 15 0 84 

7 7 34 14 7 
50 50 9 57 36 
74 74 33 81 60 
0 0 41 7 14 
70 70 29 77 56 

7 25 35 4 8 
36 18 8 39 51 
60 42 32 63 75 
14 32 42 11 1 
56 38 28 59 71 

6 21 23 3 9 
15 30 14 12 0 
20 35 9 17 5 
30 15 59 33 45 
8 23 21 5 7 

6 64 48 63 21 
15 73 57 72 12 
20 78 62 77 7 
30 28 12 27 57 
8 66 50 65 19 

7 7 34 14 7 
2 2 43 5 16 
7 7 48 0 21 
43 43 2 50 29 
5 5 36 12 9 

7 25 35 4 8 
16 34 44 13 1 
21 39 49 18 6 
29 11 1 32 44 
9 27 37 6 6 

0 58 42 57 27 
15 43 27 42 42 
29 87 71 86 2 
3 61 45 60 24 
15 73 57 72 12 

13 13 28 20 1 
28 28 13 35 14 
16 16 57 9 30 
10 10 31 17 4 
2 2 43 5 16 

1 19 29 2 14 
14 4 14 17 29 
30 48 58 27 15 
4 22 32 1 11 
16 34 44 13 1 

13 13 28 20 1 
71 71 30 78 57 
55 55 14 62 41 
70 70 29 77 56 
14 14 55 7 28 

1 19 29 2 14 
57 39 29 60 72 
41 23 13 44 56 
56 38 28 59 71 
28 46 56 25 13 

14 32 42 11 1 
14 32 42 11 1 
27 9 1 30 42 
21 39 49 18 6 
0 18 28 3 15 

