12 14 

12 87 55 1 20 19 34 30 45 68 57 22 
18 57 25 29 10 11 4 0 15 38 27 8 
79 4 36 90 71 72 57 61 46 23 34 69 
78 3 35 89 70 71 56 60 45 22 33 68 
79 4 36 90 71 72 57 61 46 23 34 69 
64 11 21 75 56 57 42 46 31 8 19 54 
7 82 50 4 15 14 29 25 40 63 52 17 
48 27 5 59 40 41 26 30 15 8 3 38 
74 1 31 85 66 67 52 56 41 18 29 64 
11 64 32 22 3 4 11 7 22 45 34 1 
47 28 4 58 39 40 25 29 14 9 2 37 
55 20 12 66 47 48 33 37 22 1 10 45 

67 82 12 5 54 21 90 24 40 27 22 18 
37 52 18 35 24 9 60 6 10 3 8 12 
24 9 79 96 37 70 1 67 51 64 69 73 
23 8 78 95 36 69 0 66 50 63 68 72 
24 9 79 96 37 70 1 67 51 64 69 73 
9 6 64 81 22 55 14 52 36 49 54 58 
62 77 7 10 49 16 85 19 35 22 17 13 
7 22 48 65 6 39 30 36 20 33 38 42 
19 4 74 91 32 65 4 62 46 59 64 68 
44 59 11 28 31 2 67 1 17 4 1 5 
8 23 47 64 5 38 31 35 19 32 37 41 
0 15 55 72 13 46 23 43 27 40 45 49 

50 37 80 66 94 35 62 34 32 39 39 4 
20 7 50 36 64 5 32 4 2 9 9 34 
41 54 11 25 3 56 29 57 59 52 52 95 
40 53 10 24 4 55 28 56 58 51 51 94 
41 54 11 25 3 56 29 57 59 52 52 95 
26 39 4 10 18 41 14 42 44 37 37 80 
45 32 75 61 89 30 57 29 27 34 34 9 
10 23 20 6 34 25 2 26 28 21 21 64 
36 49 6 20 8 51 24 52 54 47 47 90 
27 14 57 43 71 12 39 11 9 16 16 27 
9 22 21 7 35 24 3 25 27 20 20 63 
17 30 13 1 27 32 5 33 35 28 28 71 

2 2 21 34 41 71 29 42 71 32 54 26 
32 32 9 4 11 41 1 12 41 2 24 4 
93 93 70 57 50 20 62 49 20 59 37 65 
92 92 69 56 49 19 61 48 19 58 36 64 
93 93 70 57 50 20 62 49 20 59 37 65 
78 78 55 42 35 5 47 34 5 44 22 50 
7 7 16 29 36 66 24 37 66 27 49 21 
62 62 39 26 19 11 31 18 11 28 6 34 
88 88 65 52 45 15 57 44 15 54 32 60 
25 25 2 11 18 48 6 19 48 9 31 3 
61 61 38 25 18 12 30 17 12 27 5 33 
69 69 46 33 26 4 38 25 4 35 13 41 

74 16 12 65 67 0 56 62 62 81 5 11 
44 14 18 35 37 30 26 32 32 51 35 19 
17 75 79 26 24 91 35 29 29 10 96 80 
16 74 78 25 23 90 34 28 28 9 95 79 
17 75 79 26 24 91 35 29 29 10 96 80 
2 60 64 11 9 76 20 14 14 5 81 65 
69 11 7 60 62 5 51 57 57 76 10 6 
14 44 48 5 7 60 4 2 2 21 65 49 
12 70 74 21 19 86 30 24 24 5 91 75 
51 7 11 42 44 23 33 39 39 58 28 12 
15 43 47 6 8 59 3 3 3 22 64 48 
7 51 55 2 0 67 11 5 5 14 72 56 

88 64 50 68 6 38 61 13 91 29 20 5 
58 34 20 38 24 8 31 17 61 1 10 35 
3 27 41 23 85 53 30 78 0 62 71 96 
2 26 40 22 84 52 29 77 1 61 70 95 
3 27 41 23 85 53 30 78 0 62 71 96 
12 12 26 8 70 38 15 63 15 47 56 81 
83 59 45 63 1 33 56 8 86 24 15 10 
28 4 10 8 54 22 1 47 31 31 40 65 
2 22 36 18 80 48 25 73 5 57 66 91 
65 41 27 45 17 15 38 10 68 6 3 28 
29 5 9 9 53 21 2 46 32 30 39 64 
21 3 17 1 61 29 6 54 24 38 47 72 

79 85 40 12 1 48 89 85 66 55 4 76 
49 55 10 18 29 18 59 55 36 25 34 46 
12 6 51 79 90 43 2 6 25 36 95 15 
11 5 50 78 89 42 1 5 24 35 94 14 
12 6 51 79 90 43 2 6 25 36 95 15 
3 9 36 64 75 28 13 9 10 21 80 0 
74 80 35 7 4 43 84 80 61 50 9 71 
19 25 20 48 59 12 29 25 6 5 64 16 
7 1 46 74 85 38 3 1 20 31 90 10 
56 62 17 11 22 25 66 62 43 32 27 53 
20 26 19 47 58 11 30 26 7 4 63 17 
12 18 27 55 66 19 22 18 1 12 71 9 

22 3 75 28 22 22 80 90 86 21 28 81 
8 27 45 2 8 8 50 60 56 9 2 51 
69 88 16 63 69 69 11 1 5 70 63 10 
68 87 15 62 68 68 10 0 4 69 62 9 
69 88 16 63 69 69 11 1 5 70 63 10 
54 73 1 48 54 54 4 14 10 55 48 5 
17 2 70 23 17 17 75 85 81 16 23 76 
38 57 15 32 38 38 20 30 26 39 32 21 
64 83 11 58 64 64 6 4 0 65 58 5 
1 20 52 5 1 1 57 67 63 2 5 58 
37 56 16 31 37 37 21 31 27 38 31 22 
45 64 8 39 45 45 13 23 19 46 39 14 

70 70 60 66 75 35 54 34 1 26 29 22 
40 40 30 36 45 5 24 4 29 4 1 8 
21 21 31 25 16 56 37 57 90 65 62 69 
20 20 30 24 15 55 36 56 89 64 61 68 
21 21 31 25 16 56 37 57 90 65 62 69 
6 6 16 10 1 41 22 42 75 50 47 54 
65 65 55 61 70 30 49 29 4 21 24 17 
10 10 0 6 15 25 6 26 59 34 31 38 
16 16 26 20 11 51 32 52 85 60 57 64 
47 47 37 43 52 12 31 11 22 3 6 1 
11 11 1 7 16 24 5 25 58 33 30 37 
3 3 7 1 8 32 13 33 66 41 38 45 

85 79 3 38 35 19 1 36 45 60 83 38 
55 49 27 8 5 11 29 6 15 30 53 8 
6 12 88 53 56 72 90 55 46 31 8 53 
5 11 87 52 55 71 89 54 45 30 7 52 
6 12 88 53 56 72 90 55 46 31 8 53 
9 3 73 38 41 57 75 40 31 16 7 38 
80 74 2 33 30 14 4 31 40 55 78 33 
25 19 57 22 25 41 59 24 15 0 23 22 
1 7 83 48 51 67 85 50 41 26 3 48 
62 56 20 15 12 4 22 13 22 37 60 15 
26 20 56 21 24 40 58 23 14 1 24 21 
18 12 64 29 32 48 66 31 22 7 16 29 

72 60 90 90 80 81 12 23 72 55 26 76 
42 30 60 60 50 51 18 7 42 25 4 46 
19 31 1 1 11 10 79 68 19 36 65 15 
18 30 0 0 10 9 78 67 18 35 64 14 
19 31 1 1 11 10 79 68 19 36 65 15 
4 16 14 14 4 5 64 53 4 21 50 0 
67 55 85 85 75 76 7 18 67 50 21 71 
12 0 30 30 20 21 48 37 12 5 34 16 
14 26 4 4 6 5 74 63 14 31 60 10 
49 37 67 67 57 58 11 0 49 32 3 53 
13 1 31 31 21 22 47 36 13 4 33 17 
5 7 23 23 13 14 55 44 5 12 41 9 

15 43 33 20 68 87 35 5 40 23 21 87 
15 13 3 10 38 57 5 25 10 7 9 57 
76 48 58 71 23 4 56 86 51 68 70 4 
75 47 57 70 22 3 55 85 50 67 69 3 
76 48 58 71 23 4 56 86 51 68 70 4 
61 33 43 56 8 11 41 71 36 53 55 11 
10 38 28 15 63 82 30 0 35 18 16 82 
45 17 27 40 8 27 25 55 20 37 39 27 
71 43 53 66 18 1 51 81 46 63 65 1 
8 20 10 3 45 64 12 18 17 0 2 64 
44 16 26 39 9 28 24 54 19 36 38 28 
52 24 34 47 1 20 32 62 27 44 46 20 

57 53 18 4 6 84 91 2 1 49 26 81 
27 23 12 26 24 54 61 32 29 19 4 51 
34 38 73 87 85 7 0 93 90 42 65 10 
33 37 72 86 84 6 1 92 89 41 64 9 
34 38 73 87 85 7 0 93 90 42 65 10 
19 23 58 72 70 8 15 78 75 27 50 5 
52 48 13 1 1 79 86 7 4 44 21 76 
3 7 42 56 54 24 31 62 59 11 34 21 
29 33 68 82 80 2 5 88 85 37 60 5 
34 30 5 19 17 61 68 25 22 26 3 58 
2 6 41 55 53 25 32 61 58 10 33 22 
10 14 49 63 61 17 24 69 66 18 41 14 

55 70 0 17 42 9 78 12 28 15 10 6 
20 5 75 92 33 66 3 63 47 60 65 69 
12 27 43 60 1 34 35 31 15 28 33 37 
66 81 11 6 53 20 89 23 39 26 21 17 
47 62 8 25 34 1 70 4 20 7 2 2 
48 63 7 24 35 2 71 5 21 8 3 1 
33 48 22 39 20 13 56 10 6 7 12 16 
37 52 18 35 24 9 60 6 10 3 8 12 
22 37 33 50 9 24 45 21 5 18 23 27 
1 14 56 73 14 47 22 44 28 41 46 50 
10 25 45 62 3 36 33 33 17 30 35 39 
45 60 10 27 32 1 68 2 18 5 0 4 

38 25 68 54 82 23 50 22 20 27 27 16 
37 50 7 21 7 52 25 53 55 48 48 91 
5 18 25 11 39 20 7 21 23 16 16 59 
49 36 79 65 93 34 61 33 31 38 38 5 
30 17 60 46 74 15 42 14 12 19 19 24 
31 18 61 47 75 16 43 15 13 20 20 23 
16 3 46 32 60 1 28 0 2 5 5 38 
20 7 50 36 64 5 32 4 2 9 9 34 
5 8 35 21 49 10 17 11 13 6 6 49 
18 31 12 2 26 33 6 34 36 29 29 72 
7 20 23 9 37 22 5 23 25 18 18 61 
28 15 58 44 72 13 40 12 10 17 17 26 

14 14 9 22 29 59 17 30 59 20 42 14 
89 89 66 53 46 16 58 45 16 55 33 61 
57 57 34 21 14 16 26 13 16 23 1 29 
3 3 20 33 40 70 28 41 70 31 53 25 
22 22 1 14 21 51 9 22 51 12 34 6 
21 21 2 15 22 52 10 23 52 13 35 7 
36 36 13 0 7 37 5 8 37 2 20 8 
32 32 9 4 11 41 1 12 41 2 24 4 
47 47 24 11 4 26 16 3 26 13 9 19 
70 70 47 34 27 3 39 26 3 36 14 42 
59 59 36 23 16 14 28 15 14 25 3 31 
24 24 1 12 19 49 7 20 49 10 32 4 

62 4 0 53 55 12 44 50 50 69 17 1 
13 71 75 22 20 87 31 25 25 6 92 76 
19 39 43 10 12 55 1 7 7 26 60 44 
73 15 11 64 66 1 55 61 61 80 6 10 
54 4 8 45 47 20 36 42 42 61 25 9 
55 3 7 46 48 19 37 43 43 62 24 8 
40 18 22 31 33 34 22 28 28 47 39 23 
44 14 18 35 37 30 26 32 32 51 35 19 
29 29 33 20 22 45 11 17 17 36 50 34 
6 52 56 3 1 68 12 6 6 13 73 57 
17 41 45 8 10 57 1 5 5 24 62 46 
52 6 10 43 45 22 34 40 40 59 27 11 

76 52 38 56 6 26 49 1 79 17 8 17 
1 23 37 19 81 49 26 74 4 58 67 92 
33 9 5 13 49 17 6 42 36 26 35 60 
87 63 49 67 5 37 60 12 90 28 19 6 
68 44 30 48 14 18 41 7 71 9 0 25 
69 45 31 49 13 19 42 6 72 10 1 24 
54 30 16 34 28 4 27 21 57 5 14 39 
58 34 20 38 24 8 31 17 61 1 10 35 
43 19 5 23 39 7 16 32 46 16 25 50 
20 4 18 0 62 30 7 55 23 39 48 73 
31 7 7 11 51 19 4 44 34 28 37 62 
66 42 28 46 16 16 39 9 69 7 2 27 

67 73 28 0 11 36 77 73 54 43 16 64 
8 2 47 75 86 39 2 2 21 32 91 11 
24 30 15 43 54 7 34 30 11 0 59 21 
78 84 39 11 0 47 88 84 65 54 5 75 
59 65 20 8 19 28 69 65 46 35 24 56 
60 66 21 7 18 29 70 66 47 36 23 57 
45 51 6 22 33 14 55 51 32 21 38 42 
49 55 10 18 29 18 59 55 36 25 34 46 
34 40 5 33 44 3 44 40 21 10 49 31 
11 17 28 56 67 20 21 17 2 13 72 8 
22 28 17 45 56 9 32 28 9 2 61 19 
57 63 18 10 21 26 67 63 44 33 26 54 

10 9 63 16 10 10 68 78 74 9 16 69 
65 84 12 59 65 65 7 3 1 66 59 6 
33 52 20 27 33 33 25 35 31 34 27 26 
21 2 74 27 21 21 79 89 85 20 27 80 
2 17 55 8 2 2 60 70 66 1 8 61 
3 16 56 9 3 3 61 71 67 2 9 62 
12 31 41 6 12 12 46 56 52 13 6 47 
8 27 45 2 8 8 50 60 56 9 2 51 
23 42 30 17 23 23 35 45 41 24 17 36 
46 65 7 40 46 46 12 22 18 47 40 13 
35 54 18 29 35 35 23 33 29 36 29 24 
0 19 53 6 0 0 58 68 64 1 6 59 

58 58 48 54 63 23 42 22 11 14 17 10 
17 17 27 21 12 52 33 53 86 61 58 65 
15 15 5 11 20 20 1 21 54 29 26 33 
69 69 59 65 74 34 53 33 0 25 28 21 
50 50 40 46 55 15 34 14 19 6 9 2 
51 51 41 47 56 16 35 15 18 7 10 3 
36 36 26 32 41 1 20 0 33 8 5 12 
40 40 30 36 45 5 24 4 29 4 1 8 
25 25 15 21 30 10 9 11 44 19 16 23 
2 2 8 2 7 33 14 34 67 42 39 46 
13 13 3 9 18 22 3 23 56 31 28 35 
48 48 38 44 53 13 32 12 21 4 7 0 

73 67 9 26 23 7 11 24 33 48 71 26 
2 8 84 49 52 68 86 51 42 27 4 49 
30 24 52 17 20 36 54 19 10 5 28 17 
84 78 2 37 34 18 0 35 44 59 82 37 
65 59 17 18 15 1 19 16 25 40 63 18 
66 60 16 19 16 0 18 17 26 41 64 19 
51 45 31 4 1 15 33 2 11 26 49 4 
55 49 27 8 5 11 29 6 15 30 53 8 
40 34 42 7 10 26 44 9 0 15 38 7 
17 11 65 30 33 49 67 32 23 8 15 30 
28 22 54 19 22 38 56 21 12 3 26 19 
63 57 19 16 13 3 21 14 23 38 61 16 

60 48 78 78 68 69 0 11 60 43 14 64 
15 27 3 3 7 6 75 64 15 32 61 11 
17 5 35 35 25 26 43 32 17 0 29 21 
71 59 89 89 79 80 11 22 71 54 25 75 
52 40 70 70 60 61 8 3 52 35 6 56 
53 41 71 71 61 62 7 4 53 36 7 57 
38 26 56 56 46 47 22 11 38 21 8 42 
42 30 60 60 50 51 18 7 42 25 4 46 
27 15 45 45 35 36 33 22 27 10 19 31 
4 8 22 22 12 13 56 45 4 13 42 8 
15 3 33 33 23 24 45 34 15 2 31 19 
50 38 68 68 58 59 10 1 50 33 4 54 

3 31 21 8 56 75 23 7 28 11 9 75 
72 44 54 67 19 0 52 82 47 64 66 0 
40 12 22 35 13 32 20 50 15 32 34 32 
14 42 32 19 67 86 34 4 39 22 20 86 
5 23 13 0 48 67 15 15 20 3 1 67 
4 24 14 1 49 68 16 14 21 4 2 68 
19 9 1 14 34 53 1 29 6 11 13 53 
15 13 3 10 38 57 5 25 10 7 9 57 
30 2 12 25 23 42 10 40 5 22 24 42 
53 25 35 48 0 19 33 63 28 45 47 19 
42 14 24 37 11 30 22 52 17 34 36 30 
7 21 11 2 46 65 13 17 18 1 1 65 

45 41 6 8 6 72 79 14 11 37 14 69 
30 34 69 83 81 3 4 89 86 38 61 6 
2 2 37 51 49 29 36 57 54 6 29 26 
56 52 17 3 5 83 90 3 0 48 25 80 
37 33 2 16 14 64 71 22 19 29 6 61 
38 34 1 15 13 65 72 21 18 30 7 62 
23 19 16 30 28 50 57 36 33 15 8 47 
27 23 12 26 24 54 61 32 29 19 4 51 
12 8 27 41 39 39 46 47 44 4 19 36 
11 15 50 64 62 16 23 70 67 19 42 13 
0 4 39 53 51 27 34 59 56 8 31 24 
35 31 4 18 16 62 69 24 21 27 4 59 

17 30 13 1 27 32 5 33 35 28 28 71 
32 45 2 16 12 47 20 48 50 43 43 86 
38 25 68 54 82 23 50 22 20 27 27 16 
55 42 85 71 99 40 67 39 37 44 44 1 
4 17 26 12 40 19 8 20 22 15 15 58 
29 16 59 45 73 14 41 13 11 18 18 25 
40 53 10 24 4 55 28 56 58 51 51 94 
26 13 56 42 70 11 38 10 8 15 15 28 
10 3 40 26 54 5 22 6 8 1 1 44 
23 10 53 39 67 8 35 7 5 12 12 31 
28 15 58 44 72 13 40 12 10 17 17 26 
32 19 62 48 76 17 44 16 14 21 21 22 

69 69 46 33 26 4 38 25 4 35 13 41 
84 84 61 48 41 11 53 40 11 50 28 56 
14 14 9 22 29 59 17 30 59 20 42 14 
3 3 26 39 46 76 34 47 76 37 59 31 
56 56 33 20 13 17 25 12 17 22 0 28 
23 23 0 13 20 50 8 21 50 11 33 5 
92 92 69 56 49 19 61 48 19 58 36 64 
26 26 3 10 17 47 5 18 47 8 30 2 
42 42 19 6 1 31 11 2 31 8 14 14 
29 29 6 7 14 44 2 15 44 5 27 1 
24 24 1 12 19 49 7 20 49 10 32 4 
20 20 3 16 23 53 11 24 53 14 36 8 

7 51 55 2 0 67 11 5 5 14 72 56 
8 66 70 17 15 82 26 20 20 1 87 71 
62 4 0 53 55 12 44 50 50 69 17 1 
79 21 17 70 72 5 61 67 67 86 0 16 
20 38 42 11 13 54 2 8 8 27 59 43 
53 5 9 44 46 21 35 41 41 60 26 10 
16 74 78 25 23 90 34 28 28 9 95 79 
50 8 12 41 43 24 32 38 38 57 29 13 
34 24 28 25 27 40 16 22 22 41 45 29 
47 11 15 38 40 27 29 35 35 54 32 16 
52 6 10 43 45 22 34 40 40 59 27 11 
56 2 6 47 49 18 38 44 44 63 23 7 

21 3 17 1 61 29 6 54 24 38 47 72 
6 18 32 14 76 44 21 69 9 53 62 87 
76 52 38 56 6 26 49 1 79 17 8 17 
93 69 55 73 11 43 66 18 96 34 25 0 
34 10 4 14 48 16 7 41 37 25 34 59 
67 43 29 47 15 17 40 8 70 8 1 26 
2 26 40 22 84 52 29 77 1 61 70 95 
64 40 26 44 18 14 37 11 67 5 4 29 
48 24 10 28 34 2 21 27 51 11 20 45 
61 37 23 41 21 11 34 14 64 2 7 32 
66 42 28 46 16 16 39 9 69 7 2 27 
70 46 32 50 12 20 43 5 73 11 2 23 

12 18 27 55 66 19 22 18 1 12 71 9 
3 3 42 70 81 34 7 3 16 27 86 6 
67 73 28 0 11 36 77 73 54 43 16 64 
84 90 45 17 6 53 94 90 71 60 1 81 
25 31 14 42 53 6 35 31 12 1 58 22 
58 64 19 9 20 27 68 64 45 34 25 55 
11 5 50 78 89 42 1 5 24 35 94 14 
55 61 16 12 23 24 65 61 42 31 28 52 
39 45 0 28 39 8 49 45 26 15 44 36 
52 58 13 15 26 21 62 58 39 28 31 49 
57 63 18 10 21 26 67 63 44 33 26 54 
61 67 22 6 17 30 71 67 48 37 22 58 

45 64 8 39 45 45 13 23 19 46 39 14 
60 79 7 54 60 60 2 8 4 61 54 1 
10 9 63 16 10 10 68 78 74 9 16 69 
27 8 80 33 27 27 85 95 91 26 33 86 
32 51 21 26 32 32 26 36 32 33 26 27 
1 18 54 7 1 1 59 69 65 0 7 60 
68 87 15 62 68 68 10 0 4 69 62 9 
2 21 51 4 2 2 56 66 62 3 4 57 
18 37 35 12 18 18 40 50 46 19 12 41 
5 24 48 1 5 5 53 63 59 6 1 54 
0 19 53 6 0 0 58 68 64 1 6 59 
4 15 57 10 4 4 62 72 68 3 10 63 

3 3 7 1 8 32 13 33 66 41 38 45 
12 12 22 16 7 47 28 48 81 56 53 60 
58 58 48 54 63 23 42 22 11 14 17 10 
75 75 65 71 80 40 59 39 6 31 34 27 
16 16 6 12 21 19 0 20 53 28 25 32 
49 49 39 45 54 14 33 13 20 5 8 1 
20 20 30 24 15 55 36 56 89 64 61 68 
46 46 36 42 51 11 30 10 23 2 5 2 
30 30 20 26 35 5 14 6 39 14 11 18 
43 43 33 39 48 8 27 7 26 1 2 5 
48 48 38 44 53 13 32 12 21 4 7 0 
52 52 42 48 57 17 36 16 17 8 11 4 

18 12 64 29 32 48 66 31 22 7 16 29 
3 3 79 44 47 63 81 46 37 22 1 44 
73 67 9 26 23 7 11 24 33 48 71 26 
90 84 8 43 40 24 6 41 50 65 88 43 
31 25 51 16 19 35 53 18 9 6 29 16 
64 58 18 17 14 2 20 15 24 39 62 17 
5 11 87 52 55 71 89 54 45 30 7 52 
61 55 21 14 11 5 23 12 21 36 59 14 
45 39 37 2 5 21 39 4 5 20 43 2 
58 52 24 11 8 8 26 9 18 33 56 11 
63 57 19 16 13 3 21 14 23 38 61 16 
67 61 15 20 17 1 17 18 27 42 65 20 

5 7 23 23 13 14 55 44 5 12 41 9 
10 22 8 8 2 1 70 59 10 27 56 6 
60 48 78 78 68 69 0 11 60 43 14 64 
77 65 95 95 85 86 17 28 77 60 31 81 
18 6 36 36 26 27 42 31 18 1 28 22 
51 39 69 69 59 60 9 2 51 34 5 55 
18 30 0 0 10 9 78 67 18 35 64 14 
48 36 66 66 56 57 12 1 48 31 2 52 
32 20 50 50 40 41 28 17 32 15 14 36 
45 33 63 63 53 54 15 4 45 28 1 49 
50 38 68 68 58 59 10 1 50 33 4 54 
54 42 72 72 62 63 6 5 54 37 8 58 

52 24 34 47 1 20 32 62 27 44 46 20 
67 39 49 62 14 5 47 77 42 59 61 5 
3 31 21 8 56 75 23 7 28 11 9 75 
20 48 38 25 73 92 40 10 45 28 26 92 
39 11 21 34 14 33 19 49 14 31 33 33 
6 22 12 1 47 66 14 16 19 2 0 66 
75 47 57 70 22 3 55 85 50 67 69 3 
9 19 9 4 44 63 11 19 16 1 3 63 
25 3 7 20 28 47 5 35 0 17 19 47 
12 16 6 7 41 60 8 22 13 4 6 60 
7 21 11 2 46 65 13 17 18 1 1 65 
3 25 15 2 50 69 17 13 22 5 3 69 

10 14 49 63 61 17 24 69 66 18 41 14 
25 29 64 78 76 2 9 84 81 33 56 1 
45 41 6 8 6 72 79 14 11 37 14 69 
62 58 23 9 11 89 96 3 6 54 31 86 
3 1 36 50 48 30 37 56 53 5 28 27 
36 32 3 17 15 63 70 23 20 28 5 60 
33 37 72 86 84 6 1 92 89 41 64 9 
33 29 6 20 18 60 67 26 23 25 2 57 
17 13 22 36 34 44 51 42 39 9 14 41 
30 26 9 23 21 57 64 29 26 22 1 54 
35 31 4 18 16 62 69 24 21 27 4 59 
39 35 0 14 12 66 73 20 17 31 8 63 

52 52 29 16 9 21 21 8 21 18 4 24 
39 39 16 3 4 34 8 5 34 5 17 11 
82 82 59 46 39 9 51 38 9 48 26 54 
68 68 45 32 25 5 37 24 5 34 12 40 
96 96 73 60 53 23 65 52 23 62 40 68 
37 37 14 1 6 36 6 7 36 3 19 9 
64 64 41 28 21 9 33 20 9 30 8 36 
36 36 13 0 7 37 5 8 37 2 20 8 
34 34 11 2 9 39 3 10 39 0 22 6 
41 41 18 5 2 32 10 3 32 7 15 13 
41 41 18 5 2 32 10 3 32 7 15 13 
2 2 25 38 45 75 33 46 75 36 58 30 

24 34 38 15 17 50 6 12 12 31 55 39 
37 21 25 28 30 37 19 25 25 44 42 26 
6 64 68 15 13 80 24 18 18 1 85 69 
8 50 54 1 1 66 10 4 4 15 71 55 
20 78 82 29 27 94 38 32 32 13 99 83 
39 19 23 30 32 35 21 27 27 46 40 24 
12 46 50 3 5 62 6 0 0 19 67 51 
40 18 22 31 33 34 22 28 28 47 39 23 
42 16 20 33 35 32 24 30 30 49 37 21 
35 23 27 26 28 39 17 23 23 42 44 28 
35 23 27 26 28 39 17 23 23 42 44 28 
78 20 16 69 71 4 60 66 66 85 1 15 

38 14 0 18 44 12 11 37 41 21 30 55 
51 27 13 31 31 1 24 24 54 8 17 42 
8 16 30 12 74 42 19 67 11 51 60 85 
22 2 16 2 60 28 5 53 25 37 46 71 
6 30 44 26 88 56 33 81 3 65 74 99 
53 29 15 33 29 3 26 22 56 6 15 40 
26 2 12 6 56 24 1 49 29 33 42 67 
54 30 16 34 28 4 27 21 57 5 14 39 
56 32 18 36 26 6 29 19 59 3 12 37 
49 25 11 29 33 1 22 26 52 10 19 44 
49 25 11 29 33 1 22 26 52 10 19 44 
92 68 54 72 10 42 65 17 95 33 24 1 

29 35 10 38 49 2 39 35 16 5 54 26 
42 48 3 25 36 11 52 48 29 18 41 39 
1 5 40 68 79 32 9 5 14 25 84 4 
13 19 26 54 65 18 23 19 0 11 70 10 
15 9 54 82 93 46 5 9 28 39 98 18 
44 50 5 23 34 13 54 50 31 20 39 41 
17 23 22 50 61 14 27 23 4 7 66 14 
45 51 6 22 33 14 55 51 32 21 38 42 
47 53 8 20 31 16 57 53 34 23 36 44 
40 46 1 27 38 9 50 46 27 16 43 37 
40 46 1 27 38 9 50 46 27 16 43 37 
83 89 44 16 5 52 93 89 70 59 0 80 

28 47 25 22 28 28 30 40 36 29 22 31 
15 34 38 9 15 15 43 53 49 16 9 44 
58 77 5 52 58 58 0 10 6 59 52 1 
44 63 9 38 44 44 14 24 20 45 38 15 
72 91 19 66 72 72 14 4 8 73 66 13 
13 32 40 7 13 13 45 55 51 14 7 46 
40 59 13 34 40 40 18 28 24 41 34 19 
12 31 41 6 12 12 46 56 52 13 6 47 
10 29 43 4 10 10 48 58 54 11 4 49 
17 36 36 11 17 17 41 51 47 18 11 42 
17 36 36 11 17 17 41 51 47 18 11 42 
26 7 79 32 26 26 84 94 90 25 32 85 

20 20 10 16 25 15 4 16 49 24 21 28 
33 33 23 29 38 2 17 3 36 11 8 15 
10 10 20 14 5 45 26 46 79 54 51 58 
4 4 6 0 9 31 12 32 65 40 37 44 
24 24 34 28 19 59 40 60 93 68 65 72 
35 35 25 31 40 0 19 1 34 9 6 13 
8 8 2 4 13 27 8 28 61 36 33 40 
36 36 26 32 41 1 20 0 33 8 5 12 
38 38 28 34 43 3 22 2 31 6 3 10 
31 31 21 27 36 4 15 5 38 13 10 17 
31 31 21 27 36 4 15 5 38 13 10 17 
74 74 64 70 79 39 58 38 5 30 33 26 

35 29 47 12 15 31 49 14 5 10 33 12 
48 42 34 1 2 18 36 1 8 23 46 1 
5 1 77 42 45 61 79 44 35 20 3 42 
19 13 63 28 31 47 65 30 21 6 17 28 
9 15 91 56 59 75 93 58 49 34 11 56 
50 44 32 3 0 16 34 1 10 25 48 3 
23 17 59 24 27 43 61 26 17 2 21 24 
51 45 31 4 1 15 33 2 11 26 49 4 
53 47 29 6 3 13 31 4 13 28 51 6 
46 40 36 1 4 20 38 3 6 21 44 1 
46 40 36 1 4 20 38 3 6 21 44 1 
89 83 7 42 39 23 5 40 49 64 87 42 

22 10 40 40 30 31 38 27 22 5 24 26 
35 23 53 53 43 44 25 14 35 18 11 39 
8 20 10 10 0 1 68 57 8 25 54 4 
6 6 24 24 14 15 54 43 6 11 40 10 
22 34 4 4 14 13 82 71 22 39 68 18 
37 25 55 55 45 46 23 12 37 20 9 41 
10 2 28 28 18 19 50 39 10 7 36 14 
38 26 56 56 46 47 22 11 38 21 8 42 
40 28 58 58 48 49 20 9 40 23 6 44 
33 21 51 51 41 42 27 16 33 16 13 37 
33 21 51 51 41 42 27 16 33 16 13 37 
76 64 94 94 84 85 16 27 76 59 30 80 

35 7 17 30 18 37 15 45 10 27 29 37 
22 6 4 17 31 50 2 32 3 14 16 50 
65 37 47 60 12 7 45 75 40 57 59 7 
51 23 33 46 2 21 31 61 26 43 45 21 
79 51 61 74 26 7 59 89 54 71 73 7 
20 8 2 15 33 52 0 30 5 12 14 52 
47 19 29 42 6 25 27 57 22 39 41 25 
19 9 1 14 34 53 1 29 6 11 13 53 
17 11 1 12 36 55 3 27 8 9 11 55 
24 4 6 19 29 48 4 34 1 16 18 48 
24 4 6 19 29 48 4 34 1 16 18 48 
19 47 37 24 72 91 39 9 44 27 25 91 

7 3 32 46 44 34 41 52 49 1 24 31 
20 16 19 33 31 47 54 39 36 12 11 44 
23 27 62 76 74 4 11 82 79 31 54 1 
9 13 48 62 60 18 25 68 65 17 40 15 
37 41 76 90 88 10 3 96 93 45 68 13 
22 18 17 31 29 49 56 37 34 14 9 46 
5 9 44 58 56 22 29 64 61 13 36 19 
23 19 16 30 28 50 57 36 33 15 8 47 
25 21 14 28 26 52 59 34 31 17 6 49 
18 14 21 35 33 45 52 41 38 10 13 42 
18 14 21 35 33 45 52 41 38 10 13 42 
61 57 22 8 10 88 95 2 5 53 30 85 

76 18 14 67 69 2 58 64 64 83 3 13 
76 18 14 67 69 2 58 64 64 83 3 13 
53 5 9 44 46 21 35 41 41 60 26 10 
40 18 22 31 33 34 22 28 28 47 39 23 
33 25 29 24 26 41 15 21 21 40 46 30 
3 55 59 6 4 71 15 9 9 10 76 60 
45 13 17 36 38 29 27 33 33 52 34 18 
32 26 30 23 25 42 14 20 20 39 47 31 
3 55 59 6 4 71 15 9 9 10 76 60 
42 16 20 33 35 32 24 30 30 49 37 21 
20 38 42 11 13 54 2 8 8 27 59 43 
48 10 14 39 41 26 30 36 36 55 31 15 

90 66 52 70 8 40 63 15 93 31 22 3 
90 66 52 70 8 40 63 15 93 31 22 3 
67 43 29 47 15 17 40 8 70 8 1 26 
54 30 16 34 28 4 27 21 57 5 14 39 
47 23 9 27 35 3 20 28 50 12 21 46 
17 7 21 3 65 33 10 58 20 42 51 76 
59 35 21 39 23 9 32 16 62 0 9 34 
46 22 8 26 36 4 19 29 49 13 22 47 
17 7 21 3 65 33 10 58 20 42 51 76 
56 32 18 36 26 6 29 19 59 3 12 37 
34 10 4 14 48 16 7 41 37 25 34 59 
62 38 24 42 20 12 35 13 65 3 6 31 

81 87 42 14 3 50 91 87 68 57 2 78 
81 87 42 14 3 50 91 87 68 57 2 78 
58 64 19 9 20 27 68 64 45 34 25 55 
45 51 6 22 33 14 55 51 32 21 38 42 
38 44 1 29 40 7 48 44 25 14 45 35 
8 14 31 59 70 23 18 14 5 16 75 5 
50 56 11 17 28 19 60 56 37 26 33 47 
37 43 2 30 41 6 47 43 24 13 46 34 
8 14 31 59 70 23 18 14 5 16 75 5 
47 53 8 20 31 16 57 53 34 23 36 44 
25 31 14 42 53 6 35 31 12 1 58 22 
53 59 14 14 25 22 63 59 40 29 30 50 

24 5 77 30 24 24 82 92 88 23 30 83 
24 5 77 30 24 24 82 92 88 23 30 83 
1 18 54 7 1 1 59 69 65 0 7 60 
12 31 41 6 12 12 46 56 52 13 6 47 
19 38 34 13 19 19 39 49 45 20 13 40 
49 68 4 43 49 49 9 19 15 50 43 10 
7 26 46 1 7 7 51 61 57 8 1 52 
20 39 33 14 20 20 38 48 44 21 14 39 
49 68 4 43 49 49 9 19 15 50 43 10 
10 29 43 4 10 10 48 58 54 11 4 49 
32 51 21 26 32 32 26 36 32 33 26 27 
4 23 49 2 4 4 54 64 60 5 2 55 

72 72 62 68 77 37 56 36 3 28 31 24 
72 72 62 68 77 37 56 36 3 28 31 24 
49 49 39 45 54 14 33 13 20 5 8 1 
36 36 26 32 41 1 20 0 33 8 5 12 
29 29 19 25 34 6 13 7 40 15 12 19 
1 1 11 5 4 36 17 37 70 45 42 49 
41 41 31 37 46 6 25 5 28 3 0 7 
28 28 18 24 33 7 12 8 41 16 13 20 
1 1 11 5 4 36 17 37 70 45 42 49 
38 38 28 34 43 3 22 2 31 6 3 10 
16 16 6 12 21 19 0 20 53 28 25 32 
44 44 34 40 49 9 28 8 25 0 3 4 

87 81 5 40 37 21 3 38 47 62 85 40 
87 81 5 40 37 21 3 38 47 62 85 40 
64 58 18 17 14 2 20 15 24 39 62 17 
51 45 31 4 1 15 33 2 11 26 49 4 
44 38 38 3 6 22 40 5 4 19 42 3 
14 8 68 33 36 52 70 35 26 11 12 33 
56 50 26 9 6 10 28 7 16 31 54 9 
43 37 39 4 7 23 41 6 3 18 41 4 
14 8 68 33 36 52 70 35 26 11 12 33 
53 47 29 6 3 13 31 4 13 28 51 6 
31 25 51 16 19 35 53 18 9 6 29 16 
59 53 23 12 9 7 25 10 19 34 57 12 

74 62 92 92 82 83 14 25 74 57 28 78 
74 62 92 92 82 83 14 25 74 57 28 78 
51 39 69 69 59 60 9 2 51 34 5 55 
38 26 56 56 46 47 22 11 38 21 8 42 
31 19 49 49 39 40 29 18 31 14 15 35 
1 11 19 19 9 10 59 48 1 16 45 5 
43 31 61 61 51 52 17 6 43 26 3 47 
30 18 48 48 38 39 30 19 30 13 16 34 
1 11 19 19 9 10 59 48 1 16 45 5 
40 28 58 58 48 49 20 9 40 23 6 44 
18 6 36 36 26 27 42 31 18 1 28 22 
46 34 64 64 54 55 14 3 46 29 0 50 

17 45 35 22 70 89 37 7 42 25 23 89 
17 45 35 22 70 89 37 7 42 25 23 89 
6 22 12 1 47 66 14 16 19 2 0 66 
19 9 1 14 34 53 1 29 6 11 13 53 
26 2 8 21 27 46 6 36 1 18 20 46 
56 28 38 51 3 16 36 66 31 48 50 16 
14 14 4 9 39 58 6 24 11 6 8 58 
27 1 9 22 26 45 7 37 2 19 21 45 
56 28 38 51 3 16 36 66 31 48 50 16 
17 11 1 12 36 55 3 27 8 9 11 55 
39 11 21 34 14 33 19 49 14 31 33 33 
11 17 7 6 42 61 9 21 14 3 5 61 

59 55 20 6 8 86 93 0 3 51 28 83 
59 55 20 6 8 86 93 0 3 51 28 83 
36 32 3 17 15 63 70 23 20 28 5 60 
23 19 16 30 28 50 57 36 33 15 8 47 
16 12 23 37 35 43 50 43 40 8 15 40 
14 18 53 67 65 13 20 73 70 22 45 10 
28 24 11 25 23 55 62 31 28 20 3 52 
15 11 24 38 36 42 49 44 41 7 16 39 
14 18 53 67 65 13 20 73 70 22 45 10 
25 21 14 28 26 52 59 34 31 17 6 49 
3 1 36 50 48 30 37 56 53 5 28 27 
31 27 8 22 20 58 65 28 25 23 0 55 

14 10 24 6 68 36 13 61 17 45 54 79 
72 48 34 52 10 22 45 3 75 13 4 21 
76 52 38 56 6 26 49 1 79 17 8 17 
23 1 15 3 59 27 4 52 26 36 45 70 
21 3 17 1 61 29 6 54 24 38 47 72 
88 64 50 68 6 38 61 13 91 29 20 5 
32 8 6 12 50 18 5 43 35 27 36 61 
26 2 12 6 56 24 1 49 29 33 42 67 
26 2 12 6 56 24 1 49 29 33 42 67 
7 17 31 13 75 43 20 68 10 52 61 86 
93 69 55 73 11 43 66 18 96 34 25 0 
77 53 39 57 5 27 50 2 80 18 9 16 

5 11 34 62 73 26 15 11 8 19 78 2 
63 69 24 4 15 32 73 69 50 39 20 60 
67 73 28 0 11 36 77 73 54 43 16 64 
14 20 25 53 64 17 24 20 1 10 69 11 
12 18 27 55 66 19 22 18 1 12 71 9 
79 85 40 12 1 48 89 85 66 55 4 76 
23 29 16 44 55 8 33 29 10 1 60 20 
17 23 22 50 61 14 27 23 4 7 66 14 
17 23 22 50 61 14 27 23 4 7 66 14 
2 4 41 69 80 33 8 4 15 26 85 5 
84 90 45 17 6 53 94 90 71 60 1 81 
68 74 29 1 10 37 78 74 55 44 15 65 

52 71 1 46 52 52 6 16 12 53 46 7 
6 13 59 12 6 6 64 74 70 5 12 65 
10 9 63 16 10 10 68 78 74 9 16 69 
43 62 10 37 43 43 15 25 21 44 37 16 
45 64 8 39 45 45 13 23 19 46 39 14 
22 3 75 28 22 22 80 90 86 21 28 81 
34 53 19 28 34 34 24 34 30 35 28 25 
40 59 13 34 40 40 18 28 24 41 34 19 
40 59 13 34 40 40 18 28 24 41 34 19 
59 78 6 53 59 59 1 9 5 60 53 0 
27 8 80 33 27 27 85 95 91 26 33 86 
11 8 64 17 11 11 69 79 75 10 17 70 

4 4 14 8 1 39 20 40 73 48 45 52 
54 54 44 50 59 19 38 18 15 10 13 6 
58 58 48 54 63 23 42 22 11 14 17 10 
5 5 5 1 10 30 11 31 64 39 36 43 
3 3 7 1 8 32 13 33 66 41 38 45 
70 70 60 66 75 35 54 34 1 26 29 22 
14 14 4 10 19 21 2 22 55 30 27 34 
8 8 2 4 13 27 8 28 61 36 33 40 
8 8 2 4 13 27 8 28 61 36 33 40 
11 11 21 15 6 46 27 47 80 55 52 59 
75 75 65 71 80 40 59 39 6 31 34 27 
59 59 49 55 64 24 43 23 10 15 18 11 

11 5 71 36 39 55 73 38 29 14 9 36 
69 63 13 22 19 3 15 20 29 44 67 22 
73 67 9 26 23 7 11 24 33 48 71 26 
20 14 62 27 30 46 64 29 20 5 18 27 
18 12 64 29 32 48 66 31 22 7 16 29 
85 79 3 38 35 19 1 36 45 60 83 38 
29 23 53 18 21 37 55 20 11 4 27 18 
23 17 59 24 27 43 61 26 17 2 21 24 
23 17 59 24 27 43 61 26 17 2 21 24 
4 2 78 43 46 62 80 45 36 21 2 43 
90 84 8 43 40 24 6 41 50 65 88 43 
74 68 8 27 24 8 10 25 34 49 72 27 

2 14 16 16 6 7 62 51 2 19 48 2 
56 44 74 74 64 65 4 7 56 39 10 60 
60 48 78 78 68 69 0 11 60 43 14 64 
7 5 25 25 15 16 53 42 7 10 39 11 
5 7 23 23 13 14 55 44 5 12 41 9 
72 60 90 90 80 81 12 23 72 55 26 76 
16 4 34 34 24 25 44 33 16 1 30 20 
10 2 28 28 18 19 50 39 10 7 36 14 
10 2 28 28 18 19 50 39 10 7 36 14 
9 21 9 9 1 0 69 58 9 26 55 5 
77 65 95 95 85 86 17 28 77 60 31 81 
61 49 79 79 69 70 1 12 61 44 15 65 

59 31 41 54 6 13 39 69 34 51 53 13 
1 27 17 4 52 71 19 11 24 7 5 71 
3 31 21 8 56 75 23 7 28 11 9 75 
50 22 32 45 3 22 30 60 25 42 44 22 
52 24 34 47 1 20 32 62 27 44 46 20 
15 43 33 20 68 87 35 5 40 23 21 87 
41 13 23 36 12 31 21 51 16 33 35 31 
47 19 29 42 6 25 27 57 22 39 41 25 
47 19 29 42 6 25 27 57 22 39 41 25 
66 38 48 61 13 6 46 76 41 58 60 6 
20 48 38 25 73 92 40 10 45 28 26 92 
4 32 22 9 57 76 24 6 29 12 10 76 

17 21 56 70 68 10 17 76 73 25 48 7 
41 37 2 12 10 68 75 18 15 33 10 65 
45 41 6 8 6 72 79 14 11 37 14 69 
8 12 47 61 59 19 26 67 64 16 39 16 
10 14 49 63 61 17 24 69 66 18 41 14 
57 53 18 4 6 84 91 2 1 49 26 81 
1 3 38 52 50 28 35 58 55 7 30 25 
5 9 44 58 56 22 29 64 61 13 36 19 
5 9 44 58 56 22 29 64 61 13 36 19 
24 28 63 77 75 3 10 83 80 32 55 0 
62 58 23 9 11 89 96 3 6 54 31 86 
46 42 7 7 5 73 80 13 10 38 15 70 

9 3 48 76 87 40 1 3 22 33 92 12 
15 21 24 52 63 16 25 21 2 9 68 12 
29 35 10 38 49 2 39 35 16 5 54 26 
11 17 28 56 67 20 21 17 2 13 72 8 
73 79 34 6 5 42 83 79 60 49 10 70 
41 47 2 26 37 10 51 47 28 17 42 38 
18 24 21 49 60 13 28 24 5 6 65 15 
66 72 27 1 12 35 76 72 53 42 17 63 
12 6 51 79 90 43 2 6 25 36 95 15 
50 56 11 17 28 19 60 56 37 26 33 47 
59 65 20 8 19 28 69 65 46 35 24 56 
84 90 45 17 6 53 94 90 71 60 1 81 

66 85 13 60 66 66 8 2 2 67 60 7 
42 61 11 36 42 42 16 26 22 43 36 17 
28 47 25 22 28 28 30 40 36 29 22 31 
46 65 7 40 46 46 12 22 18 47 40 13 
16 3 69 22 16 16 74 84 80 15 22 75 
16 35 37 10 16 16 42 52 48 17 10 43 
39 58 14 33 39 39 19 29 25 40 33 20 
9 10 62 15 9 9 67 77 73 8 15 68 
69 88 16 63 69 69 11 1 5 70 63 10 
7 26 46 1 7 7 51 61 57 8 1 52 
2 17 55 8 2 2 60 70 66 1 8 61 
27 8 80 33 27 27 85 95 91 26 33 86 

18 18 28 22 13 53 34 54 87 62 59 66 
6 6 4 2 11 29 10 30 63 38 35 42 
20 20 10 16 25 15 4 16 49 24 21 28 
2 2 8 2 7 33 14 34 67 42 39 46 
64 64 54 60 69 29 48 28 5 20 23 16 
32 32 22 28 37 3 16 4 37 12 9 16 
9 9 1 5 14 26 7 27 60 35 32 39 
57 57 47 53 62 22 41 21 12 13 16 9 
21 21 31 25 16 56 37 57 90 65 62 69 
41 41 31 37 46 6 25 5 28 3 0 7 
50 50 40 46 55 15 34 14 19 6 9 2 
75 75 65 71 80 40 59 39 6 31 34 27 

3 9 85 50 53 69 87 52 43 28 5 50 
21 15 61 26 29 45 63 28 19 4 19 26 
35 29 47 12 15 31 49 14 5 10 33 12 
17 11 65 30 33 49 67 32 23 8 15 30 
79 73 3 32 29 13 5 30 39 54 77 32 
47 41 35 0 3 19 37 2 7 22 45 0 
24 18 58 23 26 42 60 25 16 1 22 23 
72 66 10 25 22 6 12 23 32 47 70 25 
6 12 88 53 56 72 90 55 46 31 8 53 
56 50 26 9 6 10 28 7 16 31 54 9 
65 59 17 18 15 1 19 16 25 40 63 18 
90 84 8 43 40 24 6 41 50 65 88 43 

16 28 2 2 8 7 76 65 16 33 62 12 
8 4 26 26 16 17 52 41 8 9 38 12 
22 10 40 40 30 31 38 27 22 5 24 26 
4 8 22 22 12 13 56 45 4 13 42 8 
66 54 84 84 74 75 6 17 66 49 20 70 
34 22 52 52 42 43 26 15 34 17 12 38 
11 1 29 29 19 20 49 38 11 6 35 15 
59 47 77 77 67 68 1 10 59 42 13 63 
19 31 1 1 11 10 79 68 19 36 65 15 
43 31 61 61 51 52 17 6 43 26 3 47 
52 40 70 70 60 61 8 3 52 35 6 56 
77 65 95 95 85 86 17 28 77 60 31 81 

73 45 55 68 20 1 53 83 48 65 67 1 
49 21 31 44 4 23 29 59 24 41 43 23 
35 7 17 30 18 37 15 45 10 27 29 37 
53 25 35 48 0 19 33 63 28 45 47 19 
9 37 27 14 62 81 29 1 34 17 15 81 
23 5 5 18 30 49 3 33 2 15 17 49 
46 18 28 41 7 26 26 56 21 38 40 26 
2 30 20 7 55 74 22 8 27 10 8 74 
76 48 58 71 23 4 56 86 51 68 70 4 
14 14 4 9 39 58 6 24 11 6 8 58 
5 23 13 0 48 67 15 15 20 3 1 67 
20 48 38 25 73 92 40 10 45 28 26 92 

31 35 70 84 82 4 3 90 87 39 62 7 
7 11 46 60 58 20 27 66 63 15 38 17 
7 3 32 46 44 34 41 52 49 1 24 31 
11 15 50 64 62 16 23 70 67 19 42 13 
51 47 12 2 0 78 85 8 5 43 20 75 
19 15 20 34 32 46 53 40 37 11 12 43 
4 8 43 57 55 23 30 63 60 12 35 20 
44 40 5 9 7 71 78 15 12 36 13 68 
34 38 73 87 85 7 0 93 90 42 65 10 
28 24 11 25 23 55 62 31 28 20 3 52 
37 33 2 16 14 64 71 22 19 29 6 61 
62 58 23 9 11 89 96 3 6 54 31 86 

57 76 4 51 57 57 1 11 7 58 51 2 
63 82 10 57 63 63 5 5 1 64 57 4 
18 37 35 12 18 18 40 50 46 19 12 41 
10 9 63 16 10 10 68 78 74 9 16 69 
21 2 74 27 21 21 79 89 85 20 27 80 
26 45 27 20 26 26 32 42 38 27 20 33 
67 86 14 61 67 67 9 1 3 68 61 8 
63 82 10 57 63 63 5 5 1 64 57 4 
44 63 9 38 44 44 14 24 20 45 38 15 
33 52 20 27 33 33 25 35 31 34 27 26 
26 7 79 32 26 26 84 94 90 25 32 85 
54 73 1 48 54 54 4 14 10 55 48 5 

9 9 19 13 4 44 25 45 78 53 50 57 
15 15 25 19 10 50 31 51 84 59 56 63 
30 30 20 26 35 5 14 6 39 14 11 18 
58 58 48 54 63 23 42 22 11 14 17 10 
69 69 59 65 74 34 53 33 0 25 28 21 
22 22 12 18 27 13 6 14 47 22 19 26 
19 19 29 23 14 54 35 55 88 63 60 67 
15 15 25 19 10 50 31 51 84 59 56 63 
4 4 6 0 9 31 12 32 65 40 37 44 
15 15 5 11 20 20 1 21 54 29 26 33 
74 74 64 70 79 39 58 38 5 30 33 26 
6 6 16 10 1 41 22 42 75 50 47 54 

6 0 76 41 44 60 78 43 34 19 4 41 
0 6 82 47 50 66 84 49 40 25 2 47 
45 39 37 2 5 21 39 4 5 20 43 2 
73 67 9 26 23 7 11 24 33 48 71 26 
84 78 2 37 34 18 0 35 44 59 82 37 
37 31 45 10 13 29 47 12 3 12 35 10 
4 10 86 51 54 70 88 53 44 29 6 51 
0 6 82 47 50 66 84 49 40 25 2 47 
19 13 63 28 31 47 65 30 21 6 17 28 
30 24 52 17 20 36 54 19 10 5 28 17 
89 83 7 42 39 23 5 40 49 64 87 42 
9 3 73 38 41 57 75 40 31 16 7 38 

7 19 11 11 1 2 67 56 7 24 53 3 
13 25 5 5 5 4 73 62 13 30 59 9 
32 20 50 50 40 41 28 17 32 15 14 36 
60 48 78 78 68 69 0 11 60 43 14 64 
71 59 89 89 79 80 11 22 71 54 25 75 
24 12 42 42 32 33 36 25 24 7 22 28 
17 29 1 1 9 8 77 66 17 34 63 13 
13 25 5 5 5 4 73 62 13 30 59 9 
6 6 24 24 14 15 54 43 6 11 40 10 
17 5 35 35 25 26 43 32 17 0 29 21 
76 64 94 94 84 85 16 27 76 59 30 80 
4 16 14 14 4 5 64 53 4 21 50 0 

64 36 46 59 11 8 44 74 39 56 58 8 
70 42 52 65 17 2 50 80 45 62 64 2 
25 3 7 20 28 47 5 35 0 17 19 47 
3 31 21 8 56 75 23 7 28 11 9 75 
14 42 32 19 67 86 34 4 39 22 20 86 
33 5 15 28 20 39 13 43 8 25 27 39 
74 46 56 69 21 2 54 84 49 66 68 2 
70 42 52 65 17 2 50 80 45 62 64 2 
51 23 33 46 2 21 31 61 26 43 45 21 
40 12 22 35 13 32 20 50 15 32 34 32 
19 47 37 24 72 91 39 9 44 27 25 91 
61 33 43 56 8 11 41 71 36 53 55 11 

22 26 61 75 73 5 12 81 78 30 53 2 
28 32 67 81 79 1 6 87 84 36 59 4 
17 13 22 36 34 44 51 42 39 9 14 41 
45 41 6 8 6 72 79 14 11 37 14 69 
56 52 17 3 5 83 90 3 0 48 25 80 
9 5 30 44 42 36 43 50 47 1 22 33 
32 36 71 85 83 5 2 91 88 40 63 8 
28 32 67 81 79 1 6 87 84 36 59 4 
9 13 48 62 60 18 25 68 65 17 40 15 
2 2 37 51 49 29 36 57 54 6 29 26 
61 57 22 8 10 88 95 2 5 53 30 85 
19 23 58 72 70 8 15 78 75 27 50 5 

48 48 38 44 53 13 32 12 21 4 7 0 
67 67 57 63 72 32 51 31 2 23 26 19 
5 5 15 9 0 40 21 41 74 49 46 53 
42 42 32 38 47 7 26 6 27 2 1 6 
48 48 38 44 53 13 32 12 21 4 7 0 
48 48 38 44 53 13 32 12 21 4 7 0 
10 10 20 14 5 45 26 46 79 54 51 58 
20 20 30 24 15 55 36 56 89 64 61 68 
16 16 26 20 11 51 32 52 85 60 57 64 
49 49 39 45 54 14 33 13 20 5 8 1 
42 42 32 38 47 7 26 6 27 2 1 6 
11 11 21 15 6 46 27 47 80 55 52 59 

63 57 19 16 13 3 21 14 23 38 61 16 
82 76 0 35 32 16 2 33 42 57 80 35 
10 4 72 37 40 56 74 39 30 15 8 37 
57 51 25 10 7 9 27 8 17 32 55 10 
63 57 19 16 13 3 21 14 23 38 61 16 
63 57 19 16 13 3 21 14 23 38 61 16 
5 1 77 42 45 61 79 44 35 20 3 42 
5 11 87 52 55 71 89 54 45 30 7 52 
1 7 83 48 51 67 85 50 41 26 3 48 
64 58 18 17 14 2 20 15 24 39 62 17 
57 51 25 10 7 9 27 8 17 32 55 10 
4 2 78 43 46 62 80 45 36 21 2 43 

50 38 68 68 58 59 10 1 50 33 4 54 
69 57 87 87 77 78 9 20 69 52 23 73 
3 15 15 15 5 6 63 52 3 20 49 1 
44 32 62 62 52 53 16 5 44 27 2 48 
50 38 68 68 58 59 10 1 50 33 4 54 
50 38 68 68 58 59 10 1 50 33 4 54 
8 20 10 10 0 1 68 57 8 25 54 4 
18 30 0 0 10 9 78 67 18 35 64 14 
14 26 4 4 6 5 74 63 14 31 60 10 
51 39 69 69 59 60 9 2 51 34 5 55 
44 32 62 62 52 53 16 5 44 27 2 48 
9 21 9 9 1 0 69 58 9 26 55 5 

7 21 11 2 46 65 13 17 18 1 1 65 
12 40 30 17 65 84 32 2 37 20 18 84 
60 32 42 55 7 12 40 70 35 52 54 12 
13 15 5 8 40 59 7 23 12 5 7 59 
7 21 11 2 46 65 13 17 18 1 1 65 
7 21 11 2 46 65 13 17 18 1 1 65 
65 37 47 60 12 7 45 75 40 57 59 7 
75 47 57 70 22 3 55 85 50 67 69 3 
71 43 53 66 18 1 51 81 46 63 65 1 
6 22 12 1 47 66 14 16 19 2 0 66 
13 15 5 8 40 59 7 23 12 5 7 59 
66 38 48 61 13 6 46 76 41 58 60 6 

35 31 4 18 16 62 69 24 21 27 4 59 
54 50 15 1 3 81 88 5 2 46 23 78 
18 22 57 71 69 9 16 77 74 26 49 6 
29 25 10 24 22 56 63 30 27 21 2 53 
35 31 4 18 16 62 69 24 21 27 4 59 
35 31 4 18 16 62 69 24 21 27 4 59 
23 27 62 76 74 4 11 82 79 31 54 1 
33 37 72 86 84 6 1 92 89 41 64 9 
29 33 68 82 80 2 5 88 85 37 60 5 
36 32 3 17 15 63 70 23 20 28 5 60 
29 25 10 24 22 56 63 30 27 21 2 53 
24 28 63 77 75 3 10 83 80 32 55 0 

15 9 67 32 35 51 69 34 25 10 13 32 
15 9 67 32 35 51 69 34 25 10 13 32 
25 19 57 22 25 41 59 24 15 0 23 22 
19 13 63 28 31 47 65 30 21 6 17 28 
10 4 72 37 40 56 74 39 30 15 8 37 
50 44 32 3 0 16 34 1 10 25 48 3 
31 25 51 16 19 35 53 18 9 6 29 16 
51 45 31 4 1 15 33 2 11 26 49 4 
84 78 2 37 34 18 0 35 44 59 82 37 
59 53 23 12 9 7 25 10 19 34 57 12 
56 50 26 9 6 10 28 7 16 31 54 9 
63 57 19 16 13 3 21 14 23 38 61 16 

2 10 20 20 10 11 58 47 2 15 44 6 
2 10 20 20 10 11 58 47 2 15 44 6 
12 0 30 30 20 21 48 37 12 5 34 16 
6 6 24 24 14 15 54 43 6 11 40 10 
3 15 15 15 5 6 63 52 3 20 49 1 
37 25 55 55 45 46 23 12 37 20 9 41 
18 6 36 36 26 27 42 31 18 1 28 22 
38 26 56 56 46 47 22 11 38 21 8 42 
71 59 89 89 79 80 11 22 71 54 25 75 
46 34 64 64 54 55 14 3 46 29 0 50 
43 31 61 61 51 52 17 6 43 26 3 47 
50 38 68 68 58 59 10 1 50 33 4 54 

55 27 37 50 2 17 35 65 30 47 49 17 
55 27 37 50 2 17 35 65 30 47 49 17 
45 17 27 40 8 27 25 55 20 37 39 27 
51 23 33 46 2 21 31 61 26 43 45 21 
60 32 42 55 7 12 40 70 35 52 54 12 
20 8 2 15 33 52 0 30 5 12 14 52 
39 11 21 34 14 33 19 49 14 31 33 33 
19 9 1 14 34 53 1 29 6 11 13 53 
14 42 32 19 67 86 34 4 39 22 20 86 
11 17 7 6 42 61 9 21 14 3 5 61 
14 14 4 9 39 58 6 24 11 6 8 58 
7 21 11 2 46 65 13 17 18 1 1 65 

13 17 52 66 64 14 21 72 69 21 44 11 
13 17 52 66 64 14 21 72 69 21 44 11 
3 7 42 56 54 24 31 62 59 11 34 21 
9 13 48 62 60 18 25 68 65 17 40 15 
18 22 57 71 69 9 16 77 74 26 49 6 
22 18 17 31 29 49 56 37 34 14 9 46 
3 1 36 50 48 30 37 56 53 5 28 27 
23 19 16 30 28 50 57 36 33 15 8 47 
56 52 17 3 5 83 90 3 0 48 25 80 
31 27 8 22 20 58 65 28 25 23 0 55 
28 24 11 25 23 55 62 31 28 20 3 52 
35 31 4 18 16 62 69 24 21 27 4 59 

13 25 5 5 5 4 73 62 13 30 59 9 
7 19 11 11 1 2 67 56 7 24 53 3 
69 57 87 87 77 78 9 20 69 52 23 73 
34 22 52 52 42 43 26 15 34 17 12 38 
37 25 55 55 45 46 23 12 37 20 9 41 
53 41 71 71 61 62 7 4 53 36 7 57 
71 59 89 89 79 80 11 22 71 54 25 75 
36 24 54 54 44 45 24 13 36 19 10 40 
27 15 45 45 35 36 33 22 27 10 19 31 
12 0 30 30 20 21 48 37 12 5 34 16 
11 23 7 7 3 2 71 60 11 28 57 7 
34 22 52 52 42 43 26 15 34 17 12 38 

70 42 52 65 17 2 50 80 45 62 64 2 
64 36 46 59 11 8 44 74 39 56 58 8 
12 40 30 17 65 84 32 2 37 20 18 84 
23 5 5 18 30 49 3 33 2 15 17 49 
20 8 2 15 33 52 0 30 5 12 14 52 
4 24 14 1 49 68 16 14 21 4 2 68 
14 42 32 19 67 86 34 4 39 22 20 86 
21 7 3 16 32 51 1 31 4 13 15 51 
30 2 12 25 23 42 10 40 5 22 24 42 
45 17 27 40 8 27 25 55 20 37 39 27 
68 40 50 63 15 4 48 78 43 60 62 4 
23 5 5 18 30 49 3 33 2 15 17 49 

28 32 67 81 79 1 6 87 84 36 59 4 
22 26 61 75 73 5 12 81 78 30 53 2 
54 50 15 1 3 81 88 5 2 46 23 78 
19 15 20 34 32 46 53 40 37 11 12 43 
22 18 17 31 29 49 56 37 34 14 9 46 
38 34 1 15 13 65 72 21 18 30 7 62 
56 52 17 3 5 83 90 3 0 48 25 80 
21 17 18 32 30 48 55 38 35 13 10 45 
12 8 27 41 39 39 46 47 44 4 19 36 
3 7 42 56 54 24 31 62 59 11 34 21 
26 30 65 79 77 1 8 85 82 34 57 2 
19 15 20 34 32 46 53 40 37 11 12 43 

57 29 39 52 4 15 37 67 32 49 51 15 
45 17 27 40 8 27 25 55 20 37 39 27 
75 47 57 70 22 3 55 85 50 67 69 3 
75 47 57 70 22 3 55 85 50 67 69 3 
65 37 47 60 12 7 45 75 40 57 59 7 
66 38 48 61 13 6 46 76 41 58 60 6 
3 31 21 8 56 75 23 7 28 11 9 75 
8 20 10 3 45 64 12 18 17 0 2 64 
57 29 39 52 4 15 37 67 32 49 51 15 
40 12 22 35 13 32 20 50 15 32 34 32 
11 17 7 6 42 61 9 21 14 3 5 61 
61 33 43 56 8 11 41 71 36 53 55 11 

15 19 54 68 66 12 19 74 71 23 46 9 
3 7 42 56 54 24 31 62 59 11 34 21 
33 37 72 86 84 6 1 92 89 41 64 9 
33 37 72 86 84 6 1 92 89 41 64 9 
23 27 62 76 74 4 11 82 79 31 54 1 
24 28 63 77 75 3 10 83 80 32 55 0 
45 41 6 8 6 72 79 14 11 37 14 69 
34 30 5 19 17 61 68 25 22 26 3 58 
15 19 54 68 66 12 19 74 71 23 46 9 
2 2 37 51 49 29 36 57 54 6 29 26 
31 27 8 22 20 58 65 28 25 23 0 55 
19 23 58 72 70 8 15 78 75 27 50 5 

42 38 3 11 9 69 76 17 14 34 11 66 
14 10 25 39 37 41 48 45 42 6 17 38 
24 20 15 29 27 51 58 35 32 16 7 48 
37 33 2 16 14 64 71 22 19 29 6 61 
11 15 50 64 62 16 23 70 67 19 42 13 
30 34 69 83 81 3 4 89 86 38 61 6 
22 18 17 31 29 49 56 37 34 14 9 46 
52 48 13 1 1 79 86 7 4 44 21 76 
17 13 22 36 34 44 51 42 39 9 14 41 
34 30 5 19 17 61 68 25 22 26 3 58 
36 32 3 17 15 63 70 23 20 28 5 60 
30 34 69 83 81 3 4 89 86 38 61 6 

