17 14 

55 62 10 32 25 47 21 24 1 19 23 19 11 49 9 32 6 
89 96 24 66 9 81 13 58 35 15 57 15 45 83 25 66 40 
87 94 22 64 7 79 11 56 33 13 55 13 43 81 23 64 38 
38 45 27 15 42 30 38 7 16 36 6 36 6 32 26 15 11 
83 90 18 60 3 75 7 52 29 9 51 9 39 77 19 60 34 
42 49 23 19 38 34 34 11 12 32 10 32 2 36 22 19 7 
88 95 23 65 8 80 12 57 34 14 56 14 44 82 24 65 39 
83 90 18 60 3 75 7 52 29 9 51 9 39 77 19 60 34 
53 60 12 30 27 45 23 22 1 21 21 21 9 47 11 30 4 
4 11 61 19 76 4 72 27 50 70 28 70 40 2 60 19 45 
57 64 8 34 23 49 19 26 3 17 25 17 13 51 7 34 8 
80 87 15 57 0 72 4 49 26 6 48 6 36 74 16 57 31 
10 17 55 13 70 2 66 21 44 64 22 64 34 4 54 13 39 
2 5 67 25 82 10 78 33 56 76 34 76 46 8 66 25 51 
28 35 37 5 52 20 48 3 26 46 4 46 16 22 36 5 21 
69 76 4 46 11 61 7 38 15 5 37 5 25 63 5 46 20 
34 41 31 11 46 26 42 3 20 40 2 40 10 28 30 11 15 

27 56 22 56 10 54 2 61 29 32 38 12 37 40 15 17 31 
7 90 56 90 44 88 36 95 5 2 72 22 71 74 49 51 3 
5 88 54 88 42 86 34 93 3 0 70 20 69 72 47 49 1 
44 39 5 39 7 37 15 44 46 49 21 29 20 23 2 0 48 
1 84 50 84 38 82 30 89 1 4 66 16 65 68 43 45 3 
40 43 9 43 3 41 11 48 42 45 25 25 24 27 2 4 44 
6 89 55 89 43 87 35 94 4 1 71 21 70 73 48 50 2 
1 84 50 84 38 82 30 89 1 4 66 16 65 68 43 45 3 
29 54 20 54 8 52 0 59 31 34 36 14 35 38 13 15 33 
78 5 29 5 41 3 49 10 80 83 13 63 14 11 36 34 82 
25 58 24 58 12 56 4 63 27 30 40 10 39 42 17 19 29 
2 81 47 81 35 79 27 86 4 7 63 13 62 65 40 42 6 
72 11 23 11 35 9 43 16 74 77 7 57 8 5 30 28 76 
84 1 35 1 47 3 55 4 86 89 19 69 20 17 42 40 88 
54 29 5 29 17 27 25 34 56 59 11 39 10 13 12 10 58 
13 70 36 70 24 68 16 75 15 18 52 2 51 54 29 31 17 
48 35 1 35 11 33 19 40 50 53 17 33 16 19 6 4 52 

24 47 52 32 52 8 11 20 2 57 14 20 5 56 20 56 1 
10 81 86 2 86 26 45 54 32 91 48 54 29 90 14 90 35 
8 79 84 0 84 24 43 52 30 89 46 52 27 88 12 88 33 
41 30 35 49 35 25 6 3 19 40 3 3 22 39 37 39 16 
4 75 80 4 80 20 39 48 26 85 42 48 23 84 8 84 29 
37 34 39 45 39 21 2 7 15 44 1 7 18 43 33 43 12 
9 80 85 1 85 25 44 53 31 90 47 53 28 89 13 89 34 
4 75 80 4 80 20 39 48 26 85 42 48 23 84 8 84 29 
26 45 50 34 50 10 9 18 4 55 12 18 7 54 22 54 1 
75 4 1 83 1 59 40 31 53 6 37 31 56 5 71 5 50 
22 49 54 30 54 6 13 22 0 59 16 22 3 58 18 58 3 
1 72 77 7 77 17 36 45 23 82 39 45 20 81 5 81 26 
69 2 7 77 7 53 34 25 47 12 31 25 50 11 65 11 44 
81 10 5 89 5 65 46 37 59 0 43 37 62 1 77 1 56 
51 20 25 59 25 35 16 7 29 30 13 7 32 29 47 29 26 
10 61 66 18 66 6 25 34 12 71 28 34 9 70 6 70 15 
45 26 31 53 31 29 10 1 23 36 7 1 26 35 41 35 20 

59 27 2 12 23 5 22 39 7 47 56 4 2 7 4 45 39 
93 61 36 22 57 29 12 73 27 81 90 38 36 27 38 79 73 
91 59 34 20 55 27 10 71 25 79 88 36 34 25 36 77 71 
42 10 15 29 6 22 39 22 24 30 39 13 15 24 13 28 22 
87 55 30 16 51 23 6 67 21 75 84 32 30 21 32 73 67 
46 14 11 25 10 18 35 26 20 34 43 9 11 20 9 32 26 
92 60 35 21 56 28 11 72 26 80 89 37 35 26 37 78 72 
87 55 30 16 51 23 6 67 21 75 84 32 30 21 32 73 67 
57 25 0 14 21 7 24 37 9 45 54 2 0 9 2 43 37 
8 24 49 63 28 56 73 12 58 4 5 47 49 58 47 6 12 
61 29 4 10 25 3 20 41 5 49 58 6 4 5 6 47 41 
84 52 27 13 48 20 3 64 18 72 81 29 27 18 29 70 64 
14 18 43 57 22 50 67 6 52 2 11 41 43 52 41 0 6 
2 30 55 69 34 62 79 18 64 10 1 53 55 64 53 12 18 
32 0 25 39 4 32 49 12 34 20 29 23 25 34 23 18 12 
73 41 16 2 37 9 8 53 7 61 70 18 16 7 18 59 53 
38 6 19 33 2 26 43 18 28 26 35 17 19 28 17 24 18 

6 27 20 17 48 45 10 43 17 6 5 50 46 40 7 24 16 
28 61 54 17 82 79 44 77 17 28 39 84 80 74 41 58 18 
26 59 52 15 80 77 42 75 15 26 37 82 78 72 39 56 16 
23 10 3 34 31 28 7 26 34 23 12 33 29 23 10 7 33 
22 55 48 11 76 73 38 71 11 22 33 78 74 68 35 52 12 
19 14 7 30 35 32 3 30 30 19 8 37 33 27 6 11 29 
27 60 53 16 81 78 43 76 16 27 38 83 79 73 40 57 17 
22 55 48 11 76 73 38 71 11 22 33 78 74 68 35 52 12 
8 25 18 19 46 43 8 41 19 8 3 48 44 38 5 22 18 
57 24 31 68 3 6 41 8 68 57 46 1 5 11 44 27 67 
4 29 22 15 50 47 12 45 15 4 7 52 48 42 9 26 14 
19 52 45 8 73 70 35 68 8 19 30 75 71 65 32 49 9 
51 18 25 62 3 0 35 2 62 51 40 5 1 5 38 21 61 
63 30 37 74 9 12 47 14 74 63 52 7 11 17 50 33 73 
33 0 7 44 21 18 17 16 44 33 22 23 19 13 20 3 43 
8 41 34 3 62 59 24 57 3 8 19 64 60 54 21 38 2 
27 6 1 38 27 24 11 22 38 27 16 29 25 19 14 3 37 

32 7 15 11 31 24 61 22 8 21 27 1 21 22 23 32 21 
66 41 19 23 65 58 95 56 42 13 7 33 13 56 11 2 55 
64 39 17 21 63 56 93 54 40 11 5 31 11 54 9 0 53 
15 10 32 28 14 7 44 5 9 38 44 18 38 5 40 49 4 
60 35 13 17 59 52 89 50 36 7 1 27 7 50 5 4 49 
19 6 28 24 18 11 48 9 5 34 40 14 34 9 36 45 8 
65 40 18 22 64 57 94 55 41 12 6 32 12 55 10 1 54 
60 35 13 17 59 52 89 50 36 7 1 27 7 50 5 4 49 
30 5 17 13 29 22 59 20 6 23 29 3 23 20 25 34 19 
19 44 66 62 20 27 10 29 43 72 78 52 72 29 74 83 30 
34 9 13 9 33 26 63 24 10 19 25 1 19 24 21 30 23 
57 32 10 14 56 49 86 47 33 4 2 24 4 47 2 7 46 
13 38 60 56 14 21 16 23 37 66 72 46 66 23 68 77 24 
25 50 72 68 26 33 4 35 49 78 84 58 78 35 80 89 36 
5 20 42 38 4 3 34 5 19 48 54 28 48 5 50 59 6 
46 21 1 3 45 38 75 36 22 7 13 13 7 36 9 18 35 
11 14 36 32 10 3 40 1 13 42 48 22 42 1 44 53 0 

20 38 5 32 32 14 36 55 51 13 34 21 12 25 28 11 1 
54 72 29 2 2 20 70 89 85 47 0 13 22 9 62 45 35 
52 70 27 0 0 18 68 87 83 45 2 11 20 7 60 43 33 
3 21 22 49 49 31 19 38 34 4 51 38 29 42 11 6 16 
48 66 23 4 4 14 64 83 79 41 6 7 16 3 56 39 29 
7 25 18 45 45 27 23 42 38 0 47 34 25 38 15 2 12 
53 71 28 1 1 19 69 88 84 46 1 12 21 8 61 44 34 
48 66 23 4 4 14 64 83 79 41 6 7 16 3 56 39 29 
18 36 7 34 34 16 34 53 49 11 36 23 14 27 26 9 1 
31 13 56 83 83 65 15 4 0 38 85 72 63 76 23 40 50 
22 40 3 30 30 12 38 57 53 15 32 19 10 23 30 13 3 
45 63 20 7 7 11 61 80 76 38 9 4 13 0 53 36 26 
25 7 50 77 77 59 9 10 6 32 79 66 57 70 17 34 44 
37 19 62 89 89 71 21 2 6 44 91 78 69 82 29 46 56 
7 11 32 59 59 41 9 28 24 14 61 48 39 52 1 16 26 
34 52 9 18 18 0 50 69 65 27 20 7 2 11 42 25 15 
1 17 26 53 53 35 15 34 30 8 55 42 33 46 7 10 20 

11 1 44 51 27 35 28 62 45 13 26 29 17 24 52 61 24 
23 35 78 85 61 69 6 96 79 21 60 63 17 58 86 95 58 
21 33 76 83 59 67 4 94 77 19 58 61 15 56 84 93 56 
28 16 27 34 10 18 45 45 28 30 9 12 34 7 35 44 7 
17 29 72 79 55 63 0 90 73 15 54 57 11 52 80 89 52 
24 12 31 38 14 22 41 49 32 26 13 16 30 11 39 48 11 
22 34 77 84 60 68 5 95 78 20 59 62 16 57 85 94 57 
17 29 72 79 55 63 0 90 73 15 54 57 11 52 80 89 52 
13 1 42 49 25 33 30 60 43 15 24 27 19 22 50 59 22 
62 50 7 0 24 16 79 11 6 64 25 22 68 27 1 10 27 
9 3 46 53 29 37 26 64 47 11 28 31 15 26 54 63 26 
14 26 69 76 52 60 3 87 70 12 51 54 8 49 77 86 49 
56 44 1 6 18 10 73 17 0 58 19 16 62 21 7 16 21 
68 56 13 6 30 22 85 5 12 70 31 28 74 33 5 4 33 
38 26 17 24 0 8 55 35 18 40 1 2 44 3 25 34 3 
3 15 58 65 41 49 14 76 59 1 40 43 3 38 66 75 38 
32 20 23 30 6 14 49 41 24 34 5 8 38 3 31 40 3 

56 35 16 62 24 15 6 24 45 7 34 13 64 2 40 10 62 
90 69 18 96 10 49 28 58 79 41 0 47 98 36 74 24 96 
88 67 16 94 8 47 26 56 77 39 2 45 96 34 72 22 94 
39 18 33 45 41 2 23 7 28 10 51 4 47 15 23 27 45 
84 63 12 90 4 43 22 52 73 35 6 41 92 30 68 18 90 
43 22 29 49 37 2 19 11 32 6 47 0 51 11 27 23 49 
89 68 17 95 9 48 27 57 78 40 1 46 97 35 73 23 95 
84 63 12 90 4 43 22 52 73 35 6 41 92 30 68 18 90 
54 33 18 60 26 13 8 22 43 5 36 11 62 0 38 12 60 
5 16 67 11 75 36 57 27 6 44 85 38 13 49 11 61 11 
58 37 14 64 22 17 4 26 47 9 32 15 66 4 42 8 64 
81 60 9 87 1 40 19 49 70 32 9 38 89 27 65 15 87 
11 10 61 17 69 30 51 21 0 38 79 32 19 43 5 55 17 
1 22 73 5 81 42 63 33 12 50 91 44 7 55 17 67 5 
29 8 43 35 51 12 33 3 18 20 61 14 37 25 13 37 35 
70 49 2 76 10 29 8 38 59 21 20 27 78 16 54 4 76 
35 14 37 41 45 6 27 3 24 14 55 8 43 19 19 31 41 

32 7 7 31 26 26 30 24 22 48 62 9 39 5 42 18 15 
2 41 27 3 8 60 64 10 56 82 96 25 73 29 76 52 19 
0 39 25 1 6 58 62 8 54 80 94 23 71 27 74 50 17 
49 10 24 48 43 9 13 41 5 31 45 26 22 22 25 1 32 
4 35 21 3 2 54 58 4 50 76 90 19 67 23 70 46 13 
45 6 20 44 39 13 17 37 9 35 49 22 26 18 29 5 28 
1 40 26 2 7 59 63 9 55 81 95 24 72 28 75 51 18 
4 35 21 3 2 54 58 4 50 76 90 19 67 23 70 46 13 
34 5 9 33 28 24 28 26 20 46 60 11 37 7 40 16 17 
83 44 58 82 77 25 21 75 29 3 11 60 12 56 9 33 66 
30 9 5 29 24 28 32 22 24 50 64 7 41 3 44 20 13 
7 32 18 6 1 51 55 1 47 73 87 16 64 20 67 43 10 
77 38 52 76 71 19 15 69 23 3 17 54 6 50 3 27 60 
89 50 64 88 83 31 27 81 35 9 5 66 18 62 15 39 72 
59 20 34 58 53 1 3 51 5 21 35 36 12 32 15 9 42 
18 21 7 17 12 40 44 10 36 62 76 5 53 9 56 32 1 
53 14 28 52 47 5 9 45 1 27 41 30 18 26 21 3 36 

16 50 34 21 26 0 17 13 31 13 54 15 59 11 38 33 24 
50 84 68 55 8 34 51 21 3 21 88 19 93 45 72 67 10 
48 82 66 53 6 32 49 19 1 19 86 17 91 43 70 65 8 
1 33 17 4 43 17 0 30 48 30 37 32 42 6 21 16 41 
44 78 62 49 2 28 45 15 3 15 82 13 87 39 66 61 4 
3 37 21 8 39 13 4 26 44 26 41 28 46 2 25 20 37 
49 83 67 54 7 33 50 20 2 20 87 18 92 44 71 66 9 
44 78 62 49 2 28 45 15 3 15 82 13 87 39 66 61 4 
14 48 32 19 28 2 15 15 33 15 52 17 57 9 36 31 26 
35 1 17 30 77 51 34 64 82 64 3 66 8 40 13 18 75 
18 52 36 23 24 2 19 11 29 11 56 13 61 13 40 35 22 
41 75 59 46 1 25 42 12 6 12 79 10 84 36 63 58 1 
29 5 11 24 71 45 28 58 76 58 9 60 14 34 7 12 69 
41 7 23 36 83 57 40 70 88 70 3 72 2 46 19 24 81 
11 23 7 6 53 27 10 40 58 40 27 42 32 16 11 6 51 
30 64 48 35 12 14 31 1 17 1 68 1 73 25 52 47 10 
5 29 13 0 47 21 4 34 52 34 33 36 38 10 17 12 45 

38 29 32 33 27 12 22 3 18 39 57 20 27 8 54 27 27 
72 63 2 67 61 46 56 31 52 73 91 54 61 42 88 61 7 
70 61 0 65 59 44 54 29 50 71 89 52 59 40 86 59 5 
21 12 49 16 10 5 5 20 1 22 40 3 10 9 37 10 44 
66 57 4 61 55 40 50 25 46 67 85 48 55 36 82 55 1 
25 16 45 20 14 1 9 16 5 26 44 7 14 5 41 14 40 
71 62 1 66 60 45 55 30 51 72 90 53 60 41 87 60 6 
66 57 4 61 55 40 50 25 46 67 85 48 55 36 82 55 1 
36 27 34 31 25 10 20 5 16 37 55 18 25 6 52 25 29 
13 22 83 18 24 39 29 54 33 12 6 31 24 43 3 24 78 
40 31 30 35 29 14 24 1 20 41 59 22 29 10 56 29 25 
63 54 7 58 52 37 47 22 43 64 82 45 52 33 79 52 2 
7 16 77 12 18 33 23 48 27 6 12 25 18 37 9 18 72 
19 28 89 24 30 45 35 60 39 18 0 37 30 49 3 30 84 
11 2 59 6 0 15 5 30 9 12 30 7 0 19 27 0 54 
52 43 18 47 41 26 36 11 32 53 71 34 41 22 68 41 13 
17 8 53 12 6 9 1 24 3 18 36 1 6 13 33 6 48 

11 31 19 25 3 7 3 57 32 14 33 19 19 10 18 33 54 
23 65 15 9 37 27 31 91 2 20 67 53 15 44 52 1 88 
21 63 13 7 35 25 29 89 0 18 65 51 13 42 50 1 86 
28 14 36 42 14 24 20 40 49 31 16 2 36 7 1 50 37 
17 59 9 3 31 21 25 85 4 14 61 47 9 38 46 5 82 
24 18 32 38 10 20 16 44 45 27 20 6 32 3 5 46 41 
22 64 14 8 36 26 30 90 1 19 66 52 14 43 51 0 87 
17 59 9 3 31 21 25 85 4 14 61 47 9 38 46 5 82 
13 29 21 27 1 9 5 55 34 16 31 17 21 8 16 35 52 
62 20 70 76 48 58 54 6 83 65 18 32 70 41 33 84 3 
9 33 17 23 5 5 1 59 30 12 35 21 17 12 20 31 56 
14 56 6 0 28 18 22 82 7 11 58 44 6 35 43 8 79 
56 14 64 70 42 52 48 12 77 59 12 26 64 35 27 78 9 
68 26 76 82 54 64 60 0 89 71 24 38 76 47 39 90 3 
38 4 46 52 24 34 30 30 59 41 6 8 46 17 9 60 27 
3 45 5 11 17 7 11 71 18 0 47 33 5 24 32 19 68 
32 10 40 46 18 28 24 36 53 35 12 2 40 11 3 54 33 

82 1 33 1 45 1 53 6 84 87 17 67 18 15 40 38 86 
89 6 40 6 52 8 60 1 91 94 24 74 25 22 47 45 93 
17 66 32 66 20 64 12 71 19 22 48 2 47 50 25 27 21 
59 24 10 24 22 22 30 29 61 64 6 44 5 8 17 15 63 
2 81 47 81 35 79 27 86 4 7 63 13 62 65 40 42 6 
74 9 25 9 37 7 45 14 76 79 9 59 10 7 32 30 78 
6 77 43 77 31 75 23 82 8 11 59 9 58 61 36 38 10 
51 32 2 32 14 30 22 37 53 56 14 36 13 16 9 7 55 
28 55 21 55 9 53 1 60 30 33 37 13 36 39 14 16 32 
8 75 41 75 29 73 21 80 10 13 57 7 56 59 34 36 12 
50 33 1 33 13 31 21 38 52 55 15 35 14 17 8 6 54 
8 75 41 75 29 73 21 80 10 13 57 7 56 59 34 36 12 
38 45 11 45 1 43 9 50 40 43 27 23 26 29 4 6 42 
76 7 27 7 39 5 47 12 78 81 11 61 12 9 34 32 80 
18 65 31 65 19 63 11 70 20 23 47 3 46 49 24 26 22 
59 24 10 24 22 22 30 29 61 64 6 44 5 8 17 15 63 
33 50 16 50 4 48 4 55 35 38 32 18 31 34 9 11 37 

79 8 3 87 3 63 44 35 57 2 41 35 60 1 75 1 54 
86 15 10 94 10 70 51 42 64 5 48 42 67 6 82 6 61 
14 57 62 22 62 2 21 30 8 67 24 30 5 66 10 66 11 
56 15 20 64 20 40 21 12 34 25 18 12 37 24 52 24 31 
1 72 77 7 77 17 36 45 23 82 39 45 20 81 5 81 26 
71 0 5 79 5 55 36 27 49 10 33 27 52 9 67 9 46 
3 68 73 11 73 13 32 41 19 78 35 41 16 77 1 77 22 
48 23 28 56 28 32 13 4 26 33 10 4 29 32 44 32 23 
25 46 51 33 51 9 10 19 3 56 13 19 6 55 21 55 0 
5 66 71 13 71 11 30 39 17 76 33 39 14 75 1 75 20 
47 24 29 55 29 31 12 3 25 34 9 3 28 33 43 33 22 
5 66 71 13 71 11 30 39 17 76 33 39 14 75 1 75 20 
35 36 41 43 41 19 0 9 13 46 3 9 16 45 31 45 10 
73 2 3 81 3 57 38 29 51 8 35 29 54 7 69 7 48 
15 56 61 23 61 1 20 29 7 66 23 29 4 65 11 65 10 
56 15 20 64 20 40 21 12 34 25 18 12 37 24 52 24 31 
30 41 46 38 46 14 5 14 8 51 8 14 11 50 26 50 5 

4 28 53 67 32 60 77 16 62 8 1 51 53 62 51 10 16 
3 35 60 74 39 67 84 23 69 15 6 58 60 69 58 17 23 
69 37 12 2 33 5 12 49 3 57 66 14 12 3 14 55 49 
27 5 30 44 9 37 54 7 39 15 24 28 30 39 28 13 7 
84 52 27 13 48 20 3 64 18 72 81 29 27 18 29 70 64 
12 20 45 59 24 52 69 8 54 0 9 43 45 54 43 2 8 
80 48 23 9 44 16 1 60 14 68 77 25 23 14 25 66 60 
35 3 22 36 1 29 46 15 31 23 32 20 22 31 20 21 15 
58 26 1 13 22 6 23 38 8 46 55 3 1 8 3 44 38 
78 46 21 7 42 14 3 58 12 66 75 23 21 12 23 64 58 
36 4 21 35 0 28 45 16 30 24 33 19 21 30 19 22 16 
78 46 21 7 42 14 3 58 12 66 75 23 21 12 23 64 58 
48 16 9 23 12 16 33 28 18 36 45 7 9 18 7 34 28 
10 22 47 61 26 54 71 10 56 2 7 45 47 56 45 4 10 
68 36 11 3 32 4 13 48 2 56 65 13 11 2 13 54 48 
27 5 30 44 9 37 54 7 39 15 24 28 30 39 28 13 7 
53 21 4 18 17 11 28 33 13 41 50 2 4 13 2 39 33 

61 28 35 72 7 10 45 12 72 61 50 5 9 15 48 31 71 
68 35 42 79 14 17 52 19 79 68 57 12 16 22 55 38 78 
4 37 30 7 58 55 20 53 7 4 15 60 56 50 17 34 6 
38 5 12 49 16 13 22 11 49 38 27 18 14 8 25 8 48 
19 52 45 8 73 70 35 68 8 19 30 75 71 65 32 49 9 
53 20 27 64 1 2 37 4 64 53 42 3 1 7 40 23 63 
15 48 41 4 69 66 31 64 4 15 26 71 67 61 28 45 5 
30 3 4 41 24 21 14 19 41 30 19 26 22 16 17 0 40 
7 26 19 18 47 44 9 42 18 7 4 49 45 39 6 23 17 
13 46 39 2 67 64 29 62 2 13 24 69 65 59 26 43 3 
29 4 3 40 25 22 13 20 40 29 18 27 23 17 16 1 39 
13 46 39 2 67 64 29 62 2 13 24 69 65 59 26 43 3 
17 16 9 28 37 34 1 32 28 17 6 39 35 29 4 13 27 
55 22 29 66 1 4 39 6 66 55 44 1 3 9 42 25 65 
3 36 29 8 57 54 19 52 8 3 14 59 55 49 16 33 7 
38 5 12 49 16 13 22 11 49 38 27 18 14 8 25 8 48 
12 21 14 23 42 39 4 37 23 12 1 44 40 34 1 18 22 

23 48 70 66 24 31 6 33 47 76 82 56 76 33 78 87 34 
30 55 77 73 31 38 1 40 54 83 89 63 83 40 85 94 41 
42 17 5 1 41 34 71 32 18 11 17 9 11 32 13 22 31 
0 25 47 43 1 8 29 10 24 53 59 33 53 10 55 64 11 
57 32 10 14 56 49 86 47 33 4 2 24 4 47 2 7 46 
15 40 62 58 16 23 14 25 39 68 74 48 68 25 70 79 26 
53 28 6 10 52 45 82 43 29 0 6 20 0 43 2 11 42 
8 17 39 35 7 0 37 2 16 45 51 25 45 2 47 56 3 
31 6 16 12 30 23 60 21 7 22 28 2 22 21 24 33 20 
51 26 4 8 50 43 80 41 27 2 8 18 2 41 4 13 40 
9 16 38 34 8 1 38 1 15 44 50 24 44 1 46 55 2 
51 26 4 8 50 43 80 41 27 2 8 18 2 41 4 13 40 
21 4 26 22 20 13 50 11 3 32 38 12 32 11 34 43 10 
17 42 64 60 18 25 12 27 41 70 76 50 70 27 72 81 28 
41 16 6 2 40 33 70 31 17 12 18 8 12 31 14 23 30 
0 25 47 43 1 8 29 10 24 53 59 33 53 10 55 64 11 
26 1 21 17 25 18 55 16 2 27 33 7 27 16 29 38 15 

35 17 60 87 87 69 19 0 4 42 89 76 67 80 27 44 54 
42 24 67 94 94 76 26 7 11 49 96 83 74 87 34 51 61 
30 48 5 22 22 4 46 65 61 23 24 11 2 15 38 21 11 
12 6 37 64 64 46 4 23 19 19 66 53 44 57 4 21 31 
45 63 20 7 7 11 61 80 76 38 9 4 13 0 53 36 26 
27 9 52 79 79 61 11 8 4 34 81 68 59 72 19 36 46 
41 59 16 11 11 7 57 76 72 34 13 0 9 4 49 32 22 
4 14 29 56 56 38 12 31 27 11 58 45 36 49 4 13 23 
19 37 6 33 33 15 35 54 50 12 35 22 13 26 27 10 0 
39 57 14 13 13 5 55 74 70 32 15 2 7 6 47 30 20 
3 15 28 55 55 37 13 32 28 10 57 44 35 48 5 12 22 
39 57 14 13 13 5 55 74 70 32 15 2 7 6 47 30 20 
9 27 16 43 43 25 25 44 40 2 45 32 23 36 17 0 10 
29 11 54 81 81 63 13 6 2 36 83 70 61 74 21 38 48 
29 47 4 23 23 5 45 64 60 22 25 12 3 16 37 20 10 
12 6 37 64 64 46 4 23 19 19 66 53 44 57 4 21 31 
14 32 11 38 38 20 30 49 45 7 40 27 18 31 22 5 5 

66 54 11 4 28 20 83 7 10 68 29 26 72 31 3 6 31 
73 61 18 11 35 27 90 0 17 75 36 33 79 38 10 1 38 
1 11 54 61 37 45 18 72 55 3 36 39 7 34 62 71 34 
43 31 12 19 5 3 60 30 13 45 6 3 49 8 20 29 8 
14 26 69 76 52 60 3 87 70 12 51 54 8 49 77 86 49 
58 46 3 4 20 12 75 15 2 60 21 18 64 23 5 14 23 
10 22 65 72 48 56 7 83 66 8 47 50 4 45 73 82 45 
35 23 20 27 3 11 52 38 21 37 2 5 41 0 28 37 0 
12 0 43 50 26 34 29 61 44 14 25 28 18 23 51 60 23 
8 20 63 70 46 54 9 81 64 6 45 48 2 43 71 80 43 
34 22 21 28 4 12 51 39 22 36 3 6 40 1 29 38 1 
8 20 63 70 46 54 9 81 64 6 45 48 2 43 71 80 43 
22 10 33 40 16 24 39 51 34 24 15 18 28 13 41 50 13 
60 48 5 2 22 14 77 13 4 62 23 20 66 25 3 12 25 
2 10 53 60 36 44 19 71 54 4 35 38 8 33 61 70 33 
43 31 12 19 5 3 60 30 13 45 6 3 49 8 20 29 8 
17 5 38 45 21 29 34 56 39 19 20 23 23 18 46 55 18 

1 20 71 7 79 40 61 31 10 48 89 42 9 53 15 65 7 
6 27 78 0 86 47 68 38 17 55 96 49 2 60 22 72 0 
66 45 6 72 14 25 4 34 55 17 24 23 74 12 50 0 72 
24 3 48 30 56 17 38 8 13 25 66 19 32 30 8 42 30 
81 60 9 87 1 40 19 49 70 32 9 38 89 27 65 15 87 
9 12 63 15 71 32 53 23 2 40 81 34 17 45 7 57 15 
77 56 5 83 3 36 15 45 66 28 13 34 85 23 61 11 83 
32 11 40 38 48 9 30 0 21 17 58 11 40 22 16 34 38 
55 34 17 61 25 14 7 23 44 6 35 12 63 1 39 11 61 
75 54 3 81 5 34 13 43 64 26 15 32 83 21 59 9 81 
33 12 39 39 47 8 29 1 22 16 57 10 41 21 17 33 39 
75 54 3 81 5 34 13 43 64 26 15 32 83 21 59 9 81 
45 24 27 51 35 4 17 13 34 4 45 2 53 9 29 21 51 
7 14 65 13 73 34 55 25 4 42 83 36 15 47 9 59 13 
65 44 7 71 15 24 3 33 54 16 25 22 73 11 49 1 71 
24 3 48 30 56 17 38 8 13 25 66 19 32 30 8 42 30 
50 29 22 56 30 9 12 18 39 1 40 7 58 4 34 16 56 

87 48 62 86 81 29 25 79 33 7 7 64 16 60 13 37 70 
94 55 69 93 88 36 32 86 40 14 0 71 23 67 20 44 77 
22 17 3 21 16 36 40 14 32 58 72 1 49 5 52 28 5 
64 25 39 63 58 6 2 56 10 16 30 41 7 37 10 14 47 
7 32 18 6 1 51 55 1 47 73 87 16 64 20 67 43 10 
79 40 54 78 73 21 17 71 25 1 15 56 8 52 5 29 62 
11 28 14 10 5 47 51 3 43 69 83 12 60 16 63 39 6 
56 17 31 55 50 2 6 48 2 24 38 33 15 29 18 6 39 
33 6 8 32 27 25 29 25 21 47 61 10 38 6 41 17 16 
13 26 12 12 7 45 49 5 41 67 81 10 58 14 61 37 4 
55 16 30 54 49 3 7 47 1 25 39 32 16 28 19 5 38 
13 26 12 12 7 45 49 5 41 67 81 10 58 14 61 37 4 
43 4 18 42 37 15 19 35 11 37 51 20 28 16 31 7 26 
81 42 56 80 75 23 19 73 27 1 13 58 10 54 7 31 64 
23 16 2 22 17 35 39 15 31 57 71 0 48 4 51 27 6 
64 25 39 63 58 6 2 56 10 16 30 41 7 37 10 14 47 
38 1 13 37 32 20 24 30 16 42 56 15 33 11 36 12 21 

39 5 21 34 81 55 38 68 86 68 1 70 4 44 17 22 79 
46 12 28 41 88 62 45 75 93 75 8 77 3 51 24 29 86 
26 60 44 31 16 10 27 3 21 3 64 5 69 21 48 43 14 
16 18 2 11 58 32 15 45 63 45 22 47 27 21 6 1 56 
41 75 59 46 1 25 42 12 6 12 79 10 84 36 63 58 1 
31 3 13 26 73 47 30 60 78 60 7 62 12 36 9 14 71 
37 71 55 42 5 21 38 8 10 8 75 6 80 32 59 54 3 
8 26 10 3 50 24 7 37 55 37 30 39 35 13 14 9 48 
15 49 33 20 27 1 16 14 32 14 53 16 58 10 37 32 25 
35 69 53 40 7 19 36 6 12 6 73 4 78 30 57 52 5 
7 27 11 2 49 23 6 36 54 36 31 38 36 12 15 10 47 
35 69 53 40 7 19 36 6 12 6 73 4 78 30 57 52 5 
5 39 23 10 37 11 6 24 42 24 43 26 48 0 27 22 35 
33 1 15 28 75 49 32 62 80 62 5 64 10 38 11 16 73 
25 59 43 30 17 9 26 4 22 4 63 6 68 20 47 42 15 
16 18 2 11 58 32 15 45 63 45 22 47 27 21 6 1 56 
10 44 28 15 32 6 11 19 37 19 48 21 53 5 32 27 30 

17 26 87 22 28 43 33 58 37 16 2 35 28 47 1 28 82 
24 33 94 29 35 50 40 65 44 23 5 42 35 54 8 35 89 
48 39 22 43 37 22 32 7 28 49 67 30 37 18 64 37 17 
6 3 64 1 5 20 10 35 14 7 25 12 5 24 22 5 59 
63 54 7 58 52 37 47 22 43 64 82 45 52 33 79 52 2 
9 18 79 14 20 35 25 50 29 8 10 27 20 39 7 20 74 
59 50 11 54 48 33 43 18 39 60 78 41 48 29 75 48 6 
14 5 56 9 3 12 2 27 6 15 33 4 3 16 30 3 51 
37 28 33 32 26 11 21 4 17 38 56 19 26 7 53 26 28 
57 48 13 52 46 31 41 16 37 58 76 39 46 27 73 46 8 
15 6 55 10 4 11 1 26 5 16 34 3 4 15 31 4 50 
57 48 13 52 46 31 41 16 37 58 76 39 46 27 73 46 8 
27 18 43 22 16 1 11 14 7 28 46 9 16 3 43 16 38 
11 20 81 16 22 37 27 52 31 10 8 29 22 41 5 22 76 
47 38 23 42 36 21 31 6 27 48 66 29 36 17 63 36 18 
6 3 64 1 5 20 10 35 14 7 25 12 5 24 22 5 59 
32 23 38 27 21 6 16 9 12 33 51 14 21 2 48 21 33 

66 24 74 80 52 62 58 2 87 69 22 36 74 45 37 88 1 
73 31 81 87 59 69 65 5 94 76 29 43 81 52 44 95 8 
1 41 9 15 13 3 7 67 22 4 43 29 9 20 28 23 64 
43 1 51 57 29 39 35 25 64 46 1 13 51 22 14 65 22 
14 56 6 0 28 18 22 82 7 11 58 44 6 35 43 8 79 
58 16 66 72 44 54 50 10 79 61 14 28 66 37 29 80 7 
10 52 2 4 24 14 18 78 11 7 54 40 2 31 39 12 75 
35 7 43 49 21 31 27 33 56 38 9 5 43 14 6 57 30 
12 30 20 26 2 8 4 56 33 15 32 18 20 9 17 34 53 
8 50 0 6 22 12 16 76 13 5 52 38 0 29 37 14 73 
34 8 42 48 20 30 26 34 55 37 10 4 42 13 5 56 31 
8 50 0 6 22 12 16 76 13 5 52 38 0 29 37 14 73 
22 20 30 36 8 18 14 46 43 25 22 8 30 1 7 44 43 
60 18 68 74 46 56 52 8 81 63 16 30 68 39 31 82 5 
2 40 10 16 12 2 6 66 23 5 42 28 10 19 27 24 63 
43 1 51 57 29 39 35 25 64 46 1 13 51 22 14 65 22 
17 25 25 31 3 13 9 51 38 20 27 13 25 4 12 39 48 

3 74 79 5 79 19 38 47 25 84 41 47 22 83 7 83 28 
80 9 4 88 4 64 45 36 58 1 42 36 61 0 76 0 55 
46 25 30 54 30 30 11 2 24 35 8 2 27 34 42 34 21 
80 9 4 88 4 64 45 36 58 1 42 36 61 0 76 0 55 
34 37 42 42 42 18 1 10 12 47 4 10 15 46 30 46 9 
78 7 2 86 2 62 43 34 56 3 40 34 59 2 74 2 53 
26 45 50 34 50 10 9 18 4 55 12 18 7 54 22 54 1 
85 14 9 93 9 69 50 41 63 4 47 41 66 5 81 5 60 
5 76 81 3 81 21 40 49 27 86 43 49 24 85 9 85 30 
8 79 84 0 84 24 43 52 30 89 46 52 27 88 12 88 33 
62 9 14 70 14 46 27 18 40 19 24 18 43 18 58 18 37 
12 59 64 20 64 4 23 32 10 69 26 32 7 68 8 68 13 
61 10 15 69 15 45 26 17 39 20 23 17 42 19 57 19 36 
64 7 12 72 12 48 29 20 42 17 26 20 45 16 60 16 39 
39 32 37 47 37 23 4 5 17 42 1 5 20 41 35 41 14 
41 30 35 49 35 25 6 3 19 40 3 3 22 39 37 39 16 
7 78 83 1 83 23 42 51 29 88 45 51 26 87 11 87 32 

86 54 29 15 50 22 5 66 20 74 83 31 29 20 31 72 66 
3 29 54 68 33 61 78 17 63 9 0 52 54 63 52 11 17 
37 5 20 34 1 27 44 17 29 25 34 18 20 29 18 23 17 
3 29 54 68 33 61 78 17 63 9 0 52 54 63 52 11 17 
49 17 8 22 13 15 32 29 17 37 46 6 8 17 6 35 29 
5 27 52 66 31 59 76 15 61 7 2 50 52 61 50 9 15 
57 25 0 14 21 7 24 37 9 45 54 2 0 9 2 43 37 
2 34 59 73 38 66 83 22 68 14 5 57 59 68 57 16 22 
88 56 31 17 52 24 7 68 22 76 85 33 31 22 33 74 68 
91 59 34 20 55 27 10 71 25 79 88 36 34 25 36 77 71 
21 11 36 50 15 43 60 1 45 9 18 34 36 45 34 7 1 
71 39 14 0 35 7 10 51 5 59 68 16 14 5 16 57 51 
22 10 35 49 14 42 59 2 44 10 19 33 35 44 33 8 2 
19 13 38 52 17 45 62 1 47 7 16 36 38 47 36 5 1 
44 12 13 27 8 20 37 24 22 32 41 11 13 22 11 30 24 
42 10 15 29 6 22 39 22 24 30 39 13 15 24 13 28 22 
90 58 33 19 54 26 9 70 24 78 87 35 33 24 35 76 70 

21 54 47 10 75 72 37 70 10 21 32 77 73 67 34 51 11 
62 29 36 73 8 11 46 13 73 62 51 6 10 16 49 32 72 
28 5 2 39 26 23 12 21 39 28 17 28 24 18 15 2 38 
62 29 36 73 8 11 46 13 73 62 51 6 10 16 49 32 72 
16 17 10 27 38 35 0 33 27 16 5 40 36 30 3 14 26 
60 27 34 71 6 9 44 11 71 60 49 4 8 14 47 30 70 
8 25 18 19 46 43 8 41 19 8 3 48 44 38 5 22 18 
67 34 41 78 13 16 51 18 78 67 56 11 15 21 54 37 77 
23 56 49 12 77 74 39 72 12 23 34 79 75 69 36 53 13 
26 59 52 15 80 77 42 75 15 26 37 82 78 72 39 56 16 
44 11 18 55 10 7 28 5 55 44 33 12 8 2 31 14 54 
6 39 32 5 60 57 22 55 5 6 17 62 58 52 19 36 4 
43 10 17 54 11 8 27 6 54 43 32 13 9 3 30 13 53 
46 13 20 57 8 5 30 3 57 46 35 10 6 0 33 16 56 
21 12 5 32 33 30 5 28 32 21 10 35 31 25 8 9 31 
23 10 3 34 31 28 7 26 34 23 12 33 29 23 10 7 33 
25 58 51 14 79 76 41 74 14 25 36 81 77 71 38 55 15 

59 34 12 16 58 51 88 49 35 6 0 26 6 49 4 5 48 
24 49 71 67 25 32 5 34 48 77 83 57 77 34 79 88 35 
10 15 37 33 9 2 39 0 14 43 49 23 43 0 45 54 1 
24 49 71 67 25 32 5 34 48 77 83 57 77 34 79 88 35 
22 3 25 21 21 14 51 12 2 31 37 11 31 12 33 42 11 
22 47 69 65 23 30 7 32 46 75 81 55 75 32 77 86 33 
30 5 17 13 29 22 59 20 6 23 29 3 23 20 25 34 19 
29 54 76 72 30 37 0 39 53 82 88 62 82 39 84 93 40 
61 36 14 18 60 53 90 51 37 8 2 28 8 51 6 3 50 
64 39 17 21 63 56 93 54 40 11 5 31 11 54 9 0 53 
6 31 53 49 7 14 23 16 30 59 65 39 59 16 61 70 17 
44 19 3 1 43 36 73 34 20 9 15 11 9 34 11 20 33 
5 30 52 48 6 13 24 15 29 58 64 38 58 15 60 69 16 
8 33 55 51 9 16 21 18 32 61 67 41 61 18 63 72 19 
17 8 30 26 16 9 46 7 7 36 42 16 36 7 38 47 6 
15 10 32 28 14 7 44 5 9 38 44 18 38 5 40 49 4 
63 38 16 20 62 55 92 53 39 10 4 30 10 53 8 1 52 

47 65 22 5 5 13 63 82 78 40 7 6 15 2 55 38 28 
36 18 61 88 88 70 20 1 5 43 90 77 68 81 28 45 55 
2 16 27 54 54 36 14 33 29 9 56 43 34 47 6 11 21 
36 18 61 88 88 70 20 1 5 43 90 77 68 81 28 45 55 
10 28 15 42 42 24 26 45 41 3 44 31 22 35 18 1 9 
34 16 59 86 86 68 18 1 3 41 88 75 66 79 26 43 53 
18 36 7 34 34 16 34 53 49 11 36 23 14 27 26 9 1 
41 23 66 93 93 75 25 6 10 48 95 82 73 86 33 50 60 
49 67 24 3 3 15 65 84 80 42 5 8 17 4 57 40 30 
52 70 27 0 0 18 68 87 83 45 2 11 20 7 60 43 33 
18 0 43 70 70 52 2 17 13 25 72 59 50 63 10 27 37 
32 50 7 20 20 2 48 67 63 25 22 9 0 13 40 23 13 
17 1 42 69 69 51 1 18 14 24 71 58 49 62 9 26 36 
20 2 45 72 72 54 4 15 11 27 74 61 52 65 12 29 39 
5 23 20 47 47 29 21 40 36 2 49 36 27 40 13 4 14 
3 21 22 49 49 31 19 38 34 4 51 38 29 42 11 6 16 
51 69 26 1 1 17 67 86 82 44 3 10 19 6 59 42 32 

16 28 71 78 54 62 1 89 72 14 53 56 10 51 79 88 51 
67 55 12 5 29 21 84 6 11 69 30 27 73 32 4 5 32 
33 21 22 29 5 13 50 40 23 35 4 7 39 2 30 39 2 
67 55 12 5 29 21 84 6 11 69 30 27 73 32 4 5 32 
21 9 34 41 17 25 38 52 35 23 16 19 27 14 42 51 14 
65 53 10 3 27 19 82 8 9 67 28 25 71 30 2 7 30 
13 1 42 49 25 33 30 60 43 15 24 27 19 22 50 59 22 
72 60 17 10 34 26 89 1 16 74 35 32 78 37 9 0 37 
18 30 73 80 56 64 1 91 74 16 55 58 12 53 81 90 53 
21 33 76 83 59 67 4 94 77 19 58 61 15 56 84 93 56 
49 37 6 13 11 3 66 24 7 51 12 9 55 14 14 23 14 
1 13 56 63 39 47 16 74 57 1 38 41 5 36 64 73 36 
48 36 7 14 10 2 65 25 8 50 11 8 54 13 15 24 13 
51 39 4 11 13 5 68 22 5 53 14 11 57 16 12 21 16 
26 14 29 36 12 20 43 47 30 28 11 14 32 9 37 46 9 
28 16 27 34 10 18 45 45 28 30 9 12 34 7 35 44 7 
20 32 75 82 58 66 3 93 76 18 57 60 14 55 83 92 55 

83 62 11 89 3 42 21 51 72 34 7 40 91 29 67 17 89 
0 21 72 6 80 41 62 32 11 49 90 43 8 54 16 66 6 
34 13 38 40 46 7 28 2 23 15 56 9 42 20 18 32 40 
0 21 72 6 80 41 62 32 11 49 90 43 8 54 16 66 6 
46 25 26 52 34 5 16 14 35 3 44 3 54 8 30 20 52 
2 19 70 8 78 39 60 30 9 47 88 41 10 52 14 64 8 
54 33 18 60 26 13 8 22 43 5 36 11 62 0 38 12 60 
5 26 77 1 85 46 67 37 16 54 95 48 3 59 21 71 1 
85 64 13 91 5 44 23 53 74 36 5 42 93 31 69 19 91 
88 67 16 94 8 47 26 56 77 39 2 45 96 34 72 22 94 
18 3 54 24 62 23 44 14 7 31 72 25 26 36 2 48 24 
68 47 4 74 12 27 6 36 57 19 22 25 76 14 52 2 74 
19 2 53 25 61 22 43 13 8 30 71 24 27 35 3 47 25 
16 5 56 22 64 25 46 16 5 33 74 27 24 38 0 50 22 
41 20 31 47 39 0 21 9 30 8 49 2 49 13 25 25 47 
39 18 33 45 41 2 23 7 28 10 51 4 47 15 23 27 45 
87 66 15 93 7 46 25 55 76 38 3 44 95 33 71 21 93 

5 34 20 4 1 53 57 3 49 75 89 18 66 22 69 45 12 
88 49 63 87 82 30 26 80 34 8 6 65 17 61 14 38 71 
54 15 29 53 48 4 8 46 0 26 40 31 17 27 20 4 37 
88 49 63 87 82 30 26 80 34 8 6 65 17 61 14 38 71 
42 3 17 41 36 16 20 34 12 38 52 19 29 15 32 8 25 
86 47 61 85 80 28 24 78 32 6 8 63 15 59 12 36 69 
34 5 9 33 28 24 28 26 20 46 60 11 37 7 40 16 17 
93 54 68 92 87 35 31 85 39 13 1 70 22 66 19 43 76 
3 36 22 2 3 55 59 5 51 77 91 20 68 24 71 47 14 
0 39 25 1 6 58 62 8 54 80 94 23 71 27 74 50 17 
70 31 45 69 64 12 8 62 16 10 24 47 1 43 4 20 53 
20 19 5 19 14 38 42 12 34 60 74 3 51 7 54 30 3 
69 30 44 68 63 11 7 61 15 11 25 46 2 42 5 19 52 
72 33 47 71 66 14 10 64 18 8 22 49 1 45 2 22 55 
47 8 22 46 41 11 15 39 7 33 47 24 24 20 27 3 30 
49 10 24 48 43 9 13 41 5 31 45 26 22 22 25 1 32 
1 38 24 0 5 57 61 7 53 79 93 22 70 26 73 49 16 

43 77 61 48 1 27 44 14 4 14 81 12 86 38 65 60 3 
40 6 22 35 82 56 39 69 87 69 2 71 3 45 18 23 80 
6 28 12 1 48 22 5 35 53 35 32 37 37 11 16 11 46 
40 6 22 35 82 56 39 69 87 69 2 71 3 45 18 23 80 
6 40 24 11 36 10 7 23 41 23 44 25 49 1 28 23 34 
38 4 20 33 80 54 37 67 85 67 0 69 5 43 16 21 78 
14 48 32 19 28 2 15 15 33 15 52 17 57 9 36 31 26 
45 11 27 40 87 61 44 74 92 74 7 76 2 50 23 28 85 
45 79 63 50 3 29 46 16 2 16 83 14 88 40 67 62 5 
48 82 66 53 6 32 49 19 1 19 86 17 91 43 70 65 8 
22 12 4 17 64 38 21 51 69 51 16 53 21 27 0 5 62 
28 62 46 33 14 12 29 1 19 1 66 3 71 23 50 45 12 
21 13 3 16 63 37 20 50 68 50 17 52 22 26 1 4 61 
24 10 6 19 66 40 23 53 71 53 14 55 19 29 2 7 64 
1 35 19 6 41 15 2 28 46 28 39 30 44 4 23 18 39 
1 33 17 4 43 17 0 30 48 30 37 32 42 6 21 16 41 
47 81 65 52 5 31 48 18 0 18 85 16 90 42 69 64 7 

65 56 5 60 54 39 49 24 45 66 84 47 54 35 81 54 0 
18 27 88 23 29 44 34 59 38 17 1 36 29 48 2 29 83 
16 7 54 11 5 10 0 25 4 17 35 2 5 14 32 5 49 
18 27 88 23 29 44 34 59 38 17 1 36 29 48 2 29 83 
28 19 42 23 17 2 12 13 8 29 47 10 17 2 44 17 37 
16 25 86 21 27 42 32 57 36 15 3 34 27 46 0 27 81 
36 27 34 31 25 10 20 5 16 37 55 18 25 6 52 25 29 
23 32 93 28 34 49 39 64 43 22 4 41 34 53 7 34 88 
67 58 3 62 56 41 51 26 47 68 86 49 56 37 83 56 2 
70 61 0 65 59 44 54 29 50 71 89 52 59 40 86 59 5 
0 9 70 5 11 26 16 41 20 1 19 18 11 30 16 11 65 
50 41 20 45 39 24 34 9 30 51 69 32 39 20 66 39 15 
1 8 69 4 10 25 15 40 19 2 20 17 10 29 17 10 64 
2 11 72 7 13 28 18 43 22 1 17 20 13 32 14 13 67 
23 14 47 18 12 3 7 18 3 24 42 5 12 7 39 12 42 
21 12 49 16 10 5 5 20 1 22 40 3 10 9 37 10 44 
69 60 1 64 58 43 53 28 49 70 88 51 58 39 85 58 4 

16 58 8 2 30 20 24 84 5 13 60 46 8 37 45 6 81 
67 25 75 81 53 63 59 1 88 70 23 37 75 46 38 89 2 
33 9 41 47 19 29 25 35 54 36 11 3 41 12 4 55 32 
67 25 75 81 53 63 59 1 88 70 23 37 75 46 38 89 2 
21 21 29 35 7 17 13 47 42 24 23 9 29 0 8 43 44 
65 23 73 79 51 61 57 3 86 68 21 35 73 44 36 87 0 
13 29 21 27 1 9 5 55 34 16 31 17 21 8 16 35 52 
72 30 80 86 58 68 64 4 93 75 28 42 80 51 43 94 7 
18 60 10 4 32 22 26 86 3 15 62 48 10 39 47 4 83 
21 63 13 7 35 25 29 89 0 18 65 51 13 42 50 1 86 
49 7 57 63 35 45 41 19 70 52 5 19 57 28 20 71 16 
1 43 7 13 15 5 9 69 20 2 45 31 7 22 30 21 66 
48 6 56 62 34 44 40 20 69 51 4 18 56 27 19 70 17 
51 9 59 65 37 47 43 17 72 54 7 21 59 30 22 73 14 
26 16 34 40 12 22 18 42 47 29 18 4 34 5 3 48 39 
28 14 36 42 14 24 20 40 49 31 16 2 36 7 1 50 37 
20 62 12 6 34 24 28 88 1 17 64 50 12 41 49 2 85 

83 51 26 12 47 19 2 63 17 71 80 28 26 17 28 69 63 
12 20 45 59 24 52 69 8 54 0 9 43 45 54 43 2 8 
7 25 50 64 29 57 74 13 59 5 4 48 50 59 48 7 13 
91 59 34 20 55 27 10 71 25 79 88 36 34 25 36 77 71 
7 25 50 64 29 57 74 13 59 5 4 48 50 59 48 7 13 
67 35 10 4 31 3 14 47 1 55 64 12 10 1 12 53 47 
48 16 9 23 12 16 33 28 18 36 45 7 9 18 7 34 28 
39 7 18 32 3 25 42 19 27 27 36 16 18 27 16 25 19 
61 29 4 10 25 3 20 41 5 49 58 6 4 5 6 47 41 
2 30 55 69 34 62 79 18 64 10 1 53 55 64 53 12 18 
45 13 12 26 9 19 36 25 21 33 42 10 12 21 10 31 25 
39 7 18 32 3 25 42 19 27 27 36 16 18 27 16 25 19 
64 32 7 7 28 0 17 44 2 52 61 9 7 2 9 50 44 
3 29 54 68 33 61 78 17 63 9 0 52 54 63 52 11 17 
79 47 22 8 43 15 2 59 13 67 76 24 22 13 24 65 59 
3 29 54 68 33 61 78 17 63 9 0 52 54 63 52 11 17 
58 26 1 13 22 6 23 38 8 46 55 3 1 8 3 44 38 

18 51 44 7 72 69 34 67 7 18 29 74 70 64 31 48 8 
53 20 27 64 1 2 37 4 64 53 42 3 1 7 40 23 63 
58 25 32 69 4 7 42 9 69 58 47 2 6 12 45 28 68 
26 59 52 15 80 77 42 75 15 26 37 82 78 72 39 56 16 
58 25 32 69 4 7 42 9 69 58 47 2 6 12 45 28 68 
2 35 28 9 56 53 18 51 9 2 13 58 54 48 15 32 8 
17 16 9 28 37 34 1 32 28 17 6 39 35 29 4 13 27 
26 7 0 37 28 25 10 23 37 26 15 30 26 20 13 4 36 
4 29 22 15 50 47 12 45 15 4 7 52 48 42 9 26 14 
63 30 37 74 9 12 47 14 74 63 52 7 11 17 50 33 73 
20 13 6 31 34 31 4 29 31 20 9 36 32 26 7 10 30 
26 7 0 37 28 25 10 23 37 26 15 30 26 20 13 4 36 
1 32 25 12 53 50 15 48 12 1 10 55 51 45 12 29 11 
62 29 36 73 8 11 46 13 73 62 51 6 10 16 49 32 72 
14 47 40 3 68 65 30 63 3 14 25 70 66 60 27 44 4 
62 29 36 73 8 11 46 13 73 62 51 6 10 16 49 32 72 
7 26 19 18 47 44 9 42 18 7 4 49 45 39 6 23 17 

56 31 9 13 55 48 85 46 32 3 3 23 3 46 1 8 45 
15 40 62 58 16 23 14 25 39 68 74 48 68 25 70 79 26 
20 45 67 63 21 28 9 30 44 73 79 53 73 30 75 84 31 
64 39 17 21 63 56 93 54 40 11 5 31 11 54 9 0 53 
20 45 67 63 21 28 9 30 44 73 79 53 73 30 75 84 31 
40 15 7 3 39 32 69 30 16 13 19 7 13 30 15 24 29 
21 4 26 22 20 13 50 11 3 32 38 12 32 11 34 43 10 
12 13 35 31 11 4 41 2 12 41 47 21 41 2 43 52 1 
34 9 13 9 33 26 63 24 10 19 25 1 19 24 21 30 23 
25 50 72 68 26 33 4 35 49 78 84 58 78 35 80 89 36 
18 7 29 25 17 10 47 8 6 35 41 15 35 8 37 46 7 
12 13 35 31 11 4 41 2 12 41 47 21 41 2 43 52 1 
37 12 10 6 36 29 66 27 13 16 22 4 16 27 18 27 26 
24 49 71 67 25 32 5 34 48 77 83 57 77 34 79 88 35 
52 27 5 9 51 44 81 42 28 1 7 19 1 42 3 12 41 
24 49 71 67 25 32 5 34 48 77 83 57 77 34 79 88 35 
31 6 16 12 30 23 60 21 7 22 28 2 22 21 24 33 20 

44 62 19 8 8 10 60 79 75 37 10 3 12 1 52 35 25 
27 9 52 79 79 61 11 8 4 34 81 68 59 72 19 36 46 
32 14 57 84 84 66 16 3 1 39 86 73 64 77 24 41 51 
52 70 27 0 0 18 68 87 83 45 2 11 20 7 60 43 33 
32 14 57 84 84 66 16 3 1 39 86 73 64 77 24 41 51 
28 46 3 24 24 6 44 63 59 21 26 13 4 17 36 19 9 
9 27 16 43 43 25 25 44 40 2 45 32 23 36 17 0 10 
0 18 25 52 52 34 16 35 31 7 54 41 32 45 8 9 19 
22 40 3 30 30 12 38 57 53 15 32 19 10 23 30 13 3 
37 19 62 89 89 71 21 2 6 44 91 78 69 82 29 46 56 
6 24 19 46 46 28 22 41 37 1 48 35 26 39 14 3 13 
0 18 25 52 52 34 16 35 31 7 54 41 32 45 8 9 19 
25 43 0 27 27 9 41 60 56 18 29 16 7 20 33 16 6 
36 18 61 88 88 70 20 1 5 43 90 77 68 81 28 45 55 
40 58 15 12 12 6 56 75 71 33 14 1 8 5 48 31 21 
36 18 61 88 88 70 20 1 5 43 90 77 68 81 28 45 55 
19 37 6 33 33 15 35 54 50 12 35 22 13 26 27 10 0 

13 25 68 75 51 59 4 86 69 11 50 53 7 48 76 85 48 
58 46 3 4 20 12 75 15 2 60 21 18 64 23 5 14 23 
63 51 8 1 25 17 80 10 7 65 26 23 69 28 0 9 28 
21 33 76 83 59 67 4 94 77 19 58 61 15 56 84 93 56 
63 51 8 1 25 17 80 10 7 65 26 23 69 28 0 9 28 
3 9 52 59 35 43 20 70 53 5 34 37 9 32 60 69 32 
22 10 33 40 16 24 39 51 34 24 15 18 28 13 41 50 13 
31 19 24 31 7 15 48 42 25 33 6 9 37 4 32 41 4 
9 3 46 53 29 37 26 64 47 11 28 31 15 26 54 63 26 
68 56 13 6 30 22 85 5 12 70 31 28 74 33 5 4 33 
25 13 30 37 13 21 42 48 31 27 12 15 31 10 38 47 10 
31 19 24 31 7 15 48 42 25 33 6 9 37 4 32 41 4 
6 6 49 56 32 40 23 67 50 8 31 34 12 29 57 66 29 
67 55 12 5 29 21 84 6 11 69 30 27 73 32 4 5 32 
9 21 64 71 47 55 8 82 65 7 46 49 3 44 72 81 44 
67 55 12 5 29 21 84 6 11 69 30 27 73 32 4 5 32 
12 0 43 50 26 34 29 61 44 14 25 28 18 23 51 60 23 

80 59 8 86 0 39 18 48 69 31 10 37 88 26 64 14 86 
9 12 63 15 71 32 53 23 2 40 81 34 17 45 7 57 15 
4 17 68 10 76 37 58 28 7 45 86 39 12 50 12 62 10 
88 67 16 94 8 47 26 56 77 39 2 45 96 34 72 22 94 
4 17 68 10 76 37 58 28 7 45 86 39 12 50 12 62 10 
64 43 8 70 16 23 2 32 53 15 26 21 72 10 48 2 70 
45 24 27 51 35 4 17 13 34 4 45 2 53 9 29 21 51 
36 15 36 42 44 5 26 4 25 13 54 7 44 18 20 30 42 
58 37 14 64 22 17 4 26 47 9 32 15 66 4 42 8 64 
1 22 73 5 81 42 63 33 12 50 91 44 7 55 17 67 5 
42 21 30 48 38 1 20 10 31 7 48 1 50 12 26 24 48 
36 15 36 42 44 5 26 4 25 13 54 7 44 18 20 30 42 
61 40 11 67 19 20 1 29 50 12 29 18 69 7 45 5 67 
0 21 72 6 80 41 62 32 11 49 90 43 8 54 16 66 6 
76 55 4 82 4 35 14 44 65 27 14 33 84 22 60 10 82 
0 21 72 6 80 41 62 32 11 49 90 43 8 54 16 66 6 
55 34 17 61 25 14 7 23 44 6 35 12 63 1 39 11 61 

8 31 17 7 2 50 54 0 46 72 86 15 63 19 66 42 9 
79 40 54 78 73 21 17 71 25 1 15 56 8 52 5 29 62 
84 45 59 83 78 26 22 76 30 4 10 61 13 57 10 34 67 
0 39 25 1 6 58 62 8 54 80 94 23 71 27 74 50 17 
84 45 59 83 78 26 22 76 30 4 10 61 13 57 10 34 67 
24 15 1 23 18 34 38 16 30 56 70 1 47 3 50 26 7 
43 4 18 42 37 15 19 35 11 37 51 20 28 16 31 7 26 
52 13 27 51 46 6 10 44 2 28 42 29 19 25 22 2 35 
30 9 5 29 24 28 32 22 24 50 64 7 41 3 44 20 13 
89 50 64 88 83 31 27 81 35 9 5 66 18 62 15 39 72 
46 7 21 45 40 12 16 38 8 34 48 23 25 19 28 4 29 
52 13 27 51 46 6 10 44 2 28 42 29 19 25 22 2 35 
27 12 2 26 21 31 35 19 27 53 67 4 44 0 47 23 10 
88 49 63 87 82 30 26 80 34 8 6 65 17 61 14 38 71 
12 27 13 11 6 46 50 4 42 68 82 11 59 15 62 38 5 
88 49 63 87 82 30 26 80 34 8 6 65 17 61 14 38 71 
33 6 8 32 27 25 29 25 21 47 61 10 38 6 41 17 16 

40 74 58 45 2 24 41 11 7 11 78 9 83 35 62 57 0 
31 3 13 26 73 47 30 60 78 60 7 62 12 36 9 14 71 
36 2 18 31 78 52 35 65 83 65 2 67 7 41 14 19 76 
48 82 66 53 6 32 49 19 1 19 86 17 91 43 70 65 8 
36 2 18 31 78 52 35 65 83 65 2 67 7 41 14 19 76 
24 58 42 29 18 8 25 5 23 5 62 7 67 19 46 41 16 
5 39 23 10 37 11 6 24 42 24 43 26 48 0 27 22 35 
4 30 14 1 46 20 3 33 51 33 34 35 39 9 18 13 44 
18 52 36 23 24 2 19 11 29 11 56 13 61 13 40 35 22 
41 7 23 36 83 57 40 70 88 70 3 72 2 46 19 24 81 
2 36 20 7 40 14 3 27 45 27 40 29 45 3 24 19 38 
4 30 14 1 46 20 3 33 51 33 34 35 39 9 18 13 44 
21 55 39 26 21 5 22 8 26 8 59 10 64 16 43 38 19 
40 6 22 35 82 56 39 69 87 69 2 71 3 45 18 23 80 
36 70 54 41 6 20 37 7 11 7 74 5 79 31 58 53 4 
40 6 22 35 82 56 39 69 87 69 2 71 3 45 18 23 80 
15 49 33 20 27 1 16 14 32 14 53 16 58 10 37 32 25 

62 53 8 57 51 36 46 21 42 63 81 44 51 32 78 51 3 
9 18 79 14 20 35 25 50 29 8 10 27 20 39 7 20 74 
14 23 84 19 25 40 30 55 34 13 5 32 25 44 2 25 79 
70 61 0 65 59 44 54 29 50 71 89 52 59 40 86 59 5 
14 23 84 19 25 40 30 55 34 13 5 32 25 44 2 25 79 
46 37 24 41 35 20 30 5 26 47 65 28 35 16 62 35 19 
27 18 43 22 16 1 11 14 7 28 46 9 16 3 43 16 38 
18 9 52 13 7 8 2 23 2 19 37 0 7 12 34 7 47 
40 31 30 35 29 14 24 1 20 41 59 22 29 10 56 29 25 
19 28 89 24 30 45 35 60 39 18 0 37 30 49 3 30 84 
24 15 46 19 13 2 8 17 4 25 43 6 13 6 40 13 41 
18 9 52 13 7 8 2 23 2 19 37 0 7 12 34 7 47 
43 34 27 38 32 17 27 2 23 44 62 25 32 13 59 32 22 
18 27 88 23 29 44 34 59 38 17 1 36 29 48 2 29 83 
58 49 12 53 47 32 42 17 38 59 77 40 47 28 74 47 7 
18 27 88 23 29 44 34 59 38 17 1 36 29 48 2 29 83 
37 28 33 32 26 11 21 4 17 38 56 19 26 7 53 26 28 

13 55 5 1 27 17 21 81 8 10 57 43 5 34 42 9 78 
58 16 66 72 44 54 50 10 79 61 14 28 66 37 29 80 7 
63 21 71 77 49 59 55 5 84 66 19 33 71 42 34 85 2 
21 63 13 7 35 25 29 89 0 18 65 51 13 42 50 1 86 
63 21 71 77 49 59 55 5 84 66 19 33 71 42 34 85 2 
3 39 11 17 11 1 5 65 24 6 41 27 11 18 26 25 62 
22 20 30 36 8 18 14 46 43 25 22 8 30 1 7 44 43 
31 11 39 45 17 27 23 37 52 34 13 1 39 10 2 53 34 
9 33 17 23 5 5 1 59 30 12 35 21 17 12 20 31 56 
68 26 76 82 54 64 60 0 89 71 24 38 76 47 39 90 3 
25 17 33 39 11 21 17 43 46 28 19 5 33 4 4 47 40 
31 11 39 45 17 27 23 37 52 34 13 1 39 10 2 53 34 
6 36 14 20 8 2 2 62 27 9 38 24 14 15 23 28 59 
67 25 75 81 53 63 59 1 88 70 23 37 75 46 38 89 2 
9 51 1 5 23 13 17 77 12 6 53 39 1 30 38 13 74 
67 25 75 81 53 63 59 1 88 70 23 37 75 46 38 89 2 
12 30 20 26 2 8 4 56 33 15 32 18 20 9 17 34 53 

65 32 39 76 11 14 49 16 76 65 54 9 13 19 52 35 75 
33 0 7 44 21 18 17 16 44 33 22 23 19 13 20 3 43 
8 25 18 19 46 43 8 41 19 8 3 48 44 38 5 22 18 
6 39 32 5 60 57 22 55 5 6 17 62 58 52 19 36 4 
29 4 3 40 25 22 13 20 40 29 18 27 23 17 16 1 39 
1 32 25 12 53 50 15 48 12 1 10 55 51 45 12 29 11 
16 49 42 5 70 67 32 65 5 16 27 72 68 62 29 46 6 
45 12 19 56 9 6 29 4 56 45 34 11 7 1 32 15 55 
1 34 27 10 55 52 17 50 10 1 12 57 53 47 14 31 9 
53 20 27 64 1 2 37 4 64 53 42 3 1 7 40 23 63 
62 29 36 73 8 11 46 13 73 62 51 6 10 16 49 32 72 
10 23 16 21 44 41 6 39 21 10 1 46 42 36 3 20 20 
8 25 18 19 46 43 8 41 19 8 3 48 44 38 5 22 18 
1 34 27 10 55 52 17 50 10 1 12 57 53 47 14 31 9 
10 23 16 21 44 41 6 39 21 10 1 46 42 36 3 20 20 
51 18 25 62 3 0 35 2 62 51 40 5 1 5 38 21 61 
45 12 19 56 9 6 29 4 56 45 34 11 7 1 32 15 55 

27 52 74 70 28 35 2 37 51 80 86 60 80 37 82 91 38 
5 20 42 38 4 3 34 5 19 48 54 28 48 5 50 59 6 
30 5 17 13 29 22 59 20 6 23 29 3 23 20 25 34 19 
44 19 3 1 43 36 73 34 20 9 15 11 9 34 11 20 33 
9 16 38 34 8 1 38 1 15 44 50 24 44 1 46 55 2 
37 12 10 6 36 29 66 27 13 16 22 4 16 27 18 27 26 
54 29 7 11 53 46 83 44 30 1 5 21 1 44 1 10 43 
7 32 54 50 8 15 22 17 31 60 66 40 60 17 62 71 18 
39 14 8 4 38 31 68 29 15 14 20 6 14 29 16 25 28 
15 40 62 58 16 23 14 25 39 68 74 48 68 25 70 79 26 
24 49 71 67 25 32 5 34 48 77 83 57 77 34 79 88 35 
28 3 19 15 27 20 57 18 4 25 31 5 25 18 27 36 17 
30 5 17 13 29 22 59 20 6 23 29 3 23 20 25 34 19 
39 14 8 4 38 31 68 29 15 14 20 6 14 29 16 25 28 
28 3 19 15 27 20 57 18 4 25 31 5 25 18 27 36 17 
13 38 60 56 14 21 16 23 37 66 72 46 66 23 68 77 24 
7 32 54 50 8 15 22 17 31 60 66 40 60 17 62 71 18 

39 21 64 91 91 73 23 4 8 46 93 80 71 84 31 48 58 
7 11 32 59 59 41 9 28 24 14 61 48 39 52 1 16 26 
18 36 7 34 34 16 34 53 49 11 36 23 14 27 26 9 1 
32 50 7 20 20 2 48 67 63 25 22 9 0 13 40 23 13 
3 15 28 55 55 37 13 32 28 10 57 44 35 48 5 12 22 
25 43 0 27 27 9 41 60 56 18 29 16 7 20 33 16 6 
42 60 17 10 10 8 58 77 73 35 12 1 10 3 50 33 23 
19 1 44 71 71 53 3 16 12 26 73 60 51 64 11 28 38 
27 45 2 25 25 7 43 62 58 20 27 14 5 18 35 18 8 
27 9 52 79 79 61 11 8 4 34 81 68 59 72 19 36 46 
36 18 61 88 88 70 20 1 5 43 90 77 68 81 28 45 55 
16 34 9 36 36 18 32 51 47 9 38 25 16 29 24 7 3 
18 36 7 34 34 16 34 53 49 11 36 23 14 27 26 9 1 
27 45 2 25 25 7 43 62 58 20 27 14 5 18 35 18 8 
16 34 9 36 36 18 32 51 47 9 38 25 16 29 24 7 3 
25 7 50 77 77 59 9 10 6 32 79 66 57 70 17 34 44 
19 1 44 71 71 53 3 16 12 26 73 60 51 64 11 28 38 

70 58 15 8 32 24 87 3 14 72 33 30 76 35 7 2 35 
38 26 17 24 0 8 55 35 18 40 1 2 44 3 25 34 3 
13 1 42 49 25 33 30 60 43 15 24 27 19 22 50 59 22 
1 13 56 63 39 47 16 74 57 1 38 41 5 36 64 73 36 
34 22 21 28 4 12 51 39 22 36 3 6 40 1 29 38 1 
6 6 49 56 32 40 23 67 50 8 31 34 12 29 57 66 29 
11 23 66 73 49 57 6 84 67 9 48 51 5 46 74 83 46 
50 38 5 12 12 4 67 23 6 52 13 10 56 15 13 22 15 
4 8 51 58 34 42 21 69 52 6 33 36 10 31 59 68 31 
58 46 3 4 20 12 75 15 2 60 21 18 64 23 5 14 23 
67 55 12 5 29 21 84 6 11 69 30 27 73 32 4 5 32 
15 3 40 47 23 31 32 58 41 17 22 25 21 20 48 57 20 
13 1 42 49 25 33 30 60 43 15 24 27 19 22 50 59 22 
4 8 51 58 34 42 21 69 52 6 33 36 10 31 59 68 31 
15 3 40 47 23 31 32 58 41 17 22 25 21 20 48 57 20 
56 44 1 6 18 10 73 17 0 58 19 16 62 21 7 16 21 
50 38 5 12 12 4 67 23 6 52 13 10 56 15 13 22 15 

3 24 75 3 83 44 65 35 14 52 93 46 5 57 19 69 3 
29 8 43 35 51 12 33 3 18 20 61 14 37 25 13 37 35 
54 33 18 60 26 13 8 22 43 5 36 11 62 0 38 12 60 
68 47 4 74 12 27 6 36 57 19 22 25 76 14 52 2 74 
33 12 39 39 47 8 29 1 22 16 57 10 41 21 17 33 39 
61 40 11 67 19 20 1 29 50 12 29 18 69 7 45 5 67 
78 57 6 84 2 37 16 46 67 29 12 35 86 24 62 12 84 
17 4 55 23 63 24 45 15 6 32 73 26 25 37 1 49 23 
63 42 9 69 17 22 1 31 52 14 27 20 71 9 47 3 69 
9 12 63 15 71 32 53 23 2 40 81 34 17 45 7 57 15 
0 21 72 6 80 41 62 32 11 49 90 43 8 54 16 66 6 
52 31 20 58 28 11 10 20 41 3 38 9 60 2 36 14 58 
54 33 18 60 26 13 8 22 43 5 36 11 62 0 38 12 60 
63 42 9 69 17 22 1 31 52 14 27 20 71 9 47 3 69 
52 31 20 58 28 11 10 20 41 3 38 9 60 2 36 14 58 
11 10 61 17 69 30 51 21 0 38 79 32 19 43 5 55 17 
17 4 55 23 63 24 45 15 6 32 73 26 25 37 1 49 23 

91 52 66 90 85 33 29 83 37 11 3 68 20 64 17 41 74 
59 20 34 58 53 1 3 51 5 21 35 36 12 32 15 9 42 
34 5 9 33 28 24 28 26 20 46 60 11 37 7 40 16 17 
20 19 5 19 14 38 42 12 34 60 74 3 51 7 54 30 3 
55 16 30 54 49 3 7 47 1 25 39 32 16 28 19 5 38 
27 12 2 26 21 31 35 19 27 53 67 4 44 0 47 23 10 
10 29 15 9 4 48 52 2 44 70 84 13 61 17 64 40 7 
71 32 46 70 65 13 9 63 17 9 23 48 0 44 3 21 54 
25 14 0 24 19 33 37 17 29 55 69 2 46 2 49 25 8 
79 40 54 78 73 21 17 71 25 1 15 56 8 52 5 29 62 
88 49 63 87 82 30 26 80 34 8 6 65 17 61 14 38 71 
36 3 11 35 30 22 26 28 18 44 58 13 35 9 38 14 19 
34 5 9 33 28 24 28 26 20 46 60 11 37 7 40 16 17 
25 14 0 24 19 33 37 17 29 55 69 2 46 2 49 25 8 
36 3 11 35 30 22 26 28 18 44 58 13 35 9 38 14 19 
77 38 52 76 71 19 15 69 23 3 17 54 6 50 3 27 60 
71 32 46 70 65 13 9 63 17 9 23 48 0 44 3 21 54 

43 9 25 38 85 59 42 72 90 72 5 74 0 48 21 26 83 
11 23 7 6 53 27 10 40 58 40 27 42 32 16 11 6 51 
14 48 32 19 28 2 15 15 33 15 52 17 57 9 36 31 26 
28 62 46 33 14 12 29 1 19 1 66 3 71 23 50 45 12 
7 27 11 2 49 23 6 36 54 36 31 38 36 12 15 10 47 
21 55 39 26 21 5 22 8 26 8 59 10 64 16 43 38 19 
38 72 56 43 4 22 39 9 9 9 76 7 81 33 60 55 2 
23 11 5 18 65 39 22 52 70 52 15 54 20 28 1 6 63 
23 57 41 28 19 7 24 6 24 6 61 8 66 18 45 40 17 
31 3 13 26 73 47 30 60 78 60 7 62 12 36 9 14 71 
40 6 22 35 82 56 39 69 87 69 2 71 3 45 18 23 80 
12 46 30 17 30 4 13 17 35 17 50 19 55 7 34 29 28 
14 48 32 19 28 2 15 15 33 15 52 17 57 9 36 31 26 
23 57 41 28 19 7 24 6 24 6 61 8 66 18 45 40 17 
12 46 30 17 30 4 13 17 35 17 50 19 55 7 34 29 28 
29 5 11 24 71 45 28 58 76 58 9 60 14 34 7 12 69 
23 11 5 18 65 39 22 52 70 52 15 54 20 28 1 6 63 

21 30 91 26 32 47 37 62 41 20 2 39 32 51 5 32 86 
11 2 59 6 0 15 5 30 9 12 30 7 0 19 27 0 54 
36 27 34 31 25 10 20 5 16 37 55 18 25 6 52 25 29 
50 41 20 45 39 24 34 9 30 51 69 32 39 20 66 39 15 
15 6 55 10 4 11 1 26 5 16 34 3 4 15 31 4 50 
43 34 27 38 32 17 27 2 23 44 62 25 32 13 59 32 22 
60 51 10 55 49 34 44 19 40 61 79 42 49 30 76 49 5 
1 10 71 6 12 27 17 42 21 0 18 19 12 31 15 12 66 
45 36 25 40 34 19 29 4 25 46 64 27 34 15 61 34 20 
9 18 79 14 20 35 25 50 29 8 10 27 20 39 7 20 74 
18 27 88 23 29 44 34 59 38 17 1 36 29 48 2 29 83 
34 25 36 29 23 8 18 7 14 35 53 16 23 4 50 23 31 
36 27 34 31 25 10 20 5 16 37 55 18 25 6 52 25 29 
45 36 25 40 34 19 29 4 25 46 64 27 34 15 61 34 20 
34 25 36 29 23 8 18 7 14 35 53 16 23 4 50 23 31 
7 16 77 12 18 33 23 48 27 6 12 25 18 37 9 18 72 
1 10 71 6 12 27 17 42 21 0 18 19 12 31 15 12 66 

70 28 78 84 56 66 62 2 91 73 26 40 78 49 41 92 5 
38 4 46 52 24 34 30 30 59 41 6 8 46 17 9 60 27 
13 29 21 27 1 9 5 55 34 16 31 17 21 8 16 35 52 
1 43 7 13 15 5 9 69 20 2 45 31 7 22 30 21 66 
34 8 42 48 20 30 26 34 55 37 10 4 42 13 5 56 31 
6 36 14 20 8 2 2 62 27 9 38 24 14 15 23 28 59 
11 53 3 3 25 15 19 79 10 8 55 41 3 32 40 11 76 
50 8 58 64 36 46 42 18 71 53 6 20 58 29 21 72 15 
4 38 12 18 10 0 4 64 25 7 40 26 12 17 25 26 61 
58 16 66 72 44 54 50 10 79 61 14 28 66 37 29 80 7 
67 25 75 81 53 63 59 1 88 70 23 37 75 46 38 89 2 
15 27 23 29 1 11 7 53 36 18 29 15 23 6 14 37 50 
13 29 21 27 1 9 5 55 34 16 31 17 21 8 16 35 52 
4 38 12 18 10 0 4 64 25 7 40 26 12 17 25 26 61 
15 27 23 29 1 11 7 53 36 18 29 15 23 6 14 37 50 
56 14 64 70 42 52 48 12 77 59 12 26 64 35 27 78 9 
50 8 58 64 36 46 42 18 71 53 6 20 58 29 21 72 15 

38 13 9 5 37 30 67 28 14 15 21 5 15 28 17 26 27 
5 20 42 38 4 3 34 5 19 48 54 28 48 5 50 59 6 
12 13 35 31 11 4 41 2 12 41 47 21 41 2 43 52 1 
49 24 2 6 48 41 78 39 25 4 10 16 4 39 6 15 38 
16 41 63 59 17 24 13 26 40 69 75 49 69 26 71 80 27 
13 38 60 56 14 21 16 23 37 66 72 46 66 23 68 77 24 
22 3 25 21 21 14 51 12 2 31 37 11 31 12 33 42 11 
11 36 58 54 12 19 18 21 35 64 70 44 64 21 66 75 22 
49 24 2 6 48 41 78 39 25 4 10 16 4 39 6 15 38 
38 13 9 5 37 30 67 28 14 15 21 5 15 28 17 26 27 
27 2 20 16 26 19 56 17 3 26 32 6 26 17 28 37 16 
18 43 65 61 19 26 11 28 42 71 77 51 71 28 73 82 29 
14 39 61 57 15 22 15 24 38 67 73 47 67 24 69 78 25 
8 33 55 51 9 16 21 18 32 61 67 41 61 18 63 72 19 
25 0 22 18 24 17 54 15 1 28 34 8 28 15 30 39 14 
8 17 39 35 7 0 37 2 16 45 51 25 45 2 47 56 3 
48 23 1 5 47 40 77 38 24 5 11 15 5 38 7 16 37 

26 44 1 26 26 8 42 61 57 19 28 15 6 19 34 17 7 
7 11 32 59 59 41 9 28 24 14 61 48 39 52 1 16 26 
0 18 25 52 52 34 16 35 31 7 54 41 32 45 8 9 19 
37 55 12 15 15 3 53 72 68 30 17 4 5 8 45 28 18 
28 10 53 80 80 62 12 7 3 35 82 69 60 73 20 37 47 
25 7 50 77 77 59 9 10 6 32 79 66 57 70 17 34 44 
10 28 15 42 42 24 26 45 41 3 44 31 22 35 18 1 9 
23 5 48 75 75 57 7 12 8 30 77 64 55 68 15 32 42 
37 55 12 15 15 3 53 72 68 30 17 4 5 8 45 28 18 
26 44 1 26 26 8 42 61 57 19 28 15 6 19 34 17 7 
15 33 10 37 37 19 31 50 46 8 39 26 17 30 23 6 4 
30 12 55 82 82 64 14 5 1 37 84 71 62 75 22 39 49 
26 8 51 78 78 60 10 9 5 33 80 67 58 71 18 35 45 
20 2 45 72 72 54 4 15 11 27 74 61 52 65 12 29 39 
13 31 12 39 39 21 29 48 44 6 41 28 19 32 21 4 6 
4 14 29 56 56 38 12 31 27 11 58 45 36 49 4 13 23 
36 54 11 16 16 2 52 71 67 29 18 5 4 9 44 27 17 

5 7 50 57 33 41 22 68 51 7 32 35 11 30 58 67 30 
38 26 17 24 0 8 55 35 18 40 1 2 44 3 25 34 3 
31 19 24 31 7 15 48 42 25 33 6 9 37 4 32 41 4 
6 18 61 68 44 52 11 79 62 4 43 46 0 41 69 78 41 
59 47 4 3 21 13 76 14 3 61 22 19 65 24 4 13 24 
56 44 1 6 18 10 73 17 0 58 19 16 62 21 7 16 21 
21 9 34 41 17 25 38 52 35 23 16 19 27 14 42 51 14 
54 42 1 8 16 8 71 19 2 56 17 14 60 19 9 18 19 
6 18 61 68 44 52 11 79 62 4 43 46 0 41 69 78 41 
5 7 50 57 33 41 22 68 51 7 32 35 11 30 58 67 30 
16 4 39 46 22 30 33 57 40 18 21 24 22 19 47 56 19 
61 49 6 1 23 15 78 12 5 63 24 21 67 26 2 11 26 
57 45 2 5 19 11 74 16 1 59 20 17 63 22 6 15 22 
51 39 4 11 13 5 68 22 5 53 14 11 57 16 12 21 16 
18 6 37 44 20 28 35 55 38 20 19 22 24 17 45 54 17 
35 23 20 27 3 11 52 38 21 37 2 5 41 0 28 37 0 
5 17 60 67 43 51 12 78 61 3 42 45 1 40 68 77 40 

62 41 10 68 18 21 0 30 51 13 28 19 70 8 46 4 68 
29 8 43 35 51 12 33 3 18 20 61 14 37 25 13 37 35 
36 15 36 42 44 5 26 4 25 13 54 7 44 18 20 30 42 
73 52 1 79 7 32 11 41 62 24 17 30 81 19 57 7 79 
8 13 64 14 72 33 54 24 3 41 82 35 16 46 8 58 14 
11 10 61 17 69 30 51 21 0 38 79 32 19 43 5 55 17 
46 25 26 52 34 5 16 14 35 3 44 3 54 8 30 20 52 
13 8 59 19 67 28 49 19 2 36 77 30 21 41 3 53 19 
73 52 1 79 7 32 11 41 62 24 17 30 81 19 57 7 79 
62 41 10 68 18 21 0 30 51 13 28 19 70 8 46 4 68 
51 30 21 57 29 10 11 19 40 2 39 8 59 3 35 15 57 
6 15 66 12 74 35 56 26 5 43 84 37 14 48 10 60 12 
10 11 62 16 70 31 52 22 1 39 80 33 18 44 6 56 16 
16 5 56 22 64 25 46 16 5 33 74 27 24 38 0 50 22 
49 28 23 55 31 8 13 17 38 0 41 6 57 5 33 17 55 
32 11 40 38 48 9 30 0 21 17 58 11 40 22 16 34 38 
72 51 0 78 8 31 10 40 61 23 18 29 80 18 56 6 78 

26 13 1 25 20 32 36 18 28 54 68 3 45 1 48 24 9 
59 20 34 58 53 1 3 51 5 21 35 36 12 32 15 9 42 
52 13 27 51 46 6 10 44 2 28 42 29 19 25 22 2 35 
15 24 10 14 9 43 47 7 39 65 79 8 56 12 59 35 2 
80 41 55 79 74 22 18 72 26 0 14 57 9 53 6 30 63 
77 38 52 76 71 19 15 69 23 3 17 54 6 50 3 27 60 
42 3 17 41 36 16 20 34 12 38 52 19 29 15 32 8 25 
75 36 50 74 69 17 13 67 21 5 19 52 4 48 1 25 58 
15 24 10 14 9 43 47 7 39 65 79 8 56 12 59 35 2 
26 13 1 25 20 32 36 18 28 54 68 3 45 1 48 24 9 
37 2 12 36 31 21 25 29 17 43 57 14 34 10 37 13 20 
82 43 57 81 76 24 20 74 28 2 12 59 11 55 8 32 65 
78 39 53 77 72 20 16 70 24 2 16 55 7 51 4 28 61 
72 33 47 71 66 14 10 64 18 8 22 49 1 45 2 22 55 
39 0 14 38 33 19 23 31 15 41 55 16 32 12 35 11 22 
56 17 31 55 50 2 6 48 2 24 38 33 15 29 18 6 39 
16 23 9 15 10 42 46 8 38 64 78 7 55 11 58 34 1 

22 56 40 27 20 6 23 7 25 7 60 9 65 17 44 39 18 
11 23 7 6 53 27 10 40 58 40 27 42 32 16 11 6 51 
4 30 14 1 46 20 3 33 51 33 34 35 39 9 18 13 44 
33 67 51 38 9 17 34 4 14 4 71 2 76 28 55 50 7 
32 2 14 27 74 48 31 61 79 61 6 63 11 37 10 15 72 
29 5 11 24 71 45 28 58 76 58 9 60 14 34 7 12 69 
6 40 24 11 36 10 7 23 41 23 44 25 49 1 28 23 34 
27 7 9 22 69 43 26 56 74 56 11 58 16 32 5 10 67 
33 67 51 38 9 17 34 4 14 4 71 2 76 28 55 50 7 
22 56 40 27 20 6 23 7 25 7 60 9 65 17 44 39 18 
11 45 29 16 31 5 12 18 36 18 49 20 54 6 33 28 29 
34 0 16 29 76 50 33 63 81 63 4 65 9 39 12 17 74 
30 4 12 25 72 46 29 59 77 59 8 61 13 35 8 13 70 
24 10 6 19 66 40 23 53 71 53 14 55 19 29 2 7 64 
9 43 27 14 33 7 10 20 38 20 47 22 52 4 31 26 31 
8 26 10 3 50 24 7 37 55 37 30 39 35 13 14 9 48 
32 66 50 37 10 16 33 3 15 3 70 1 75 27 54 49 8 

44 35 26 39 33 18 28 3 24 45 63 26 33 14 60 33 21 
11 2 59 6 0 15 5 30 9 12 30 7 0 19 27 0 54 
18 9 52 13 7 8 2 23 2 19 37 0 7 12 34 7 47 
55 46 15 50 44 29 39 14 35 56 74 37 44 25 71 44 10 
10 19 80 15 21 36 26 51 30 9 9 28 21 40 6 21 75 
7 16 77 12 18 33 23 48 27 6 12 25 18 37 9 18 72 
28 19 42 23 17 2 12 13 8 29 47 10 17 2 44 17 37 
5 14 75 10 16 31 21 46 25 4 14 23 16 35 11 16 70 
55 46 15 50 44 29 39 14 35 56 74 37 44 25 71 44 10 
44 35 26 39 33 18 28 3 24 45 63 26 33 14 60 33 21 
33 24 37 28 22 7 17 8 13 34 52 15 22 3 49 22 32 
12 21 82 17 23 38 28 53 32 11 7 30 23 42 4 23 77 
8 17 78 13 19 34 24 49 28 7 11 26 19 38 8 19 73 
2 11 72 7 13 28 18 43 22 1 17 20 13 32 14 13 67 
31 22 39 26 20 5 15 10 11 32 50 13 20 1 47 20 34 
14 5 56 9 3 12 2 27 6 15 33 4 3 16 30 3 51 
54 45 16 49 43 28 38 13 34 55 73 36 43 24 70 43 11 

5 37 13 19 9 1 3 63 26 8 39 25 13 16 24 27 60 
38 4 46 52 24 34 30 30 59 41 6 8 46 17 9 60 27 
31 11 39 45 17 27 23 37 52 34 13 1 39 10 2 53 34 
6 48 2 8 20 10 14 74 15 3 50 36 2 27 35 16 71 
59 17 67 73 45 55 51 9 80 62 15 29 67 38 30 81 6 
56 14 64 70 42 52 48 12 77 59 12 26 64 35 27 78 9 
21 21 29 35 7 17 13 47 42 24 23 9 29 0 8 43 44 
54 12 62 68 40 50 46 14 75 57 10 24 62 33 25 76 11 
6 48 2 8 20 10 14 74 15 3 50 36 2 27 35 16 71 
5 37 13 19 9 1 3 63 26 8 39 25 13 16 24 27 60 
16 26 24 30 2 12 8 52 37 19 28 14 24 5 13 38 49 
61 19 69 75 47 57 53 7 82 64 17 31 69 40 32 83 4 
57 15 65 71 43 53 49 11 78 60 13 27 65 36 28 79 8 
51 9 59 65 37 47 43 17 72 54 7 21 59 30 22 73 14 
18 24 26 32 4 14 10 50 39 21 26 12 26 3 11 40 47 
35 7 43 49 21 31 27 33 56 38 9 5 43 14 6 57 30 
5 47 3 9 19 9 13 73 16 2 49 35 3 26 34 17 70 

12 6 37 64 64 46 4 23 19 19 66 53 44 57 4 21 31 
13 31 12 39 39 21 29 48 44 6 41 28 19 32 21 4 6 
35 53 10 17 17 1 51 70 66 28 19 6 3 10 43 26 16 
31 49 6 21 21 3 47 66 62 24 23 10 1 14 39 22 12 
11 7 36 63 63 45 5 24 20 18 65 52 43 56 3 20 30 
4 14 29 56 56 38 12 31 27 11 58 45 36 49 4 13 23 
41 23 66 93 93 75 25 6 10 48 95 82 73 86 33 50 60 
2 16 27 54 54 36 14 33 29 9 56 43 34 47 6 11 21 
12 30 13 40 40 22 28 47 43 5 42 29 20 33 20 3 7 
41 59 16 11 11 7 57 76 72 34 13 0 9 4 49 32 22 
47 65 22 5 5 13 63 82 78 40 7 6 15 2 55 38 28 
21 39 4 31 31 13 37 56 52 14 33 20 11 24 29 12 2 
41 59 16 11 11 7 57 76 72 34 13 0 9 4 49 32 22 
2 16 27 54 54 36 14 33 29 9 56 43 34 47 6 11 21 
43 61 18 9 9 9 59 78 74 36 11 2 11 2 51 34 24 
52 70 27 0 0 18 68 87 83 45 2 11 20 7 60 43 33 
1 17 26 53 53 35 15 34 30 8 55 42 33 46 7 10 20 

43 31 12 19 5 3 60 30 13 45 6 3 49 8 20 29 8 
18 6 37 44 20 28 35 55 38 20 19 22 24 17 45 54 17 
4 16 59 66 42 50 13 77 60 2 41 44 2 39 67 76 39 
0 12 55 62 38 46 17 73 56 2 37 40 6 35 63 72 35 
42 30 13 20 4 4 59 31 14 44 5 2 48 7 21 30 7 
35 23 20 27 3 11 52 38 21 37 2 5 41 0 28 37 0 
72 60 17 10 34 26 89 1 16 74 35 32 78 37 9 0 37 
33 21 22 29 5 13 50 40 23 35 4 7 39 2 30 39 2 
19 7 36 43 19 27 36 54 37 21 18 21 25 16 44 53 16 
10 22 65 72 48 56 7 83 66 8 47 50 4 45 73 82 45 
16 28 71 78 54 62 1 89 72 14 53 56 10 51 79 88 51 
10 2 45 52 28 36 27 63 46 12 27 30 16 25 53 62 25 
10 22 65 72 48 56 7 83 66 8 47 50 4 45 73 82 45 
33 21 22 29 5 13 50 40 23 35 4 7 39 2 30 39 2 
12 24 67 74 50 58 5 85 68 10 49 52 6 47 75 84 47 
21 33 76 83 59 67 4 94 77 19 58 61 15 56 84 93 56 
32 20 23 30 6 14 49 41 24 34 5 8 38 3 31 40 3 

24 3 48 30 56 17 38 8 13 25 66 19 32 30 8 42 30 
49 28 23 55 31 8 13 17 38 0 41 6 57 5 33 17 55 
71 50 1 77 9 30 9 39 60 22 19 28 79 17 55 5 77 
67 46 5 73 13 26 5 35 56 18 23 24 75 13 51 1 73 
25 4 47 31 55 16 37 7 14 24 65 18 33 29 9 41 31 
32 11 40 38 48 9 30 0 21 17 58 11 40 22 16 34 38 
5 26 77 1 85 46 67 37 16 54 95 48 3 59 21 71 1 
34 13 38 40 46 7 28 2 23 15 56 9 42 20 18 32 40 
48 27 24 54 32 7 14 16 37 1 42 5 56 6 32 18 54 
77 56 5 83 3 36 15 45 66 28 13 34 85 23 61 11 83 
83 62 11 89 3 42 21 51 72 34 7 40 91 29 67 17 89 
57 36 15 63 23 16 5 25 46 8 33 14 65 3 41 9 63 
77 56 5 83 3 36 15 45 66 28 13 34 85 23 61 11 83 
34 13 38 40 46 7 28 2 23 15 56 9 42 20 18 32 40 
79 58 7 85 1 38 17 47 68 30 11 36 87 25 63 13 85 
88 67 16 94 8 47 26 56 77 39 2 45 96 34 72 22 94 
35 14 37 41 45 6 27 3 24 14 55 8 43 19 19 31 41 

64 25 39 63 58 6 2 56 10 16 30 41 7 37 10 14 47 
39 0 14 38 33 19 23 31 15 41 55 16 32 12 35 11 22 
17 22 8 16 11 41 45 9 37 63 77 6 54 10 57 33 0 
21 18 4 20 15 37 41 13 33 59 73 2 50 6 53 29 4 
63 24 38 62 57 5 1 55 9 17 31 40 8 36 11 13 46 
56 17 31 55 50 2 6 48 2 24 38 33 15 29 18 6 39 
93 54 68 92 87 35 31 85 39 13 1 70 22 66 19 43 76 
54 15 29 53 48 4 8 46 0 26 40 31 17 27 20 4 37 
40 1 15 39 34 18 22 32 14 40 54 17 31 13 34 10 23 
11 28 14 10 5 47 51 3 43 69 83 12 60 16 63 39 6 
5 34 20 4 1 53 57 3 49 75 89 18 66 22 69 45 12 
31 8 6 30 25 27 31 23 23 49 63 8 40 4 43 19 14 
11 28 14 10 5 47 51 3 43 69 83 12 60 16 63 39 6 
54 15 29 53 48 4 8 46 0 26 40 31 17 27 20 4 37 
9 30 16 8 3 49 53 1 45 71 85 14 62 18 65 41 8 
0 39 25 1 6 58 62 8 54 80 94 23 71 27 74 50 17 
53 14 28 52 47 5 9 45 1 27 41 30 18 26 21 3 36 

16 18 2 11 58 32 15 45 63 45 22 47 27 21 6 1 56 
9 43 27 14 33 7 10 20 38 20 47 22 52 4 31 26 31 
31 65 49 36 11 15 32 2 16 2 69 0 74 26 53 48 9 
27 61 45 32 15 11 28 2 20 2 65 4 70 22 49 44 13 
15 19 3 10 57 31 14 44 62 44 23 46 28 20 7 2 55 
8 26 10 3 50 24 7 37 55 37 30 39 35 13 14 9 48 
45 11 27 40 87 61 44 74 92 74 7 76 2 50 23 28 85 
6 28 12 1 48 22 5 35 53 35 32 37 37 11 16 11 46 
8 42 26 13 34 8 9 21 39 21 46 23 51 3 30 25 32 
37 71 55 42 5 21 38 8 10 8 75 6 80 32 59 54 3 
43 77 61 48 1 27 44 14 4 14 81 12 86 38 65 60 3 
17 51 35 22 25 1 18 12 30 12 55 14 60 12 39 34 23 
37 71 55 42 5 21 38 8 10 8 75 6 80 32 59 54 3 
6 28 12 1 48 22 5 35 53 35 32 37 37 11 16 11 46 
39 73 57 44 3 23 40 10 8 10 77 8 82 34 61 56 1 
48 82 66 53 6 32 49 19 1 19 86 17 91 43 70 65 8 
5 29 13 0 47 21 4 34 52 34 33 36 38 10 17 12 45 

6 3 64 1 5 20 10 35 14 7 25 12 5 24 22 5 59 
31 22 39 26 20 5 15 10 11 32 50 13 20 1 47 20 34 
53 44 17 48 42 27 37 12 33 54 72 35 42 23 69 42 12 
49 40 21 44 38 23 33 8 29 50 68 31 38 19 65 38 16 
7 2 63 2 4 19 9 34 13 8 26 11 4 23 23 4 58 
14 5 56 9 3 12 2 27 6 15 33 4 3 16 30 3 51 
23 32 93 28 34 49 39 64 43 22 4 41 34 53 7 34 88 
16 7 54 11 5 10 0 25 4 17 35 2 5 14 32 5 49 
30 21 40 25 19 4 14 11 10 31 49 12 19 0 46 19 35 
59 50 11 54 48 33 43 18 39 60 78 41 48 29 75 48 6 
65 56 5 60 54 39 49 24 45 66 84 47 54 35 81 54 0 
39 30 31 34 28 13 23 2 19 40 58 21 28 9 55 28 26 
59 50 11 54 48 33 43 18 39 60 78 41 48 29 75 48 6 
16 7 54 11 5 10 0 25 4 17 35 2 5 14 32 5 49 
61 52 9 56 50 35 45 20 41 62 80 43 50 31 77 50 4 
70 61 0 65 59 44 54 29 50 71 89 52 59 40 86 59 5 
17 8 53 12 6 9 1 24 3 18 36 1 6 13 33 6 48 

43 1 51 57 29 39 35 25 64 46 1 13 51 22 14 65 22 
18 24 26 32 4 14 10 50 39 21 26 12 26 3 11 40 47 
4 46 4 10 18 8 12 72 17 1 48 34 4 25 33 18 69 
0 42 8 14 14 4 8 68 21 3 44 30 8 21 29 22 65 
42 0 50 56 28 38 34 26 63 45 2 12 50 21 13 64 23 
35 7 43 49 21 31 27 33 56 38 9 5 43 14 6 57 30 
72 30 80 86 58 68 64 4 93 75 28 42 80 51 43 94 7 
33 9 41 47 19 29 25 35 54 36 11 3 41 12 4 55 32 
19 23 27 33 5 15 11 49 40 22 25 11 27 2 10 41 46 
10 52 2 4 24 14 18 78 11 7 54 40 2 31 39 12 75 
16 58 8 2 30 20 24 84 5 13 60 46 8 37 45 6 81 
10 32 18 24 4 6 2 58 31 13 34 20 18 11 19 32 55 
10 52 2 4 24 14 18 78 11 7 54 40 2 31 39 12 75 
33 9 41 47 19 29 25 35 54 36 11 3 41 12 4 55 32 
12 54 4 2 26 16 20 80 9 9 56 42 4 33 41 10 77 
21 63 13 7 35 25 29 89 0 18 65 51 13 42 50 1 86 
32 10 40 46 18 28 24 36 53 35 12 2 40 11 3 54 33 

31 19 24 31 7 15 48 42 25 33 6 9 37 4 32 41 4 
49 37 6 13 11 3 66 24 7 51 12 9 55 14 14 23 14 
6 6 49 56 32 40 23 67 50 8 31 34 12 29 57 66 29 
21 33 76 83 59 67 4 94 77 19 58 61 15 56 84 93 56 
21 33 76 83 59 67 4 94 77 19 58 61 15 56 84 93 56 
3 15 58 65 41 49 14 76 59 1 40 43 3 38 66 75 38 
47 35 8 15 9 1 64 26 9 49 10 7 53 12 16 25 12 
66 54 11 4 28 20 83 7 10 68 29 26 72 31 3 6 31 
62 50 7 0 24 16 79 11 6 64 25 22 68 27 1 10 27 
24 12 31 38 14 22 41 49 32 26 13 16 30 11 39 48 11 
23 35 78 85 61 69 6 96 79 21 60 63 17 58 86 95 58 
10 22 65 72 48 56 7 83 66 8 47 50 4 45 73 82 45 
1 13 56 63 39 47 16 74 57 1 38 41 5 36 64 73 36 
14 26 69 76 52 60 3 87 70 12 51 54 8 49 77 86 49 
39 27 16 23 1 7 56 34 17 41 2 1 45 4 24 33 4 
22 10 33 40 16 24 39 51 34 24 15 18 28 13 41 50 13 
12 0 43 50 26 34 29 61 44 14 25 28 18 23 51 60 23 

36 15 36 42 44 5 26 4 25 13 54 7 44 18 20 30 42 
18 3 54 24 62 23 44 14 7 31 72 25 26 36 2 48 24 
61 40 11 67 19 20 1 29 50 12 29 18 69 7 45 5 67 
88 67 16 94 8 47 26 56 77 39 2 45 96 34 72 22 94 
88 67 16 94 8 47 26 56 77 39 2 45 96 34 72 22 94 
70 49 2 76 10 29 8 38 59 21 20 27 78 16 54 4 76 
20 1 52 26 60 21 42 12 9 29 70 23 28 34 4 46 26 
1 20 71 7 79 40 61 31 10 48 89 42 9 53 15 65 7 
5 16 67 11 75 36 57 27 6 44 85 38 13 49 11 61 11 
43 22 29 49 37 2 19 11 32 6 47 0 51 11 27 23 49 
90 69 18 96 10 49 28 58 79 41 0 47 98 36 74 24 96 
77 56 5 83 3 36 15 45 66 28 13 34 85 23 61 11 83 
68 47 4 74 12 27 6 36 57 19 22 25 76 14 52 2 74 
81 60 9 87 1 40 19 49 70 32 9 38 89 27 65 15 87 
28 7 44 34 52 13 34 4 17 21 62 15 36 26 12 38 34 
45 24 27 51 35 4 17 13 34 4 45 2 53 9 29 21 51 
55 34 17 61 25 14 7 23 44 6 35 12 63 1 39 11 61 

52 13 27 51 46 6 10 44 2 28 42 29 19 25 22 2 35 
70 31 45 69 64 12 8 62 16 10 24 47 1 43 4 20 53 
27 12 2 26 21 31 35 19 27 53 67 4 44 0 47 23 10 
0 39 25 1 6 58 62 8 54 80 94 23 71 27 74 50 17 
0 39 25 1 6 58 62 8 54 80 94 23 71 27 74 50 17 
18 21 7 17 12 40 44 10 36 62 76 5 53 9 56 32 1 
68 29 43 67 62 10 6 60 14 12 26 45 3 41 6 18 51 
87 48 62 86 81 29 25 79 33 7 7 64 16 60 13 37 70 
83 44 58 82 77 25 21 75 29 3 11 60 12 56 9 33 66 
45 6 20 44 39 13 17 37 9 35 49 22 26 18 29 5 28 
2 41 27 3 8 60 64 10 56 82 96 25 73 29 76 52 19 
11 28 14 10 5 47 51 3 43 69 83 12 60 16 63 39 6 
20 19 5 19 14 38 42 12 34 60 74 3 51 7 54 30 3 
7 32 18 6 1 51 55 1 47 73 87 16 64 20 67 43 10 
60 21 35 59 54 2 2 52 6 20 34 37 11 33 14 10 43 
43 4 18 42 37 15 19 35 11 37 51 20 28 16 31 7 26 
33 6 8 32 27 25 29 25 21 47 61 10 38 6 41 17 16 

4 30 14 1 46 20 3 33 51 33 34 35 39 9 18 13 44 
22 12 4 17 64 38 21 51 69 51 16 53 21 27 0 5 62 
21 55 39 26 21 5 22 8 26 8 59 10 64 16 43 38 19 
48 82 66 53 6 32 49 19 1 19 86 17 91 43 70 65 8 
48 82 66 53 6 32 49 19 1 19 86 17 91 43 70 65 8 
30 64 48 35 12 14 31 1 17 1 68 1 73 25 52 47 10 
20 14 2 15 62 36 19 49 67 49 18 51 23 25 2 3 60 
39 5 21 34 81 55 38 68 86 68 1 70 4 44 17 22 79 
35 1 17 30 77 51 34 64 82 64 3 66 8 40 13 18 75 
3 37 21 8 39 13 4 26 44 26 41 28 46 2 25 20 37 
50 84 68 55 8 34 51 21 3 21 88 19 93 45 72 67 10 
37 71 55 42 5 21 38 8 10 8 75 6 80 32 59 54 3 
28 62 46 33 14 12 29 1 19 1 66 3 71 23 50 45 12 
41 75 59 46 1 25 42 12 6 12 79 10 84 36 63 58 1 
12 22 6 7 54 28 11 41 59 41 26 43 31 17 10 5 52 
5 39 23 10 37 11 6 24 42 24 43 26 48 0 27 22 35 
15 49 33 20 27 1 16 14 32 14 53 16 58 10 37 32 25 

18 9 52 13 7 8 2 23 2 19 37 0 7 12 34 7 47 
0 9 70 5 11 26 16 41 20 1 19 18 11 30 16 11 65 
43 34 27 38 32 17 27 2 23 44 62 25 32 13 59 32 22 
70 61 0 65 59 44 54 29 50 71 89 52 59 40 86 59 5 
70 61 0 65 59 44 54 29 50 71 89 52 59 40 86 59 5 
52 43 18 47 41 26 36 11 32 53 71 34 41 22 68 41 13 
2 7 68 3 9 24 14 39 18 3 21 16 9 28 18 9 63 
17 26 87 22 28 43 33 58 37 16 2 35 28 47 1 28 82 
13 22 83 18 24 39 29 54 33 12 6 31 24 43 3 24 78 
25 16 45 20 14 1 9 16 5 26 44 7 14 5 41 14 40 
72 63 2 67 61 46 56 31 52 73 91 54 61 42 88 61 7 
59 50 11 54 48 33 43 18 39 60 78 41 48 29 75 48 6 
50 41 20 45 39 24 34 9 30 51 69 32 39 20 66 39 15 
63 54 7 58 52 37 47 22 43 64 82 45 52 33 79 52 2 
10 1 60 5 1 16 6 31 10 11 29 8 1 20 26 1 55 
27 18 43 22 16 1 11 14 7 28 46 9 16 3 43 16 38 
37 28 33 32 26 11 21 4 17 38 56 19 26 7 53 26 28 

31 11 39 45 17 27 23 37 52 34 13 1 39 10 2 53 34 
49 7 57 63 35 45 41 19 70 52 5 19 57 28 20 71 16 
6 36 14 20 8 2 2 62 27 9 38 24 14 15 23 28 59 
21 63 13 7 35 25 29 89 0 18 65 51 13 42 50 1 86 
21 63 13 7 35 25 29 89 0 18 65 51 13 42 50 1 86 
3 45 5 11 17 7 11 71 18 0 47 33 5 24 32 19 68 
47 5 55 61 33 43 39 21 68 50 3 17 55 26 18 69 18 
66 24 74 80 52 62 58 2 87 69 22 36 74 45 37 88 1 
62 20 70 76 48 58 54 6 83 65 18 32 70 41 33 84 3 
24 18 32 38 10 20 16 44 45 27 20 6 32 3 5 46 41 
23 65 15 9 37 27 31 91 2 20 67 53 15 44 52 1 88 
10 52 2 4 24 14 18 78 11 7 54 40 2 31 39 12 75 
1 43 7 13 15 5 9 69 20 2 45 31 7 22 30 21 66 
14 56 6 0 28 18 22 82 7 11 58 44 6 35 43 8 79 
39 3 47 53 25 35 31 29 60 42 5 9 47 18 10 61 26 
22 20 30 36 8 18 14 46 43 25 22 8 30 1 7 44 43 
12 30 20 26 2 8 4 56 33 15 32 18 20 9 17 34 53 

67 46 5 73 13 26 5 35 56 18 23 24 75 13 51 1 73 
55 34 17 61 25 14 7 23 44 6 35 12 63 1 39 11 61 
12 9 60 18 68 29 50 20 1 37 78 31 20 42 4 54 18 
5 16 67 11 75 36 57 27 6 44 85 38 13 49 11 61 11 
29 8 43 35 51 12 33 3 18 20 61 14 37 25 13 37 35 
21 0 51 27 59 20 41 11 10 28 69 22 29 33 5 45 27 
84 63 12 90 4 43 22 52 73 35 6 41 92 30 68 18 90 
6 27 78 0 86 47 68 38 17 55 96 49 2 60 22 72 0 
11 10 61 17 69 30 51 21 0 38 79 32 19 43 5 55 17 
69 48 3 75 11 28 7 37 58 20 21 26 77 15 53 3 75 
30 9 42 36 50 11 32 2 19 19 60 13 38 24 14 36 36 
27 6 45 33 53 14 35 5 16 22 63 16 35 27 11 39 33 
73 52 1 79 7 32 11 41 62 24 17 30 81 19 57 7 79 
32 11 40 38 48 9 30 0 21 17 58 11 40 22 16 34 38 
4 17 68 10 76 37 58 28 7 45 86 39 12 50 12 62 10 
5 26 77 1 85 46 67 37 16 54 95 48 3 59 21 71 1 
32 11 40 38 48 9 30 0 21 17 58 11 40 22 16 34 38 

21 18 4 20 15 37 41 13 33 59 73 2 50 6 53 29 4 
33 6 8 32 27 25 29 25 21 47 61 10 38 6 41 17 16 
76 37 51 75 70 18 14 68 22 4 18 53 5 49 2 26 59 
83 44 58 82 77 25 21 75 29 3 11 60 12 56 9 33 66 
59 20 34 58 53 1 3 51 5 21 35 36 12 32 15 9 42 
67 28 42 66 61 9 5 59 13 13 27 44 4 40 7 17 50 
4 35 21 3 2 54 58 4 50 76 90 19 67 23 70 46 13 
94 55 69 93 88 36 32 86 40 14 0 71 23 67 20 44 77 
77 38 52 76 71 19 15 69 23 3 17 54 6 50 3 27 60 
19 20 6 18 13 39 43 11 35 61 75 4 52 8 55 31 2 
58 19 33 57 52 0 4 50 4 22 36 35 13 31 16 8 41 
61 22 36 60 55 3 1 53 7 19 33 38 10 34 13 11 44 
15 24 10 14 9 43 47 7 39 65 79 8 56 12 59 35 2 
56 17 31 55 50 2 6 48 2 24 38 33 15 29 18 6 39 
84 45 59 83 78 26 22 76 30 4 10 61 13 57 10 34 67 
93 54 68 92 87 35 31 85 39 13 1 70 22 66 19 43 76 
56 17 31 55 50 2 6 48 2 24 38 33 15 29 18 6 39 

27 61 45 32 15 11 28 2 20 2 65 4 70 22 49 44 13 
15 49 33 20 27 1 16 14 32 14 53 16 58 10 37 32 25 
28 6 10 23 70 44 27 57 75 57 10 59 15 33 6 11 68 
35 1 17 30 77 51 34 64 82 64 3 66 8 40 13 18 75 
11 23 7 6 53 27 10 40 58 40 27 42 32 16 11 6 51 
19 15 1 14 61 35 18 48 66 48 19 50 24 24 3 2 59 
44 78 62 49 2 28 45 15 3 15 82 13 87 39 66 61 4 
46 12 28 41 88 62 45 75 93 75 8 77 3 51 24 29 86 
29 5 11 24 71 45 28 58 76 58 9 60 14 34 7 12 69 
29 63 47 34 13 13 30 0 18 0 67 2 72 24 51 46 11 
10 24 8 5 52 26 9 39 57 39 28 41 33 15 12 7 50 
13 21 5 8 55 29 12 42 60 42 25 44 30 18 9 4 53 
33 67 51 38 9 17 34 4 14 4 71 2 76 28 55 50 7 
8 26 10 3 50 24 7 37 55 37 30 39 35 13 14 9 48 
36 2 18 31 78 52 35 65 83 65 2 67 7 41 14 19 76 
45 11 27 40 87 61 44 74 92 74 7 76 2 50 23 28 85 
8 26 10 3 50 24 7 37 55 37 30 39 35 13 14 9 48 

49 40 21 44 38 23 33 8 29 50 68 31 38 19 65 38 16 
37 28 33 32 26 11 21 4 17 38 56 19 26 7 53 26 28 
6 15 76 11 17 32 22 47 26 5 13 24 17 36 10 17 71 
13 22 83 18 24 39 29 54 33 12 6 31 24 43 3 24 78 
11 2 59 6 0 15 5 30 9 12 30 7 0 19 27 0 54 
3 6 67 2 8 23 13 38 17 4 22 15 8 27 19 8 62 
66 57 4 61 55 40 50 25 46 67 85 48 55 36 82 55 1 
24 33 94 29 35 50 40 65 44 23 5 42 35 54 8 35 89 
7 16 77 12 18 33 23 48 27 6 12 25 18 37 9 18 72 
51 42 19 46 40 25 35 10 31 52 70 33 40 21 67 40 14 
12 3 58 7 1 14 4 29 8 13 31 6 1 18 28 1 53 
9 0 61 4 2 17 7 32 11 10 28 9 2 21 25 2 56 
55 46 15 50 44 29 39 14 35 56 74 37 44 25 71 44 10 
14 5 56 9 3 12 2 27 6 15 33 4 3 16 30 3 51 
14 23 84 19 25 40 30 55 34 13 5 32 25 44 2 25 79 
23 32 93 28 34 49 39 64 43 22 4 41 34 53 7 34 88 
14 5 56 9 3 12 2 27 6 15 33 4 3 16 30 3 51 

0 42 8 14 14 4 8 68 21 3 44 30 8 21 29 22 65 
12 30 20 26 2 8 4 56 33 15 32 18 20 9 17 34 53 
55 13 63 69 41 51 47 13 76 58 11 25 63 34 26 77 10 
62 20 70 76 48 58 54 6 83 65 18 32 70 41 33 84 3 
38 4 46 52 24 34 30 30 59 41 6 8 46 17 9 60 27 
46 4 54 60 32 42 38 22 67 49 2 16 54 25 17 68 19 
17 59 9 3 31 21 25 85 4 14 61 47 9 38 46 5 82 
73 31 81 87 59 69 65 5 94 76 29 43 81 52 44 95 8 
56 14 64 70 42 52 48 12 77 59 12 26 64 35 27 78 9 
2 44 6 12 16 6 10 70 19 1 46 32 6 23 31 20 67 
37 5 45 51 23 33 29 31 58 40 7 7 45 16 8 59 28 
40 2 48 54 26 36 32 28 61 43 4 10 48 19 11 62 25 
6 48 2 8 20 10 14 74 15 3 50 36 2 27 35 16 71 
35 7 43 49 21 31 27 33 56 38 9 5 43 14 6 57 30 
63 21 71 77 49 59 55 5 84 66 19 33 71 42 34 85 2 
72 30 80 86 58 68 64 4 93 75 28 42 80 51 43 94 7 
35 7 43 49 21 31 27 33 56 38 9 5 43 14 6 57 30 

88 49 63 87 82 30 26 80 34 8 6 65 17 61 14 38 71 
67 28 42 66 61 9 5 59 13 13 27 44 4 40 7 17 50 
16 23 9 15 10 42 46 8 38 64 78 7 55 11 58 34 1 
94 55 69 93 88 36 32 86 40 14 0 71 23 67 20 44 77 
8 31 17 7 2 50 54 0 46 72 86 15 63 19 66 42 9 
47 8 22 46 41 11 15 39 7 33 47 24 24 20 27 3 30 
26 13 1 25 20 32 36 18 28 54 68 3 45 1 48 24 9 
56 17 31 55 50 2 6 48 2 24 38 33 15 29 18 6 39 
77 38 52 76 71 19 15 69 23 3 17 54 6 50 3 27 60 
39 0 14 38 33 19 23 31 15 41 55 16 32 12 35 11 22 
2 41 27 3 8 60 64 10 56 82 96 25 73 29 76 52 19 
45 6 20 44 39 13 17 37 9 35 49 22 26 18 29 5 28 
96 57 71 95 90 38 34 88 42 16 2 73 25 69 22 46 79 
34 5 9 33 28 24 28 26 20 46 60 11 37 7 40 16 17 
72 33 47 71 66 14 10 64 18 8 22 49 1 45 2 22 55 
22 17 3 21 16 36 40 14 32 58 72 1 49 5 52 28 5 
94 55 69 93 88 36 32 86 40 14 0 71 23 67 20 44 77 

40 6 22 35 82 56 39 69 87 69 2 71 3 45 18 23 80 
19 15 1 14 61 35 18 48 66 48 19 50 24 24 3 2 59 
32 66 50 37 10 16 33 3 15 3 70 1 75 27 54 49 8 
46 12 28 41 88 62 45 75 93 75 8 77 3 51 24 29 86 
40 74 58 45 2 24 41 11 7 11 78 9 83 35 62 57 0 
1 35 19 6 41 15 2 28 46 28 39 30 44 4 23 18 39 
22 56 40 27 20 6 23 7 25 7 60 9 65 17 44 39 18 
8 26 10 3 50 24 7 37 55 37 30 39 35 13 14 9 48 
29 5 11 24 71 45 28 58 76 58 9 60 14 34 7 12 69 
9 43 27 14 33 7 10 20 38 20 47 22 52 4 31 26 31 
50 84 68 55 8 34 51 21 3 21 88 19 93 45 72 67 10 
3 37 21 8 39 13 4 26 44 26 41 28 46 2 25 20 37 
48 14 30 43 90 64 47 77 95 77 10 79 5 53 26 31 88 
14 48 32 19 28 2 15 15 33 15 52 17 57 9 36 31 26 
24 10 6 19 66 40 23 53 71 53 14 55 19 29 2 7 64 
26 60 44 31 16 10 27 3 21 3 64 5 69 21 48 43 14 
46 12 28 41 88 62 45 75 93 75 8 77 3 51 24 29 86 

18 27 88 23 29 44 34 59 38 17 1 36 29 48 2 29 83 
3 6 67 2 8 23 13 38 17 4 22 15 8 27 19 8 62 
54 45 16 49 43 28 38 13 34 55 73 36 43 24 70 43 11 
24 33 94 29 35 50 40 65 44 23 5 42 35 54 8 35 89 
62 53 8 57 51 36 46 21 42 63 81 44 51 32 78 51 3 
23 14 47 18 12 3 7 18 3 24 42 5 12 7 39 12 42 
44 35 26 39 33 18 28 3 24 45 63 26 33 14 60 33 21 
14 5 56 9 3 12 2 27 6 15 33 4 3 16 30 3 51 
7 16 77 12 18 33 23 48 27 6 12 25 18 37 9 18 72 
31 22 39 26 20 5 15 10 11 32 50 13 20 1 47 20 34 
72 63 2 67 61 46 56 31 52 73 91 54 61 42 88 61 7 
25 16 45 20 14 1 9 16 5 26 44 7 14 5 41 14 40 
26 35 96 31 37 52 42 67 46 25 7 44 37 56 10 37 91 
36 27 34 31 25 10 20 5 16 37 55 18 25 6 52 25 29 
2 11 72 7 13 28 18 43 22 1 17 20 13 32 14 13 67 
48 39 22 43 37 22 32 7 28 49 67 30 37 18 64 37 17 
24 33 94 29 35 50 40 65 44 23 5 42 35 54 8 35 89 

67 25 75 81 53 63 59 1 88 70 23 37 75 46 38 89 2 
46 4 54 60 32 42 38 22 67 49 2 16 54 25 17 68 19 
5 47 3 9 19 9 13 73 16 2 49 35 3 26 34 17 70 
73 31 81 87 59 69 65 5 94 76 29 43 81 52 44 95 8 
13 55 5 1 27 17 21 81 8 10 57 43 5 34 42 9 78 
26 16 34 40 12 22 18 42 47 29 18 4 34 5 3 48 39 
5 37 13 19 9 1 3 63 26 8 39 25 13 16 24 27 60 
35 7 43 49 21 31 27 33 56 38 9 5 43 14 6 57 30 
56 14 64 70 42 52 48 12 77 59 12 26 64 35 27 78 9 
18 24 26 32 4 14 10 50 39 21 26 12 26 3 11 40 47 
23 65 15 9 37 27 31 91 2 20 67 53 15 44 52 1 88 
24 18 32 38 10 20 16 44 45 27 20 6 32 3 5 46 41 
75 33 83 89 61 71 67 7 96 78 31 45 83 54 46 97 10 
13 29 21 27 1 9 5 55 34 16 31 17 21 8 16 35 52 
51 9 59 65 37 47 43 17 72 54 7 21 59 30 22 73 14 
1 41 9 15 13 3 7 67 22 4 43 29 9 20 28 23 64 
73 31 81 87 59 69 65 5 94 76 29 43 81 52 44 95 8 

48 82 66 53 6 32 49 19 1 19 86 17 91 43 70 65 8 
9 43 27 14 33 7 10 20 38 20 47 22 52 4 31 26 31 
23 57 41 28 19 7 24 6 24 6 61 8 66 18 45 40 17 
47 81 65 52 5 31 48 18 0 18 85 16 90 42 69 64 7 
42 76 60 47 0 26 43 13 5 13 80 11 85 37 64 59 2 
10 24 8 5 52 26 9 39 57 39 28 41 33 15 12 7 50 
14 20 4 9 56 30 13 43 61 43 24 45 29 19 8 3 54 
40 74 58 45 2 24 41 11 7 11 78 9 83 35 62 57 0 
6 28 12 1 48 22 5 35 53 35 32 37 37 11 16 11 46 
32 2 14 27 74 48 31 61 79 61 6 63 11 37 10 15 72 
46 12 28 41 88 62 45 75 93 75 8 77 3 51 24 29 86 
25 59 43 30 17 9 26 4 22 4 63 6 68 20 47 42 15 
23 11 5 18 65 39 22 52 70 52 15 54 20 28 1 6 63 
21 55 39 26 21 5 22 8 26 8 59 10 64 16 43 38 19 
26 8 8 21 68 42 25 55 73 55 12 57 17 31 4 9 66 
2 32 16 3 44 18 1 31 49 31 36 33 41 7 20 15 42 
31 65 49 36 11 15 32 2 16 2 69 0 74 26 53 48 9 

70 61 0 65 59 44 54 29 50 71 89 52 59 40 86 59 5 
31 22 39 26 20 5 15 10 11 32 50 13 20 1 47 20 34 
45 36 25 40 34 19 29 4 25 46 64 27 34 15 61 34 20 
69 60 1 64 58 43 53 28 49 70 88 51 58 39 85 58 4 
64 55 6 59 53 38 48 23 44 65 83 46 53 34 80 53 1 
12 3 58 7 1 14 4 29 8 13 31 6 1 18 28 1 53 
8 1 62 3 3 18 8 33 12 9 27 10 3 22 24 3 57 
62 53 8 57 51 36 46 21 42 63 81 44 51 32 78 51 3 
16 7 54 11 5 10 0 25 4 17 35 2 5 14 32 5 49 
10 19 80 15 21 36 26 51 30 9 9 28 21 40 6 21 75 
24 33 94 29 35 50 40 65 44 23 5 42 35 54 8 35 89 
47 38 23 42 36 21 31 6 27 48 66 29 36 17 63 36 18 
1 10 71 6 12 27 17 42 21 0 18 19 12 31 15 12 66 
43 34 27 38 32 17 27 2 23 44 62 25 32 13 59 32 22 
4 13 74 9 15 30 20 45 24 3 15 22 15 34 12 15 69 
20 11 50 15 9 6 4 21 0 21 39 2 9 10 36 9 45 
53 44 17 48 42 27 37 12 33 54 72 35 42 23 69 42 12 

21 63 13 7 35 25 29 89 0 18 65 51 13 42 50 1 86 
18 24 26 32 4 14 10 50 39 21 26 12 26 3 11 40 47 
4 38 12 18 10 0 4 64 25 7 40 26 12 17 25 26 61 
20 62 12 6 34 24 28 88 1 17 64 50 12 41 49 2 85 
15 57 7 1 29 19 23 83 6 12 59 45 7 36 44 7 80 
37 5 45 51 23 33 29 31 58 40 7 7 45 16 8 59 28 
41 1 49 55 27 37 33 27 62 44 3 11 49 20 12 63 24 
13 55 5 1 27 17 21 81 8 10 57 43 5 34 42 9 78 
33 9 41 47 19 29 25 35 54 36 11 3 41 12 4 55 32 
59 17 67 73 45 55 51 9 80 62 15 29 67 38 30 81 6 
73 31 81 87 59 69 65 5 94 76 29 43 81 52 44 95 8 
2 40 10 16 12 2 6 66 23 5 42 28 10 19 27 24 63 
50 8 58 64 36 46 42 18 71 53 6 20 58 29 21 72 15 
6 36 14 20 8 2 2 62 27 9 38 24 14 15 23 28 59 
53 11 61 67 39 49 45 15 74 56 9 23 61 32 24 75 12 
29 13 37 43 15 25 21 39 50 32 15 1 37 8 0 51 36 
4 46 4 10 18 8 12 72 17 1 48 34 4 25 33 18 69 

22 13 48 17 11 4 6 19 2 23 41 4 11 8 38 11 43 
12 21 82 17 23 38 28 53 32 11 7 30 23 42 4 23 77 
4 5 66 1 7 22 12 37 16 5 23 14 7 26 20 7 61 
17 8 53 12 6 9 1 24 3 18 36 1 6 13 33 6 48 
64 55 6 59 53 38 48 23 44 65 83 46 53 34 80 53 1 
38 29 32 33 27 12 22 3 18 39 57 20 27 8 54 27 27 
21 12 49 16 10 5 5 20 1 22 40 3 10 9 37 10 44 
51 42 19 46 40 25 35 10 31 52 70 33 40 21 67 40 14 
69 60 1 64 58 43 53 28 49 70 88 51 58 39 85 58 4 
51 42 19 46 40 25 35 10 31 52 70 33 40 21 67 40 14 
16 25 86 21 27 42 32 57 36 15 3 34 27 46 0 27 81 
53 44 17 48 42 27 37 12 33 54 72 35 42 23 69 42 12 
21 30 91 26 32 47 37 62 41 20 2 39 32 51 5 32 86 
27 18 43 22 16 1 11 14 7 28 46 9 16 3 43 16 38 
0 9 70 5 11 26 16 41 20 1 19 18 11 30 16 11 65 
5 4 65 0 6 21 11 36 15 6 24 13 6 25 21 6 60 
62 53 8 57 51 36 46 21 42 63 81 44 51 32 78 51 3 

27 15 35 41 13 23 19 41 48 30 17 3 35 6 2 49 38 
61 19 69 75 47 57 53 7 82 64 17 31 69 40 32 83 4 
45 3 53 59 31 41 37 23 66 48 1 15 53 24 16 67 20 
32 10 40 46 18 28 24 36 53 35 12 2 40 11 3 54 33 
15 57 7 1 29 19 23 83 6 12 59 45 7 36 44 7 80 
11 31 19 25 3 7 3 57 32 14 33 19 19 10 18 33 54 
28 14 36 42 14 24 20 40 49 31 16 2 36 7 1 50 37 
2 44 6 12 16 6 10 70 19 1 46 32 6 23 31 20 67 
20 62 12 6 34 24 28 88 1 17 64 50 12 41 49 2 85 
2 44 6 12 16 6 10 70 19 1 46 32 6 23 31 20 67 
65 23 73 79 51 61 57 3 86 68 21 35 73 44 36 87 0 
4 46 4 10 18 8 12 72 17 1 48 34 4 25 33 18 69 
70 28 78 84 56 66 62 2 91 73 26 40 78 49 41 92 5 
22 20 30 36 8 18 14 46 43 25 22 8 30 1 7 44 43 
49 7 57 63 35 45 41 19 70 52 5 19 57 28 20 71 16 
44 2 52 58 30 40 36 24 65 47 0 14 52 23 15 66 21 
13 55 5 1 27 17 21 81 8 10 57 43 5 34 42 9 78 

49 7 57 63 35 45 41 19 70 52 5 19 57 28 20 71 16 
40 2 48 54 26 36 32 28 61 43 4 10 48 19 11 62 25 
21 63 13 7 35 25 29 89 0 18 65 51 13 42 50 1 86 
44 2 52 58 30 40 36 24 65 47 0 14 52 23 15 66 21 
38 4 46 52 24 34 30 30 59 41 6 8 46 17 9 60 27 
23 19 31 37 9 19 15 45 44 26 21 7 31 2 6 45 42 
33 9 41 47 19 29 25 35 54 36 11 3 41 12 4 55 32 
8 34 16 22 6 4 0 60 29 11 36 22 16 13 21 30 57 
29 13 37 43 15 25 21 39 50 32 15 1 37 8 0 51 36 
50 8 58 64 36 46 42 18 71 53 6 20 58 29 21 72 15 
68 26 76 82 54 64 60 0 89 71 24 38 76 47 39 90 3 
31 11 39 45 17 27 23 37 52 34 13 1 39 10 2 53 34 
38 4 46 52 24 34 30 30 59 41 6 8 46 17 9 60 27 
19 23 27 33 5 15 11 49 40 22 25 11 27 2 10 41 46 
65 23 73 79 51 61 57 3 86 68 21 35 73 44 36 87 0 
38 4 46 52 24 34 30 30 59 41 6 8 46 17 9 60 27 
16 58 8 2 30 20 24 84 5 13 60 46 8 37 45 6 81 

