15 14 

79 69 4 73 10 36 65 34 83 58 55 74 17 21 62 
5 5 78 1 64 38 9 40 9 16 19 0 57 53 12 
31 21 52 25 38 12 17 14 35 10 7 26 31 27 14 
34 24 49 28 35 9 20 11 38 13 10 29 28 24 17 
37 27 46 31 32 6 23 8 41 16 13 32 25 21 20 
46 36 37 40 23 3 32 1 50 25 22 41 16 12 29 
0 10 83 6 69 43 14 45 4 21 24 5 62 58 17 
7 3 76 1 62 36 7 38 11 14 17 2 55 51 10 
10 20 93 16 79 53 24 55 6 31 34 15 72 68 27 
86 76 3 80 17 43 72 41 90 65 62 81 24 28 69 
33 23 50 27 36 10 19 12 37 12 9 28 29 25 16 
74 64 9 68 5 31 60 29 78 53 50 69 12 16 57 
8 18 91 14 77 51 22 53 4 29 32 13 70 66 25 
27 17 56 21 42 16 13 18 31 6 3 22 35 31 10 
81 71 2 75 12 38 67 36 85 60 57 76 19 23 64 

13 38 74 4 20 3 63 52 30 84 87 88 15 22 2 
61 36 0 78 54 71 11 22 44 10 13 14 59 52 72 
35 10 26 52 28 45 15 4 18 36 39 40 33 26 46 
32 7 29 49 25 42 18 7 15 39 42 43 30 23 43 
29 4 32 46 22 39 21 10 12 42 45 46 27 20 40 
20 5 41 37 13 30 30 19 3 51 54 55 18 11 31 
66 41 5 83 59 76 16 27 49 5 8 9 64 57 77 
59 34 2 76 52 69 9 20 42 12 15 16 57 50 70 
76 51 15 93 69 86 26 37 59 5 2 1 74 67 87 
20 45 81 3 27 10 70 59 37 91 94 95 22 29 9 
33 8 28 50 26 43 17 6 16 38 41 42 31 24 44 
8 33 69 9 15 2 58 47 25 79 82 83 10 17 3 
74 49 13 91 67 84 24 35 57 3 0 1 72 65 85 
39 14 22 56 32 49 11 0 22 32 35 36 37 30 50 
15 40 76 2 22 5 65 54 32 86 89 90 17 24 4 

4 68 75 14 47 3 21 62 3 22 59 9 81 75 38 
78 6 1 60 27 77 53 12 77 52 15 83 7 1 36 
52 20 27 34 1 51 27 14 51 26 11 57 33 27 10 
49 23 30 31 2 48 24 17 48 23 14 54 36 30 7 
46 26 33 28 5 45 21 20 45 20 17 51 39 33 4 
37 35 42 19 14 36 12 29 36 11 26 42 48 42 5 
83 11 4 65 32 82 58 17 82 57 20 88 2 4 41 
76 4 3 58 25 75 51 10 75 50 13 81 9 3 34 
93 21 14 75 42 92 68 27 92 67 30 98 8 14 51 
3 75 82 21 54 4 28 69 4 29 66 2 88 82 45 
50 22 29 32 1 49 25 16 49 24 13 55 35 29 8 
9 63 70 9 42 8 16 57 8 17 54 14 76 70 33 
91 19 12 73 40 90 66 25 90 65 28 96 6 12 49 
56 16 23 38 5 55 31 10 55 30 7 61 29 23 14 
2 70 77 16 49 1 23 64 1 24 61 7 83 77 40 

4 50 20 52 37 63 65 31 5 50 9 66 37 68 15 
70 24 54 22 37 11 9 43 79 24 65 8 37 6 59 
44 2 28 4 11 15 17 17 53 2 39 18 11 20 33 
41 5 25 7 8 18 20 14 50 5 36 21 8 23 30 
38 8 22 10 5 21 23 11 47 8 33 24 5 26 27 
29 17 13 19 4 30 32 2 38 17 24 33 4 35 18 
75 29 59 27 42 16 14 48 84 29 70 13 42 11 64 
68 22 52 20 35 9 7 41 77 22 63 6 35 4 57 
85 39 69 37 52 26 24 58 94 39 80 23 52 21 74 
11 57 27 59 44 70 72 38 2 57 16 73 44 75 22 
42 4 26 6 9 17 19 15 51 4 37 20 9 22 31 
1 45 15 47 32 58 60 26 10 45 4 61 32 63 10 
83 37 67 35 50 24 22 56 92 37 78 21 50 19 72 
48 2 32 0 15 11 13 21 57 2 43 14 15 16 37 
6 52 22 54 39 65 67 33 3 52 11 68 39 70 17 

68 55 67 76 72 22 2 57 4 44 8 45 69 9 74 
6 19 7 2 2 52 76 17 70 30 66 29 5 83 0 
20 7 19 28 24 26 50 9 44 4 40 3 21 57 26 
23 10 22 31 27 23 47 12 41 1 37 0 24 54 29 
26 13 25 34 30 20 44 15 38 2 34 3 27 51 32 
35 22 34 43 39 11 35 24 29 11 25 12 36 42 41 
11 24 12 3 7 57 81 22 75 35 71 34 10 88 5 
4 17 5 4 0 50 74 15 68 28 64 27 3 81 2 
21 34 22 13 17 67 91 32 85 45 81 44 20 98 15 
75 62 74 83 79 29 5 64 11 51 15 52 76 2 81 
22 9 21 30 26 24 48 11 42 2 38 1 23 55 28 
63 50 62 71 67 17 7 52 1 39 3 40 64 14 69 
19 32 20 11 15 65 89 30 83 43 79 42 18 96 13 
16 3 15 24 20 30 54 5 48 8 44 7 17 61 22 
70 57 69 78 74 24 0 59 6 46 10 47 71 7 76 

34 87 57 16 3 0 50 20 86 55 65 30 47 85 73 
40 13 17 58 71 74 24 54 12 19 9 44 27 11 1 
14 39 9 32 45 48 2 28 38 7 17 18 1 37 25 
11 42 12 29 42 45 5 25 41 10 20 15 2 40 28 
8 45 15 26 39 42 8 22 44 13 23 12 5 43 31 
1 54 24 17 30 33 17 13 53 22 32 3 14 52 40 
45 8 22 63 76 79 29 59 7 24 14 49 32 6 6 
38 15 15 56 69 72 22 52 14 17 7 42 25 13 1 
55 2 32 73 86 89 39 69 3 34 24 59 42 4 16 
41 94 64 23 10 7 57 27 93 62 72 37 54 92 80 
12 41 11 30 43 46 4 26 40 9 19 16 1 39 27 
29 82 52 11 2 5 45 15 81 50 60 25 42 80 68 
53 0 30 71 84 87 37 67 1 32 22 57 40 2 14 
18 35 5 36 49 52 2 32 34 3 13 22 5 33 21 
36 89 59 18 5 2 52 22 88 57 67 32 49 87 75 

15 64 46 15 32 5 68 17 47 18 84 16 26 57 36 
59 10 28 59 42 79 6 57 27 56 10 58 48 17 38 
33 16 2 33 16 53 20 31 1 30 36 32 22 9 12 
30 19 1 30 13 50 23 28 2 27 39 29 19 12 9 
27 22 4 27 10 47 26 25 5 24 42 26 16 15 6 
18 31 13 18 1 38 35 16 14 15 51 17 7 24 3 
64 15 33 64 47 84 11 62 32 61 5 63 53 22 43 
57 8 26 57 40 77 4 55 25 54 12 56 46 15 36 
74 25 43 74 57 94 21 72 42 71 5 73 63 32 53 
22 71 53 22 39 2 75 24 54 25 91 23 33 64 43 
31 18 0 31 14 51 22 29 1 28 38 30 20 11 10 
10 59 41 10 27 10 63 12 42 13 79 11 21 52 31 
72 23 41 72 55 92 19 70 40 69 3 71 61 30 51 
37 12 6 37 20 57 16 35 5 34 32 36 26 5 16 
17 66 48 17 34 3 70 19 49 20 86 18 28 59 38 

3 17 18 32 60 63 0 85 14 75 75 37 30 54 3 
77 57 56 42 14 11 74 11 60 1 1 37 44 20 77 
51 31 30 16 12 15 48 37 34 27 27 11 18 6 51 
48 28 27 13 15 18 45 40 31 30 30 8 15 9 48 
45 25 24 10 18 21 42 43 28 33 33 5 12 12 45 
36 16 15 1 27 30 33 52 19 42 42 4 3 21 36 
82 62 61 47 19 16 79 6 65 4 4 42 49 25 82 
75 55 54 40 12 9 72 13 58 3 3 35 42 18 75 
92 72 71 57 29 26 89 4 75 14 14 52 59 35 92 
4 24 25 39 67 70 7 92 21 82 82 44 37 61 4 
49 29 28 14 14 17 46 39 32 29 29 9 16 8 49 
8 12 13 27 55 58 5 80 9 70 70 32 25 49 8 
90 70 69 55 27 24 87 2 73 12 12 50 57 33 90 
55 35 34 20 8 11 52 33 38 23 23 15 22 2 55 
1 19 20 34 62 65 2 87 16 77 77 39 32 56 1 

45 90 13 84 56 84 46 29 27 67 42 79 79 7 84 
29 16 61 10 18 10 28 45 47 7 32 5 5 81 10 
3 42 35 36 8 36 2 19 21 19 6 31 31 55 36 
0 45 32 39 11 39 1 16 18 22 3 34 34 52 39 
3 48 29 42 14 42 4 13 15 25 0 37 37 49 42 
12 57 20 51 23 51 13 4 6 34 9 46 46 40 51 
34 11 66 5 23 5 33 50 52 12 37 0 0 86 5 
27 18 59 12 16 12 26 43 45 5 30 7 7 79 12 
44 1 76 5 33 5 43 60 62 22 47 10 10 96 5 
52 97 20 91 63 91 53 36 34 74 49 86 86 0 91 
1 44 33 38 10 38 0 17 19 21 4 33 33 53 38 
40 85 8 79 51 79 41 24 22 62 37 74 74 12 79 
42 3 74 3 31 3 41 58 60 20 45 8 8 94 3 
7 38 39 32 4 32 6 23 25 15 10 27 27 59 32 
47 92 15 86 58 86 48 31 29 69 44 81 81 5 86 

28 25 16 23 26 71 87 63 25 68 72 42 29 88 7 
46 49 58 51 48 3 13 11 49 6 2 32 45 14 81 
20 23 32 25 22 23 39 15 23 20 24 6 19 40 55 
17 20 29 22 19 26 42 18 20 23 27 3 16 43 52 
14 17 26 19 16 29 45 21 17 26 30 0 13 46 49 
5 8 17 10 7 38 54 30 8 35 39 9 4 55 40 
51 54 63 56 53 8 8 16 54 11 7 37 50 9 86 
44 47 56 49 46 1 15 9 47 4 0 30 43 16 79 
61 64 73 66 63 18 2 26 64 21 17 47 60 1 96 
35 32 23 30 33 78 94 70 32 75 79 49 36 95 0 
18 21 30 23 20 25 41 17 21 22 26 4 17 42 53 
23 20 11 18 21 66 82 58 20 63 67 37 24 83 12 
59 62 71 64 61 16 0 24 62 19 15 45 58 1 94 
24 27 36 29 26 19 35 11 27 16 20 10 23 36 59 
30 27 18 25 28 73 89 65 27 70 74 44 31 90 5 

59 59 18 59 0 4 78 37 22 47 54 20 37 58 60 
15 15 56 15 74 78 4 37 52 27 20 54 37 16 14 
11 11 30 11 48 52 30 11 26 1 6 28 11 10 12 
14 14 27 14 45 49 33 8 23 2 9 25 8 13 15 
17 17 24 17 42 46 36 5 20 5 12 22 5 16 18 
26 26 15 26 33 37 45 4 11 14 21 13 4 25 27 
20 20 61 20 79 83 1 42 57 32 25 59 42 21 19 
13 13 54 13 72 76 6 35 50 25 18 52 35 14 12 
30 30 71 30 89 93 11 52 67 42 35 69 52 31 29 
66 66 25 66 7 3 85 44 29 54 61 27 44 65 67 
13 13 28 13 46 50 32 9 24 1 8 26 9 12 14 
54 54 13 54 5 9 73 32 17 42 49 15 32 53 55 
28 28 69 28 87 91 9 50 65 40 33 67 50 29 27 
7 7 34 7 52 56 26 15 30 5 2 32 15 6 8 
61 61 20 61 2 2 80 39 24 49 56 22 39 60 62 

1 60 24 63 2 52 58 10 26 19 5 66 40 41 45 
73 14 50 11 76 22 16 64 48 55 79 8 34 33 29 
47 12 24 15 50 4 10 38 22 29 53 18 8 7 3 
44 15 21 18 47 7 13 35 19 26 50 21 5 4 0 
41 18 18 21 44 10 16 32 16 23 47 24 2 1 3 
32 27 9 30 35 19 25 23 7 14 38 33 7 8 12 
78 19 55 16 81 27 21 69 53 60 84 13 39 38 34 
71 12 48 9 74 20 14 62 46 53 77 6 32 31 27 
88 29 65 26 91 37 31 79 63 70 94 23 49 48 44 
8 67 31 70 5 59 65 17 33 26 2 73 47 48 52 
45 14 22 17 48 6 12 36 20 27 51 20 6 5 1 
4 55 19 58 7 47 53 5 21 14 10 61 35 36 40 
86 27 63 24 89 35 29 77 61 68 92 21 47 46 42 
51 8 28 11 54 0 6 42 26 33 57 14 12 11 7 
3 62 26 65 0 54 60 12 28 21 3 68 42 43 47 

32 9 14 30 70 6 20 78 12 70 17 74 74 45 55 
42 65 60 44 4 68 54 4 62 4 57 0 0 29 19 
16 39 34 18 22 42 28 30 36 22 31 26 26 3 7 
13 36 31 15 25 39 25 33 33 25 28 29 29 0 10 
10 33 28 12 28 36 22 36 30 28 25 32 32 3 13 
1 24 19 3 37 27 13 45 21 37 16 41 41 12 22 
47 70 65 49 9 73 59 1 67 9 62 5 5 34 24 
40 63 58 42 2 66 52 6 60 2 55 2 2 27 17 
57 80 75 59 19 83 69 11 77 19 72 15 15 44 34 
39 16 21 37 77 13 27 85 19 77 24 81 81 52 62 
14 37 32 16 24 40 26 32 34 24 29 28 28 1 9 
27 4 9 25 65 1 15 73 7 65 12 69 69 40 50 
55 78 73 57 17 81 67 9 75 17 70 13 13 42 32 
20 43 38 22 18 46 32 26 40 18 35 22 22 7 3 
34 11 16 32 72 8 22 80 14 72 19 76 76 47 57 

66 41 5 83 59 76 16 27 49 5 8 9 64 57 77 
56 31 5 73 49 66 6 17 39 15 18 19 54 47 67 
17 42 78 0 24 7 67 56 34 88 91 92 19 26 6 
60 35 1 77 53 70 10 21 43 11 14 15 58 51 71 
3 28 64 14 10 7 53 42 20 74 77 78 5 12 8 
23 2 38 40 16 33 27 16 6 48 51 52 21 14 34 
52 27 9 69 45 62 2 13 35 19 22 23 50 43 63 
21 4 40 38 14 31 29 18 4 50 53 54 19 12 32 
70 45 9 87 63 80 20 31 53 1 4 5 68 61 81 
45 20 16 62 38 55 5 6 28 26 29 30 43 36 56 
42 17 19 59 35 52 8 3 25 29 32 33 40 33 53 
61 36 0 78 54 71 11 22 44 10 13 14 59 52 72 
4 21 57 21 3 14 46 35 13 67 70 71 2 5 15 
8 17 53 25 1 18 42 31 9 63 66 67 6 1 19 
49 24 12 66 42 59 1 10 32 22 25 26 47 40 60 

83 11 4 65 32 82 58 17 82 57 20 88 2 4 41 
73 1 6 55 22 72 48 7 72 47 10 78 12 6 31 
0 72 79 18 51 1 25 66 1 26 63 5 85 79 42 
77 5 2 59 26 76 52 11 76 51 14 82 8 2 35 
14 58 65 4 37 13 11 52 13 12 49 19 71 65 28 
40 32 39 22 11 39 15 26 39 14 23 45 45 39 2 
69 3 10 51 18 68 44 3 68 43 6 74 16 10 27 
38 34 41 20 13 37 13 28 37 12 25 43 47 41 4 
87 15 8 69 36 86 62 21 86 61 24 92 2 8 45 
62 10 17 44 11 61 37 4 61 36 1 67 23 17 20 
59 13 20 41 8 58 34 7 58 33 4 64 26 20 17 
78 6 1 60 27 77 53 12 77 52 15 83 7 1 36 
21 51 58 3 30 20 4 45 20 5 42 26 64 58 21 
25 47 54 7 26 24 0 41 24 1 38 30 60 54 17 
66 6 13 48 15 65 41 0 65 40 3 71 19 13 24 

75 29 59 27 42 16 14 48 84 29 70 13 42 11 64 
65 19 49 17 32 6 4 38 74 19 60 3 32 1 54 
8 54 24 56 41 67 69 35 1 54 13 70 41 72 19 
69 23 53 21 36 10 8 42 78 23 64 7 36 5 58 
6 40 10 42 27 53 55 21 15 40 1 56 27 58 5 
32 14 16 16 1 27 29 5 41 14 27 30 1 32 21 
61 15 45 13 28 2 0 34 70 15 56 1 28 3 50 
30 16 14 18 3 29 31 3 39 16 25 32 3 34 19 
79 33 63 31 46 20 18 52 88 33 74 17 46 15 68 
54 8 38 6 21 5 7 27 63 8 49 8 21 10 43 
51 5 35 3 18 8 10 24 60 5 46 11 18 13 40 
70 24 54 22 37 11 9 43 79 24 65 8 37 6 59 
13 33 3 35 20 46 48 14 22 33 8 49 20 51 2 
17 29 1 31 16 42 44 10 26 29 12 45 16 47 6 
58 12 42 10 25 1 3 31 67 12 53 4 25 6 47 

11 24 12 3 7 57 81 22 75 35 71 34 10 88 5 
1 14 2 7 3 47 71 12 65 25 61 24 0 78 5 
72 59 71 80 76 26 2 61 8 48 12 49 73 5 78 
5 18 6 3 1 51 75 16 69 29 65 28 4 82 1 
58 45 57 66 62 12 12 47 6 34 2 35 59 19 64 
32 19 31 40 36 14 38 21 32 8 28 9 33 45 38 
3 10 2 11 7 43 67 8 61 21 57 20 4 74 9 
34 21 33 42 38 12 36 23 30 10 26 11 35 43 40 
15 28 16 7 11 61 85 26 79 39 75 38 14 92 9 
10 3 9 18 14 36 60 1 54 14 50 13 11 67 16 
13 0 12 21 17 33 57 2 51 11 47 10 14 64 19 
6 19 7 2 2 52 76 17 70 30 66 29 5 83 0 
51 38 50 59 55 5 19 40 13 27 9 28 52 26 57 
47 34 46 55 51 1 23 36 17 23 13 24 48 30 53 
6 7 5 14 10 40 64 5 58 18 54 17 7 71 12 

45 8 22 63 76 79 29 59 7 24 14 49 32 6 6 
35 18 12 53 66 69 19 49 17 14 4 39 22 16 4 
38 91 61 20 7 4 54 24 90 59 69 34 51 89 77 
39 14 16 57 70 73 23 53 13 18 8 43 26 12 0 
24 77 47 6 7 10 40 10 76 45 55 20 37 75 63 
2 51 21 20 33 36 14 16 50 19 29 6 11 49 37 
31 22 8 49 62 65 15 45 21 10 0 35 18 20 8 
0 53 23 18 31 34 16 14 52 21 31 4 13 51 39 
49 4 26 67 80 83 33 63 3 28 18 53 36 2 10 
24 29 1 42 55 58 8 38 28 3 7 28 11 27 15 
21 32 2 39 52 55 5 35 31 0 10 25 8 30 18 
40 13 17 58 71 74 24 54 12 19 9 44 27 11 1 
17 70 40 1 14 17 33 3 69 38 48 13 30 68 56 
13 66 36 5 18 21 29 1 65 34 44 9 26 64 52 
28 25 5 46 59 62 12 42 24 7 3 32 15 23 11 

64 15 33 64 47 84 11 62 32 61 5 63 53 22 43 
54 5 23 54 37 74 1 52 22 51 15 53 43 12 33 
19 68 50 19 36 1 72 21 51 22 88 20 30 61 40 
58 9 27 58 41 78 5 56 26 55 11 57 47 16 37 
5 54 36 5 22 15 58 7 37 8 74 6 16 47 26 
21 28 10 21 4 41 32 19 11 18 48 20 10 21 0 
50 1 19 50 33 70 3 48 18 47 19 49 39 8 29 
19 30 12 19 2 39 34 17 13 16 50 18 8 23 2 
68 19 37 68 51 88 15 66 36 65 1 67 57 26 47 
43 6 12 43 26 63 10 41 11 40 26 42 32 1 22 
40 9 9 40 23 60 13 38 8 37 29 39 29 2 19 
59 10 28 59 42 79 6 57 27 56 10 58 48 17 38 
2 47 29 2 15 22 51 0 30 1 67 1 9 40 19 
6 43 25 6 11 26 47 4 26 3 63 5 5 36 15 
47 2 16 47 30 67 6 45 15 44 22 46 36 5 26 

82 62 61 47 19 16 79 6 65 4 4 42 49 25 82 
72 52 51 37 9 6 69 16 55 6 6 32 39 15 72 
1 21 22 36 64 67 4 89 18 79 79 41 34 58 1 
76 56 55 41 13 10 73 12 59 2 2 36 43 19 76 
13 7 8 22 50 53 10 75 4 65 65 27 20 44 13 
39 19 18 4 24 27 36 49 22 39 39 1 6 18 39 
68 48 47 33 5 2 65 20 51 10 10 28 35 11 68 
37 17 16 2 26 29 34 51 20 41 41 3 4 20 37 
86 66 65 51 23 20 83 2 69 8 8 46 53 29 86 
61 41 40 26 2 5 58 27 44 17 17 21 28 4 61 
58 38 37 23 5 8 55 30 41 20 20 18 25 1 58 
77 57 56 42 14 11 74 11 60 1 1 37 44 20 77 
20 0 1 15 43 46 17 68 3 58 58 20 13 37 20 
24 4 3 11 39 42 21 64 7 54 54 16 9 33 24 
65 45 44 30 2 1 62 23 48 13 13 25 32 8 65 

34 11 66 5 23 5 33 50 52 12 37 0 0 86 5 
24 21 56 15 13 15 23 40 42 2 27 10 10 76 15 
49 94 17 88 60 88 50 33 31 71 46 83 83 3 88 
28 17 60 11 17 11 27 44 46 6 31 6 6 80 11 
35 80 3 74 46 74 36 19 17 57 32 69 69 17 74 
9 54 23 48 20 48 10 7 9 31 6 43 43 43 48 
20 25 52 19 9 19 19 36 38 2 23 14 14 72 19 
11 56 21 50 22 50 12 5 7 33 8 45 45 41 50 
38 7 70 1 27 1 37 54 56 16 41 4 4 90 1 
13 32 45 26 2 26 12 29 31 9 16 21 21 65 26 
10 35 42 29 1 29 9 26 28 12 13 24 24 62 29 
29 16 61 10 18 10 28 45 47 7 32 5 5 81 10 
28 73 4 67 39 67 29 12 10 50 25 62 62 24 67 
24 69 8 63 35 63 25 8 6 46 21 58 58 28 63 
17 28 49 22 6 22 16 33 35 5 20 17 17 69 22 

51 54 63 56 53 8 8 16 54 11 7 37 50 9 86 
41 44 53 46 43 2 18 6 44 1 3 27 40 19 76 
32 29 20 27 30 75 91 67 29 72 76 46 33 92 3 
45 48 57 50 47 2 14 10 48 5 1 31 44 15 80 
18 15 6 13 16 61 77 53 15 58 62 32 19 78 17 
8 11 20 13 10 35 51 27 11 32 36 6 7 52 43 
37 40 49 42 39 6 22 2 40 3 7 23 36 23 72 
6 9 18 11 8 37 53 29 9 34 38 8 5 54 41 
55 58 67 60 57 12 4 20 58 15 11 41 54 5 90 
30 33 42 35 32 13 29 5 33 10 14 16 29 30 65 
27 30 39 32 29 16 32 8 30 13 17 13 26 33 62 
46 49 58 51 48 3 13 11 49 6 2 32 45 14 81 
11 8 1 6 9 54 70 46 8 51 55 25 12 71 24 
7 4 5 2 5 50 66 42 4 47 51 21 8 67 28 
34 37 46 39 36 9 25 1 37 6 10 20 33 26 69 

20 20 61 20 79 83 1 42 57 32 25 59 42 21 19 
10 10 51 10 69 73 9 32 47 22 15 49 32 11 9 
63 63 22 63 4 0 82 41 26 51 58 24 41 62 64 
14 14 55 14 73 77 5 36 51 26 19 53 36 15 13 
49 49 8 49 10 14 68 27 12 37 44 10 27 48 50 
23 23 18 23 36 40 42 1 14 11 18 16 1 22 24 
6 6 47 6 65 69 13 28 43 18 11 45 28 7 5 
25 25 16 25 34 38 44 3 12 13 20 14 3 24 26 
24 24 65 24 83 87 5 46 61 36 29 63 46 25 23 
1 1 40 1 58 62 20 21 36 11 4 38 21 0 2 
4 4 37 4 55 59 23 18 33 8 1 35 18 3 5 
15 15 56 15 74 78 4 37 52 27 20 54 37 16 14 
42 42 1 42 17 21 61 20 5 30 37 3 20 41 43 
38 38 3 38 21 25 57 16 1 26 33 1 16 37 39 
3 3 44 3 62 66 16 25 40 15 8 42 25 4 2 

78 19 55 16 81 27 21 69 53 60 84 13 39 38 34 
68 9 45 6 71 17 11 59 43 50 74 3 29 28 24 
5 64 28 67 2 56 62 14 30 23 1 70 44 45 49 
72 13 49 10 75 21 15 63 47 54 78 7 33 32 28 
9 50 14 53 12 42 48 0 16 9 15 56 30 31 35 
35 24 12 27 38 16 22 26 10 17 41 30 4 5 9 
64 5 41 2 67 13 7 55 39 46 70 1 25 24 20 
33 26 10 29 36 18 24 24 8 15 39 32 6 7 11 
82 23 59 20 85 31 25 73 57 64 88 17 43 42 38 
57 2 34 5 60 6 0 48 32 39 63 8 18 17 13 
54 5 31 8 57 3 3 45 29 36 60 11 15 14 10 
73 14 50 11 76 22 16 64 48 55 79 8 34 33 29 
16 43 7 46 19 35 41 7 9 2 22 49 23 24 28 
20 39 3 42 23 31 37 11 5 2 26 45 19 20 24 
61 2 38 1 64 10 4 52 36 43 67 4 22 21 17 

47 70 65 49 9 73 59 1 67 9 62 5 5 34 24 
37 60 55 39 1 63 49 9 57 1 52 5 5 24 14 
36 13 18 34 74 10 24 82 16 74 21 78 78 49 59 
41 64 59 43 3 67 53 5 61 3 56 1 1 28 18 
22 1 4 20 60 4 10 68 2 60 7 64 64 35 45 
4 27 22 6 34 30 16 42 24 34 19 38 38 9 19 
33 56 51 35 5 59 45 13 53 5 48 9 9 20 10 
2 25 20 4 36 28 14 44 22 36 17 40 40 11 21 
51 74 69 53 13 77 63 5 71 13 66 9 9 38 28 
26 49 44 28 12 52 38 20 46 12 41 16 16 13 3 
23 46 41 25 15 49 35 23 43 15 38 19 19 10 0 
42 65 60 44 4 68 54 4 62 4 57 0 0 29 19 
15 8 3 13 53 11 3 61 5 53 0 57 57 28 38 
11 12 7 9 49 15 1 57 9 49 4 53 53 24 34 
30 53 48 32 8 56 42 16 50 8 45 12 12 17 7 

17 55 62 1 34 16 8 49 16 9 46 22 68 62 25 
42 30 37 24 9 41 17 24 41 16 21 47 43 37 0 
78 6 1 60 27 77 53 12 77 52 15 83 7 1 36 
0 72 79 18 51 1 25 66 1 26 63 5 85 79 42 
24 48 55 6 27 23 1 42 23 2 39 29 61 55 18 
7 65 72 11 44 6 18 59 6 19 56 12 78 72 35 
67 5 12 49 16 66 42 1 66 41 4 72 18 12 25 
56 16 23 38 5 55 31 10 55 30 7 61 29 23 14 
34 38 45 16 17 33 9 32 33 8 29 39 51 45 8 
88 16 9 70 37 87 63 22 87 62 25 93 3 9 46 
91 19 12 73 40 90 66 25 90 65 28 96 6 12 49 
92 20 13 74 41 91 67 26 91 66 29 97 7 13 50 
19 53 60 1 32 18 6 47 18 7 44 24 66 60 23 
26 46 53 8 25 25 1 40 25 0 37 31 59 53 16 
6 66 73 12 45 5 19 60 5 20 57 11 79 73 36 

9 37 7 39 24 50 52 18 18 37 4 53 24 55 2 
34 12 18 14 1 25 27 7 43 12 29 28 1 30 23 
70 24 54 22 37 11 9 43 79 24 65 8 37 6 59 
8 54 24 56 41 67 69 35 1 54 13 70 41 72 19 
16 30 0 32 17 43 45 11 25 30 11 46 17 48 5 
1 47 17 49 34 60 62 28 8 47 6 63 34 65 12 
59 13 43 11 26 0 2 32 68 13 54 3 26 5 48 
48 2 32 0 15 11 13 21 57 2 43 14 15 16 37 
26 20 10 22 7 33 35 1 35 20 21 36 7 38 15 
80 34 64 32 47 21 19 53 89 34 75 18 47 16 69 
83 37 67 35 50 24 22 56 92 37 78 21 50 19 72 
84 38 68 36 51 25 23 57 93 38 79 22 51 20 73 
11 35 5 37 22 48 50 16 20 35 6 51 22 53 0 
18 28 2 30 15 41 43 9 27 28 13 44 15 46 7 
2 48 18 50 35 61 63 29 7 48 7 64 35 66 13 

55 42 54 63 59 9 15 44 9 31 5 32 56 22 61 
30 17 29 38 34 16 40 19 34 6 30 7 31 47 36 
6 19 7 2 2 52 76 17 70 30 66 29 5 83 0 
72 59 71 80 76 26 2 61 8 48 12 49 73 5 78 
48 35 47 56 52 2 22 37 16 24 12 25 49 29 54 
65 52 64 73 69 19 5 54 1 41 5 42 66 12 71 
5 8 4 13 9 41 65 6 59 19 55 18 6 72 11 
16 3 15 24 20 30 54 5 48 8 44 7 17 61 22 
38 25 37 46 42 8 32 27 26 14 22 15 39 39 44 
16 29 17 8 12 62 86 27 80 40 76 39 15 93 10 
19 32 20 11 15 65 89 30 83 43 79 42 18 96 13 
20 33 21 12 16 66 90 31 84 44 80 43 19 97 14 
53 40 52 61 57 7 17 42 11 29 7 30 54 24 59 
46 33 45 54 50 0 24 35 18 22 14 23 47 31 52 
66 53 65 74 70 20 4 55 2 42 6 43 67 11 72 

21 74 44 3 10 13 37 7 73 42 52 17 34 72 60 
4 49 19 22 35 38 12 18 48 17 27 8 9 47 35 
40 13 17 58 71 74 24 54 12 19 9 44 27 11 1 
38 91 61 20 7 4 54 24 90 59 69 34 51 89 77 
14 67 37 4 17 20 30 0 66 35 45 10 27 65 53 
31 84 54 13 0 3 47 17 83 52 62 27 44 82 70 
29 24 6 47 60 63 13 43 23 8 2 33 16 22 10 
18 35 5 36 49 52 2 32 34 3 13 22 5 33 21 
4 57 27 14 27 30 20 10 56 25 35 0 17 55 43 
50 3 27 68 81 84 34 64 2 29 19 54 37 1 11 
53 0 30 71 84 87 37 67 1 32 22 57 40 2 14 
54 1 31 72 85 88 38 68 2 33 23 58 41 3 15 
19 72 42 1 12 15 35 5 71 40 50 15 32 70 58 
12 65 35 6 19 22 28 2 64 33 43 8 25 63 51 
32 85 55 14 1 2 48 18 84 53 63 28 45 83 71 

2 51 33 2 19 18 55 4 34 5 71 3 13 44 23 
23 26 8 23 6 43 30 21 9 20 46 22 12 19 2 
59 10 28 59 42 79 6 57 27 56 10 58 48 17 38 
19 68 50 19 36 1 72 21 51 22 88 20 30 61 40 
5 44 26 5 12 25 48 3 27 2 64 4 6 37 16 
12 61 43 12 29 8 65 14 44 15 81 13 23 54 33 
48 1 17 48 31 68 5 46 16 45 21 47 37 6 27 
37 12 6 37 20 57 16 35 5 34 32 36 26 5 16 
15 34 16 15 2 35 38 13 17 12 54 14 4 27 6 
69 20 38 69 52 89 16 67 37 66 0 68 58 27 48 
72 23 41 72 55 92 19 70 40 69 3 71 61 30 51 
73 24 42 73 56 93 20 71 41 70 4 72 62 31 52 
0 49 31 0 17 20 53 2 32 3 69 1 11 42 21 
7 42 24 7 10 27 46 5 25 4 62 6 4 35 14 
13 62 44 13 30 7 66 15 45 16 82 14 24 55 34 

16 4 5 19 47 50 13 72 1 62 62 24 17 41 16 
41 21 20 6 22 25 38 47 24 37 37 1 8 16 41 
77 57 56 42 14 11 74 11 60 1 1 37 44 20 77 
1 21 22 36 64 67 4 89 18 79 79 41 34 58 1 
23 3 2 12 40 43 20 65 6 55 55 17 10 34 23 
6 14 15 29 57 60 3 82 11 72 72 34 27 51 6 
66 46 45 31 3 0 63 22 49 12 12 26 33 9 66 
55 35 34 20 8 11 52 33 38 23 23 15 22 2 55 
33 13 12 2 30 33 30 55 16 45 45 7 0 24 33 
87 67 66 52 24 21 84 1 70 9 9 47 54 30 87 
90 70 69 55 27 24 87 2 73 12 12 50 57 33 90 
91 71 70 56 28 25 88 3 74 13 13 51 58 34 91 
18 2 3 17 45 48 15 70 1 60 60 22 15 39 18 
25 5 4 10 38 41 22 63 8 53 53 15 8 32 25 
5 15 16 30 58 61 2 83 12 73 73 35 28 52 5 

32 77 0 71 43 71 33 16 14 54 29 66 66 20 71 
7 52 25 46 18 46 8 9 11 29 4 41 41 45 46 
29 16 61 10 18 10 28 45 47 7 32 5 5 81 10 
49 94 17 88 60 88 50 33 31 71 46 83 83 3 88 
25 70 7 64 36 64 26 9 7 47 22 59 59 27 64 
42 87 10 81 53 81 43 26 24 64 39 76 76 10 81 
18 27 50 21 7 21 17 34 36 4 21 16 16 70 21 
7 38 39 32 4 32 6 23 25 15 10 27 27 59 32 
15 60 17 54 26 54 16 1 3 37 12 49 49 37 54 
39 6 71 0 28 0 38 55 57 17 42 5 5 91 0 
42 3 74 3 31 3 41 58 60 20 45 8 8 94 3 
43 2 75 4 32 4 42 59 61 21 46 9 9 95 4 
30 75 2 69 41 69 31 14 12 52 27 64 64 22 69 
23 68 9 62 34 62 24 7 5 45 20 57 57 29 62 
43 88 11 82 54 82 44 27 25 65 40 77 77 9 82 

15 12 3 10 13 58 74 50 12 55 59 29 16 75 20 
10 13 22 15 12 33 49 25 13 30 34 4 9 50 45 
46 49 58 51 48 3 13 11 49 6 2 32 45 14 81 
32 29 20 27 30 75 91 67 29 72 76 46 33 92 3 
8 5 4 3 6 51 67 43 5 48 52 22 9 68 27 
25 22 13 20 23 68 84 60 22 65 69 39 26 85 10 
35 38 47 40 37 8 24 0 38 5 9 21 34 25 70 
24 27 36 29 26 19 35 11 27 16 20 10 23 36 59 
2 5 14 7 4 41 57 33 5 38 42 12 1 58 37 
56 59 68 61 58 13 3 21 59 16 12 42 55 4 91 
59 62 71 64 61 16 0 24 62 19 15 45 58 1 94 
60 63 72 65 62 17 1 25 63 20 16 46 59 0 95 
13 10 1 8 11 56 72 48 10 53 57 27 14 73 22 
6 3 6 1 4 49 65 41 3 46 50 20 7 66 29 
26 23 14 21 24 69 85 61 23 66 70 40 27 86 9 

46 46 5 46 13 17 65 24 9 34 41 7 24 45 47 
21 21 20 21 38 42 40 1 16 9 16 18 1 20 22 
15 15 56 15 74 78 4 37 52 27 20 54 37 16 14 
63 63 22 63 4 0 82 41 26 51 58 24 41 62 64 
39 39 2 39 20 24 58 17 2 27 34 0 17 38 40 
56 56 15 56 3 7 75 34 19 44 51 17 34 55 57 
4 4 45 4 63 67 15 26 41 16 9 43 26 5 3 
7 7 34 7 52 56 26 15 30 5 2 32 15 6 8 
29 29 12 29 30 34 48 7 8 17 24 10 7 28 30 
25 25 66 25 84 88 6 47 62 37 30 64 47 26 24 
28 28 69 28 87 91 9 50 65 40 33 67 50 29 27 
29 29 70 29 88 92 10 51 66 41 34 68 51 30 28 
44 44 3 44 15 19 63 22 7 32 39 5 22 43 45 
37 37 4 37 22 26 56 15 0 25 32 2 15 36 38 
57 57 16 57 2 6 76 35 20 45 52 18 35 56 58 

12 47 11 50 15 39 45 3 13 6 18 53 27 28 32 
37 22 14 25 40 14 20 28 12 19 43 28 2 3 7 
73 14 50 11 76 22 16 64 48 55 79 8 34 33 29 
5 64 28 67 2 56 62 14 30 23 1 70 44 45 49 
19 40 4 43 22 32 38 10 6 1 25 46 20 21 25 
2 57 21 60 5 49 55 7 23 16 8 63 37 38 42 
62 3 39 0 65 11 5 53 37 44 68 3 23 22 18 
51 8 28 11 54 0 6 42 26 33 57 14 12 11 7 
29 30 6 33 32 22 28 20 4 11 35 36 10 11 15 
83 24 60 21 86 32 26 74 58 65 89 18 44 43 39 
86 27 63 24 89 35 29 77 61 68 92 21 47 46 42 
87 28 64 25 90 36 30 78 62 69 93 22 48 47 43 
14 45 9 48 17 37 43 5 11 4 20 51 25 26 30 
21 38 2 41 24 30 36 12 4 3 27 44 18 19 23 
1 58 22 61 4 50 56 8 24 17 7 64 38 39 43 

19 4 1 17 57 7 7 65 1 57 4 61 61 32 42 
6 29 24 8 32 32 18 40 26 32 21 36 36 7 17 
42 65 60 44 4 68 54 4 62 4 57 0 0 29 19 
36 13 18 34 74 10 24 82 16 74 21 78 78 49 59 
12 11 6 10 50 14 0 58 8 50 3 54 54 25 35 
29 6 11 27 67 3 17 75 9 67 14 71 71 42 52 
31 54 49 33 7 57 43 15 51 7 46 11 11 18 8 
20 43 38 22 18 46 32 26 40 18 35 22 22 7 3 
2 21 16 0 40 24 10 48 18 40 13 44 44 15 25 
52 75 70 54 14 78 64 6 72 14 67 10 10 39 29 
55 78 73 57 17 81 67 9 75 17 70 13 13 42 32 
56 79 74 58 18 82 68 10 76 18 71 14 14 43 33 
17 6 1 15 55 9 5 63 3 55 2 59 59 30 40 
10 13 8 8 48 16 2 56 10 48 5 52 52 23 33 
30 7 12 28 68 4 18 76 10 68 15 72 72 43 53 

8 54 24 56 41 67 69 35 1 54 13 70 41 72 19 
64 18 48 16 31 5 3 37 73 18 59 2 31 0 53 
71 25 55 23 38 12 10 44 80 25 66 9 38 7 60 
10 36 6 38 23 49 51 17 19 36 5 52 23 54 1 
43 3 27 5 10 16 18 16 52 3 38 19 10 21 32 
7 53 23 55 40 66 68 34 2 53 12 69 40 71 18 
17 29 1 31 16 42 44 10 26 29 12 45 16 47 6 
58 12 42 10 25 1 3 31 67 12 53 4 25 6 47 
7 53 23 55 40 66 68 34 2 53 12 69 40 71 18 
18 28 2 30 15 41 43 9 27 28 13 44 15 46 7 
55 9 39 7 22 4 6 28 64 9 50 7 22 9 44 
13 59 29 61 46 72 74 40 4 59 18 75 46 77 24 
77 31 61 29 44 18 16 50 86 31 72 15 44 13 66 
71 25 55 23 38 12 10 44 80 25 66 9 38 7 60 
34 12 18 14 1 25 27 7 43 12 29 28 1 30 23 

72 59 71 80 76 26 2 61 8 48 12 49 73 5 78 
0 13 1 8 4 46 70 11 64 24 60 23 1 77 6 
7 20 8 1 3 53 77 18 71 31 67 30 6 84 1 
54 41 53 62 58 8 16 43 10 30 6 31 55 23 60 
21 8 20 29 25 25 49 10 43 3 39 2 22 56 27 
71 58 70 79 75 25 1 60 7 47 11 48 72 6 77 
47 34 46 55 51 1 23 36 17 23 13 24 48 30 53 
6 7 5 14 10 40 64 5 58 18 54 17 7 71 12 
71 58 70 79 75 25 1 60 7 47 11 48 72 6 77 
46 33 45 54 50 0 24 35 18 22 14 23 47 31 52 
9 4 8 17 13 37 61 2 55 15 51 14 10 68 15 
77 64 76 85 81 31 7 66 13 53 17 54 78 0 83 
13 26 14 5 9 59 83 24 77 37 73 36 12 90 7 
7 20 8 1 3 53 77 18 71 31 67 30 6 84 1 
30 17 29 38 34 16 40 19 34 6 30 7 31 47 36 

38 91 61 20 7 4 54 24 90 59 69 34 51 89 77 
34 19 11 52 65 68 18 48 18 13 3 38 21 17 5 
41 12 18 59 72 75 25 55 11 20 10 45 28 10 2 
20 73 43 2 11 14 36 6 72 41 51 16 33 71 59 
13 40 10 31 44 47 3 27 39 8 18 17 0 38 26 
37 90 60 19 6 3 53 23 89 58 68 33 50 88 76 
13 66 36 5 18 21 29 1 65 34 44 9 26 64 52 
28 25 5 46 59 62 12 42 24 7 3 32 15 23 11 
37 90 60 19 6 3 53 23 89 58 68 33 50 88 76 
12 65 35 6 19 22 28 2 64 33 43 8 25 63 51 
25 28 2 43 56 59 9 39 27 4 6 29 12 26 14 
43 96 66 25 12 9 59 29 95 64 74 39 56 94 82 
47 6 24 65 78 81 31 61 5 26 16 51 34 4 8 
41 12 18 59 72 75 25 55 11 20 10 45 28 10 2 
4 49 19 22 35 38 12 18 48 17 27 8 9 47 35 

19 68 50 19 36 1 72 21 51 22 88 20 30 61 40 
53 4 22 53 36 73 0 51 21 50 16 52 42 11 32 
60 11 29 60 43 80 7 58 28 57 9 59 49 18 39 
1 50 32 1 18 19 54 3 33 4 70 2 12 43 22 
32 17 1 32 15 52 21 30 0 29 37 31 21 10 11 
18 67 49 18 35 2 71 20 50 21 87 19 29 60 39 
6 43 25 6 11 26 47 4 26 3 63 5 5 36 15 
47 2 16 47 30 67 6 45 15 44 22 46 36 5 26 
18 67 49 18 35 2 71 20 50 21 87 19 29 60 39 
7 42 24 7 10 27 46 5 25 4 62 6 4 35 14 
44 5 13 44 27 64 9 42 12 41 25 43 33 2 23 
24 73 55 24 41 4 77 26 56 27 93 25 35 66 45 
66 17 35 66 49 86 13 64 34 63 3 65 55 24 45 
60 11 29 60 43 80 7 58 28 57 9 59 49 18 39 
23 26 8 23 6 43 30 21 9 20 46 22 12 19 2 

1 21 22 36 64 67 4 89 18 79 79 41 34 58 1 
71 51 50 36 8 5 68 17 54 7 7 31 38 14 71 
78 58 57 43 15 12 75 10 61 0 0 38 45 21 78 
17 3 4 18 46 49 14 71 0 61 61 23 16 40 17 
50 30 29 15 13 16 47 38 33 28 28 10 17 7 50 
0 20 21 35 63 66 3 88 17 78 78 40 33 57 0 
24 4 3 11 39 42 21 64 7 54 54 16 9 33 24 
65 45 44 30 2 1 62 23 48 13 13 25 32 8 65 
0 20 21 35 63 66 3 88 17 78 78 40 33 57 0 
25 5 4 10 38 41 22 63 8 53 53 15 8 32 25 
62 42 41 27 1 4 59 26 45 16 16 22 29 5 62 
6 26 27 41 69 72 9 94 23 84 84 46 39 63 6 
84 64 63 49 21 18 81 4 67 6 6 44 51 27 84 
78 58 57 43 15 12 75 10 61 0 0 38 45 21 78 
41 21 20 6 22 25 38 47 24 37 37 1 8 16 41 

49 94 17 88 60 88 50 33 31 71 46 83 83 3 88 
23 22 55 16 12 16 22 39 41 1 26 11 11 75 16 
30 15 62 9 19 9 29 46 48 8 33 4 4 82 9 
31 76 1 70 42 70 32 15 13 53 28 65 65 21 70 
2 43 34 37 9 37 1 18 20 20 5 32 32 54 37 
48 93 16 87 59 87 49 32 30 70 45 82 82 4 87 
24 69 8 63 35 63 25 8 6 46 21 58 58 28 63 
17 28 49 22 6 22 16 33 35 5 20 17 17 69 22 
48 93 16 87 59 87 49 32 30 70 45 82 82 4 87 
23 68 9 62 34 62 24 7 5 45 20 57 57 29 62 
14 31 46 25 3 25 13 30 32 8 17 20 20 66 25 
54 99 22 93 65 93 55 38 36 76 51 88 88 2 93 
36 9 68 3 25 3 35 52 54 14 39 2 2 88 3 
30 15 62 9 19 9 29 46 48 8 33 4 4 82 9 
7 52 25 46 18 46 8 9 11 29 4 41 41 45 46 

32 29 20 27 30 75 91 67 29 72 76 46 33 92 3 
40 43 52 45 42 3 19 5 43 0 4 26 39 20 75 
47 50 59 52 49 4 12 12 50 7 3 33 46 13 82 
14 11 2 9 12 57 73 49 11 54 58 28 15 74 21 
19 22 31 24 21 24 40 16 22 21 25 5 18 41 54 
31 28 19 26 29 74 90 66 28 71 75 45 32 91 4 
7 4 5 2 5 50 66 42 4 47 51 21 8 67 28 
34 37 46 39 36 9 25 1 37 6 10 20 33 26 69 
31 28 19 26 29 74 90 66 28 71 75 45 32 91 4 
6 3 6 1 4 49 65 41 3 46 50 20 7 66 29 
31 34 43 36 33 12 28 4 34 9 13 17 30 29 66 
37 34 25 32 35 80 96 72 34 77 81 51 38 97 2 
53 56 65 58 55 10 6 18 56 13 9 39 52 7 88 
47 50 59 52 49 4 12 12 50 7 3 33 46 13 82 
10 13 22 15 12 33 49 25 13 30 34 4 9 50 45 

63 63 22 63 4 0 82 41 26 51 58 24 41 62 64 
9 9 50 9 68 72 10 31 46 21 14 48 31 10 8 
16 16 57 16 75 79 3 38 53 28 21 55 38 17 15 
45 45 4 45 14 18 64 23 8 33 40 6 23 44 46 
12 12 29 12 47 51 31 10 25 0 7 27 10 11 13 
62 62 21 62 3 1 81 40 25 50 57 23 40 61 63 
38 38 3 38 21 25 57 16 1 26 33 1 16 37 39 
3 3 44 3 62 66 16 25 40 15 8 42 25 4 2 
62 62 21 62 3 1 81 40 25 50 57 23 40 61 63 
37 37 4 37 22 26 56 15 0 25 32 2 15 36 38 
0 0 41 0 59 63 19 22 37 12 5 39 22 1 1 
68 68 27 68 9 5 87 46 31 56 63 29 46 67 69 
22 22 63 22 81 85 3 44 59 34 27 61 44 23 21 
16 16 57 16 75 79 3 38 53 28 21 55 38 17 15 
21 21 20 21 38 42 40 1 16 9 16 18 1 20 22 

5 64 28 67 2 56 62 14 30 23 1 70 44 45 49 
67 8 44 5 70 16 10 58 42 49 73 2 28 27 23 
74 15 51 12 77 23 17 65 49 56 80 9 35 34 30 
13 46 10 49 16 38 44 4 12 5 19 52 26 27 31 
46 13 23 16 49 5 11 37 21 28 52 19 7 6 2 
4 63 27 66 1 55 61 13 29 22 2 69 43 44 48 
20 39 3 42 23 31 37 11 5 2 26 45 19 20 24 
61 2 38 1 64 10 4 52 36 43 67 4 22 21 17 
4 63 27 66 1 55 61 13 29 22 2 69 43 44 48 
21 38 2 41 24 30 36 12 4 3 27 44 18 19 23 
58 1 35 4 61 7 1 49 33 40 64 7 19 18 14 
10 69 33 72 7 61 67 19 35 28 4 75 49 50 54 
80 21 57 18 83 29 23 71 55 62 86 15 41 40 36 
74 15 51 12 77 23 17 65 49 56 80 9 35 34 30 
37 22 14 25 40 14 20 28 12 19 43 28 2 3 7 

36 13 18 34 74 10 24 82 16 74 21 78 78 49 59 
36 59 54 38 2 62 48 10 56 2 51 6 6 23 13 
43 66 61 45 5 69 55 3 63 5 58 1 1 30 20 
18 5 0 16 56 8 6 64 2 56 3 60 60 31 41 
15 38 33 17 23 41 27 31 35 23 30 27 27 2 8 
35 12 17 33 73 9 23 81 15 73 20 77 77 48 58 
11 12 7 9 49 15 1 57 9 49 4 53 53 24 34 
30 53 48 32 8 56 42 16 50 8 45 12 12 17 7 
35 12 17 33 73 9 23 81 15 73 20 77 77 48 58 
10 13 8 8 48 16 2 56 10 48 5 52 52 23 33 
27 50 45 29 11 53 39 19 47 11 42 15 15 14 4 
41 18 23 39 79 15 29 87 21 79 26 83 83 54 64 
49 72 67 51 11 75 61 3 69 11 64 7 7 36 26 
43 66 61 45 5 69 55 3 63 5 58 1 1 30 20 
6 29 24 8 32 32 18 40 26 32 21 36 36 7 17 

64 51 63 72 68 18 6 53 0 40 4 41 65 13 70 
18 5 17 26 22 28 52 7 46 6 42 5 19 59 24 
48 35 47 56 52 2 22 37 16 24 12 25 49 29 54 
16 3 15 24 20 30 54 5 48 8 44 7 17 61 22 
31 18 30 39 35 15 39 20 33 7 29 8 32 46 37 
5 8 4 13 9 41 65 6 59 19 55 18 6 72 11 
3 10 2 11 7 43 67 8 61 21 57 20 4 74 9 
37 24 36 45 41 9 33 26 27 13 23 14 38 40 43 
73 60 72 81 77 27 3 62 9 49 13 50 74 4 79 
18 5 17 26 22 28 52 7 46 6 42 5 19 59 24 
59 46 58 67 63 13 11 48 5 35 1 36 60 18 65 
2 11 1 10 6 44 68 9 62 22 58 21 3 75 8 
31 18 30 39 35 15 39 20 33 7 29 8 32 46 37 
0 13 1 8 4 46 70 11 64 24 60 23 1 77 6 
53 40 52 61 57 7 17 42 11 29 7 30 54 24 59 

30 83 53 12 1 4 46 16 82 51 61 26 43 81 69 
16 37 7 34 47 50 0 30 36 5 15 20 3 35 23 
14 67 37 4 17 20 30 0 66 35 45 10 27 65 53 
18 35 5 36 49 52 2 32 34 3 13 22 5 33 21 
3 50 20 21 34 37 13 17 49 18 28 7 10 48 36 
29 24 6 47 60 63 13 43 23 8 2 33 16 22 10 
31 22 8 49 62 65 15 45 21 10 0 35 18 20 8 
3 56 26 15 28 31 19 11 55 24 34 1 16 54 42 
39 92 62 21 8 5 55 25 91 60 70 35 52 90 78 
16 37 7 34 47 50 0 30 36 5 15 20 3 35 23 
25 78 48 7 6 9 41 11 77 46 56 21 38 76 64 
32 21 9 50 63 66 16 46 20 11 1 36 19 19 7 
3 50 20 21 34 37 13 17 49 18 28 7 10 48 36 
34 19 11 52 65 68 18 48 18 13 3 38 21 17 5 
19 72 42 1 12 15 35 5 71 40 50 15 32 70 58 

11 60 42 11 28 9 64 13 43 14 80 12 22 53 32 
35 14 4 35 18 55 18 33 3 32 34 34 24 7 14 
5 44 26 5 12 25 48 3 27 2 64 4 6 37 16 
37 12 6 37 20 57 16 35 5 34 32 36 26 5 16 
22 27 9 22 5 42 31 20 10 19 47 21 11 20 1 
48 1 17 48 31 68 5 46 16 45 21 47 37 6 27 
50 1 19 50 33 70 3 48 18 47 19 49 39 8 29 
16 33 15 16 1 36 37 14 16 13 53 15 5 26 5 
20 69 51 20 37 0 73 22 52 23 89 21 31 62 41 
35 14 4 35 18 55 18 33 3 32 34 34 24 7 14 
6 55 37 6 23 14 59 8 38 9 75 7 17 48 27 
51 2 20 51 34 71 2 49 19 48 18 50 40 9 30 
22 27 9 22 5 42 31 20 10 19 47 21 11 20 1 
53 4 22 53 36 73 0 51 21 50 16 52 42 11 32 
0 49 31 0 17 20 53 2 32 3 69 1 11 42 21 

7 13 14 28 56 59 4 81 10 71 71 33 26 50 7 
53 33 32 18 10 13 50 35 36 25 25 13 20 4 53 
23 3 2 12 40 43 20 65 6 55 55 17 10 34 23 
55 35 34 20 8 11 52 33 38 23 23 15 22 2 55 
40 20 19 5 23 26 37 48 23 38 38 0 7 17 40 
66 46 45 31 3 0 63 22 49 12 12 26 33 9 66 
68 48 47 33 5 2 65 20 51 10 10 28 35 11 68 
34 14 13 1 29 32 31 54 17 44 44 6 1 23 34 
2 22 23 37 65 68 5 90 19 80 80 42 35 59 2 
53 33 32 18 10 13 50 35 36 25 25 13 20 4 53 
12 8 9 23 51 54 9 76 5 66 66 28 21 45 12 
69 49 48 34 6 3 66 19 52 9 9 29 36 12 69 
40 20 19 5 23 26 37 48 23 38 38 0 7 17 40 
71 51 50 36 8 5 68 17 54 7 7 31 38 14 71 
18 2 3 17 45 48 15 70 1 60 60 22 15 39 18 

41 86 9 80 52 80 42 25 23 63 38 75 75 11 80 
5 40 37 34 6 34 4 21 23 17 8 29 29 57 34 
25 70 7 64 36 64 26 9 7 47 22 59 59 27 64 
7 38 39 32 4 32 6 23 25 15 10 27 27 59 32 
8 53 24 47 19 47 9 8 10 30 5 42 42 44 47 
18 27 50 21 7 21 17 34 36 4 21 16 16 70 21 
20 25 52 19 9 19 19 36 38 2 23 14 14 72 19 
14 59 18 53 25 53 15 2 4 36 11 48 48 38 53 
50 95 18 89 61 89 51 34 32 72 47 84 84 2 89 
5 40 37 34 6 34 4 21 23 17 8 29 29 57 34 
36 81 4 75 47 75 37 20 18 58 33 70 70 16 75 
21 24 53 18 10 18 20 37 39 1 24 13 13 73 18 
8 53 24 47 19 47 9 8 10 30 5 42 42 44 47 
23 22 55 16 12 16 22 39 41 1 26 11 11 75 16 
30 75 2 69 41 69 31 14 12 52 27 64 64 22 69 

24 21 12 19 22 67 83 59 21 64 68 38 25 84 11 
22 25 34 27 24 21 37 13 25 18 22 8 21 38 57 
8 5 4 3 6 51 67 43 5 48 52 22 9 68 27 
24 27 36 29 26 19 35 11 27 16 20 10 23 36 59 
9 12 21 14 11 34 50 26 12 31 35 5 8 51 44 
35 38 47 40 37 8 24 0 38 5 9 21 34 25 70 
37 40 49 42 39 6 22 2 40 3 7 23 36 23 72 
3 6 15 8 5 40 56 32 6 37 41 11 2 57 38 
33 30 21 28 31 76 92 68 30 73 77 47 34 93 2 
22 25 34 27 24 21 37 13 25 18 22 8 21 38 57 
19 16 7 14 17 62 78 54 16 59 63 33 20 79 16 
38 41 50 43 40 5 21 3 41 2 6 24 37 22 73 
9 12 21 14 11 34 50 26 12 31 35 5 8 51 44 
40 43 52 45 42 3 19 5 43 0 4 26 39 20 75 
13 10 1 8 11 56 72 48 10 53 57 27 14 73 22 

55 55 14 55 4 8 74 33 18 43 50 16 33 54 56 
9 9 32 9 50 54 28 13 28 3 4 30 13 8 10 
39 39 2 39 20 24 58 17 2 27 34 0 17 38 40 
7 7 34 7 52 56 26 15 30 5 2 32 15 6 8 
22 22 19 22 37 41 41 0 15 10 17 17 0 21 23 
4 4 45 4 63 67 15 26 41 16 9 43 26 5 3 
6 6 47 6 65 69 13 28 43 18 11 45 28 7 5 
28 28 13 28 31 35 47 6 9 16 23 11 6 27 29 
64 64 23 64 5 1 83 42 27 52 59 25 42 63 65 
9 9 32 9 50 54 28 13 28 3 4 30 13 8 10 
50 50 9 50 9 13 69 28 13 38 45 11 28 49 51 
7 7 48 7 66 70 12 29 44 19 12 46 29 8 6 
22 22 19 22 37 41 41 0 15 10 17 17 0 21 23 
9 9 50 9 68 72 10 31 46 21 14 48 31 10 8 
44 44 3 44 15 19 63 22 7 32 39 5 22 43 45 

3 56 20 59 6 48 54 6 22 15 9 62 36 37 41 
49 10 26 13 52 2 8 40 24 31 55 16 10 9 5 
19 40 4 43 22 32 38 10 6 1 25 46 20 21 25 
51 8 28 11 54 0 6 42 26 33 57 14 12 11 7 
36 23 13 26 39 15 21 27 11 18 42 29 3 4 8 
62 3 39 0 65 11 5 53 37 44 68 3 23 22 18 
64 5 41 2 67 13 7 55 39 46 70 1 25 24 20 
30 29 7 32 33 21 27 21 5 12 36 35 9 10 14 
6 65 29 68 3 57 63 15 31 24 0 71 45 46 50 
49 10 26 13 52 2 8 40 24 31 55 16 10 9 5 
8 51 15 54 11 43 49 1 17 10 14 57 31 32 36 
65 6 42 3 68 14 8 56 40 47 71 0 26 25 21 
36 23 13 26 39 15 21 27 11 18 42 29 3 4 8 
67 8 44 5 70 16 10 58 42 49 73 2 28 27 23 
14 45 9 48 17 37 43 5 11 4 20 51 25 26 30 

28 5 10 26 66 2 16 74 8 66 13 70 70 41 51 
18 41 36 20 20 44 30 28 38 20 33 24 24 5 5 
12 11 6 10 50 14 0 58 8 50 3 54 54 25 35 
20 43 38 22 18 46 32 26 40 18 35 22 22 7 3 
5 28 23 7 33 31 17 41 25 33 20 37 37 8 18 
31 54 49 33 7 57 43 15 51 7 46 11 11 18 8 
33 56 51 35 5 59 45 13 53 5 48 9 9 20 10 
1 22 17 1 39 25 11 47 19 39 14 43 43 14 24 
37 14 19 35 75 11 25 83 17 75 22 79 79 50 60 
18 41 36 20 20 44 30 28 38 20 33 24 24 5 5 
23 0 5 21 61 3 11 69 3 61 8 65 65 36 46 
34 57 52 36 4 60 46 12 54 4 49 8 8 21 11 
5 28 23 7 33 31 17 41 25 33 20 37 37 8 18 
36 59 54 38 2 62 48 10 56 2 51 6 6 23 13 
17 6 1 15 55 9 5 63 3 55 2 59 59 30 40 

34 19 11 52 65 68 18 48 18 13 3 38 21 17 5 
21 32 2 39 52 55 5 35 31 0 10 25 8 30 18 
33 20 10 51 64 67 17 47 19 12 2 37 20 18 6 
42 11 19 60 73 76 26 56 10 21 11 46 29 9 3 
38 15 15 56 69 72 22 52 14 17 7 42 25 13 1 
12 65 35 6 19 22 28 2 64 33 43 8 25 63 51 
36 89 59 18 5 2 52 22 88 57 67 32 49 87 75 
23 30 0 41 54 57 7 37 29 2 8 27 10 28 16 
30 83 53 12 1 4 46 16 82 51 61 26 43 81 69 
10 43 13 28 41 44 6 24 42 11 21 14 3 41 29 
26 79 49 8 5 8 42 12 78 47 57 22 39 77 65 
11 42 12 29 42 45 5 25 41 10 20 15 2 40 28 
35 18 12 53 66 69 19 49 17 14 4 39 22 16 4 
43 96 66 25 12 9 59 29 95 64 74 39 56 94 82 
40 13 17 58 71 74 24 54 12 19 9 44 27 11 1 

53 4 22 53 36 73 0 51 21 50 16 52 42 11 32 
40 9 9 40 23 60 13 38 8 37 29 39 29 2 19 
52 3 21 52 35 72 1 50 20 49 17 51 41 10 31 
61 12 30 61 44 81 8 59 29 58 8 60 50 19 40 
57 8 26 57 40 77 4 55 25 54 12 56 46 15 36 
7 42 24 7 10 27 46 5 25 4 62 6 4 35 14 
17 66 48 17 34 3 70 19 49 20 86 18 28 59 38 
42 7 11 42 25 62 11 40 10 39 27 41 31 0 21 
11 60 42 11 28 9 64 13 43 14 80 12 22 53 32 
29 20 2 29 12 49 24 27 3 26 40 28 18 13 8 
7 56 38 7 24 13 60 9 39 10 76 8 18 49 28 
30 19 1 30 13 50 23 28 2 27 39 29 19 12 9 
54 5 23 54 37 74 1 52 22 51 15 53 43 12 33 
24 73 55 24 41 4 77 26 56 27 93 25 35 66 45 
59 10 28 59 42 79 6 57 27 56 10 58 48 17 38 

71 51 50 36 8 5 68 17 54 7 7 31 38 14 71 
58 38 37 23 5 8 55 30 41 20 20 18 25 1 58 
70 50 49 35 7 4 67 18 53 8 8 30 37 13 70 
79 59 58 44 16 13 76 9 62 1 1 39 46 22 79 
75 55 54 40 12 9 72 13 58 3 3 35 42 18 75 
25 5 4 10 38 41 22 63 8 53 53 15 8 32 25 
1 19 20 34 62 65 2 87 16 77 77 39 32 56 1 
60 40 39 25 3 6 57 28 43 18 18 20 27 3 60 
7 13 14 28 56 59 4 81 10 71 71 33 26 50 7 
47 27 26 12 16 19 44 41 30 31 31 7 14 10 47 
11 9 10 24 52 55 8 77 6 67 67 29 22 46 11 
48 28 27 13 15 18 45 40 31 30 30 8 15 9 48 
72 52 51 37 9 6 69 16 55 6 6 32 39 15 72 
6 26 27 41 69 72 9 94 23 84 84 46 39 63 6 
77 57 56 42 14 11 74 11 60 1 1 37 44 20 77 

23 22 55 16 12 16 22 39 41 1 26 11 11 75 16 
10 35 42 29 1 29 9 26 28 12 13 24 24 62 29 
22 23 54 17 11 17 21 38 40 0 25 12 12 74 17 
31 14 63 8 20 8 30 47 49 9 34 3 3 83 8 
27 18 59 12 16 12 26 43 45 5 30 7 7 79 12 
23 68 9 62 34 62 24 7 5 45 20 57 57 29 62 
47 92 15 86 58 86 48 31 29 69 44 81 81 5 86 
12 33 44 27 1 27 11 28 30 10 15 22 22 64 27 
41 86 9 80 52 80 42 25 23 63 38 75 75 11 80 
1 46 31 40 12 40 2 15 17 23 2 35 35 51 40 
37 82 5 76 48 76 38 21 19 59 34 71 71 15 76 
0 45 32 39 11 39 1 16 18 22 3 34 34 52 39 
24 21 56 15 13 15 23 40 42 2 27 10 10 76 15 
54 99 22 93 65 93 55 38 36 76 51 88 88 2 93 
29 16 61 10 18 10 28 45 47 7 32 5 5 81 10 

40 43 52 45 42 3 19 5 43 0 4 26 39 20 75 
27 30 39 32 29 16 32 8 30 13 17 13 26 33 62 
39 42 51 44 41 4 20 4 42 1 5 25 38 21 74 
48 51 60 53 50 5 11 13 51 8 4 34 47 12 83 
44 47 56 49 46 1 15 9 47 4 0 30 43 16 79 
6 3 6 1 4 49 65 41 3 46 50 20 7 66 29 
30 27 18 25 28 73 89 65 27 70 74 44 31 90 5 
29 32 41 34 31 14 30 6 32 11 15 15 28 31 64 
24 21 12 19 22 67 83 59 21 64 68 38 25 84 11 
16 19 28 21 18 27 43 19 19 24 28 2 15 44 51 
20 17 8 15 18 63 79 55 17 60 64 34 21 80 15 
17 20 29 22 19 26 42 18 20 23 27 3 16 43 52 
41 44 53 46 43 2 18 6 44 1 3 27 40 19 76 
37 34 25 32 35 80 96 72 34 77 81 51 38 97 2 
46 49 58 51 48 3 13 11 49 6 2 32 45 14 81 

9 9 50 9 68 72 10 31 46 21 14 48 31 10 8 
4 4 37 4 55 59 23 18 33 8 1 35 18 3 5 
8 8 49 8 67 71 11 30 45 20 13 47 30 9 7 
17 17 58 17 76 80 2 39 54 29 22 56 39 18 16 
13 13 54 13 72 76 6 35 50 25 18 52 35 14 12 
37 37 4 37 22 26 56 15 0 25 32 2 15 36 38 
61 61 20 61 2 2 80 39 24 49 56 22 39 60 62 
2 2 39 2 57 61 21 20 35 10 3 37 20 1 3 
55 55 14 55 4 8 74 33 18 43 50 16 33 54 56 
15 15 26 15 44 48 34 7 22 3 10 24 7 14 16 
51 51 10 51 8 12 70 29 14 39 46 12 29 50 52 
14 14 27 14 45 49 33 8 23 2 9 25 8 13 15 
10 10 51 10 69 73 9 32 47 22 15 49 32 11 9 
68 68 27 68 9 5 87 46 31 56 63 29 46 67 69 
15 15 56 15 74 78 4 37 52 27 20 54 37 16 14 

67 8 44 5 70 16 10 58 42 49 73 2 28 27 23 
54 5 31 8 57 3 3 45 29 36 60 11 15 14 10 
66 7 43 4 69 15 9 57 41 48 72 1 27 26 22 
75 16 52 13 78 24 18 66 50 57 81 10 36 35 31 
71 12 48 9 74 20 14 62 46 53 77 6 32 31 27 
21 38 2 41 24 30 36 12 4 3 27 44 18 19 23 
3 62 26 65 0 54 60 12 28 21 3 68 42 43 47 
56 3 33 6 59 5 1 47 31 38 62 9 17 16 12 
3 56 20 59 6 48 54 6 22 15 9 62 36 37 41 
43 16 20 19 46 8 14 34 18 25 49 22 4 3 1 
7 52 16 55 10 44 50 2 18 11 13 58 32 33 37 
44 15 21 18 47 7 13 35 19 26 50 21 5 4 0 
68 9 45 6 71 17 11 59 43 50 74 3 29 28 24 
10 69 33 72 7 61 67 19 35 28 4 75 49 50 54 
73 14 50 11 76 22 16 64 48 55 79 8 34 33 29 

36 59 54 38 2 62 48 10 56 2 51 6 6 23 13 
23 46 41 25 15 49 35 23 43 15 38 19 19 10 0 
35 58 53 37 3 61 47 11 55 3 50 7 7 22 12 
44 67 62 46 6 70 56 2 64 6 59 2 2 31 21 
40 63 58 42 2 66 52 6 60 2 55 2 2 27 17 
10 13 8 8 48 16 2 56 10 48 5 52 52 23 33 
34 11 16 32 72 8 22 80 14 72 19 76 76 47 57 
25 48 43 27 13 51 37 21 45 13 40 17 17 12 2 
28 5 10 26 66 2 16 74 8 66 13 70 70 41 51 
12 35 30 14 26 38 24 34 32 26 27 30 30 1 11 
24 1 6 22 62 2 12 70 4 62 9 66 66 37 47 
13 36 31 15 25 39 25 33 33 25 28 29 29 0 10 
37 60 55 39 1 63 49 9 57 1 52 5 5 24 14 
41 18 23 39 79 15 29 87 21 79 26 83 83 54 64 
42 65 60 44 4 68 54 4 62 4 57 0 0 29 19 

19 30 12 19 2 39 34 17 13 16 50 18 8 23 2 
72 23 41 72 55 92 19 70 40 69 3 71 61 30 51 
42 7 11 42 25 62 11 40 10 39 27 41 31 0 21 
1 48 30 1 16 21 52 1 31 2 68 0 10 41 20 
12 61 43 12 29 8 65 14 44 15 81 13 23 54 33 
15 64 46 15 32 5 68 17 47 18 84 16 26 57 36 
35 14 4 35 18 55 18 33 3 32 34 34 24 7 14 
5 44 26 5 12 25 48 3 27 2 64 4 6 37 16 
71 22 40 71 54 91 18 69 39 68 2 70 60 29 50 
40 9 9 40 23 60 13 38 8 37 29 39 29 2 19 
50 1 19 50 33 70 3 48 18 47 19 49 39 8 29 
15 34 16 15 2 35 38 13 17 12 54 14 4 27 6 
32 17 1 32 15 52 21 30 0 29 37 31 21 10 11 
70 21 39 70 53 90 17 68 38 67 1 69 59 28 49 
58 9 27 58 41 78 5 56 26 55 11 57 47 16 37 

37 17 16 2 26 29 34 51 20 41 41 3 4 20 37 
90 70 69 55 27 24 87 2 73 12 12 50 57 33 90 
60 40 39 25 3 6 57 28 43 18 18 20 27 3 60 
19 1 2 16 44 47 16 69 2 59 59 21 14 38 19 
6 14 15 29 57 60 3 82 11 72 72 34 27 51 6 
3 17 18 32 60 63 0 85 14 75 75 37 30 54 3 
53 33 32 18 10 13 50 35 36 25 25 13 20 4 53 
23 3 2 12 40 43 20 65 6 55 55 17 10 34 23 
89 69 68 54 26 23 86 1 72 11 11 49 56 32 89 
58 38 37 23 5 8 55 30 41 20 20 18 25 1 58 
68 48 47 33 5 2 65 20 51 10 10 28 35 11 68 
33 13 12 2 30 33 30 55 16 45 45 7 0 24 33 
50 30 29 15 13 16 47 38 33 28 28 10 17 7 50 
88 68 67 53 25 22 85 0 71 10 10 48 55 31 88 
76 56 55 41 13 10 73 12 59 2 2 36 43 19 76 

11 56 21 50 22 50 12 5 7 33 8 45 45 41 50 
42 3 74 3 31 3 41 58 60 20 45 8 8 94 3 
12 33 44 27 1 27 11 28 30 10 15 22 22 64 27 
29 74 3 68 40 68 30 13 11 51 26 63 63 23 68 
42 87 10 81 53 81 43 26 24 64 39 76 76 10 81 
45 90 13 84 56 84 46 29 27 67 42 79 79 7 84 
5 40 37 34 6 34 4 21 23 17 8 29 29 57 34 
25 70 7 64 36 64 26 9 7 47 22 59 59 27 64 
41 4 73 2 30 2 40 57 59 19 44 7 7 93 2 
10 35 42 29 1 29 9 26 28 12 13 24 24 62 29 
20 25 52 19 9 19 19 36 38 2 23 14 14 72 19 
15 60 17 54 26 54 16 1 3 37 12 49 49 37 54 
2 43 34 37 9 37 1 18 20 20 5 32 32 54 37 
40 5 72 1 29 1 39 56 58 18 43 6 6 92 1 
28 17 60 11 17 11 27 44 46 6 31 6 6 80 11 

6 9 18 11 8 37 53 29 9 34 38 8 5 54 41 
59 62 71 64 61 16 0 24 62 19 15 45 58 1 94 
29 32 41 34 31 14 30 6 32 11 15 15 28 31 64 
12 9 0 7 10 55 71 47 9 52 56 26 13 72 23 
25 22 13 20 23 68 84 60 22 65 69 39 26 85 10 
28 25 16 23 26 71 87 63 25 68 72 42 29 88 7 
22 25 34 27 24 21 37 13 25 18 22 8 21 38 57 
8 5 4 3 6 51 67 43 5 48 52 22 9 68 27 
58 61 70 63 60 15 1 23 61 18 14 44 57 2 93 
27 30 39 32 29 16 32 8 30 13 17 13 26 33 62 
37 40 49 42 39 6 22 2 40 3 7 23 36 23 72 
2 5 14 7 4 41 57 33 5 38 42 12 1 58 37 
19 22 31 24 21 24 40 16 22 21 25 5 18 41 54 
57 60 69 62 59 14 2 22 60 17 13 43 56 3 92 
45 48 57 50 47 2 14 10 48 5 1 31 44 15 80 

25 25 16 25 34 38 44 3 12 13 20 14 3 24 26 
28 28 69 28 87 91 9 50 65 40 33 67 50 29 27 
2 2 39 2 57 61 21 20 35 10 3 37 20 1 3 
43 43 2 43 16 20 62 21 6 31 38 4 21 42 44 
56 56 15 56 3 7 75 34 19 44 51 17 34 55 57 
59 59 18 59 0 4 78 37 22 47 54 20 37 58 60 
9 9 32 9 50 54 28 13 28 3 4 30 13 8 10 
39 39 2 39 20 24 58 17 2 27 34 0 17 38 40 
27 27 68 27 86 90 8 49 64 39 32 66 49 28 26 
4 4 37 4 55 59 23 18 33 8 1 35 18 3 5 
6 6 47 6 65 69 13 28 43 18 11 45 28 7 5 
29 29 12 29 30 34 48 7 8 17 24 10 7 28 30 
12 12 29 12 47 51 31 10 25 0 7 27 10 11 13 
26 26 67 26 85 89 7 48 63 38 31 65 48 27 25 
14 14 55 14 73 77 5 36 51 26 19 53 36 15 13 

33 26 10 29 36 18 24 24 8 15 39 32 6 7 11 
86 27 63 24 89 35 29 77 61 68 92 21 47 46 42 
56 3 33 6 59 5 1 47 31 38 62 9 17 16 12 
15 44 8 47 18 36 42 6 10 3 21 50 24 25 29 
2 57 21 60 5 49 55 7 23 16 8 63 37 38 42 
1 60 24 63 2 52 58 10 26 19 5 66 40 41 45 
49 10 26 13 52 2 8 40 24 31 55 16 10 9 5 
19 40 4 43 22 32 38 10 6 1 25 46 20 21 25 
85 26 62 23 88 34 28 76 60 67 91 20 46 45 41 
54 5 31 8 57 3 3 45 29 36 60 11 15 14 10 
64 5 41 2 67 13 7 55 39 46 70 1 25 24 20 
29 30 6 33 32 22 28 20 4 11 35 36 10 11 15 
46 13 23 16 49 5 11 37 21 28 52 19 7 6 2 
84 25 61 22 87 33 27 75 59 66 90 19 45 44 40 
72 13 49 10 75 21 15 63 47 54 78 7 33 32 28 

2 25 20 4 36 28 14 44 22 36 17 40 40 11 21 
55 78 73 57 17 81 67 9 75 17 70 13 13 42 32 
25 48 43 27 13 51 37 21 45 13 40 17 17 12 2 
16 7 2 14 54 10 4 62 4 54 1 58 58 29 39 
29 6 11 27 67 3 17 75 9 67 14 71 71 42 52 
32 9 14 30 70 6 20 78 12 70 17 74 74 45 55 
18 41 36 20 20 44 30 28 38 20 33 24 24 5 5 
12 11 6 10 50 14 0 58 8 50 3 54 54 25 35 
54 77 72 56 16 80 66 8 74 16 69 12 12 41 31 
23 46 41 25 15 49 35 23 43 15 38 19 19 10 0 
33 56 51 35 5 59 45 13 53 5 48 9 9 20 10 
2 21 16 0 40 24 10 48 18 40 13 44 44 15 25 
15 38 33 17 23 41 27 31 35 23 30 27 27 2 8 
53 76 71 55 15 79 65 7 73 15 68 11 11 40 30 
41 64 59 43 3 67 53 5 61 3 56 1 1 28 18 

18 2 3 17 45 48 15 70 1 60 60 22 15 39 18 
67 47 46 32 4 1 64 21 50 11 11 27 34 10 67 
49 29 28 14 14 17 46 39 32 29 29 9 16 8 49 
18 2 3 17 45 48 15 70 1 60 60 22 15 39 18 
35 15 14 0 28 31 32 53 18 43 43 5 2 22 35 
2 22 23 37 65 68 5 90 19 80 80 42 35 59 2 
71 51 50 36 8 5 68 17 54 7 7 31 38 14 71 
20 0 1 15 43 46 17 68 3 58 58 20 13 37 20 
50 30 29 15 13 16 47 38 33 28 28 10 17 7 50 
21 1 0 14 42 45 18 67 4 57 57 19 12 36 21 
87 67 66 52 24 21 84 1 70 9 9 47 54 30 87 
19 1 2 16 44 47 16 69 2 59 59 21 14 38 19 
29 9 8 6 34 37 26 59 12 49 49 11 4 28 29 
60 40 39 25 3 6 57 28 43 18 18 20 27 3 60 
39 19 18 4 24 27 36 49 22 39 39 1 6 18 39 

30 75 2 69 41 69 31 14 12 52 27 64 64 22 69 
19 26 51 20 8 20 18 35 37 3 22 15 15 71 20 
1 44 33 38 10 38 0 17 19 21 4 33 33 53 38 
30 75 2 69 41 69 31 14 12 52 27 64 64 22 69 
13 58 19 52 24 52 14 3 5 35 10 47 47 39 52 
50 95 18 89 61 89 51 34 32 72 47 84 84 2 89 
23 22 55 16 12 16 22 39 41 1 26 11 11 75 16 
28 73 4 67 39 67 29 12 10 50 25 62 62 24 67 
2 43 34 37 9 37 1 18 20 20 5 32 32 54 37 
27 72 5 66 38 66 28 11 9 49 24 61 61 25 66 
39 6 71 0 28 0 38 55 57 17 42 5 5 91 0 
29 74 3 68 40 68 30 13 11 51 26 63 63 23 68 
19 64 13 58 30 58 20 3 1 41 16 53 53 33 58 
12 33 44 27 1 27 11 28 30 10 15 22 22 64 27 
9 54 23 48 20 48 10 7 9 31 6 43 43 43 48 

13 10 1 8 11 56 72 48 10 53 57 27 14 73 22 
36 39 48 41 38 7 23 1 39 4 8 22 35 24 71 
18 21 30 23 20 25 41 17 21 22 26 4 17 42 53 
13 10 1 8 11 56 72 48 10 53 57 27 14 73 22 
4 7 16 9 6 39 55 31 7 36 40 10 3 56 39 
33 30 21 28 31 76 92 68 30 73 77 47 34 93 2 
40 43 52 45 42 3 19 5 43 0 4 26 39 20 75 
11 8 1 6 9 54 70 46 8 51 55 25 12 71 24 
19 22 31 24 21 24 40 16 22 21 25 5 18 41 54 
10 7 2 5 8 53 69 45 7 50 54 24 11 70 25 
56 59 68 61 58 13 3 21 59 16 12 42 55 4 91 
12 9 0 7 10 55 71 47 9 52 56 26 13 72 23 
2 1 10 3 0 45 61 37 1 42 46 16 3 62 33 
29 32 41 34 31 14 30 6 32 11 15 15 28 31 64 
8 11 20 13 10 35 51 27 11 32 36 6 7 52 43 

44 44 3 44 15 19 63 22 7 32 39 5 22 43 45 
5 5 46 5 64 68 14 27 42 17 10 44 27 6 4 
13 13 28 13 46 50 32 9 24 1 8 26 9 12 14 
44 44 3 44 15 19 63 22 7 32 39 5 22 43 45 
27 27 14 27 32 36 46 5 10 15 22 12 5 26 28 
64 64 23 64 5 1 83 42 27 52 59 25 42 63 65 
9 9 50 9 68 72 10 31 46 21 14 48 31 10 8 
42 42 1 42 17 21 61 20 5 30 37 3 20 41 43 
12 12 29 12 47 51 31 10 25 0 7 27 10 11 13 
41 41 0 41 18 22 60 19 4 29 36 2 19 40 42 
25 25 66 25 84 88 6 47 62 37 30 64 47 26 24 
43 43 2 43 16 20 62 21 6 31 38 4 21 42 44 
33 33 8 33 26 30 52 11 4 21 28 6 11 32 34 
2 2 39 2 57 61 21 20 35 10 3 37 20 1 3 
23 23 18 23 36 40 42 1 14 11 18 16 1 22 24 

14 45 9 48 17 37 43 5 11 4 20 51 25 26 30 
63 4 40 1 66 12 6 54 38 45 69 2 24 23 19 
45 14 22 17 48 6 12 36 20 27 51 20 6 5 1 
14 45 9 48 17 37 43 5 11 4 20 51 25 26 30 
31 28 8 31 34 20 26 22 6 13 37 34 8 9 13 
6 65 29 68 3 57 63 15 31 24 0 71 45 46 50 
67 8 44 5 70 16 10 58 42 49 73 2 28 27 23 
16 43 7 46 19 35 41 7 9 2 22 49 23 24 28 
46 13 23 16 49 5 11 37 21 28 52 19 7 6 2 
17 42 6 45 20 34 40 8 8 1 23 48 22 23 27 
83 24 60 21 86 32 26 74 58 65 89 18 44 43 39 
15 44 8 47 18 36 42 6 10 3 21 50 24 25 29 
25 34 2 37 28 26 32 16 0 7 31 40 14 15 19 
56 3 33 6 59 5 1 47 31 38 62 9 17 16 12 
35 24 12 27 38 16 22 26 10 17 41 30 4 5 9 

17 6 1 15 55 9 5 63 3 55 2 59 59 30 40 
32 55 50 34 6 58 44 14 52 6 47 10 10 19 9 
14 37 32 16 24 40 26 32 34 24 29 28 28 1 9 
17 6 1 15 55 9 5 63 3 55 2 59 59 30 40 
0 23 18 2 38 26 12 46 20 38 15 42 42 13 23 
37 14 19 35 75 11 25 83 17 75 22 79 79 50 60 
36 59 54 38 2 62 48 10 56 2 51 6 6 23 13 
15 8 3 13 53 11 3 61 5 53 0 57 57 28 38 
15 38 33 17 23 41 27 31 35 23 30 27 27 2 8 
14 9 4 12 52 12 2 60 6 52 1 56 56 27 37 
52 75 70 54 14 78 64 6 72 14 67 10 10 39 29 
16 7 2 14 54 10 4 62 4 54 1 58 58 29 39 
6 17 12 4 44 20 6 52 14 44 9 48 48 19 29 
25 48 43 27 13 51 37 21 45 13 40 17 17 12 2 
4 27 22 6 34 30 16 42 24 34 19 38 38 9 19 

48 93 16 87 59 87 49 32 30 70 45 82 82 4 87 
28 73 4 67 39 67 29 12 10 50 25 62 62 24 67 
27 72 5 66 38 66 28 11 9 49 24 61 61 25 66 
13 58 19 52 24 52 14 3 5 35 10 47 47 39 52 
15 30 47 24 4 24 14 31 33 7 18 19 19 67 24 
18 27 50 21 7 21 17 34 36 4 21 16 16 70 21 
45 90 13 84 56 84 46 29 27 67 42 79 79 7 84 
40 5 72 1 29 1 39 56 58 18 43 6 6 92 1 
31 76 1 70 42 70 32 15 13 53 28 65 65 21 70 
30 15 62 9 19 9 29 46 48 8 33 4 4 82 9 
30 15 62 9 19 9 29 46 48 8 33 4 4 82 9 
8 53 24 47 19 47 9 8 10 30 5 42 42 44 47 
15 60 17 54 26 54 16 1 3 37 12 49 49 37 54 
9 36 41 30 2 30 8 25 27 13 12 25 25 61 30 
48 93 16 87 59 87 49 32 30 70 45 82 82 4 87 

31 28 19 26 29 74 90 66 28 71 75 45 32 91 4 
11 8 1 6 9 54 70 46 8 51 55 25 12 71 24 
10 7 2 5 8 53 69 45 7 50 54 24 11 70 25 
4 7 16 9 6 39 55 31 7 36 40 10 3 56 39 
32 35 44 37 34 11 27 3 35 8 12 18 31 28 67 
35 38 47 40 37 8 24 0 38 5 9 21 34 25 70 
28 25 16 23 26 71 87 63 25 68 72 42 29 88 7 
57 60 69 62 59 14 2 22 60 17 13 43 56 3 92 
14 11 2 9 12 57 73 49 11 54 58 28 15 74 21 
47 50 59 52 49 4 12 12 50 7 3 33 46 13 82 
47 50 59 52 49 4 12 12 50 7 3 33 46 13 82 
9 12 21 14 11 34 50 26 12 31 35 5 8 51 44 
2 5 14 7 4 41 57 33 5 38 42 12 1 58 37 
26 29 38 31 28 17 33 9 29 14 18 12 25 34 61 
31 28 19 26 29 74 90 66 28 71 75 45 32 91 4 

62 62 21 62 3 1 81 40 25 50 57 23 40 61 63 
42 42 1 42 17 21 61 20 5 30 37 3 20 41 43 
41 41 0 41 18 22 60 19 4 29 36 2 19 40 42 
27 27 14 27 32 36 46 5 10 15 22 12 5 26 28 
1 1 42 1 60 64 18 23 38 13 6 40 23 2 0 
4 4 45 4 63 67 15 26 41 16 9 43 26 5 3 
59 59 18 59 0 4 78 37 22 47 54 20 37 58 60 
26 26 67 26 85 89 7 48 63 38 31 65 48 27 25 
45 45 4 45 14 18 64 23 8 33 40 6 23 44 46 
16 16 57 16 75 79 3 38 53 28 21 55 38 17 15 
16 16 57 16 75 79 3 38 53 28 21 55 38 17 15 
22 22 19 22 37 41 41 0 15 10 17 17 0 21 23 
29 29 12 29 30 34 48 7 8 17 24 10 7 28 30 
5 5 36 5 54 58 24 17 32 7 0 34 17 4 6 
62 62 21 62 3 1 81 40 25 50 57 23 40 61 63 

4 63 27 66 1 55 61 13 29 22 2 69 43 44 48 
16 43 7 46 19 35 41 7 9 2 22 49 23 24 28 
17 42 6 45 20 34 40 8 8 1 23 48 22 23 27 
31 28 8 31 34 20 26 22 6 13 37 34 8 9 13 
59 0 36 3 62 8 2 50 34 41 65 6 20 19 15 
62 3 39 0 65 11 5 53 37 44 68 3 23 22 18 
1 60 24 63 2 52 58 10 26 19 5 66 40 41 45 
84 25 61 22 87 33 27 75 59 66 90 19 45 44 40 
13 46 10 49 16 38 44 4 12 5 19 52 26 27 31 
74 15 51 12 77 23 17 65 49 56 80 9 35 34 30 
74 15 51 12 77 23 17 65 49 56 80 9 35 34 30 
36 23 13 26 39 15 21 27 11 18 42 29 3 4 8 
29 30 6 33 32 22 28 20 4 11 35 36 10 11 15 
53 6 30 9 56 2 4 44 28 35 59 12 14 13 9 
4 63 27 66 1 55 61 13 29 22 2 69 43 44 48 

35 12 17 33 73 9 23 81 15 73 20 77 77 48 58 
15 8 3 13 53 11 3 61 5 53 0 57 57 28 38 
14 9 4 12 52 12 2 60 6 52 1 56 56 27 37 
0 23 18 2 38 26 12 46 20 38 15 42 42 13 23 
28 51 46 30 10 54 40 18 48 10 43 14 14 15 5 
31 54 49 33 7 57 43 15 51 7 46 11 11 18 8 
32 9 14 30 70 6 20 78 12 70 17 74 74 45 55 
53 76 71 55 15 79 65 7 73 15 68 11 11 40 30 
18 5 0 16 56 8 6 64 2 56 3 60 60 31 41 
43 66 61 45 5 69 55 3 63 5 58 1 1 30 20 
43 66 61 45 5 69 55 3 63 5 58 1 1 30 20 
5 28 23 7 33 31 17 41 25 33 20 37 37 8 18 
2 21 16 0 40 24 10 48 18 40 13 44 44 15 25 
22 45 40 24 16 48 34 24 42 16 37 20 20 9 1 
35 12 17 33 73 9 23 81 15 73 20 77 77 48 58 

17 20 29 22 19 26 42 18 20 23 27 3 16 43 52 
62 65 74 67 64 19 3 27 65 22 18 48 61 2 97 
15 12 3 10 13 58 74 50 12 55 59 29 16 75 20 
56 59 68 61 58 13 3 21 59 16 12 42 55 4 91 
28 31 40 33 30 15 31 7 31 12 16 14 27 32 63 
56 59 68 61 58 13 3 21 59 16 12 42 55 4 91 
18 21 30 23 20 25 41 17 21 22 26 4 17 42 53 
1 4 13 6 3 42 58 34 4 39 43 13 0 59 36 
1 2 11 4 1 44 60 36 2 41 45 15 2 61 34 
39 42 51 44 41 4 20 4 42 1 5 25 38 21 74 
14 17 26 19 16 29 45 21 17 26 30 0 13 46 49 
51 54 63 56 53 8 8 16 54 11 7 37 50 9 86 
51 54 63 56 53 8 8 16 54 11 7 37 50 9 86 
35 32 23 30 33 78 94 70 32 75 79 49 36 95 0 
56 59 68 61 58 13 3 21 59 16 12 42 55 4 91 

14 14 27 14 45 49 33 8 23 2 9 25 8 13 15 
31 31 72 31 90 94 12 53 68 43 36 70 53 32 30 
46 46 5 46 13 17 65 24 9 34 41 7 24 45 47 
25 25 66 25 84 88 6 47 62 37 30 64 47 26 24 
3 3 38 3 56 60 22 19 34 9 2 36 19 2 4 
25 25 66 25 84 88 6 47 62 37 30 64 47 26 24 
13 13 28 13 46 50 32 9 24 1 8 26 9 12 14 
30 30 11 30 29 33 49 8 7 18 25 9 8 29 31 
32 32 9 32 27 31 51 10 5 20 27 7 10 31 33 
8 8 49 8 67 71 11 30 45 20 13 47 30 9 7 
17 17 24 17 42 46 36 5 20 5 12 22 5 16 18 
20 20 61 20 79 83 1 42 57 32 25 59 42 21 19 
20 20 61 20 79 83 1 42 57 32 25 59 42 21 19 
66 66 25 66 7 3 85 44 29 54 61 27 44 65 67 
25 25 66 25 84 88 6 47 62 37 30 64 47 26 24 

44 15 21 18 47 7 13 35 19 26 50 21 5 4 0 
89 30 66 27 92 38 32 80 64 71 95 24 50 49 45 
12 47 11 50 15 39 45 3 13 6 18 53 27 28 32 
83 24 60 21 86 32 26 74 58 65 89 18 44 43 39 
55 4 32 7 58 4 2 46 30 37 61 10 16 15 11 
83 24 60 21 86 32 26 74 58 65 89 18 44 43 39 
45 14 22 17 48 6 12 36 20 27 51 20 6 5 1 
28 31 5 34 31 23 29 19 3 10 34 37 11 12 16 
26 33 3 36 29 25 31 17 1 8 32 39 13 14 18 
66 7 43 4 69 15 9 57 41 48 72 1 27 26 22 
41 18 18 21 44 10 16 32 16 23 47 24 2 1 3 
78 19 55 16 81 27 21 69 53 60 84 13 39 38 34 
78 19 55 16 81 27 21 69 53 60 84 13 39 38 34 
8 67 31 70 5 59 65 17 33 26 2 73 47 48 52 
83 24 60 21 86 32 26 74 58 65 89 18 44 43 39 

13 36 31 15 25 39 25 33 33 25 28 29 29 0 10 
58 81 76 60 20 84 70 12 78 20 73 16 16 45 35 
19 4 1 17 57 7 7 65 1 57 4 61 61 32 42 
52 75 70 54 14 78 64 6 72 14 67 10 10 39 29 
24 47 42 26 14 50 36 22 44 14 39 18 18 11 1 
52 75 70 54 14 78 64 6 72 14 67 10 10 39 29 
14 37 32 16 24 40 26 32 34 24 29 28 28 1 9 
3 20 15 1 41 23 9 49 17 41 12 45 45 16 26 
5 18 13 3 43 21 7 51 15 43 10 47 47 18 28 
35 58 53 37 3 61 47 11 55 3 50 7 7 22 12 
10 33 28 12 28 36 22 36 30 28 25 32 32 3 13 
47 70 65 49 9 73 59 1 67 9 62 5 5 34 24 
47 70 65 49 9 73 59 1 67 9 62 5 5 34 24 
39 16 21 37 77 13 27 85 19 77 24 81 81 52 62 
52 75 70 54 14 78 64 6 72 14 67 10 10 39 29 

31 31 10 31 28 32 50 9 6 19 26 8 9 30 32 
34 34 7 34 25 29 53 12 3 22 29 5 12 33 35 
43 43 2 43 16 20 62 21 6 31 38 4 21 42 44 
36 36 5 36 23 27 55 14 1 24 31 3 14 35 37 
33 33 8 33 26 30 52 11 4 21 28 6 11 32 34 
12 12 53 12 71 75 7 34 49 24 17 51 34 13 11 
28 28 69 28 87 91 9 50 65 40 33 67 50 29 27 
4 4 45 4 63 67 15 26 41 16 9 43 26 5 3 
34 34 7 34 25 29 53 12 3 22 29 5 12 33 35 
9 9 50 9 68 72 10 31 46 21 14 48 31 10 8 
13 13 54 13 72 76 6 35 50 25 18 52 35 14 12 
17 17 24 17 42 46 36 5 20 5 12 22 5 16 18 
30 30 11 30 29 33 49 8 7 18 25 9 8 29 31 
29 29 70 29 88 92 10 51 66 41 34 68 51 30 28 
66 66 25 66 7 3 85 44 29 54 61 27 44 65 67 

27 32 4 35 30 24 30 18 2 9 33 38 12 13 17 
24 35 1 38 27 27 33 15 1 6 30 41 15 16 20 
15 44 8 47 18 36 42 6 10 3 21 50 24 25 29 
22 37 1 40 25 29 35 13 3 4 28 43 17 18 22 
25 34 2 37 28 26 32 16 0 7 31 40 14 15 19 
70 11 47 8 73 19 13 61 45 52 76 5 31 30 26 
86 27 63 24 89 35 29 77 61 68 92 21 47 46 42 
62 3 39 0 65 11 5 53 37 44 68 3 23 22 18 
24 35 1 38 27 27 33 15 1 6 30 41 15 16 20 
67 8 44 5 70 16 10 58 42 49 73 2 28 27 23 
71 12 48 9 74 20 14 62 46 53 77 6 32 31 27 
41 18 18 21 44 10 16 32 16 23 47 24 2 1 3 
28 31 5 34 31 23 29 19 3 10 34 37 11 12 16 
87 28 64 25 90 36 30 78 62 69 93 22 48 47 43 
8 67 31 70 5 59 65 17 33 26 2 73 47 48 52 

4 19 14 2 42 22 8 50 16 42 11 46 46 17 27 
7 16 11 5 45 19 5 53 13 45 8 49 49 20 30 
16 7 2 14 54 10 4 62 4 54 1 58 58 29 39 
9 14 9 7 47 17 3 55 11 47 6 51 51 22 32 
6 17 12 4 44 20 6 52 14 44 9 48 48 19 29 
39 62 57 41 1 65 51 7 59 1 54 3 3 26 16 
55 78 73 57 17 81 67 9 75 17 70 13 13 42 32 
31 54 49 33 7 57 43 15 51 7 46 11 11 18 8 
7 16 11 5 45 19 5 53 13 45 8 49 49 20 30 
36 59 54 38 2 62 48 10 56 2 51 6 6 23 13 
40 63 58 42 2 66 52 6 60 2 55 2 2 27 17 
10 33 28 12 28 36 22 36 30 28 25 32 32 3 13 
3 20 15 1 41 23 9 49 17 41 12 45 45 16 26 
56 79 74 58 18 82 68 10 76 18 71 14 14 43 33 
39 16 21 37 77 13 27 85 19 77 24 81 81 52 62 

58 1 35 4 61 7 1 49 33 40 64 7 19 18 14 
58 1 35 4 61 7 1 49 33 40 64 7 19 18 14 
17 42 6 45 20 34 40 8 8 1 23 48 22 23 27 
58 1 35 4 61 7 1 49 33 40 64 7 19 18 14 
1 60 24 63 2 52 58 10 26 19 5 66 40 41 45 
5 64 28 67 2 56 62 14 30 23 1 70 44 45 49 
77 18 54 15 80 26 20 68 52 59 83 12 38 37 33 
36 23 13 26 39 15 21 27 11 18 42 29 3 4 8 
21 38 2 41 24 30 36 12 4 3 27 44 18 19 23 
46 13 23 16 49 5 11 37 21 28 52 19 7 6 2 
53 6 30 9 56 2 4 44 28 35 59 12 14 13 9 
19 40 4 43 22 32 38 10 6 1 25 46 20 21 25 
36 23 13 26 39 15 21 27 11 18 42 29 3 4 8 
57 2 34 5 60 6 0 48 32 39 63 8 18 17 13 
59 0 36 3 62 8 2 50 34 41 65 6 20 19 15 

27 50 45 29 11 53 39 19 47 11 42 15 15 14 4 
27 50 45 29 11 53 39 19 47 11 42 15 15 14 4 
14 9 4 12 52 12 2 60 6 52 1 56 56 27 37 
27 50 45 29 11 53 39 19 47 11 42 15 15 14 4 
32 9 14 30 70 6 20 78 12 70 17 74 74 45 55 
36 13 18 34 74 10 24 82 16 74 21 78 78 49 59 
46 69 64 48 8 72 58 0 66 8 61 4 4 33 23 
5 28 23 7 33 31 17 41 25 33 20 37 37 8 18 
10 13 8 8 48 16 2 56 10 48 5 52 52 23 33 
15 38 33 17 23 41 27 31 35 23 30 27 27 2 8 
22 45 40 24 16 48 34 24 42 16 37 20 20 9 1 
12 11 6 10 50 14 0 58 8 50 3 54 54 25 35 
5 28 23 7 33 31 17 41 25 33 20 37 37 8 18 
26 49 44 28 12 52 38 20 46 12 41 16 16 13 3 
28 51 46 30 10 54 40 18 48 10 43 14 14 15 5 

31 8 13 29 69 5 19 77 11 69 16 73 73 44 54 
28 51 46 30 10 54 40 18 48 10 43 14 14 15 5 
8 15 10 6 46 18 4 54 12 46 7 50 50 21 31 
31 54 49 33 7 57 43 15 51 7 46 11 11 18 8 
34 11 16 32 72 8 22 80 14 72 19 76 76 47 57 
20 43 38 22 18 46 32 26 40 18 35 22 22 7 3 
26 49 44 28 12 52 38 20 46 12 41 16 16 13 3 
22 1 4 20 60 4 10 68 2 60 7 64 64 35 45 
6 17 12 4 44 20 6 52 14 44 9 48 48 19 29 
13 10 5 11 51 13 1 59 7 51 2 55 55 26 36 
37 14 19 35 75 11 25 83 17 75 22 79 79 50 60 
34 57 52 36 4 60 46 12 54 4 49 8 8 21 11 
8 31 26 10 30 34 20 38 28 30 23 34 34 5 15 
9 32 27 11 29 35 21 37 29 29 24 33 33 4 14 
13 36 31 15 25 39 25 33 33 25 28 29 29 0 10 

