15 15 

39 20 22 45 11 43 48 14 21 70 59 24 31 70 34 
10 69 27 4 60 6 1 35 70 21 10 25 18 21 15 
47 12 30 53 3 51 56 22 13 78 67 32 39 78 42 
8 67 25 2 58 4 1 33 68 23 12 23 16 23 13 
27 32 10 33 23 31 36 2 33 58 47 12 19 58 22 
3 56 14 9 47 7 12 22 57 34 23 12 5 34 2 
2 57 15 8 48 6 11 23 58 33 22 13 6 33 3 
4 63 21 2 54 0 5 29 64 27 16 19 12 27 9 
12 47 5 18 38 16 21 13 48 43 32 3 4 43 7 
6 53 11 12 44 10 15 19 54 37 26 9 2 37 1 
61 2 44 67 11 65 70 36 1 92 81 46 53 92 56 
2 61 19 4 52 2 7 27 62 29 18 17 10 29 7 
44 15 27 50 6 48 53 19 16 75 64 29 36 75 39 
48 11 31 54 2 52 57 23 12 79 68 33 40 79 43 
47 12 30 53 3 51 56 22 13 78 67 32 39 78 42 

12 19 52 23 1 37 14 59 15 5 16 72 1 56 41 
61 30 3 72 50 12 35 10 34 44 65 23 50 7 8 
4 27 60 15 7 45 22 67 23 13 8 80 7 64 49 
59 28 5 70 48 10 33 12 32 42 63 25 48 9 6 
24 7 40 35 13 25 2 47 3 7 28 60 13 44 29 
48 17 16 59 37 1 22 23 21 31 52 36 37 20 5 
49 18 15 60 38 0 23 22 22 32 53 35 38 19 4 
55 24 9 66 44 6 29 16 28 38 59 29 44 13 2 
39 8 25 50 28 10 13 32 12 22 43 45 28 29 14 
45 14 19 56 34 4 19 26 18 28 49 39 34 23 8 
10 41 74 1 21 59 36 81 37 27 6 94 21 78 63 
53 22 11 64 42 4 27 18 26 36 57 31 42 15 0 
7 24 57 18 4 42 19 64 20 10 11 77 4 61 46 
3 28 61 14 8 46 23 68 24 14 7 81 8 65 50 
4 27 60 15 7 45 22 67 23 13 8 80 7 64 49 

54 33 0 59 21 24 18 3 13 3 63 41 17 12 8 
5 16 49 10 28 73 31 46 36 46 14 8 66 61 57 
62 41 8 67 29 16 26 11 21 11 71 49 9 4 0 
7 14 47 12 26 71 29 44 34 44 16 6 64 59 55 
42 21 12 47 9 36 6 9 1 9 51 29 29 24 20 
18 3 36 23 15 60 18 33 23 33 27 5 53 48 44 
17 4 37 22 16 61 19 34 24 34 26 4 54 49 45 
11 10 43 16 22 67 25 40 30 40 20 2 60 55 51 
27 6 27 32 6 51 9 24 14 24 36 14 44 39 35 
21 0 33 26 12 57 15 30 20 30 30 8 50 45 41 
76 55 22 81 43 2 40 25 35 25 85 63 5 10 14 
13 8 41 18 20 65 23 38 28 38 22 0 58 53 49 
59 38 5 64 26 19 23 8 18 8 68 46 12 7 3 
63 42 9 68 30 15 27 12 22 12 72 50 8 3 1 
62 41 8 67 29 16 26 11 21 11 71 49 9 4 0 

73 26 31 10 11 50 2 19 15 3 3 58 51 43 1 
24 75 18 59 38 1 51 30 64 52 52 9 2 6 50 
81 18 39 2 19 58 6 27 7 5 5 66 59 51 7 
26 73 16 57 36 3 49 28 62 50 50 11 4 4 48 
61 38 19 22 1 38 14 7 27 15 15 46 39 31 13 
37 62 5 46 25 14 38 17 51 39 39 22 15 7 37 
36 63 6 47 26 13 39 18 52 40 40 21 14 6 38 
30 69 12 53 32 7 45 24 58 46 46 15 8 0 44 
46 53 4 37 16 23 29 8 42 30 30 31 24 16 28 
40 59 2 43 22 17 35 14 48 36 36 25 18 10 34 
95 4 53 12 33 72 20 41 7 19 19 80 73 65 21 
32 67 10 51 30 9 43 22 56 44 44 17 10 2 42 
78 21 36 5 16 55 3 24 10 2 2 63 56 48 4 
82 17 40 1 20 59 7 28 6 6 6 67 60 52 8 
81 18 39 2 19 58 6 27 7 5 5 66 59 51 7 

5 6 14 1 12 7 24 26 16 21 68 34 40 33 0 
44 55 35 48 37 56 73 75 65 70 19 15 9 16 49 
13 2 22 9 20 1 16 18 8 13 76 42 48 41 8 
42 53 33 46 35 54 71 73 63 68 21 13 7 14 47 
7 18 2 11 0 19 36 38 28 33 56 22 28 21 12 
31 42 22 35 24 43 60 62 52 57 32 2 4 3 36 
32 43 23 36 25 44 61 63 53 58 31 3 3 4 37 
38 49 29 42 31 50 67 69 59 64 25 9 3 10 43 
22 33 13 26 15 34 51 53 43 48 41 7 13 6 27 
28 39 19 32 21 40 57 59 49 54 35 1 7 0 33 
27 16 36 23 34 15 2 4 6 1 90 56 62 55 22 
36 47 27 40 29 48 65 67 57 62 27 7 1 8 41 
10 1 19 6 17 2 19 21 11 16 73 39 45 38 5 
14 3 23 10 21 2 15 17 7 12 77 43 49 42 9 
13 2 22 9 20 1 16 18 8 13 76 42 48 41 8 

2 20 56 2 24 64 55 5 47 49 6 36 23 48 22 
47 29 7 51 25 15 6 44 2 0 43 13 26 1 27 
10 28 64 6 32 72 63 13 55 57 14 44 31 56 30 
45 27 9 49 23 17 8 42 0 2 41 11 24 1 25 
10 8 44 14 12 52 43 7 35 37 6 24 11 36 10 
34 16 20 38 12 28 19 31 11 13 30 0 13 12 14 
35 17 19 39 13 27 18 32 10 12 31 1 14 11 15 
41 23 13 45 19 21 12 38 4 6 37 7 20 5 21 
25 7 29 29 3 37 28 22 20 22 21 9 4 21 5 
31 13 23 35 9 31 22 28 14 16 27 3 10 15 11 
24 42 78 20 46 86 77 27 69 71 28 58 45 70 44 
39 21 15 43 17 23 14 36 6 8 35 5 18 7 19 
7 25 61 3 29 69 60 10 52 54 11 41 28 53 27 
11 29 65 7 33 73 64 14 56 58 15 45 32 57 31 
10 28 64 6 32 72 63 13 55 57 14 44 31 56 30 

53 47 67 17 65 32 12 12 16 64 41 72 71 47 9 
4 2 18 32 16 17 37 37 33 15 8 23 22 2 58 
61 55 75 25 73 40 20 20 24 72 49 80 79 55 1 
6 0 20 30 18 15 35 35 31 17 6 25 24 0 56 
41 35 55 5 53 20 0 0 4 52 29 60 59 35 21 
17 11 31 19 29 4 24 24 20 28 5 36 35 11 45 
16 10 30 20 28 5 25 25 21 27 4 35 34 10 46 
10 4 24 26 22 11 31 31 27 21 2 29 28 4 52 
26 20 40 10 38 5 15 15 11 37 14 45 44 20 36 
20 14 34 16 32 1 21 21 17 31 8 39 38 14 42 
75 69 89 39 87 54 34 34 38 86 63 94 93 69 13 
12 6 26 24 24 9 29 29 25 23 0 31 30 6 50 
58 52 72 22 70 37 17 17 21 69 46 77 76 52 4 
62 56 76 26 74 41 21 21 25 73 50 81 80 56 0 
61 55 75 25 73 40 20 20 24 72 49 80 79 55 1 

6 22 27 2 5 41 32 17 28 60 71 15 51 14 8 
43 71 22 51 54 8 17 32 21 11 22 64 2 35 41 
14 14 35 6 3 49 40 25 36 68 79 7 59 22 16 
41 69 20 49 52 6 15 30 19 13 24 62 4 33 39 
6 34 15 14 17 29 20 5 16 48 59 27 39 2 4 
30 58 9 38 41 5 4 19 8 24 35 51 15 22 28 
31 59 10 39 42 4 5 20 9 23 34 52 14 23 29 
37 65 16 45 48 2 11 26 15 17 28 58 8 29 35 
21 49 0 29 32 14 5 10 1 33 44 42 24 13 19 
27 55 6 35 38 8 1 16 5 27 38 48 18 19 25 
28 0 49 20 17 63 54 39 50 82 93 7 73 36 30 
35 63 14 43 46 0 9 24 13 19 30 56 10 27 33 
11 17 32 3 0 46 37 22 33 65 76 10 56 19 13 
15 13 36 7 4 50 41 26 37 69 80 6 60 23 17 
14 14 35 6 3 49 40 25 36 68 79 7 59 22 16 

73 23 18 19 26 52 73 15 8 38 6 11 1 71 36 
24 72 67 30 75 3 24 64 57 11 55 38 50 22 13 
81 15 10 27 18 60 81 7 0 46 2 19 7 79 44 
26 70 65 28 73 5 26 62 55 9 53 36 48 24 11 
61 35 30 7 38 40 61 27 20 26 18 1 13 59 24 
37 59 54 17 62 16 37 51 44 2 42 25 37 35 0 
36 60 55 18 63 15 36 52 45 1 43 26 38 34 1 
30 66 61 24 69 9 30 58 51 5 49 32 44 28 7 
46 50 45 8 53 25 46 42 35 11 33 16 28 44 9 
40 56 51 14 59 19 40 48 41 5 39 22 34 38 3 
95 1 4 41 4 74 95 7 14 60 16 33 21 93 58 
32 64 59 22 67 11 32 56 49 3 47 30 42 30 5 
78 18 13 24 21 57 78 10 3 43 1 16 4 76 41 
82 14 9 28 17 61 82 6 1 47 3 20 8 80 45 
81 15 10 27 18 60 81 7 0 46 2 19 7 79 44 

51 41 12 24 41 25 4 43 43 25 5 29 37 5 2 
2 8 37 25 8 24 53 6 6 24 44 20 12 54 47 
59 49 20 32 49 33 4 51 51 33 13 37 45 3 10 
4 6 35 23 6 22 51 4 4 22 42 18 10 52 45 
39 29 0 12 29 13 16 31 31 13 7 17 25 17 10 
15 5 24 12 5 11 40 7 7 11 31 7 1 41 34 
14 4 25 13 4 12 41 6 6 12 32 8 0 42 35 
8 2 31 19 2 18 47 0 0 18 38 14 6 48 41 
24 14 15 3 14 2 31 16 16 2 22 2 10 32 25 
18 8 21 9 8 8 37 10 10 8 28 4 4 38 31 
73 63 34 46 63 47 18 65 65 47 27 51 59 17 24 
10 0 29 17 0 16 45 2 2 16 36 12 4 46 39 
56 46 17 29 46 30 1 48 48 30 10 34 42 0 7 
60 50 21 33 50 34 5 52 52 34 14 38 46 4 11 
59 49 20 32 49 33 4 51 51 33 13 37 45 3 10 

30 44 12 73 29 62 28 59 26 7 69 24 25 59 25 
19 5 37 24 20 13 21 10 23 56 20 73 74 10 74 
38 52 20 81 37 70 36 67 34 1 77 16 17 67 17 
17 3 35 26 18 15 19 12 21 54 22 71 72 12 72 
18 32 0 61 17 50 16 47 14 19 57 36 37 47 37 
6 8 24 37 7 26 8 23 10 43 33 60 61 23 61 
7 7 25 36 8 25 9 22 11 44 32 61 62 22 62 
13 1 31 30 14 19 15 16 17 50 26 67 68 16 68 
3 17 15 46 2 35 1 32 1 34 42 51 52 32 52 
3 11 21 40 4 29 5 26 7 40 36 57 58 26 58 
52 66 34 95 51 84 50 81 48 15 91 2 3 81 3 
11 3 29 32 12 21 13 18 15 48 28 65 66 18 66 
35 49 17 78 34 67 33 64 31 2 74 19 20 64 20 
39 53 21 82 38 71 37 68 35 2 78 15 16 68 16 
38 52 20 81 37 70 36 67 34 1 77 16 17 67 17 

65 56 47 65 3 53 33 67 48 3 71 73 25 35 9 
16 7 2 16 52 4 16 18 1 46 22 24 74 14 40 
73 64 55 73 5 61 41 75 56 11 79 81 17 43 17 
18 9 0 18 50 6 14 20 1 44 24 26 72 12 38 
53 44 35 53 15 41 21 55 36 9 59 61 37 23 3 
29 20 11 29 39 17 3 31 12 33 35 37 61 1 27 
28 19 10 28 40 16 4 30 11 34 34 36 62 2 28 
22 13 4 22 46 10 10 24 5 40 28 30 68 8 34 
38 29 20 38 30 26 6 40 21 24 44 46 52 8 18 
32 23 14 32 36 20 0 34 15 30 38 40 58 2 24 
87 78 69 87 19 75 55 89 70 25 93 95 3 57 31 
24 15 6 24 44 12 8 26 7 38 30 32 66 6 32 
70 61 52 70 2 58 38 72 53 8 76 78 20 40 14 
74 65 56 74 6 62 42 76 57 12 80 82 16 44 18 
73 64 55 73 5 61 41 75 56 11 79 81 17 43 17 

9 42 39 4 7 2 37 6 23 7 7 12 4 47 53 
40 7 10 53 56 51 12 55 72 56 56 37 53 2 4 
17 50 47 4 1 6 45 2 15 1 1 20 4 55 61 
38 5 8 51 54 49 10 53 70 54 54 35 51 0 6 
3 30 27 16 19 14 25 18 35 19 19 0 16 35 41 
27 6 3 40 43 38 1 42 59 43 43 24 40 11 17 
28 5 2 41 44 39 0 43 60 44 44 25 41 10 16 
34 1 4 47 50 45 6 49 66 50 50 31 47 4 10 
18 15 12 31 34 29 10 33 50 34 34 15 31 20 26 
24 9 6 37 40 35 4 39 56 40 40 21 37 14 20 
31 64 61 18 15 20 59 16 1 15 15 34 18 69 75 
32 1 2 45 48 43 4 47 64 48 48 29 45 6 12 
14 47 44 1 2 3 42 1 18 2 2 17 1 52 58 
18 51 48 5 2 7 46 3 14 2 2 21 5 56 62 
17 50 47 4 1 6 45 2 15 1 1 20 4 55 61 

68 40 15 6 34 0 34 6 53 30 33 36 23 29 12 
19 9 64 43 15 49 15 43 4 19 16 13 72 20 37 
76 48 7 14 42 8 42 14 61 38 41 44 15 37 20 
21 7 62 41 13 47 13 41 6 17 14 11 70 18 35 
56 28 27 6 22 12 22 6 41 18 21 24 35 17 0 
32 4 51 30 2 36 2 30 17 6 3 0 59 7 24 
31 3 52 31 3 37 3 31 16 7 4 1 60 8 25 
25 3 58 37 9 43 9 37 10 13 10 7 66 14 31 
41 13 42 21 7 27 7 21 26 3 6 9 50 2 15 
35 7 48 27 1 33 1 27 20 3 0 3 56 4 21 
90 62 7 28 56 22 56 28 75 52 55 58 1 51 34 
27 1 56 35 7 41 7 35 12 11 8 5 64 12 29 
73 45 10 11 39 5 39 11 58 35 38 41 18 34 17 
77 49 6 15 43 9 43 15 62 39 42 45 14 38 21 
76 48 7 14 42 8 42 14 61 38 41 44 15 37 20 

51 20 13 62 40 2 25 20 24 34 55 33 40 17 2 
8 39 72 3 19 57 34 79 35 25 4 92 19 76 61 
34 3 30 45 23 15 8 37 7 17 38 50 23 34 19 
57 26 7 68 46 8 31 14 30 40 61 27 46 11 4 
1 30 63 12 10 48 25 70 26 16 5 83 10 67 52 
55 24 9 66 44 6 29 16 28 38 59 29 44 13 2 
60 29 4 71 49 11 34 11 33 43 64 24 49 8 7 
26 5 38 37 15 23 0 45 1 9 30 58 15 42 27 
9 40 73 2 20 58 35 80 36 26 5 93 20 77 62 
82 51 18 93 71 33 56 11 55 65 86 2 71 14 29 
71 40 7 82 60 22 45 0 44 54 75 13 60 3 18 
36 5 28 47 25 13 10 35 9 19 40 48 25 32 17 
43 12 21 54 32 6 17 28 16 26 47 41 32 25 10 
82 51 18 93 71 33 56 11 55 65 86 2 71 14 29 
46 15 18 57 35 3 20 25 19 29 50 38 35 22 7 

15 6 39 20 18 63 21 36 26 36 24 2 56 51 47 
74 53 20 79 41 4 38 23 33 23 83 61 3 8 12 
32 11 22 37 1 46 4 19 9 19 41 19 39 34 30 
9 12 45 14 24 69 27 42 32 42 18 4 62 57 53 
65 44 11 70 32 13 29 14 24 14 74 52 6 1 3 
11 10 43 16 22 67 25 40 30 40 20 2 60 55 51 
6 15 48 11 27 72 30 45 35 45 15 7 65 60 56 
40 19 14 45 7 38 4 11 1 11 49 27 31 26 22 
75 54 21 80 42 3 39 24 34 24 84 62 4 9 13 
16 37 70 11 49 94 52 67 57 67 7 29 87 82 78 
5 26 59 0 38 83 41 56 46 56 4 18 76 71 67 
30 9 24 35 3 48 6 21 11 21 39 17 41 36 32 
23 2 31 28 10 55 13 28 18 28 32 10 48 43 39 
16 37 70 11 49 94 52 67 57 67 7 29 87 82 78 
20 1 34 25 13 58 16 31 21 31 29 7 51 46 42 

34 65 8 49 28 11 41 20 54 42 42 19 12 4 40 
93 6 51 10 31 70 18 39 5 17 17 78 71 63 19 
51 48 9 32 11 28 24 3 37 25 25 36 29 21 23 
28 71 14 55 34 5 47 26 60 48 48 13 6 2 46 
84 15 42 1 22 61 9 30 4 8 8 69 62 54 10 
30 69 12 53 32 7 45 24 58 46 46 15 8 0 44 
25 74 17 58 37 2 50 29 63 51 51 10 3 5 49 
59 40 17 24 3 36 16 5 29 17 17 44 37 29 15 
94 5 52 11 32 71 19 40 6 18 18 79 72 64 20 
3 96 39 80 59 20 72 51 85 73 73 12 19 27 71 
14 85 28 69 48 9 61 40 74 62 62 1 8 16 60 
49 50 7 34 13 26 26 5 39 27 27 34 27 19 25 
42 57 0 41 20 19 33 12 46 34 34 27 20 12 32 
3 96 39 80 59 20 72 51 85 73 73 12 19 27 71 
39 60 3 44 23 16 36 15 49 37 37 24 17 9 35 

34 45 25 38 27 46 63 65 55 60 29 5 1 6 39 
25 14 34 21 32 13 4 6 4 1 88 54 60 53 20 
17 28 8 21 10 29 46 48 38 43 46 12 18 11 22 
40 51 31 44 33 52 69 71 61 66 23 11 5 12 45 
16 5 25 12 23 4 13 15 5 10 79 45 51 44 11 
38 49 29 42 31 50 67 69 59 64 25 9 3 10 43 
43 54 34 47 36 55 72 74 64 69 20 14 8 15 48 
9 20 0 13 2 21 38 40 30 35 54 20 26 19 14 
26 15 35 22 33 14 3 5 5 0 89 55 61 54 21 
65 76 56 69 58 77 94 96 86 91 2 36 30 37 70 
54 65 45 58 47 66 83 85 75 80 9 25 19 26 59 
19 30 10 23 12 31 48 50 40 45 44 10 16 9 24 
26 37 17 30 19 38 55 57 47 52 37 3 9 2 31 
65 76 56 69 58 77 94 96 86 91 2 36 30 37 70 
29 40 20 33 22 41 58 60 50 55 34 0 6 1 34 

37 19 17 41 15 25 16 34 8 10 33 3 16 9 17 
22 40 76 18 44 84 75 25 67 69 26 56 43 68 42 
20 2 34 24 2 42 33 17 25 27 16 14 1 26 0 
43 25 11 47 21 19 10 40 2 4 39 9 22 3 23 
13 31 67 9 35 75 66 16 58 60 17 47 34 59 33 
41 23 13 45 19 21 12 38 4 6 37 7 20 5 21 
46 28 8 50 24 16 7 43 1 1 42 12 25 0 26 
12 6 42 16 10 50 41 9 33 35 8 22 9 34 8 
23 41 77 19 45 85 76 26 68 70 27 57 44 69 43 
68 50 14 72 46 6 15 65 23 21 64 34 47 22 48 
57 39 3 61 35 5 4 54 12 10 53 23 36 11 37 
22 4 32 26 0 40 31 19 23 25 18 12 1 24 2 
29 11 25 33 7 33 24 26 16 18 25 5 8 17 9 
68 50 14 72 46 6 15 65 23 21 64 34 47 22 48 
32 14 22 36 10 30 21 29 13 15 28 2 11 14 12 

14 8 28 22 26 7 27 27 23 25 2 33 32 8 48 
73 67 87 37 85 52 32 32 36 84 61 92 91 67 11 
31 25 45 5 43 10 10 10 6 42 19 50 49 25 31 
8 2 22 28 20 13 33 33 29 19 4 27 26 2 54 
64 58 78 28 76 43 23 23 27 75 52 83 82 58 2 
10 4 24 26 22 11 31 31 27 21 2 29 28 4 52 
5 1 19 31 17 16 36 36 32 16 7 24 23 1 57 
39 33 53 3 51 18 2 2 2 50 27 58 57 33 23 
74 68 88 38 86 53 33 33 37 85 62 93 92 68 12 
17 23 3 53 5 38 58 58 54 6 29 2 1 23 79 
6 12 8 42 6 27 47 47 43 5 18 13 12 12 68 
29 23 43 7 41 8 12 12 8 40 17 48 47 23 33 
22 16 36 14 34 1 19 19 15 33 10 41 40 16 40 
17 23 3 53 5 38 58 58 54 6 29 2 1 23 79 
19 13 33 17 31 2 22 22 18 30 7 38 37 13 43 

33 61 12 41 44 2 7 22 11 21 32 54 12 25 31 
26 2 47 18 15 61 52 37 48 80 91 5 71 34 28 
16 44 5 24 27 19 10 5 6 38 49 37 29 8 14 
39 67 18 47 50 4 13 28 17 15 26 60 6 31 37 
17 11 38 9 6 52 43 28 39 71 82 4 62 25 19 
37 65 16 45 48 2 11 26 15 17 28 58 8 29 35 
42 70 21 50 53 7 16 31 20 12 23 63 3 34 40 
8 36 13 16 19 27 18 3 14 46 57 29 37 0 6 
27 1 48 19 16 62 53 38 49 81 92 6 72 35 29 
64 92 43 72 75 29 38 53 42 10 1 85 19 56 62 
53 81 32 61 64 18 27 42 31 1 12 74 8 45 51 
18 46 3 26 29 17 8 7 4 36 47 39 27 10 16 
25 53 4 33 36 10 1 14 3 29 40 46 20 17 23 
64 92 43 72 75 29 38 53 42 10 1 85 19 56 62 
28 56 7 36 39 7 2 17 6 26 37 49 17 20 26 

34 62 57 20 65 13 34 54 47 1 45 28 40 32 3 
93 3 2 39 6 72 93 5 12 58 14 31 19 91 56 
51 45 40 3 48 30 51 37 30 16 28 11 23 49 14 
28 68 63 26 71 7 28 60 53 7 51 34 46 26 9 
84 12 7 30 15 63 84 4 3 49 5 22 10 82 47 
30 66 61 24 69 9 30 58 51 5 49 32 44 28 7 
25 71 66 29 74 4 25 63 56 10 54 37 49 23 12 
59 37 32 5 40 38 59 29 22 24 20 3 15 57 22 
94 2 3 40 5 73 94 6 13 59 15 32 20 92 57 
3 93 88 51 96 18 3 85 78 32 76 59 71 1 34 
14 82 77 40 85 7 14 74 67 21 65 48 60 12 23 
49 47 42 5 50 28 49 39 32 14 30 13 25 47 12 
42 54 49 12 57 21 42 46 39 7 37 20 32 40 5 
3 93 88 51 96 18 3 85 78 32 76 59 71 1 34 
39 57 52 15 60 18 39 49 42 4 40 23 35 37 2 

12 2 27 15 2 14 43 4 4 14 34 10 2 44 37 
71 61 32 44 61 45 16 63 63 45 25 49 57 15 22 
29 19 10 2 19 3 26 21 21 3 17 7 15 27 20 
6 4 33 21 4 20 49 2 2 20 40 16 8 50 43 
62 52 23 35 52 36 7 54 54 36 16 40 48 6 13 
8 2 31 19 2 18 47 0 0 18 38 14 6 48 41 
3 7 36 24 7 23 52 5 5 23 43 19 11 53 46 
37 27 2 10 27 11 18 29 29 11 9 15 23 19 12 
72 62 33 45 62 46 17 64 64 46 26 50 58 16 23 
19 29 58 46 29 45 74 27 27 45 65 41 33 75 68 
8 18 47 35 18 34 63 16 16 34 54 30 22 64 57 
27 17 12 0 17 1 28 19 19 1 19 5 13 29 22 
20 10 19 7 10 6 35 12 12 6 26 2 6 36 29 
19 29 58 46 29 45 74 27 27 45 65 41 33 75 68 
17 7 22 10 7 9 38 9 9 9 29 5 3 39 32 

9 5 27 34 10 23 11 20 13 46 30 63 64 20 64 
50 64 32 93 49 82 48 79 46 13 89 4 5 79 5 
8 22 10 51 7 40 6 37 4 29 47 46 47 37 47 
15 1 33 28 16 17 17 14 19 52 24 69 70 14 70 
41 55 23 84 40 73 39 70 37 4 80 13 14 70 14 
13 1 31 30 14 19 15 16 17 50 26 67 68 16 68 
18 4 36 25 19 14 20 11 22 55 21 72 73 11 73 
16 30 2 59 15 48 14 45 12 21 55 38 39 45 39 
51 65 33 94 50 83 49 80 47 14 90 3 4 80 4 
40 26 58 3 41 8 42 11 44 77 1 94 95 11 95 
29 15 47 14 30 3 31 0 33 66 10 83 84 0 84 
6 20 12 49 5 38 4 35 2 31 45 48 49 35 49 
1 13 19 42 2 31 3 28 5 38 38 55 56 28 56 
40 26 58 3 41 8 42 11 44 77 1 94 95 11 95 
4 10 22 39 5 28 6 25 8 41 35 58 59 25 59 

26 17 8 26 42 14 6 28 9 36 32 34 64 4 30 
85 76 67 85 17 73 53 87 68 23 91 93 5 55 29 
43 34 25 43 25 31 11 45 26 19 49 51 47 13 13 
20 11 2 20 48 8 12 22 3 42 26 28 70 10 36 
76 67 58 76 8 64 44 78 59 14 82 84 14 46 20 
22 13 4 22 46 10 10 24 5 40 28 30 68 8 34 
17 8 1 17 51 5 15 19 0 45 23 25 73 13 39 
51 42 33 51 17 39 19 53 34 11 57 59 39 21 5 
86 77 68 86 18 74 54 88 69 24 92 94 4 56 30 
5 14 23 5 73 17 37 3 22 67 1 3 95 35 61 
6 3 12 6 62 6 26 8 11 56 12 14 84 24 50 
41 32 23 41 27 29 9 43 24 21 47 49 49 11 15 
34 25 16 34 34 22 2 36 17 28 40 42 56 4 22 
5 14 23 5 73 17 37 3 22 67 1 3 95 35 61 
31 22 13 31 37 19 1 33 14 31 37 39 59 1 25 

30 3 0 43 46 41 2 45 62 46 46 27 43 8 14 
29 62 59 16 13 18 57 14 3 13 13 32 16 67 73 
13 20 17 26 29 24 15 28 45 29 29 10 26 25 31 
36 3 6 49 52 47 8 51 68 52 52 33 49 2 8 
20 53 50 7 4 9 48 5 12 4 4 23 7 58 64 
34 1 4 47 50 45 6 49 66 50 50 31 47 4 10 
39 6 9 52 55 50 11 54 71 55 55 36 52 1 5 
5 28 25 18 21 16 23 20 37 21 21 2 18 33 39 
30 63 60 17 14 19 58 15 2 14 14 33 17 68 74 
61 28 31 74 77 72 33 76 93 77 77 58 74 23 17 
50 17 20 63 66 61 22 65 82 66 66 47 63 12 6 
15 18 15 28 31 26 13 30 47 31 31 12 28 23 29 
22 11 8 35 38 33 6 37 54 38 38 19 35 16 22 
61 28 31 74 77 72 33 76 93 77 77 58 74 23 17 
25 8 5 38 41 36 3 40 57 41 41 22 38 13 19 

29 1 54 33 5 39 5 33 14 9 6 3 62 10 27 
88 60 5 26 54 20 54 26 73 50 53 56 3 49 32 
46 18 37 16 12 22 12 16 31 8 11 14 45 7 10 
23 5 60 39 11 45 11 39 8 15 12 9 68 16 33 
79 51 4 17 45 11 45 17 64 41 44 47 12 40 23 
25 3 58 37 9 43 9 37 10 13 10 7 66 14 31 
20 8 63 42 14 48 14 42 5 18 15 12 71 19 36 
54 26 29 8 20 14 20 8 39 16 19 22 37 15 2 
89 61 6 27 55 21 55 27 74 51 54 57 2 50 33 
2 30 85 64 36 70 36 64 17 40 37 34 93 41 58 
9 19 74 53 25 59 25 53 6 29 26 23 82 30 47 
44 16 39 18 10 24 10 18 29 6 9 12 47 5 12 
37 9 46 25 3 31 3 25 22 1 2 5 54 2 19 
2 30 85 64 36 70 36 64 17 40 37 34 93 41 58 
34 6 49 28 0 34 0 28 19 4 1 2 57 5 22 

66 45 12 71 33 12 30 15 25 15 75 53 5 0 4 
35 14 19 40 2 43 1 16 6 16 44 22 36 31 27 
2 19 52 7 31 76 34 49 39 49 11 11 69 64 60 
77 56 23 82 44 1 41 26 36 26 86 64 6 11 15 
55 34 1 60 22 23 19 4 14 4 64 42 16 11 7 
17 4 37 22 16 61 19 34 24 34 26 4 54 49 45 
40 19 14 45 7 38 4 11 1 11 49 27 31 26 22 
5 26 59 0 38 83 41 56 46 56 4 18 76 71 67 
39 18 15 44 6 39 3 12 2 12 48 26 32 27 23 
49 28 5 54 16 29 13 2 8 2 58 36 22 17 13 
70 49 16 75 37 8 34 19 29 19 79 57 1 4 8 
18 39 72 13 51 96 54 69 59 69 9 31 89 84 80 
55 34 1 60 22 23 19 4 14 4 64 42 16 11 7 
2 23 56 3 35 80 38 53 43 53 7 15 73 68 64 
13 8 41 18 20 65 23 38 28 38 22 0 58 53 49 

85 14 43 2 23 62 10 31 3 9 9 70 63 55 11 
54 45 12 29 8 31 21 0 34 22 22 39 32 24 20 
21 78 21 62 41 2 54 33 67 55 55 6 1 9 53 
96 3 54 13 34 73 21 42 8 20 20 81 74 66 22 
74 25 32 9 12 51 1 20 14 2 2 59 52 44 0 
36 63 6 47 26 13 39 18 52 40 40 21 14 6 38 
59 40 17 24 3 36 16 5 29 17 17 44 37 29 15 
14 85 28 69 48 9 61 40 74 62 62 1 8 16 60 
58 41 16 25 4 35 17 4 30 18 18 43 36 28 16 
68 31 26 15 6 45 7 14 20 8 8 53 46 38 6 
89 10 47 6 27 66 14 35 1 13 13 74 67 59 15 
1 98 41 82 61 22 74 53 87 75 75 14 21 29 73 
74 25 32 9 12 51 1 20 14 2 2 59 52 44 0 
17 82 25 66 45 6 58 37 71 59 59 2 5 13 57 
32 67 10 51 30 9 43 22 56 44 44 17 10 2 42 

17 6 26 13 24 5 12 14 4 9 80 46 52 45 12 
14 25 5 18 7 26 43 45 35 40 49 15 21 14 19 
47 58 38 51 40 59 76 78 68 73 16 18 12 19 52 
28 17 37 24 35 16 1 3 7 2 91 57 63 56 23 
6 5 15 2 13 6 23 25 15 20 69 35 41 34 1 
32 43 23 36 25 44 61 63 53 58 31 3 3 4 37 
9 20 0 13 2 21 38 40 30 35 54 20 26 19 14 
54 65 45 58 47 66 83 85 75 80 9 25 19 26 59 
10 21 1 14 3 22 39 41 31 36 53 19 25 18 15 
0 11 9 4 7 12 29 31 21 26 63 29 35 28 5 
21 10 30 17 28 9 8 10 0 5 84 50 56 49 16 
67 78 58 71 60 79 96 98 88 93 4 38 32 39 72 
6 5 15 2 13 6 23 25 15 20 69 35 41 34 1 
51 62 42 55 44 63 80 82 72 77 12 22 16 23 56 
36 47 27 40 29 48 65 67 57 62 27 7 1 8 41 

14 32 68 10 36 76 67 17 59 61 18 48 35 60 34 
17 1 37 21 5 45 36 14 28 30 13 17 4 29 3 
50 32 4 54 28 12 3 47 5 3 46 16 29 4 30 
25 43 79 21 47 87 78 28 70 72 29 59 46 71 45 
3 21 57 1 25 65 56 6 48 50 7 37 24 49 23 
35 17 19 39 13 27 18 32 10 12 31 1 14 11 15 
12 6 42 16 10 50 41 9 33 35 8 22 9 34 8 
57 39 3 61 35 5 4 54 12 10 53 23 36 11 37 
13 5 41 17 9 49 40 10 32 34 9 21 8 33 7 
3 15 51 7 19 59 50 0 42 44 1 31 18 43 17 
18 36 72 14 40 80 71 21 63 65 22 52 39 64 38 
70 52 16 74 48 8 17 67 25 23 66 36 49 24 50 
3 21 57 1 25 65 56 6 48 50 7 37 24 49 23 
54 36 0 58 32 8 1 51 9 7 50 20 33 8 34 
39 21 15 43 17 23 14 36 6 8 35 5 18 7 19 

65 59 79 29 77 44 24 24 28 76 53 84 83 59 3 
34 28 48 2 46 13 7 7 3 45 22 53 52 28 28 
1 5 15 35 13 20 40 40 36 12 11 20 19 5 61 
76 70 90 40 88 55 35 35 39 87 64 95 94 70 14 
54 48 68 18 66 33 13 13 17 65 42 73 72 48 8 
16 10 30 20 28 5 25 25 21 27 4 35 34 10 46 
39 33 53 3 51 18 2 2 2 50 27 58 57 33 23 
6 12 8 42 6 27 47 47 43 5 18 13 12 12 68 
38 32 52 2 50 17 3 3 1 49 26 57 56 32 24 
48 42 62 12 60 27 7 7 11 59 36 67 66 42 14 
69 63 83 33 81 48 28 28 32 80 57 88 87 63 7 
19 25 5 55 7 40 60 60 56 8 31 0 1 25 81 
54 48 68 18 66 33 13 13 17 65 42 73 72 48 8 
3 9 11 39 9 24 44 44 40 8 15 16 15 9 65 
12 6 26 24 24 9 29 29 25 23 0 31 30 6 50 

18 10 39 10 7 53 44 29 40 72 83 3 63 26 20 
13 41 8 21 24 22 13 2 9 41 52 34 32 5 11 
46 74 25 54 57 11 20 35 24 8 19 67 1 38 44 
29 1 50 21 18 64 55 40 51 83 94 8 74 37 31 
7 21 28 1 4 42 33 18 29 61 72 14 52 15 9 
31 59 10 39 42 4 5 20 9 23 34 52 14 23 29 
8 36 13 16 19 27 18 3 14 46 57 29 37 0 6 
53 81 32 61 64 18 27 42 31 1 12 74 8 45 51 
9 37 12 17 20 26 17 2 13 45 56 30 36 1 7 
1 27 22 7 10 36 27 12 23 55 66 20 46 9 3 
22 6 43 14 11 57 48 33 44 76 87 1 67 30 24 
66 94 45 74 77 31 40 55 44 12 1 87 21 58 64 
7 21 28 1 4 42 33 18 29 61 72 14 52 15 9 
50 78 29 58 61 15 24 39 28 4 15 71 5 42 48 
35 63 14 43 46 0 9 24 13 19 30 56 10 27 33 

85 11 6 31 14 64 85 3 4 50 6 23 11 83 48 
54 42 37 0 45 33 54 34 27 19 25 8 20 52 17 
21 75 70 33 78 0 21 67 60 14 58 41 53 19 16 
96 0 5 42 3 75 96 8 15 61 17 34 22 94 59 
74 22 17 20 25 53 74 14 7 39 5 12 0 72 37 
36 60 55 18 63 15 36 52 45 1 43 26 38 34 1 
59 37 32 5 40 38 59 29 22 24 20 3 15 57 22 
14 82 77 40 85 7 14 74 67 21 65 48 60 12 23 
58 38 33 4 41 37 58 30 23 23 21 4 16 56 21 
68 28 23 14 31 47 68 20 13 33 11 6 6 66 31 
89 7 2 35 10 68 89 1 8 54 10 27 15 87 52 
1 95 90 53 98 20 1 87 80 34 78 61 73 1 36 
74 22 17 20 25 53 74 14 7 39 5 12 0 72 37 
17 79 74 37 82 4 17 71 64 18 62 45 57 15 20 
32 64 59 22 67 11 32 56 49 3 47 30 42 30 5 

63 53 24 36 53 37 8 55 55 37 17 41 49 7 14 
32 22 7 5 22 6 23 24 24 6 14 10 18 24 17 
1 11 40 28 11 27 56 9 9 27 47 23 15 57 50 
74 64 35 47 64 48 19 66 66 48 28 52 60 18 25 
52 42 13 25 42 26 3 44 44 26 6 30 38 4 3 
14 4 25 13 4 12 41 6 6 12 32 8 0 42 35 
37 27 2 10 27 11 18 29 29 11 9 15 23 19 12 
8 18 47 35 18 34 63 16 16 34 54 30 22 64 57 
36 26 3 9 26 10 19 28 28 10 10 14 22 20 13 
46 36 7 19 36 20 9 38 38 20 0 24 32 10 3 
67 57 28 40 57 41 12 59 59 41 21 45 53 11 18 
21 31 60 48 31 47 76 29 29 47 67 43 35 77 70 
52 42 13 25 42 26 3 44 44 26 6 30 38 4 3 
5 15 44 32 15 31 60 13 13 31 51 27 19 61 54 
10 0 29 17 0 16 45 2 2 16 36 12 4 46 39 

42 56 24 85 41 74 40 71 38 5 81 12 13 71 13 
11 25 7 54 10 43 9 40 7 26 50 43 44 40 44 
22 8 40 21 23 10 24 7 26 59 17 76 77 7 77 
53 67 35 96 52 85 51 82 49 16 92 1 2 82 2 
31 45 13 74 30 63 29 60 27 6 70 23 24 60 24 
7 7 25 36 8 25 9 22 11 44 32 61 62 22 62 
16 30 2 59 15 48 14 45 12 21 55 38 39 45 39 
29 15 47 14 30 3 31 0 33 66 10 83 84 0 84 
15 29 3 58 14 47 13 44 11 22 54 39 40 44 40 
25 39 7 68 24 57 23 54 21 12 64 29 30 54 30 
46 60 28 89 45 78 44 75 42 9 85 8 9 75 9 
42 28 60 1 43 10 44 13 46 79 3 96 97 13 97 
31 45 13 74 30 63 29 60 27 6 70 23 24 60 24 
26 12 44 17 27 6 28 3 30 63 13 80 81 3 81 
11 3 29 32 12 21 13 18 15 48 28 65 66 18 66 

77 68 59 77 9 65 45 79 60 15 83 85 13 47 21 
46 37 28 46 22 34 14 48 29 16 52 54 44 16 10 
13 4 5 13 55 1 19 15 4 49 19 21 77 17 43 
88 79 70 88 20 76 56 90 71 26 94 96 2 58 32 
66 57 48 66 2 54 34 68 49 4 72 74 24 36 10 
28 19 10 28 40 16 4 30 11 34 34 36 62 2 28 
51 42 33 51 17 39 19 53 34 11 57 59 39 21 5 
6 3 12 6 62 6 26 8 11 56 12 14 84 24 50 
50 41 32 50 18 38 18 52 33 12 56 58 40 20 6 
60 51 42 60 8 48 28 62 43 2 66 68 30 30 4 
81 72 63 81 13 69 49 83 64 19 87 89 9 51 25 
7 16 25 7 75 19 39 5 24 69 1 1 97 37 63 
66 57 48 66 2 54 34 68 49 4 72 74 24 36 10 
9 0 9 9 59 3 23 11 8 53 15 17 81 21 47 
24 15 6 24 44 12 8 26 7 38 30 32 66 6 32 

21 54 51 8 5 10 49 6 11 5 5 24 8 59 65 
10 23 20 23 26 21 18 25 42 26 26 7 23 28 34 
43 10 13 56 59 54 15 58 75 59 59 40 56 5 1 
32 65 62 19 16 21 60 17 0 16 16 35 19 70 76 
10 43 40 3 6 1 38 5 22 6 6 13 3 48 54 
28 5 2 41 44 39 0 43 60 44 44 25 41 10 16 
5 28 25 18 21 16 23 20 37 21 21 2 18 33 39 
50 17 20 63 66 61 22 65 82 66 66 47 63 12 6 
6 27 24 19 22 17 22 21 38 22 22 3 19 32 38 
4 37 34 9 12 7 32 11 28 12 12 7 9 42 48 
25 58 55 12 9 14 53 10 7 9 9 28 12 63 69 
63 30 33 76 79 74 35 78 95 79 79 60 76 25 19 
10 43 40 3 6 1 38 5 22 6 6 13 3 48 54 
47 14 17 60 63 58 19 62 79 63 63 44 60 9 3 
32 1 2 45 48 43 4 47 64 48 48 29 45 6 12 

80 52 3 18 46 12 46 18 65 42 45 48 11 41 24 
49 21 34 13 15 19 15 13 34 11 14 17 42 10 7 
16 12 67 46 18 52 18 46 1 22 19 16 75 23 40 
91 63 8 29 57 23 57 29 76 53 56 59 0 52 35 
69 41 14 7 35 1 35 7 54 31 34 37 22 30 13 
31 3 52 31 3 37 3 31 16 7 4 1 60 8 25 
54 26 29 8 20 14 20 8 39 16 19 22 37 15 2 
9 19 74 53 25 59 25 53 6 29 26 23 82 30 47 
53 25 30 9 19 15 19 9 38 15 18 21 38 14 3 
63 35 20 1 29 5 29 1 48 25 28 31 28 24 7 
84 56 1 22 50 16 50 22 69 46 49 52 7 45 28 
4 32 87 66 38 72 38 66 19 42 39 36 95 43 60 
69 41 14 7 35 1 35 7 54 31 34 37 22 30 13 
12 16 71 50 22 56 22 50 3 26 23 20 79 27 44 
27 1 56 35 7 41 7 35 12 11 8 5 64 12 29 

19 80 23 64 43 4 56 35 69 57 57 4 3 11 55 
40 59 2 43 22 17 35 14 48 36 36 25 18 10 34 
73 26 31 10 11 50 2 19 15 3 3 58 51 43 1 
14 85 28 69 48 9 61 40 74 62 62 1 8 16 60 
52 47 10 31 10 29 23 2 36 24 24 37 30 22 22 
97 2 55 14 35 74 22 43 9 21 21 82 75 67 23 
55 44 13 28 7 32 20 1 33 21 21 40 33 25 19 
70 29 28 13 8 47 5 16 18 6 6 55 48 40 4 
60 39 18 23 2 37 15 6 28 16 16 45 38 30 14 
70 29 28 13 8 47 5 16 18 6 6 55 48 40 4 
10 89 32 73 52 13 65 44 78 66 66 5 12 20 64 
32 67 10 51 30 9 43 22 56 44 44 17 10 2 42 
90 9 48 7 28 67 15 36 2 14 14 75 68 60 16 
85 14 43 2 23 62 10 31 3 9 9 70 63 55 11 
81 18 39 2 19 58 6 27 7 5 5 66 59 51 7 

49 60 40 53 42 61 78 80 70 75 14 20 14 21 54 
28 39 19 32 21 40 57 59 49 54 35 1 7 0 33 
5 6 14 1 12 7 24 26 16 21 68 34 40 33 0 
54 65 45 58 47 66 83 85 75 80 9 25 19 26 59 
16 27 7 20 9 28 45 47 37 42 47 13 19 12 21 
29 18 38 25 36 17 0 2 8 3 92 58 64 57 24 
13 24 4 17 6 25 42 44 34 39 50 16 22 15 18 
2 9 11 2 9 10 27 29 19 24 65 31 37 30 3 
8 19 1 12 1 20 37 39 29 34 55 21 27 20 13 
2 9 11 2 9 10 27 29 19 24 65 31 37 30 3 
58 69 49 62 51 70 87 89 79 84 5 29 23 30 63 
36 47 27 40 29 48 65 67 57 62 27 7 1 8 41 
22 11 31 18 29 10 7 9 1 4 85 51 57 50 17 
17 6 26 13 24 5 12 14 4 9 80 46 52 45 12 
13 2 22 9 20 1 16 18 8 13 76 42 48 41 8 

52 34 2 56 30 10 1 49 7 5 48 18 31 6 32 
31 13 23 35 9 31 22 28 14 16 27 3 10 15 11 
2 20 56 2 24 64 55 5 47 49 6 36 23 48 22 
57 39 3 61 35 5 4 54 12 10 53 23 36 11 37 
19 1 35 23 3 43 34 16 26 28 15 15 2 27 1 
26 44 80 22 48 88 79 29 71 73 30 60 47 72 46 
16 2 38 20 6 46 37 13 29 31 12 18 5 30 4 
1 17 53 5 21 61 52 2 44 46 3 33 20 45 19 
11 7 43 15 11 51 42 8 34 36 7 23 10 35 9 
1 17 53 5 21 61 52 2 44 46 3 33 20 45 19 
61 43 7 65 39 1 8 58 16 14 57 27 40 15 41 
39 21 15 43 17 23 14 36 6 8 35 5 18 7 19 
19 37 73 15 41 81 72 22 64 66 23 53 40 65 39 
14 32 68 10 36 76 67 17 59 61 18 48 35 60 34 
10 28 64 6 32 72 63 13 55 57 14 44 31 56 30 

1 7 13 37 11 22 42 42 38 10 13 18 17 7 63 
20 14 34 16 32 1 21 21 17 31 8 39 38 14 42 
53 47 67 17 65 32 12 12 16 64 41 72 71 47 9 
6 12 8 42 6 27 47 47 43 5 18 13 12 12 68 
32 26 46 4 44 11 9 9 5 43 20 51 50 26 30 
77 71 91 41 89 56 36 36 40 88 65 96 95 71 15 
35 29 49 1 47 14 6 6 2 46 23 54 53 29 27 
50 44 64 14 62 29 9 9 13 61 38 69 68 44 12 
40 34 54 4 52 19 1 1 3 51 28 59 58 34 22 
50 44 64 14 62 29 9 9 13 61 38 69 68 44 12 
10 16 4 46 2 31 51 51 47 1 22 9 8 16 72 
12 6 26 24 24 9 29 29 25 23 0 31 30 6 50 
70 64 84 34 82 49 29 29 33 81 58 89 88 64 8 
65 59 79 29 77 44 24 24 28 76 53 84 83 59 3 
61 55 75 25 73 40 20 20 24 72 49 80 79 55 1 

48 76 27 56 59 13 22 37 26 6 17 69 3 40 46 
27 55 6 35 38 8 1 16 5 27 38 48 18 19 25 
6 22 27 2 5 41 32 17 28 60 71 15 51 14 8 
53 81 32 61 64 18 27 42 31 1 12 74 8 45 51 
15 43 6 23 26 20 11 4 7 39 50 36 30 7 13 
30 2 51 22 19 65 56 41 52 84 95 9 75 38 32 
12 40 9 20 23 23 14 1 10 42 53 33 33 4 10 
3 25 24 5 8 38 29 14 25 57 68 18 48 11 5 
7 35 14 15 18 28 19 4 15 47 58 28 38 1 5 
3 25 24 5 8 38 29 14 25 57 68 18 48 11 5 
57 85 36 65 68 22 31 46 35 3 8 78 12 49 55 
35 63 14 43 46 0 9 24 13 19 30 56 10 27 33 
23 5 44 15 12 58 49 34 45 77 88 2 68 31 25 
18 10 39 10 7 53 44 29 40 72 83 3 63 26 20 
14 14 35 6 3 49 40 25 36 68 79 7 59 22 16 

19 77 72 35 80 2 19 69 62 16 60 43 55 17 18 
40 56 51 14 59 19 40 48 41 5 39 22 34 38 3 
73 23 18 19 26 52 73 15 8 38 6 11 1 71 36 
14 82 77 40 85 7 14 74 67 21 65 48 60 12 23 
52 44 39 2 47 31 52 36 29 17 27 10 22 50 15 
97 1 6 43 2 76 97 9 16 62 18 35 23 95 60 
55 41 36 1 44 34 55 33 26 20 24 7 19 53 18 
70 26 21 16 29 49 70 18 11 35 9 8 4 68 33 
60 36 31 6 39 39 60 28 21 25 19 2 14 58 23 
70 26 21 16 29 49 70 18 11 35 9 8 4 68 33 
10 86 81 44 89 11 10 78 71 25 69 52 64 8 27 
32 64 59 22 67 11 32 56 49 3 47 30 42 30 5 
90 6 1 36 9 69 90 2 9 55 11 28 16 88 53 
85 11 6 31 14 64 85 3 4 50 6 23 11 83 48 
81 15 10 27 18 60 81 7 0 46 2 19 7 79 44 

3 13 42 30 13 29 58 11 11 29 49 25 17 59 52 
18 8 21 9 8 8 37 10 10 8 28 4 4 38 31 
51 41 12 24 41 25 4 43 43 25 5 29 37 5 2 
8 18 47 35 18 34 63 16 16 34 54 30 22 64 57 
30 20 9 3 20 4 25 22 22 4 16 8 16 26 19 
75 65 36 48 65 49 20 67 67 49 29 53 61 19 26 
33 23 6 6 23 7 22 25 25 7 13 11 19 23 16 
48 38 9 21 38 22 7 40 40 22 2 26 34 8 1 
38 28 1 11 28 12 17 30 30 12 8 16 24 18 11 
48 38 9 21 38 22 7 40 40 22 2 26 34 8 1 
12 22 51 39 22 38 67 20 20 38 58 34 26 68 61 
10 0 29 17 0 16 45 2 2 16 36 12 4 46 39 
68 58 29 41 58 42 13 60 60 42 22 46 54 12 19 
63 53 24 36 53 37 8 55 55 37 17 41 49 7 14 
59 49 20 32 49 33 4 51 51 33 13 37 45 3 10 

24 10 42 19 25 8 26 5 28 61 15 78 79 5 79 
3 11 21 40 4 29 5 26 7 40 36 57 58 26 58 
30 44 12 73 29 62 28 59 26 7 69 24 25 59 25 
29 15 47 14 30 3 31 0 33 66 10 83 84 0 84 
9 23 9 52 8 41 7 38 5 28 48 45 46 38 46 
54 68 36 97 53 86 52 83 50 17 93 0 1 83 1 
12 26 6 55 11 44 10 41 8 25 51 42 43 41 43 
27 41 9 70 26 59 25 56 23 10 66 27 28 56 28 
17 31 1 60 16 49 15 46 13 20 56 37 38 46 38 
27 41 9 70 26 59 25 56 23 10 66 27 28 56 28 
33 19 51 10 34 1 35 4 37 70 6 87 88 4 88 
11 3 29 32 12 21 13 18 15 48 28 65 66 18 66 
47 61 29 90 46 79 45 76 43 10 86 7 8 76 8 
42 56 24 85 41 74 40 71 38 5 81 12 13 71 13 
38 52 20 81 37 70 36 67 34 1 77 16 17 67 17 

11 2 7 11 57 1 21 13 6 51 17 19 79 19 45 
32 23 14 32 36 20 0 34 15 30 38 40 58 2 24 
65 56 47 65 3 53 33 67 48 3 71 73 25 35 9 
6 3 12 6 62 6 26 8 11 56 12 14 84 24 50 
44 35 26 44 24 32 12 46 27 18 50 52 46 14 12 
89 80 71 89 21 77 57 91 72 27 95 97 1 59 33 
47 38 29 47 21 35 15 49 30 15 53 55 43 17 9 
62 53 44 62 6 50 30 64 45 0 68 70 28 32 6 
52 43 34 52 16 40 20 54 35 10 58 60 38 22 4 
62 53 44 62 6 50 30 64 45 0 68 70 28 32 6 
2 7 16 2 66 10 30 4 15 60 8 10 88 28 54 
24 15 6 24 44 12 8 26 7 38 30 32 66 6 32 
82 73 64 82 14 70 50 84 65 20 88 90 8 52 26 
77 68 59 77 9 65 45 79 60 15 83 85 13 47 21 
73 64 55 73 5 61 41 75 56 11 79 81 17 43 17 

45 12 15 58 61 56 17 60 77 61 61 42 58 7 1 
24 9 6 37 40 35 4 39 56 40 40 21 37 14 20 
9 42 39 4 7 2 37 6 23 7 7 12 4 47 53 
50 17 20 63 66 61 22 65 82 66 66 47 63 12 6 
12 21 18 25 28 23 16 27 44 28 28 9 25 26 32 
33 66 63 20 17 22 61 18 1 17 17 36 20 71 77 
9 24 21 22 25 20 19 24 41 25 25 6 22 29 35 
6 39 36 7 10 5 34 9 26 10 10 9 7 44 50 
4 29 26 17 20 15 24 19 36 20 20 1 17 34 40 
6 39 36 7 10 5 34 9 26 10 10 9 7 44 50 
54 21 24 67 70 65 26 69 86 70 70 51 67 16 10 
32 1 2 45 48 43 4 47 64 48 48 29 45 6 12 
26 59 56 13 10 15 54 11 6 10 10 29 13 64 70 
21 54 51 8 5 10 49 6 11 5 5 24 8 59 65 
17 50 47 4 1 6 45 2 15 1 1 20 4 55 61 

14 14 69 48 20 54 20 48 1 24 21 18 77 25 42 
35 7 48 27 1 33 1 27 20 3 0 3 56 4 21 
68 40 15 6 34 0 34 6 53 30 33 36 23 29 12 
9 19 74 53 25 59 25 53 6 29 26 23 82 30 47 
47 19 36 15 13 21 13 15 32 9 12 15 44 8 9 
92 64 9 30 58 24 58 30 77 54 57 60 1 53 36 
50 22 33 12 16 18 16 12 35 12 15 18 41 11 6 
65 37 18 3 31 3 31 3 50 27 30 33 26 26 9 
55 27 28 7 21 13 21 7 40 17 20 23 36 16 1 
65 37 18 3 31 3 31 3 50 27 30 33 26 26 9 
5 23 78 57 29 63 29 57 10 33 30 27 86 34 51 
27 1 56 35 7 41 7 35 12 11 8 5 64 12 29 
85 57 2 23 51 17 51 23 70 47 50 53 6 46 29 
80 52 3 18 46 12 46 18 65 42 45 48 11 41 24 
76 48 7 14 42 8 42 14 61 38 41 44 15 37 20 

68 79 59 72 61 80 97 99 89 94 5 39 33 40 73 
31 20 40 27 38 19 2 0 10 5 94 60 66 59 26 
26 37 17 30 19 38 55 57 47 52 37 3 9 2 31 
15 4 24 11 22 3 14 16 6 11 78 44 50 43 10 
6 17 3 10 1 18 35 37 27 32 57 23 29 22 11 
45 56 36 49 38 57 74 76 66 71 18 16 10 17 50 
7 4 16 3 14 5 22 24 14 19 70 36 42 35 2 
14 25 5 18 7 26 43 45 35 40 49 15 21 14 19 
20 9 29 16 27 8 9 11 1 6 83 49 55 48 15 
8 3 17 4 15 4 21 23 13 18 71 37 43 36 3 
8 3 17 4 15 4 21 23 13 18 71 37 43 36 3 
53 64 44 57 46 65 82 84 74 79 10 24 18 25 58 
46 57 37 50 39 58 75 77 67 72 17 17 11 18 51 
38 49 29 42 31 50 67 69 59 64 25 9 3 10 43 
6 5 15 2 13 6 23 25 15 20 69 35 41 34 1 

71 53 17 75 49 9 18 68 26 24 67 37 50 25 51 
28 46 82 24 50 90 81 31 73 75 32 62 49 74 48 
29 11 25 33 7 33 24 26 16 18 25 5 8 17 9 
12 30 66 8 34 74 65 15 57 59 16 46 33 58 32 
9 9 45 13 13 53 44 6 36 38 5 25 12 37 11 
48 30 6 52 26 14 5 45 3 1 44 14 27 2 28 
4 22 58 0 26 66 57 7 49 51 8 38 25 50 24 
17 1 37 21 5 45 36 14 28 30 13 17 4 29 3 
17 35 71 13 39 79 70 20 62 64 21 51 38 63 37 
5 23 59 1 27 67 58 8 50 52 9 39 26 51 25 
5 23 59 1 27 67 58 8 50 52 9 39 26 51 25 
56 38 2 60 34 6 3 53 11 9 52 22 35 10 36 
49 31 5 53 27 13 4 46 4 2 45 15 28 3 29 
41 23 13 45 19 21 12 38 4 6 37 7 20 5 21 
3 21 57 1 25 65 56 6 48 50 7 37 24 49 23 

20 26 6 56 8 41 61 61 57 9 32 1 2 26 82 
79 73 93 43 91 58 38 38 42 90 67 98 97 73 17 
22 16 36 14 34 1 19 19 15 33 10 41 40 16 40 
63 57 77 27 75 42 22 22 26 74 51 82 81 57 1 
42 36 56 6 54 21 1 1 5 53 30 61 60 36 20 
3 3 17 33 15 18 38 38 34 14 9 22 21 3 59 
55 49 69 19 67 34 14 14 18 66 43 74 73 49 7 
34 28 48 2 46 13 7 7 3 45 22 53 52 28 28 
68 62 82 32 80 47 27 27 31 79 56 87 86 62 6 
56 50 70 20 68 35 15 15 19 67 44 75 74 50 6 
56 50 70 20 68 35 15 15 19 67 44 75 74 50 6 
5 11 9 41 7 26 46 46 42 6 17 14 13 11 67 
2 4 16 34 14 19 39 39 35 13 10 21 20 4 60 
10 4 24 26 22 11 31 31 27 21 2 29 28 4 52 
54 48 68 18 66 33 13 13 17 65 42 73 72 48 8 

67 95 46 75 78 32 41 56 45 13 2 88 22 59 65 
32 4 53 24 21 67 58 43 54 86 97 11 77 40 34 
25 53 4 33 36 10 1 14 3 29 40 46 20 17 23 
16 12 37 8 5 51 42 27 38 70 81 5 61 24 18 
5 33 16 13 16 30 21 6 17 49 60 26 40 3 3 
44 72 23 52 55 9 18 33 22 10 21 65 1 36 42 
8 20 29 0 3 43 34 19 30 62 73 13 53 16 10 
13 41 8 21 24 22 13 2 9 41 52 34 32 5 11 
21 7 42 13 10 56 47 32 43 75 86 0 66 29 23 
9 19 30 1 2 44 35 20 31 63 74 12 54 17 11 
9 19 30 1 2 44 35 20 31 63 74 12 54 17 11 
52 80 31 60 63 17 26 41 30 2 13 73 7 44 50 
45 73 24 53 56 10 19 34 23 9 20 66 0 37 43 
37 65 16 45 48 2 11 26 15 17 28 58 8 29 35 
7 21 28 1 4 42 33 18 29 61 72 14 52 15 9 

0 96 91 54 99 21 0 88 81 35 79 62 74 2 37 
99 3 8 45 0 78 99 11 18 64 20 37 25 97 62 
42 54 49 12 57 21 42 46 39 7 37 20 32 40 5 
83 13 8 29 16 62 83 5 2 48 4 21 9 81 46 
62 34 29 8 37 41 62 26 19 27 17 0 12 60 25 
23 73 68 31 76 2 23 65 58 12 56 39 51 21 14 
75 21 16 21 24 54 75 13 6 40 4 13 1 73 38 
54 42 37 0 45 33 54 34 27 19 25 8 20 52 17 
88 8 3 34 11 67 88 0 7 53 9 26 14 86 51 
76 20 15 22 23 55 76 12 5 41 3 14 2 74 39 
76 20 15 22 23 55 76 12 5 41 3 14 2 74 39 
15 81 76 39 84 6 15 73 66 20 64 47 59 13 22 
22 74 69 32 77 1 22 66 59 13 57 40 52 20 15 
30 66 61 24 69 9 30 58 51 5 49 32 44 28 7 
74 22 17 20 25 53 74 14 7 39 5 12 0 72 37 

22 32 61 49 32 48 77 30 30 48 68 44 36 78 71 
77 67 38 50 67 51 22 69 69 51 31 55 63 21 28 
20 10 19 7 10 6 35 12 12 6 26 2 6 36 29 
61 51 22 34 51 35 6 53 53 35 15 39 47 5 12 
40 30 1 13 30 14 15 32 32 14 6 18 26 16 9 
1 9 38 26 9 25 54 7 7 25 45 21 13 55 48 
53 43 14 26 43 27 2 45 45 27 7 31 39 3 4 
32 22 7 5 22 6 23 24 24 6 14 10 18 24 17 
66 56 27 39 56 40 11 58 58 40 20 44 52 10 17 
54 44 15 27 44 28 1 46 46 28 8 32 40 2 5 
54 44 15 27 44 28 1 46 46 28 8 32 40 2 5 
7 17 46 34 17 33 62 15 15 33 53 29 21 63 56 
0 10 39 27 10 26 55 8 8 26 46 22 14 56 49 
8 2 31 19 2 18 47 0 0 18 38 14 6 48 41 
52 42 13 25 42 26 3 44 44 26 6 30 38 4 3 

43 29 61 0 44 11 45 14 47 80 4 97 98 14 98 
56 70 38 99 55 88 54 85 52 19 95 2 1 85 1 
1 13 19 42 2 31 3 28 5 38 38 55 56 28 56 
40 54 22 83 39 72 38 69 36 3 79 14 15 69 15 
19 33 1 62 18 51 17 48 15 18 58 35 36 48 36 
20 6 38 23 21 12 22 9 24 57 19 74 75 9 75 
32 46 14 75 31 64 30 61 28 5 71 22 23 61 23 
11 25 7 54 10 43 9 40 7 26 50 43 44 40 44 
45 59 27 88 44 77 43 74 41 8 84 9 10 74 10 
33 47 15 76 32 65 31 62 29 4 72 21 22 62 22 
33 47 15 76 32 65 31 62 29 4 72 21 22 62 22 
28 14 46 15 29 4 30 1 32 65 11 82 83 1 83 
21 7 39 22 22 11 23 8 25 58 18 75 76 8 76 
13 1 31 30 14 19 15 16 17 50 26 67 68 16 68 
31 45 13 74 30 63 29 60 27 6 70 23 24 60 24 

8 17 26 8 76 20 40 6 25 70 2 0 98 38 64 
91 82 73 91 23 79 59 93 74 29 97 99 1 61 35 
34 25 16 34 34 22 2 36 17 28 40 42 56 4 22 
75 66 57 75 7 63 43 77 58 13 81 83 15 45 19 
54 45 36 54 14 42 22 56 37 8 60 62 36 24 2 
15 6 3 15 53 3 17 17 2 47 21 23 75 15 41 
67 58 49 67 1 55 35 69 50 5 73 75 23 37 11 
46 37 28 46 22 34 14 48 29 16 52 54 44 16 10 
80 71 62 80 12 68 48 82 63 18 86 88 10 50 24 
68 59 50 68 0 56 36 70 51 6 74 76 22 38 12 
68 59 50 68 0 56 36 70 51 6 74 76 22 38 12 
7 2 11 7 61 5 25 9 10 55 13 15 83 23 49 
14 5 4 14 54 2 18 16 3 48 20 22 76 16 42 
22 13 4 22 46 10 10 24 5 40 28 30 68 8 34 
66 57 48 66 2 54 34 68 49 4 72 74 24 36 10 

64 31 34 77 80 75 36 79 96 80 80 61 77 26 20 
35 68 65 22 19 24 63 20 3 19 19 38 22 73 79 
22 11 8 35 38 33 6 37 54 38 38 19 35 16 22 
19 52 49 6 3 8 47 4 13 3 3 22 6 57 63 
2 31 28 15 18 13 26 17 34 18 18 1 15 36 42 
41 8 11 54 57 52 13 56 73 57 57 38 54 3 3 
11 44 41 2 5 0 39 4 21 5 5 14 2 49 55 
10 23 20 23 26 21 18 25 42 26 26 7 23 28 34 
24 57 54 11 8 13 52 9 8 8 8 27 11 62 68 
12 45 42 1 4 1 40 3 20 4 4 15 1 50 56 
12 45 42 1 4 1 40 3 20 4 4 15 1 50 56 
49 16 19 62 65 60 21 64 81 65 65 46 62 11 5 
42 9 12 55 58 53 14 57 74 58 58 39 55 4 2 
34 1 4 47 50 45 6 49 66 50 50 31 47 4 10 
10 43 40 3 6 1 38 5 22 6 6 13 3 48 54 

5 33 88 67 39 73 39 67 20 43 40 37 96 44 61 
94 66 11 32 60 26 60 32 79 56 59 62 3 55 38 
37 9 46 25 3 31 3 25 22 1 2 5 54 2 19 
78 50 5 16 44 10 44 16 63 40 43 46 13 39 22 
57 29 26 5 23 11 23 5 42 19 22 25 34 18 1 
18 10 65 44 16 50 16 44 3 20 17 14 73 21 38 
70 42 13 8 36 2 36 8 55 32 35 38 21 31 14 
49 21 34 13 15 19 15 13 34 11 14 17 42 10 7 
83 55 0 21 49 15 49 21 68 45 48 51 8 44 27 
71 43 12 9 37 3 37 9 56 33 36 39 20 32 15 
71 43 12 9 37 3 37 9 56 33 36 39 20 32 15 
10 18 73 52 24 58 24 52 5 28 25 22 81 29 46 
17 11 66 45 17 51 17 45 2 21 18 15 74 22 39 
25 3 58 37 9 43 9 37 10 13 10 7 66 14 31 
69 41 14 7 35 1 35 7 54 31 34 37 22 30 13 

3 15 51 7 19 59 50 0 42 44 1 31 18 43 17 
8 26 62 4 30 70 61 11 53 55 12 42 29 54 28 
12 6 42 16 10 50 41 9 33 35 8 22 9 34 8 
1 19 55 3 23 63 54 4 46 48 5 35 22 47 21 
10 8 44 14 12 52 43 7 35 37 6 24 11 36 10 
9 27 63 5 31 71 62 12 54 56 13 43 30 55 29 
26 44 80 22 48 88 79 29 71 73 30 60 47 72 46 
28 46 82 24 50 90 81 31 73 75 32 62 49 74 48 
18 36 72 14 40 80 71 21 63 65 22 52 39 64 38 
23 41 77 19 45 85 76 26 68 70 27 57 44 69 43 
66 48 12 70 44 4 13 63 21 19 62 32 45 20 46 
32 14 22 36 10 30 21 29 13 15 28 2 11 14 12 
38 20 16 42 16 24 15 35 7 9 34 4 17 8 18 
31 13 23 35 9 31 22 28 14 16 27 3 10 15 11 
2 20 56 2 24 64 55 5 47 49 6 36 23 48 22 

48 42 62 12 60 27 7 7 11 59 36 67 66 42 14 
59 53 73 23 71 38 18 18 22 70 47 78 77 53 3 
39 33 53 3 51 18 2 2 2 50 27 58 57 33 23 
52 46 66 16 64 31 11 11 15 63 40 71 70 46 10 
41 35 55 5 53 20 0 0 4 52 29 60 59 35 21 
60 54 74 24 72 39 19 19 23 71 48 79 78 54 2 
77 71 91 41 89 56 36 36 40 88 65 96 95 71 15 
79 73 93 43 91 58 38 38 42 90 67 98 97 73 17 
69 63 83 33 81 48 28 28 32 80 57 88 87 63 7 
74 68 88 38 86 53 33 33 37 85 62 93 92 68 12 
15 21 1 51 3 36 56 56 52 4 27 4 3 21 77 
19 13 33 17 31 2 22 22 18 30 7 38 37 13 43 
13 7 27 23 25 8 28 28 24 24 1 32 31 7 49 
20 14 34 16 32 1 21 21 17 31 8 39 38 14 42 
53 47 67 17 65 32 12 12 16 64 41 72 71 47 9 

1 27 22 7 10 36 27 12 23 55 66 20 46 9 3 
12 16 33 4 1 47 38 23 34 66 77 9 57 20 14 
8 36 13 16 19 27 18 3 14 46 57 29 37 0 6 
5 23 26 3 6 40 31 16 27 59 70 16 50 13 7 
6 34 15 14 17 29 20 5 16 48 59 27 39 2 4 
13 15 34 5 2 48 39 24 35 67 78 8 58 21 15 
30 2 51 22 19 65 56 41 52 84 95 9 75 38 32 
32 4 53 24 21 67 58 43 54 86 97 11 77 40 34 
22 6 43 14 11 57 48 33 44 76 87 1 67 30 24 
27 1 48 19 16 62 53 38 49 81 92 6 72 35 29 
62 90 41 70 73 27 36 51 40 8 3 83 17 54 60 
28 56 7 36 39 7 2 17 6 26 37 49 17 20 26 
34 62 13 42 45 1 8 23 12 20 31 55 11 26 32 
27 55 6 35 38 8 1 16 5 27 38 48 18 19 25 
6 22 27 2 5 41 32 17 28 60 71 15 51 14 8 

68 28 23 14 31 47 68 20 13 33 11 6 6 66 31 
79 17 12 25 20 58 79 9 2 44 0 17 5 77 42 
59 37 32 5 40 38 59 29 22 24 20 3 15 57 22 
72 24 19 18 27 51 72 16 9 37 7 10 2 70 35 
61 35 30 7 38 40 61 27 20 26 18 1 13 59 24 
80 16 11 26 19 59 80 8 1 45 1 18 6 78 43 
97 1 6 43 2 76 97 9 16 62 18 35 23 95 60 
99 3 8 45 0 78 99 11 18 64 20 37 25 97 62 
89 7 2 35 10 68 89 1 8 54 10 27 15 87 52 
94 2 3 40 5 73 94 6 13 59 15 32 20 92 57 
5 91 86 49 94 16 5 83 76 30 74 57 69 3 32 
39 57 52 15 60 18 39 49 42 4 40 23 35 37 2 
33 63 58 21 66 12 33 55 48 2 46 29 41 31 4 
40 56 51 14 59 19 40 48 41 5 39 22 34 38 3 
73 23 18 19 26 52 73 15 8 38 6 11 1 71 36 

46 36 7 19 36 20 9 38 38 20 0 24 32 10 3 
57 47 18 30 47 31 2 49 49 31 11 35 43 1 8 
37 27 2 10 27 11 18 29 29 11 9 15 23 19 12 
50 40 11 23 40 24 5 42 42 24 4 28 36 6 1 
39 29 0 12 29 13 16 31 31 13 7 17 25 17 10 
58 48 19 31 48 32 3 50 50 32 12 36 44 2 9 
75 65 36 48 65 49 20 67 67 49 29 53 61 19 26 
77 67 38 50 67 51 22 69 69 51 31 55 63 21 28 
67 57 28 40 57 41 12 59 59 41 21 45 53 11 18 
72 62 33 45 62 46 17 64 64 46 26 50 58 16 23 
17 27 56 44 27 43 72 25 25 43 63 39 31 73 66 
17 7 22 10 7 9 38 9 9 9 29 5 3 39 32 
11 1 28 16 1 15 44 3 3 15 35 11 3 45 38 
18 8 21 9 8 8 37 10 10 8 28 4 4 38 31 
51 41 12 24 41 25 4 43 43 25 5 29 37 5 2 

25 39 7 68 24 57 23 54 21 12 64 29 30 54 30 
36 50 18 79 35 68 34 65 32 1 75 18 19 65 19 
16 30 2 59 15 48 14 45 12 21 55 38 39 45 39 
29 43 11 72 28 61 27 58 25 8 68 25 26 58 26 
18 32 0 61 17 50 16 47 14 19 57 36 37 47 37 
37 51 19 80 36 69 35 66 33 0 76 17 18 66 18 
54 68 36 97 53 86 52 83 50 17 93 0 1 83 1 
56 70 38 99 55 88 54 85 52 19 95 2 1 85 1 
46 60 28 89 45 78 44 75 42 9 85 8 9 75 9 
51 65 33 94 50 83 49 80 47 14 90 3 4 80 4 
38 24 56 5 39 6 40 9 42 75 1 92 93 9 93 
4 10 22 39 5 28 6 25 8 41 35 58 59 25 59 
10 4 28 33 11 22 12 19 14 47 29 64 65 19 65 
3 11 21 40 4 29 5 26 7 40 36 57 58 26 58 
30 44 12 73 29 62 28 59 26 7 69 24 25 59 25 

60 51 42 60 8 48 28 62 43 2 66 68 30 30 4 
71 62 53 71 3 59 39 73 54 9 77 79 19 41 15 
51 42 33 51 17 39 19 53 34 11 57 59 39 21 5 
64 55 46 64 4 52 32 66 47 2 70 72 26 34 8 
53 44 35 53 15 41 21 55 36 9 59 61 37 23 3 
72 63 54 72 4 60 40 74 55 10 78 80 18 42 16 
89 80 71 89 21 77 57 91 72 27 95 97 1 59 33 
91 82 73 91 23 79 59 93 74 29 97 99 1 61 35 
81 72 63 81 13 69 49 83 64 19 87 89 9 51 25 
86 77 68 86 18 74 54 88 69 24 92 94 4 56 30 
3 12 21 3 71 15 35 1 20 65 3 5 93 33 59 
31 22 13 31 37 19 1 33 14 31 37 39 59 1 25 
25 16 7 25 43 13 7 27 8 37 31 33 65 5 31 
32 23 14 32 36 20 0 34 15 30 38 40 58 2 24 
65 56 47 65 3 53 33 67 48 3 71 73 25 35 9 

4 37 34 9 12 7 32 11 28 12 12 7 9 42 48 
15 48 45 2 1 4 43 0 17 1 1 18 2 53 59 
5 28 25 18 21 16 23 20 37 21 21 2 18 33 39 
8 41 38 5 8 3 36 7 24 8 8 11 5 46 52 
3 30 27 16 19 14 25 18 35 19 19 0 16 35 41 
16 49 46 3 0 5 44 1 16 0 0 19 3 54 60 
33 66 63 20 17 22 61 18 1 17 17 36 20 71 77 
35 68 65 22 19 24 63 20 3 19 19 38 22 73 79 
25 58 55 12 9 14 53 10 7 9 9 28 12 63 69 
30 63 60 17 14 19 58 15 2 14 14 33 17 68 74 
59 26 29 72 75 70 31 74 91 75 75 56 72 21 15 
25 8 5 38 41 36 3 40 57 41 41 22 38 13 19 
31 2 1 44 47 42 3 46 63 47 47 28 44 7 13 
24 9 6 37 40 35 4 39 56 40 40 21 37 14 20 
9 42 39 4 7 2 37 6 23 7 7 12 4 47 53 

63 35 20 1 29 5 29 1 48 25 28 31 28 24 7 
74 46 9 12 40 6 40 12 59 36 39 42 17 35 18 
54 26 29 8 20 14 20 8 39 16 19 22 37 15 2 
67 39 16 5 33 1 33 5 52 29 32 35 24 28 11 
56 28 27 6 22 12 22 6 41 18 21 24 35 17 0 
75 47 8 13 41 7 41 13 60 37 40 43 16 36 19 
92 64 9 30 58 24 58 30 77 54 57 60 1 53 36 
94 66 11 32 60 26 60 32 79 56 59 62 3 55 38 
84 56 1 22 50 16 50 22 69 46 49 52 7 45 28 
89 61 6 27 55 21 55 27 74 51 54 57 2 50 33 
0 28 83 62 34 68 34 62 15 38 35 32 91 39 56 
34 6 49 28 0 34 0 28 19 4 1 2 57 5 22 
28 0 55 34 6 40 6 34 13 10 7 4 63 11 28 
35 7 48 27 1 33 1 27 20 3 0 3 56 4 21 
68 40 15 6 34 0 34 6 53 30 33 36 23 29 12 

51 45 65 15 63 30 10 10 14 62 39 70 69 45 11 
33 27 47 3 45 12 8 8 4 44 21 52 51 27 29 
3 9 11 39 9 24 44 44 40 8 15 16 15 9 65 
55 49 69 19 67 34 14 14 18 66 43 74 73 49 7 
29 23 43 7 41 8 12 12 8 40 17 48 47 23 33 
11 17 3 47 1 32 52 52 48 0 23 8 7 17 73 
2 8 12 38 10 23 43 43 39 9 14 17 16 8 64 
48 42 62 12 60 27 7 7 11 59 36 67 66 42 14 
6 0 20 30 18 15 35 35 31 17 6 25 24 0 56 
4 2 18 32 16 17 37 37 33 15 8 23 22 2 58 
47 41 61 11 59 26 6 6 10 58 35 66 65 41 15 
17 11 31 19 29 4 24 24 20 28 5 36 35 11 45 
30 24 44 6 42 9 11 11 7 41 18 49 48 24 32 
5 1 19 31 17 16 36 36 32 16 7 24 23 1 57 
31 25 45 5 43 10 10 10 6 42 19 50 49 25 31 

4 24 25 4 7 39 30 15 26 58 69 17 49 12 6 
14 42 7 22 25 21 12 3 8 40 51 35 31 6 12 
50 78 29 58 61 15 24 39 28 4 15 71 5 42 48 
8 20 29 0 3 43 34 19 30 62 73 13 53 16 10 
18 46 3 26 29 17 8 7 4 36 47 39 27 10 16 
58 86 37 66 69 23 32 47 36 4 7 79 13 50 56 
49 77 28 57 60 14 23 38 27 5 16 70 4 41 47 
1 27 22 7 10 36 27 12 23 55 66 20 46 9 3 
41 69 20 49 52 6 15 30 19 13 24 62 4 33 39 
43 71 22 51 54 8 17 32 21 11 22 64 2 35 41 
0 28 21 8 11 35 26 11 22 54 65 21 45 8 2 
30 58 9 38 41 5 4 19 8 24 35 51 15 22 28 
17 45 4 25 28 18 9 6 5 37 48 38 28 9 15 
42 70 21 50 53 7 16 31 20 12 23 63 3 34 40 
16 44 5 24 27 19 10 5 6 38 49 37 29 8 14 

71 25 20 17 28 50 71 17 10 36 8 9 3 69 34 
53 43 38 1 46 32 53 35 28 18 26 9 21 51 16 
17 79 74 37 82 4 17 71 64 18 62 45 57 15 20 
75 21 16 21 24 54 75 13 6 40 4 13 1 73 38 
49 47 42 5 50 28 49 39 32 14 30 13 25 47 12 
9 87 82 45 90 12 9 79 72 26 70 53 65 7 28 
18 78 73 36 81 3 18 70 63 17 61 44 56 16 19 
68 28 23 14 31 47 68 20 13 33 11 6 6 66 31 
26 70 65 28 73 5 26 62 55 9 53 36 48 24 11 
24 72 67 30 75 3 24 64 57 11 55 38 50 22 13 
67 29 24 13 32 46 67 21 14 32 12 5 7 65 30 
37 59 54 17 62 16 37 51 44 2 42 25 37 35 0 
50 46 41 4 49 29 50 38 31 15 29 12 24 48 13 
25 71 66 29 74 4 25 63 56 10 54 37 49 23 12 
51 45 40 3 48 30 51 37 30 16 28 11 23 49 14 

49 39 10 22 39 23 6 41 41 23 3 27 35 7 0 
31 21 8 4 21 5 24 23 23 5 15 9 17 25 18 
5 15 44 32 15 31 60 13 13 31 51 27 19 61 54 
53 43 14 26 43 27 2 45 45 27 7 31 39 3 4 
27 17 12 0 17 1 28 19 19 1 19 5 13 29 22 
13 23 52 40 23 39 68 21 21 39 59 35 27 69 62 
4 14 43 31 14 30 59 12 12 30 50 26 18 60 53 
46 36 7 19 36 20 9 38 38 20 0 24 32 10 3 
4 6 35 23 6 22 51 4 4 22 42 18 10 52 45 
2 8 37 25 8 24 53 6 6 24 44 20 12 54 47 
45 35 6 18 35 19 10 37 37 19 1 23 31 11 4 
15 5 24 12 5 11 40 7 7 11 31 7 1 41 34 
28 18 11 1 18 2 27 20 20 2 18 6 14 28 21 
3 7 36 24 7 23 52 5 5 23 43 19 11 53 46 
29 19 10 2 19 3 26 21 21 3 17 7 15 27 20 

28 42 10 71 27 60 26 57 24 9 67 26 27 57 27 
10 24 8 53 9 42 8 39 6 27 49 44 45 39 45 
26 12 44 17 27 6 28 3 30 63 13 80 81 3 81 
32 46 14 75 31 64 30 61 28 5 71 22 23 61 23 
6 20 12 49 5 38 4 35 2 31 45 48 49 35 49 
34 20 52 9 35 2 36 5 38 71 5 88 89 5 89 
25 11 43 18 26 7 27 4 29 62 14 79 80 4 80 
25 39 7 68 24 57 23 54 21 12 64 29 30 54 30 
17 3 35 26 18 15 19 12 21 54 22 71 72 12 72 
19 5 37 24 20 13 21 10 23 56 20 73 74 10 74 
24 38 6 67 23 56 22 53 20 13 63 30 31 53 31 
6 8 24 37 7 26 8 23 10 43 33 60 61 23 61 
7 21 11 50 6 39 5 36 3 30 46 47 48 36 48 
18 4 36 25 19 14 20 11 22 55 21 72 73 11 73 
8 22 10 51 7 40 6 37 4 29 47 46 47 37 47 

63 54 45 63 5 51 31 65 46 1 69 71 27 33 7 
45 36 27 45 23 33 13 47 28 17 51 53 45 15 11 
9 0 9 9 59 3 23 11 8 53 15 17 81 21 47 
67 58 49 67 1 55 35 69 50 5 73 75 23 37 11 
41 32 23 41 27 29 9 43 24 21 47 49 49 11 15 
1 8 17 1 67 11 31 3 16 61 7 9 89 29 55 
10 1 8 10 58 2 22 12 7 52 16 18 80 20 46 
60 51 42 60 8 48 28 62 43 2 66 68 30 30 4 
18 9 0 18 50 6 14 20 1 44 24 26 72 12 38 
16 7 2 16 52 4 16 18 1 46 22 24 74 14 40 
59 50 41 59 9 47 27 61 42 3 65 67 31 29 3 
29 20 11 29 39 17 3 31 12 33 35 37 61 1 27 
42 33 24 42 26 30 10 44 25 20 48 50 48 12 14 
17 8 1 17 51 5 15 19 0 45 23 25 73 13 39 
43 34 25 43 25 31 11 45 26 19 49 51 47 13 13 

7 40 37 6 9 4 35 8 25 9 9 10 6 45 51 
11 22 19 24 27 22 17 26 43 27 27 8 24 27 33 
47 14 17 60 63 58 19 62 79 63 63 44 60 9 3 
11 44 41 2 5 0 39 4 21 5 5 14 2 49 55 
15 18 15 28 31 26 13 30 47 31 31 12 28 23 29 
55 22 25 68 71 66 27 70 87 71 71 52 68 17 11 
46 13 16 59 62 57 18 61 78 62 62 43 59 8 2 
4 37 34 9 12 7 32 11 28 12 12 7 9 42 48 
38 5 8 51 54 49 10 53 70 54 54 35 51 0 6 
40 7 10 53 56 51 12 55 72 56 56 37 53 2 4 
3 36 33 10 13 8 31 12 29 13 13 6 10 41 47 
27 6 3 40 43 38 1 42 59 43 43 24 40 11 17 
14 19 16 27 30 25 14 29 46 30 30 11 27 24 30 
39 6 9 52 55 50 11 54 71 55 55 36 52 1 5 
13 20 17 26 29 24 15 28 45 29 29 10 26 25 31 

66 38 17 4 32 2 32 4 51 28 31 34 25 27 10 
48 20 35 14 14 20 14 14 33 10 13 16 43 9 8 
12 16 71 50 22 56 22 50 3 26 23 20 79 27 44 
70 42 13 8 36 2 36 8 55 32 35 38 21 31 14 
44 16 39 18 10 24 10 18 29 6 9 12 47 5 12 
4 24 79 58 30 64 30 58 11 34 31 28 87 35 52 
13 15 70 49 21 55 21 49 2 25 22 19 78 26 43 
63 35 20 1 29 5 29 1 48 25 28 31 28 24 7 
21 7 62 41 13 47 13 41 6 17 14 11 70 18 35 
19 9 64 43 15 49 15 43 4 19 16 13 72 20 37 
62 34 21 0 28 6 28 0 47 24 27 30 29 23 6 
32 4 51 30 2 36 2 30 17 6 3 0 59 7 24 
45 17 38 17 11 23 11 17 30 7 10 13 46 6 11 
20 8 63 42 14 48 14 42 5 18 15 12 71 19 36 
46 18 37 16 12 22 12 16 31 8 11 14 45 7 10 

47 75 26 55 58 12 21 36 25 7 18 68 2 39 45 
41 69 20 49 52 6 15 30 19 13 24 62 4 33 39 
61 89 40 69 72 26 35 50 39 7 4 82 16 53 59 
11 39 10 19 22 24 15 0 11 43 54 32 34 3 9 
59 87 38 67 70 24 33 48 37 5 6 80 14 51 57 
26 54 5 34 37 9 0 15 4 28 39 47 19 18 24 
6 34 15 14 17 29 20 5 16 48 59 27 39 2 4 
6 34 15 14 17 29 20 5 16 48 59 27 39 2 4 
10 38 11 18 21 25 16 1 12 44 55 31 35 2 8 
58 86 37 66 69 23 32 47 36 4 7 79 13 50 56 
35 63 14 43 46 0 9 24 13 19 30 56 10 27 33 
66 94 45 74 77 31 40 55 44 12 1 87 21 58 64 
65 93 44 73 76 30 39 54 43 11 0 86 20 57 63 
41 69 20 49 52 6 15 30 19 13 24 62 4 33 39 
15 13 36 7 4 50 41 26 37 69 80 6 60 23 17 

20 76 71 34 79 1 20 68 61 15 59 42 54 18 17 
26 70 65 28 73 5 26 62 55 9 53 36 48 24 11 
6 90 85 48 93 15 6 82 75 29 73 56 68 4 31 
56 40 35 2 43 35 56 32 25 21 23 6 18 54 19 
8 88 83 46 91 13 8 80 73 27 71 54 66 6 29 
41 55 50 13 58 20 41 47 40 6 38 21 33 39 4 
61 35 30 7 38 40 61 27 20 26 18 1 13 59 24 
61 35 30 7 38 40 61 27 20 26 18 1 13 59 24 
57 39 34 3 42 36 57 31 24 22 22 5 17 55 20 
9 87 82 45 90 12 9 79 72 26 70 53 65 7 28 
32 64 59 22 67 11 32 56 49 3 47 30 42 30 5 
1 95 90 53 98 20 1 87 80 34 78 61 73 1 36 
2 94 89 52 97 19 2 86 79 33 77 60 72 0 35 
26 70 65 28 73 5 26 62 55 9 53 36 48 24 11 
82 14 9 28 17 61 82 6 1 47 3 20 8 80 45 

2 12 41 29 12 28 57 10 10 28 48 24 16 58 51 
4 6 35 23 6 22 51 4 4 22 42 18 10 52 45 
16 26 55 43 26 42 71 24 24 42 62 38 30 72 65 
34 24 5 7 24 8 21 26 26 8 12 12 20 22 15 
14 24 53 41 24 40 69 22 22 40 60 36 28 70 63 
19 9 20 8 9 7 36 11 11 7 27 3 5 37 30 
39 29 0 12 29 13 16 31 31 13 7 17 25 17 10 
39 29 0 12 29 13 16 31 31 13 7 17 25 17 10 
35 25 4 8 25 9 20 27 27 9 11 13 21 21 14 
13 23 52 40 23 39 68 21 21 39 59 35 27 69 62 
10 0 29 17 0 16 45 2 2 16 36 12 4 46 39 
21 31 60 48 31 47 76 29 29 47 67 43 35 77 70 
20 30 59 47 30 46 75 28 28 46 66 42 34 76 69 
4 6 35 23 6 22 51 4 4 22 42 18 10 52 45 
60 50 21 33 50 34 5 52 52 34 14 38 46 4 11 

23 9 41 20 24 9 25 6 27 60 16 77 78 6 78 
17 3 35 26 18 15 19 12 21 54 22 71 72 12 72 
37 23 55 6 38 5 39 8 41 74 2 91 92 8 92 
13 27 5 56 12 45 11 42 9 24 52 41 42 42 42 
35 21 53 8 36 3 37 6 39 72 4 89 90 6 90 
2 12 20 41 3 30 4 27 6 39 37 56 57 27 57 
18 32 0 61 17 50 16 47 14 19 57 36 37 47 37 
18 32 0 61 17 50 16 47 14 19 57 36 37 47 37 
14 28 4 57 13 46 12 43 10 23 53 40 41 43 41 
34 20 52 9 35 2 36 5 38 71 5 88 89 5 89 
11 3 29 32 12 21 13 18 15 48 28 65 66 18 66 
42 28 60 1 43 10 44 13 46 79 3 96 97 13 97 
41 27 59 2 42 9 43 12 45 78 2 95 96 12 96 
17 3 35 26 18 15 19 12 21 54 22 71 72 12 72 
39 53 21 82 38 71 37 68 35 2 78 15 16 68 16 

12 3 6 12 56 0 20 14 5 50 18 20 78 18 44 
18 9 0 18 50 6 14 20 1 44 24 26 72 12 38 
2 11 20 2 70 14 34 0 19 64 4 6 92 32 58 
48 39 30 48 20 36 16 50 31 14 54 56 42 18 8 
0 9 18 0 68 12 32 2 17 62 6 8 90 30 56 
33 24 15 33 35 21 1 35 16 29 39 41 57 3 23 
53 44 35 53 15 41 21 55 36 9 59 61 37 23 3 
53 44 35 53 15 41 21 55 36 9 59 61 37 23 3 
49 40 31 49 19 37 17 51 32 13 55 57 41 19 7 
1 8 17 1 67 11 31 3 16 61 7 9 89 29 55 
24 15 6 24 44 12 8 26 7 38 30 32 66 6 32 
7 16 25 7 75 19 39 5 24 69 1 1 97 37 63 
6 15 24 6 74 18 38 4 23 68 0 2 96 36 62 
18 9 0 18 50 6 14 20 1 44 24 26 72 12 38 
74 65 56 74 6 62 42 76 57 12 80 82 16 44 18 

44 11 14 57 60 55 16 59 76 60 60 41 57 6 0 
38 5 8 51 54 49 10 53 70 54 54 35 51 0 6 
58 25 28 71 74 69 30 73 90 74 74 55 71 20 14 
8 25 22 21 24 19 20 23 40 24 24 5 21 30 36 
56 23 26 69 72 67 28 71 88 72 72 53 69 18 12 
23 10 7 36 39 34 5 38 55 39 39 20 36 15 21 
3 30 27 16 19 14 25 18 35 19 19 0 16 35 41 
3 30 27 16 19 14 25 18 35 19 19 0 16 35 41 
7 26 23 20 23 18 21 22 39 23 23 4 20 31 37 
55 22 25 68 71 66 27 70 87 71 71 52 68 17 11 
32 1 2 45 48 43 4 47 64 48 48 29 45 6 12 
63 30 33 76 79 74 35 78 95 79 79 60 76 25 19 
62 29 32 75 78 73 34 77 94 78 78 59 75 24 18 
38 5 8 51 54 49 10 53 70 54 54 35 51 0 6 
18 51 48 5 2 7 46 3 14 2 2 21 5 56 62 

15 13 68 47 19 53 19 47 0 23 20 17 76 24 41 
21 7 62 41 13 47 13 41 6 17 14 11 70 18 35 
1 27 82 61 33 67 33 61 14 37 34 31 90 38 55 
51 23 32 11 17 17 17 11 36 13 16 19 40 12 5 
3 25 80 59 31 65 31 59 12 35 32 29 88 36 53 
36 8 47 26 2 32 2 26 21 2 1 4 55 3 20 
56 28 27 6 22 12 22 6 41 18 21 24 35 17 0 
56 28 27 6 22 12 22 6 41 18 21 24 35 17 0 
52 24 31 10 18 16 18 10 37 14 17 20 39 13 4 
4 24 79 58 30 64 30 58 11 34 31 28 87 35 52 
27 1 56 35 7 41 7 35 12 11 8 5 64 12 29 
4 32 87 66 38 72 38 66 19 42 39 36 95 43 60 
3 31 86 65 37 71 37 65 18 41 38 35 94 42 59 
21 7 62 41 13 47 13 41 6 17 14 11 70 18 35 
77 49 6 15 43 9 43 15 62 39 42 45 14 38 21 

67 29 24 13 32 46 67 21 14 32 12 5 7 65 30 
95 1 4 41 4 74 95 7 14 60 16 33 21 93 58 
46 50 45 8 53 25 46 42 35 11 33 16 28 44 9 
75 21 16 21 24 54 75 13 6 40 4 13 1 73 38 
78 18 13 24 21 57 78 10 3 43 1 16 4 76 41 
32 64 59 22 67 11 32 56 49 3 47 30 42 30 5 
41 55 50 13 58 20 41 47 40 6 38 21 33 39 4 
56 40 35 2 43 35 56 32 25 21 23 6 18 54 19 
45 51 46 9 54 24 45 43 36 10 34 17 29 43 8 
13 83 78 41 86 8 13 75 68 22 66 49 61 11 24 
2 94 89 52 97 19 2 86 79 33 77 60 72 0 35 
88 8 3 34 11 67 88 0 7 53 9 26 14 86 51 
22 74 69 32 77 1 22 66 59 13 57 40 52 20 15 
59 37 32 5 40 38 59 29 22 24 20 3 15 57 22 
65 31 26 11 34 44 65 23 16 30 14 3 9 63 28 

45 35 6 18 35 19 10 37 37 19 1 23 31 11 4 
73 63 34 46 63 47 18 65 65 47 27 51 59 17 24 
24 14 15 3 14 2 31 16 16 2 22 2 10 32 25 
53 43 14 26 43 27 2 45 45 27 7 31 39 3 4 
56 46 17 29 46 30 1 48 48 30 10 34 42 0 7 
10 0 29 17 0 16 45 2 2 16 36 12 4 46 39 
19 9 20 8 9 7 36 11 11 7 27 3 5 37 30 
34 24 5 7 24 8 21 26 26 8 12 12 20 22 15 
23 13 16 4 13 3 32 15 15 3 23 1 9 33 26 
9 19 48 36 19 35 64 17 17 35 55 31 23 65 58 
20 30 59 47 30 46 75 28 28 46 66 42 34 76 69 
66 56 27 39 56 40 11 58 58 40 20 44 52 10 17 
0 10 39 27 10 26 55 8 8 26 46 22 14 56 49 
37 27 2 10 27 11 18 29 29 11 9 15 23 19 12 
43 33 4 16 33 17 12 35 35 17 3 21 29 13 6 

24 38 6 67 23 56 22 53 20 13 63 30 31 53 31 
52 66 34 95 51 84 50 81 48 15 91 2 3 81 3 
3 17 15 46 2 35 1 32 1 34 42 51 52 32 52 
32 46 14 75 31 64 30 61 28 5 71 22 23 61 23 
35 49 17 78 34 67 33 64 31 2 74 19 20 64 20 
11 3 29 32 12 21 13 18 15 48 28 65 66 18 66 
2 12 20 41 3 30 4 27 6 39 37 56 57 27 57 
13 27 5 56 12 45 11 42 9 24 52 41 42 42 42 
2 16 16 45 1 34 0 31 2 35 41 52 53 31 53 
30 16 48 13 31 2 32 1 34 67 9 84 85 1 85 
41 27 59 2 42 9 43 12 45 78 2 95 96 12 96 
45 59 27 88 44 77 43 74 41 8 84 9 10 74 10 
21 7 39 22 22 11 23 8 25 58 18 75 76 8 76 
16 30 2 59 15 48 14 45 12 21 55 38 39 45 39 
22 36 4 65 21 54 20 51 18 15 61 32 33 51 33 

59 50 41 59 9 47 27 61 42 3 65 67 31 29 3 
87 78 69 87 19 75 55 89 70 25 93 95 3 57 31 
38 29 20 38 30 26 6 40 21 24 44 46 52 8 18 
67 58 49 67 1 55 35 69 50 5 73 75 23 37 11 
70 61 52 70 2 58 38 72 53 8 76 78 20 40 14 
24 15 6 24 44 12 8 26 7 38 30 32 66 6 32 
33 24 15 33 35 21 1 35 16 29 39 41 57 3 23 
48 39 30 48 20 36 16 50 31 14 54 56 42 18 8 
37 28 19 37 31 25 5 39 20 25 43 45 53 7 19 
5 4 13 5 63 7 27 7 12 57 11 13 85 25 51 
6 15 24 6 74 18 38 4 23 68 0 2 96 36 62 
80 71 62 80 12 68 48 82 63 18 86 88 10 50 24 
14 5 4 14 54 2 18 16 3 48 20 22 76 16 42 
51 42 33 51 17 39 19 53 34 11 57 59 39 21 5 
57 48 39 57 11 45 25 59 40 5 63 65 33 27 1 

3 36 33 10 13 8 31 12 29 13 13 6 10 41 47 
31 64 61 18 15 20 59 16 1 15 15 34 18 69 75 
18 15 12 31 34 29 10 33 50 34 34 15 31 20 26 
11 44 41 2 5 0 39 4 21 5 5 14 2 49 55 
14 47 44 1 2 3 42 1 18 2 2 17 1 52 58 
32 1 2 45 48 43 4 47 64 48 48 29 45 6 12 
23 10 7 36 39 34 5 38 55 39 39 20 36 15 21 
8 25 22 21 24 19 20 23 40 24 24 5 21 30 36 
19 14 11 32 35 30 9 34 51 35 35 16 32 19 25 
51 18 21 64 67 62 23 66 83 67 67 48 64 13 7 
62 29 32 75 78 73 34 77 94 78 78 59 75 24 18 
24 57 54 11 8 13 52 9 8 8 8 27 11 62 68 
42 9 12 55 58 53 14 57 74 58 58 39 55 4 2 
5 28 25 18 21 16 23 20 37 21 21 2 18 33 39 
1 34 31 12 15 10 29 14 31 15 15 4 12 39 45 

62 34 21 0 28 6 28 0 47 24 27 30 29 23 6 
90 62 7 28 56 22 56 28 75 52 55 58 1 51 34 
41 13 42 21 7 27 7 21 26 3 6 9 50 2 15 
70 42 13 8 36 2 36 8 55 32 35 38 21 31 14 
73 45 10 11 39 5 39 11 58 35 38 41 18 34 17 
27 1 56 35 7 41 7 35 12 11 8 5 64 12 29 
36 8 47 26 2 32 2 26 21 2 1 4 55 3 20 
51 23 32 11 17 17 17 11 36 13 16 19 40 12 5 
40 12 43 22 6 28 6 22 25 2 5 8 51 1 16 
8 20 75 54 26 60 26 54 7 30 27 24 83 31 48 
3 31 86 65 37 71 37 65 18 41 38 35 94 42 59 
83 55 0 21 49 15 49 21 68 45 48 51 8 44 27 
17 11 66 45 17 51 17 45 2 21 18 15 74 22 39 
54 26 29 8 20 14 20 8 39 16 19 22 37 15 2 
60 32 23 2 26 8 26 2 45 22 25 28 31 21 4 

22 32 61 49 32 48 77 30 30 48 68 44 36 78 71 
74 64 35 47 64 48 19 66 66 48 28 52 60 18 25 
69 59 30 42 59 43 14 61 61 43 23 47 55 13 20 
32 22 7 5 22 6 23 24 24 6 14 10 18 24 17 
77 67 38 50 67 51 22 69 69 51 31 55 63 21 28 
1 11 40 28 11 27 56 9 9 27 47 23 15 57 50 
22 32 61 49 32 48 77 30 30 48 68 44 36 78 71 
66 56 27 39 56 40 11 58 58 40 20 44 52 10 17 
59 49 20 32 49 33 4 51 51 33 13 37 45 3 10 
13 3 26 14 3 13 42 5 5 13 33 9 1 43 36 
57 47 18 30 47 31 2 49 49 31 11 35 43 1 8 
40 30 1 13 30 14 15 32 32 14 6 18 26 16 9 
52 42 13 25 42 26 3 44 44 26 6 30 38 4 3 
20 30 59 47 30 46 75 28 28 46 66 42 34 76 69 
15 5 24 12 5 11 40 7 7 11 31 7 1 41 34 

43 29 61 0 44 11 45 14 47 80 4 97 98 14 98 
53 67 35 96 52 85 51 82 49 16 92 1 2 82 2 
48 62 30 91 47 80 46 77 44 11 87 6 7 77 7 
11 25 7 54 10 43 9 40 7 26 50 43 44 40 44 
56 70 38 99 55 88 54 85 52 19 95 2 1 85 1 
22 8 40 21 23 10 24 7 26 59 17 76 77 7 77 
43 29 61 0 44 11 45 14 47 80 4 97 98 14 98 
45 59 27 88 44 77 43 74 41 8 84 9 10 74 10 
38 52 20 81 37 70 36 67 34 1 77 16 17 67 17 
8 6 26 35 9 24 10 21 12 45 31 62 63 21 63 
36 50 18 79 35 68 34 65 32 1 75 18 19 65 19 
19 33 1 62 18 51 17 48 15 18 58 35 36 48 36 
31 45 13 74 30 63 29 60 27 6 70 23 24 60 24 
41 27 59 2 42 9 43 12 45 78 2 95 96 12 96 
6 8 24 37 7 26 8 23 10 43 33 60 61 23 61 

8 17 26 8 76 20 40 6 25 70 2 0 98 38 64 
88 79 70 88 20 76 56 90 71 26 94 96 2 58 32 
83 74 65 83 15 71 51 85 66 21 89 91 7 53 27 
46 37 28 46 22 34 14 48 29 16 52 54 44 16 10 
91 82 73 91 23 79 59 93 74 29 97 99 1 61 35 
13 4 5 13 55 1 19 15 4 49 19 21 77 17 43 
8 17 26 8 76 20 40 6 25 70 2 0 98 38 64 
80 71 62 80 12 68 48 82 63 18 86 88 10 50 24 
73 64 55 73 5 61 41 75 56 11 79 81 17 43 17 
27 18 9 27 41 15 5 29 10 35 33 35 63 3 29 
71 62 53 71 3 59 39 73 54 9 77 79 19 41 15 
54 45 36 54 14 42 22 56 37 8 60 62 36 24 2 
66 57 48 66 2 54 34 68 49 4 72 74 24 36 10 
6 15 24 6 74 18 38 4 23 68 0 2 96 36 62 
29 20 11 29 39 17 3 31 12 33 35 37 61 1 27 

64 31 34 77 80 75 36 79 96 80 80 61 77 26 20 
32 65 62 19 16 21 60 17 0 16 16 35 19 70 76 
27 60 57 14 11 16 55 12 5 11 11 30 14 65 71 
10 23 20 23 26 21 18 25 42 26 26 7 23 28 34 
35 68 65 22 19 24 63 20 3 19 19 38 22 73 79 
43 10 13 56 59 54 15 58 75 59 59 40 56 5 1 
64 31 34 77 80 75 36 79 96 80 80 61 77 26 20 
24 57 54 11 8 13 52 9 8 8 8 27 11 62 68 
17 50 47 4 1 6 45 2 15 1 1 20 4 55 61 
29 4 1 42 45 40 1 44 61 45 45 26 42 9 15 
15 48 45 2 1 4 43 0 17 1 1 18 2 53 59 
2 31 28 15 18 13 26 17 34 18 18 1 15 36 42 
10 43 40 3 6 1 38 5 22 6 6 13 3 48 54 
62 29 32 75 78 73 34 77 94 78 78 59 75 24 18 
27 6 3 40 43 38 1 42 59 43 43 24 40 11 17 

5 33 88 67 39 73 39 67 20 43 40 37 96 44 61 
91 63 8 29 57 23 57 29 76 53 56 59 0 52 35 
86 58 3 24 52 18 52 24 71 48 51 54 5 47 30 
49 21 34 13 15 19 15 13 34 11 14 17 42 10 7 
94 66 11 32 60 26 60 32 79 56 59 62 3 55 38 
16 12 67 46 18 52 18 46 1 22 19 16 75 23 40 
5 33 88 67 39 73 39 67 20 43 40 37 96 44 61 
83 55 0 21 49 15 49 21 68 45 48 51 8 44 27 
76 48 7 14 42 8 42 14 61 38 41 44 15 37 20 
30 2 53 32 4 38 4 32 15 8 5 2 61 9 26 
74 46 9 12 40 6 40 12 59 36 39 42 17 35 18 
57 29 26 5 23 11 23 5 42 19 22 25 34 18 1 
69 41 14 7 35 1 35 7 54 31 34 37 22 30 13 
3 31 86 65 37 71 37 65 18 41 38 35 94 42 59 
32 4 51 30 2 36 2 30 17 6 3 0 59 7 24 

21 7 39 22 22 11 23 8 25 58 18 75 76 8 76 
11 3 29 32 12 21 13 18 15 48 28 65 66 18 66 
18 32 0 61 17 50 16 47 14 19 57 36 37 47 37 
6 20 12 49 5 38 4 35 2 31 45 48 49 35 49 
11 3 29 32 12 21 13 18 15 48 28 65 66 18 66 
5 19 13 48 4 37 3 34 1 32 44 49 50 34 50 
34 48 16 77 33 66 32 63 30 3 73 20 21 63 21 
13 1 31 30 14 19 15 16 17 50 26 67 68 16 68 
13 1 31 30 14 19 15 16 17 50 26 67 68 16 68 
5 19 13 48 4 37 3 34 1 32 44 49 50 34 50 
25 39 7 68 24 57 23 54 21 12 64 29 30 54 30 
1 15 17 44 0 33 1 30 3 36 40 53 54 30 54 
7 7 25 36 8 25 9 22 11 44 32 61 62 22 62 
35 49 17 78 34 67 33 64 31 2 74 19 20 64 20 
28 42 10 71 27 60 26 57 24 9 67 26 27 57 27 

14 5 4 14 54 2 18 16 3 48 20 22 76 16 42 
24 15 6 24 44 12 8 26 7 38 30 32 66 6 32 
53 44 35 53 15 41 21 55 36 9 59 61 37 23 3 
41 32 23 41 27 29 9 43 24 21 47 49 49 11 15 
24 15 6 24 44 12 8 26 7 38 30 32 66 6 32 
40 31 22 40 28 28 8 42 23 22 46 48 50 10 16 
69 60 51 69 1 57 37 71 52 7 75 77 21 39 13 
22 13 4 22 46 10 10 24 5 40 28 30 68 8 34 
22 13 4 22 46 10 10 24 5 40 28 30 68 8 34 
40 31 22 40 28 28 8 42 23 22 46 48 50 10 16 
60 51 42 60 8 48 28 62 43 2 66 68 30 30 4 
36 27 18 36 32 24 4 38 19 26 42 44 54 6 20 
28 19 10 28 40 16 4 30 11 34 34 36 62 2 28 
70 61 52 70 2 58 38 72 53 8 76 78 20 40 14 
63 54 45 63 5 51 31 65 46 1 69 71 27 33 7 

42 9 12 55 58 53 14 57 74 58 58 39 55 4 2 
32 1 2 45 48 43 4 47 64 48 48 29 45 6 12 
3 30 27 16 19 14 25 18 35 19 19 0 16 35 41 
15 18 15 28 31 26 13 30 47 31 31 12 28 23 29 
32 1 2 45 48 43 4 47 64 48 48 29 45 6 12 
16 17 14 29 32 27 12 31 48 32 32 13 29 22 28 
13 46 43 0 3 2 41 2 19 3 3 16 0 51 57 
34 1 4 47 50 45 6 49 66 50 50 31 47 4 10 
34 1 4 47 50 45 6 49 66 50 50 31 47 4 10 
16 17 14 29 32 27 12 31 48 32 32 13 29 22 28 
4 37 34 9 12 7 32 11 28 12 12 7 9 42 48 
20 13 10 33 36 31 8 35 52 36 36 17 33 18 24 
28 5 2 41 44 39 0 43 60 44 44 25 41 10 16 
14 47 44 1 2 3 42 1 18 2 2 17 1 52 58 
7 40 37 6 9 4 35 8 25 9 9 10 6 45 51 

17 11 66 45 17 51 17 45 2 21 18 15 74 22 39 
27 1 56 35 7 41 7 35 12 11 8 5 64 12 29 
56 28 27 6 22 12 22 6 41 18 21 24 35 17 0 
44 16 39 18 10 24 10 18 29 6 9 12 47 5 12 
27 1 56 35 7 41 7 35 12 11 8 5 64 12 29 
43 15 40 19 9 25 9 19 28 5 8 11 48 4 13 
72 44 11 10 38 4 38 10 57 34 37 40 19 33 16 
25 3 58 37 9 43 9 37 10 13 10 7 66 14 31 
25 3 58 37 9 43 9 37 10 13 10 7 66 14 31 
43 15 40 19 9 25 9 19 28 5 8 11 48 4 13 
63 35 20 1 29 5 29 1 48 25 28 31 28 24 7 
39 11 44 23 5 29 5 23 24 1 4 7 52 0 17 
31 3 52 31 3 37 3 31 16 7 4 1 60 8 25 
73 45 10 11 39 5 39 11 58 35 38 41 18 34 17 
66 38 17 4 32 2 32 4 51 28 31 34 25 27 10 

35 26 17 35 33 23 3 37 18 27 41 43 55 5 21 
21 12 3 21 47 9 11 23 4 41 27 29 69 9 35 
53 44 35 53 15 41 21 55 36 9 59 61 37 23 3 
8 17 26 8 76 20 40 6 25 70 2 0 98 38 64 
36 27 18 36 32 24 4 38 19 26 42 44 54 6 20 
3 6 15 3 65 9 29 5 14 59 9 11 87 27 53 
37 28 19 37 31 25 5 39 20 25 43 45 53 7 19 
6 3 12 6 62 6 26 8 11 56 12 14 84 24 50 
39 30 21 39 29 27 7 41 22 23 45 47 51 9 17 
72 63 54 72 4 60 40 74 55 10 78 80 18 42 16 
4 13 22 4 72 16 36 2 21 66 2 4 94 34 60 
89 80 71 89 21 77 57 91 72 27 95 97 1 59 33 
90 81 72 90 22 78 58 92 73 28 96 98 0 60 34 
6 3 12 6 62 6 26 8 11 56 12 14 84 24 50 
90 81 72 90 22 78 58 92 73 28 96 98 0 60 34 

21 12 9 34 37 32 7 36 53 37 37 18 34 17 23 
35 2 5 48 51 46 7 50 67 51 51 32 48 3 9 
3 30 27 16 19 14 25 18 35 19 19 0 16 35 41 
64 31 34 77 80 75 36 79 96 80 80 61 77 26 20 
20 13 10 33 36 31 8 35 52 36 36 17 33 18 24 
53 20 23 66 69 64 25 68 85 69 69 50 66 15 9 
19 14 11 32 35 30 9 34 51 35 35 16 32 19 25 
50 17 20 63 66 61 22 65 82 66 66 47 63 12 6 
17 16 13 30 33 28 11 32 49 33 33 14 30 21 27 
16 49 46 3 0 5 44 1 16 0 0 19 3 54 60 
60 27 30 73 76 71 32 75 92 76 76 57 73 22 16 
33 66 63 20 17 22 61 18 1 17 17 36 20 71 77 
34 67 64 21 18 23 62 19 2 18 18 37 21 72 78 
50 17 20 63 66 61 22 65 82 66 66 47 63 12 6 
34 67 64 21 18 23 62 19 2 18 18 37 21 72 78 

38 10 45 24 4 30 4 24 23 0 3 6 53 1 18 
24 4 59 38 10 44 10 38 9 14 11 8 67 15 32 
56 28 27 6 22 12 22 6 41 18 21 24 35 17 0 
5 33 88 67 39 73 39 67 20 43 40 37 96 44 61 
39 11 44 23 5 29 5 23 24 1 4 7 52 0 17 
6 22 77 56 28 62 28 56 9 32 29 26 85 33 50 
40 12 43 22 6 28 6 22 25 2 5 8 51 1 16 
9 19 74 53 25 59 25 53 6 29 26 23 82 30 47 
42 14 41 20 8 26 8 20 27 4 7 10 49 3 14 
75 47 8 13 41 7 41 13 60 37 40 43 16 36 19 
1 29 84 63 35 69 35 63 16 39 36 33 92 40 57 
92 64 9 30 58 24 58 30 77 54 57 60 1 53 36 
93 65 10 31 59 25 59 31 78 55 58 61 2 54 37 
9 19 74 53 25 59 25 53 6 29 26 23 82 30 47 
93 65 10 31 59 25 59 31 78 55 58 61 2 54 37 

56 23 26 69 72 67 28 71 88 72 72 53 69 18 12 
47 14 17 60 63 58 19 62 79 63 63 44 60 9 3 
38 5 8 51 54 49 10 53 70 54 54 35 51 0 6 
56 23 26 69 72 67 28 71 88 72 72 53 69 18 12 
12 45 42 1 4 1 40 3 20 4 4 15 1 50 56 
44 11 14 57 60 55 16 59 76 60 60 41 57 6 0 
24 9 6 37 40 35 4 39 56 40 40 21 37 14 20 
58 25 28 71 74 69 30 73 90 74 74 55 71 20 14 
39 6 9 52 55 50 11 54 71 55 55 36 52 1 5 
6 39 36 7 10 5 34 9 26 10 10 9 7 44 50 
62 29 32 75 78 73 34 77 94 78 78 59 75 24 18 
64 31 34 77 80 75 36 79 96 80 80 61 77 26 20 
34 67 64 21 18 23 62 19 2 18 18 37 21 72 78 
26 7 4 39 42 37 2 41 58 42 42 23 39 12 18 
0 33 30 13 16 11 28 15 32 16 16 3 13 38 44 

3 25 80 59 31 65 31 59 12 35 32 29 88 36 53 
12 16 71 50 22 56 22 50 3 26 23 20 79 27 44 
21 7 62 41 13 47 13 41 6 17 14 11 70 18 35 
3 25 80 59 31 65 31 59 12 35 32 29 88 36 53 
71 43 12 9 37 3 37 9 56 33 36 39 20 32 15 
15 13 68 47 19 53 19 47 0 23 20 17 76 24 41 
35 7 48 27 1 33 1 27 20 3 0 3 56 4 21 
1 27 82 61 33 67 33 61 14 37 34 31 90 38 55 
20 8 63 42 14 48 14 42 5 18 15 12 71 19 36 
65 37 18 3 31 3 31 3 50 27 30 33 26 26 9 
3 31 86 65 37 71 37 65 18 41 38 35 94 42 59 
5 33 88 67 39 73 39 67 20 43 40 37 96 44 61 
93 65 10 31 59 25 59 31 78 55 58 61 2 54 37 
33 5 50 29 1 35 1 29 18 5 2 1 58 6 23 
59 31 24 3 25 9 25 3 44 21 24 27 32 20 3 

59 31 24 3 25 9 25 3 44 21 24 27 32 20 3 
26 2 57 36 8 42 8 36 11 12 9 6 65 13 30 
29 1 54 33 5 39 5 33 14 9 6 3 62 10 27 
72 44 11 10 38 4 38 10 57 34 37 40 19 33 16 
75 47 8 13 41 7 41 13 60 37 40 43 16 36 19 
70 42 13 8 36 2 36 8 55 32 35 38 21 31 14 
31 3 52 31 3 37 3 31 16 7 4 1 60 8 25 
74 46 9 12 40 6 40 12 59 36 39 42 17 35 18 
91 63 8 29 57 23 57 29 76 53 56 59 0 52 35 
75 47 8 13 41 7 41 13 60 37 40 43 16 36 19 
75 47 8 13 41 7 41 13 60 37 40 43 16 36 19 
56 28 27 6 22 12 22 6 41 18 21 24 35 17 0 
72 44 11 10 38 4 38 10 57 34 37 40 19 33 16 
21 7 62 41 13 47 13 41 6 17 14 11 70 18 35 
15 13 68 47 19 53 19 47 0 23 20 17 76 24 41 

