15 15 

67 91 30 73 9 65 51 20 94 80 33 35 68 47 14 
27 51 10 33 31 25 11 20 54 40 7 5 28 7 26 
8 16 45 2 66 10 24 55 19 5 42 40 7 28 61 
6 18 43 0 64 8 22 53 21 7 40 38 5 26 59 
4 20 41 2 62 6 20 51 23 9 38 36 3 24 57 
20 44 17 26 38 18 4 27 47 33 14 12 21 0 33 
51 75 14 57 7 49 35 4 78 64 17 19 52 31 2 
46 70 9 52 12 44 30 1 73 59 12 14 47 26 7 
2 26 35 8 56 0 14 45 29 15 32 30 3 18 51 
6 18 43 0 64 8 22 53 21 7 40 38 5 26 59 
22 46 15 28 36 20 6 25 49 35 12 10 23 2 31 
22 46 15 28 36 20 6 25 49 35 12 10 23 2 31 
4 20 41 2 62 6 20 51 23 9 38 36 3 24 57 
6 18 43 0 64 8 22 53 21 7 40 38 5 26 59 
27 3 64 21 85 29 43 74 0 14 61 59 26 47 80 

41 70 73 38 62 61 90 22 31 82 87 90 91 79 94 
1 30 33 2 22 21 50 18 9 42 47 50 51 39 54 
34 5 2 37 13 14 15 53 44 7 12 15 16 4 19 
32 3 0 35 11 12 17 51 42 9 14 17 18 6 21 
30 1 2 33 9 10 19 49 40 11 16 19 20 8 23 
6 23 26 9 15 14 43 25 16 35 40 43 44 32 47 
25 54 57 22 46 45 74 6 15 66 71 74 75 63 78 
20 49 52 17 41 40 69 1 10 61 66 69 70 58 73 
24 5 8 27 3 4 25 43 34 17 22 25 26 14 29 
32 3 0 35 11 12 17 51 42 9 14 17 18 6 21 
4 25 28 7 17 16 45 23 14 37 42 45 46 34 49 
4 25 28 7 17 16 45 23 14 37 42 45 46 34 49 
30 1 2 33 9 10 19 49 40 11 16 19 20 8 23 
32 3 0 35 11 12 17 51 42 9 14 17 18 6 21 
53 24 21 56 32 33 4 72 63 12 7 4 3 15 0 

20 19 32 54 63 70 39 74 88 16 75 90 64 94 16 
20 21 8 14 23 30 1 34 48 24 35 50 24 54 24 
55 56 43 21 12 5 36 1 13 59 0 15 11 19 59 
53 54 41 19 10 3 34 1 15 57 2 17 9 21 57 
51 52 39 17 8 1 32 3 17 55 4 19 7 23 55 
27 28 15 7 16 23 8 27 41 31 28 43 17 47 31 
4 3 16 38 47 54 23 58 72 0 59 74 48 78 0 
1 2 11 33 42 49 18 53 67 5 54 69 43 73 5 
45 46 33 11 2 5 26 9 23 49 10 25 1 29 49 
53 54 41 19 10 3 34 1 15 57 2 17 9 21 57 
25 26 13 9 18 25 6 29 43 29 30 45 19 49 29 
25 26 13 9 18 25 6 29 43 29 30 45 19 49 29 
51 52 39 17 8 1 32 3 17 55 4 19 7 23 55 
53 54 41 19 10 3 34 1 15 57 2 17 9 21 57 
74 75 62 40 31 24 55 20 6 78 19 4 30 0 78 

30 61 3 78 85 7 53 29 27 77 10 73 4 15 97 
10 21 37 38 45 33 13 11 13 37 30 33 36 25 57 
45 14 72 3 10 68 22 46 48 2 65 2 71 60 22 
43 12 70 5 12 66 20 44 46 4 63 0 69 58 24 
41 10 68 7 14 64 18 42 44 6 61 2 67 56 26 
17 14 44 31 38 40 6 18 20 30 37 26 43 32 50 
14 45 13 62 69 9 37 13 11 61 6 57 12 1 81 
9 40 18 57 64 14 32 8 6 56 11 52 17 6 76 
35 4 62 13 20 58 12 36 38 12 55 8 61 50 32 
43 12 70 5 12 66 20 44 46 4 63 0 69 58 24 
15 16 42 33 40 38 8 16 18 32 35 28 41 30 52 
15 16 42 33 40 38 8 16 18 32 35 28 41 30 52 
41 10 68 7 14 64 18 42 44 6 61 2 67 56 26 
43 12 70 5 12 66 20 44 46 4 63 0 69 58 24 
64 33 91 16 9 87 41 65 67 17 84 21 90 79 3 

36 70 58 33 7 81 10 57 49 63 70 73 52 44 33 
4 30 18 7 33 41 30 17 9 23 30 33 12 4 7 
39 5 17 42 68 6 65 18 26 12 5 2 23 31 42 
37 3 15 40 66 8 63 16 24 10 3 0 21 29 40 
35 1 13 38 64 10 61 14 22 8 1 2 19 27 38 
11 23 11 14 40 34 37 10 2 16 23 26 5 3 14 
20 54 42 17 9 65 6 41 33 47 54 57 36 28 17 
15 49 37 12 14 60 11 36 28 42 49 52 31 23 12 
29 5 7 32 58 16 55 8 16 2 5 8 13 21 32 
37 3 15 40 66 8 63 16 24 10 3 0 21 29 40 
9 25 13 12 38 36 35 12 4 18 25 28 7 1 12 
9 25 13 12 38 36 35 12 4 18 25 28 7 1 12 
35 1 13 38 64 10 61 14 22 8 1 2 19 27 38 
37 3 15 40 66 8 63 16 24 10 3 0 21 29 40 
58 24 36 61 87 13 84 37 45 31 24 21 42 50 61 

84 21 23 94 11 62 67 66 15 82 86 50 60 65 54 
44 19 17 54 29 22 27 26 25 42 46 10 20 25 14 
9 54 52 19 64 13 8 9 60 7 11 25 15 10 21 
11 52 50 21 62 11 6 7 58 9 13 23 13 8 19 
13 50 48 23 60 9 4 5 56 11 15 21 11 6 17 
37 26 24 47 36 15 20 19 32 35 39 3 13 18 7 
68 5 7 78 5 46 51 50 1 66 70 34 44 49 38 
63 0 2 73 10 41 46 45 6 61 65 29 39 44 33 
19 44 42 29 54 3 2 1 50 17 21 15 5 0 11 
11 52 50 21 62 11 6 7 58 9 13 23 13 8 19 
39 24 22 49 34 17 22 21 30 37 41 5 15 20 9 
39 24 22 49 34 17 22 21 30 37 41 5 15 20 9 
13 50 48 23 60 9 4 5 56 11 15 21 11 6 17 
11 52 50 21 62 11 6 7 58 9 13 23 13 8 19 
10 73 71 0 83 32 27 28 79 12 8 44 34 29 40 

27 61 30 17 78 13 44 14 69 21 87 87 68 75 44 
13 21 10 23 38 27 4 26 29 19 47 47 28 35 4 
48 14 45 58 3 62 31 61 6 54 12 12 7 0 31 
46 12 43 56 5 60 29 59 4 52 14 14 5 2 29 
44 10 41 54 7 58 27 57 2 50 16 16 3 4 27 
20 14 17 30 31 34 3 33 22 26 40 40 21 28 3 
11 45 14 1 62 3 28 2 53 5 71 71 52 59 28 
6 40 9 4 57 8 23 7 48 0 66 66 47 54 23 
38 4 35 48 13 52 21 51 4 44 22 22 3 10 21 
46 12 43 56 5 60 29 59 4 52 14 14 5 2 29 
18 16 15 28 33 32 1 31 24 24 42 42 23 30 1 
18 16 15 28 33 32 1 31 24 24 42 42 23 30 1 
44 10 41 54 7 58 27 57 2 50 16 16 3 4 27 
46 12 43 56 5 60 29 59 4 52 14 14 5 2 29 
67 33 64 77 16 81 50 80 25 73 7 7 26 19 50 

13 21 65 33 58 83 41 94 33 61 26 81 30 18 97 
27 19 25 7 18 43 1 54 7 21 14 41 10 22 57 
62 54 10 42 17 8 34 19 42 14 49 6 45 57 22 
60 52 8 40 15 10 32 21 40 12 47 8 43 55 24 
58 50 6 38 13 12 30 23 38 10 45 10 41 53 26 
34 26 18 14 11 36 6 47 14 14 21 34 17 29 50 
3 5 49 17 42 67 25 78 17 45 10 65 14 2 81 
8 0 44 12 37 62 20 73 12 40 5 60 9 3 76 
52 44 0 32 7 18 24 29 32 4 39 16 35 47 32 
60 52 8 40 15 10 32 21 40 12 47 8 43 55 24 
32 24 20 12 13 38 4 49 12 16 19 36 15 27 52 
32 24 20 12 13 38 4 49 12 16 19 36 15 27 52 
58 50 6 38 13 12 30 23 38 10 45 10 41 53 26 
60 52 8 40 15 10 32 21 40 12 47 8 43 55 24 
81 73 29 61 36 11 53 0 61 33 68 13 64 76 3 

52 81 17 18 27 51 95 85 61 77 47 11 68 13 41 
12 41 23 22 13 11 55 45 21 37 7 29 28 27 1 
23 6 58 57 48 24 20 10 14 2 28 64 7 62 34 
21 8 56 55 46 22 22 12 12 4 26 62 5 60 32 
19 10 54 53 44 20 24 14 10 6 24 60 3 58 30 
5 34 30 29 20 4 48 38 14 30 0 36 21 34 6 
36 65 1 2 11 35 79 69 45 61 31 5 52 3 25 
31 60 4 3 6 30 74 64 40 56 26 10 47 8 20 
13 16 48 47 38 14 30 20 4 12 18 54 3 52 24 
21 8 56 55 46 22 22 12 12 4 26 62 5 60 32 
7 36 28 27 18 6 50 40 16 32 2 34 23 32 4 
7 36 28 27 18 6 50 40 16 32 2 34 23 32 4 
19 10 54 53 44 20 24 14 10 6 24 60 3 58 30 
21 8 56 55 46 22 22 12 12 4 26 62 5 60 32 
42 13 77 76 67 43 1 9 33 17 47 83 26 81 53 

90 40 79 23 33 27 45 35 31 1 44 58 46 29 61 
50 0 39 17 7 13 5 5 9 39 4 18 6 11 21 
15 35 4 52 42 48 30 40 44 74 31 17 29 46 14 
17 33 6 50 40 46 28 38 42 72 29 15 27 44 12 
19 31 8 48 38 44 26 36 40 70 27 13 25 42 10 
43 7 32 24 14 20 2 12 16 46 3 11 1 18 14 
74 24 63 7 17 11 29 19 15 15 28 42 30 13 45 
69 19 58 2 12 6 24 14 10 20 23 37 25 8 40 
25 25 14 42 32 38 20 30 34 64 21 7 19 36 4 
17 33 6 50 40 46 28 38 42 72 29 15 27 44 12 
45 5 34 22 12 18 0 10 14 44 1 13 1 16 16 
45 5 34 22 12 18 0 10 14 44 1 13 1 16 16 
19 31 8 48 38 44 26 36 40 70 27 13 25 42 10 
17 33 6 50 40 46 28 38 42 72 29 15 27 44 12 
4 54 15 71 61 67 49 59 63 93 50 36 48 65 33 

82 63 45 16 63 71 37 67 4 78 76 59 79 85 48 
42 23 5 24 23 31 3 27 36 38 36 19 39 45 8 
7 12 30 59 12 4 38 8 71 3 1 16 4 10 27 
9 10 28 57 10 2 36 6 69 5 3 14 6 12 25 
11 8 26 55 8 0 34 4 67 7 5 12 8 14 23 
35 16 2 31 16 24 10 20 43 31 29 12 32 38 1 
66 47 29 0 47 55 21 51 12 62 60 43 63 69 32 
61 42 24 5 42 50 16 46 17 57 55 38 58 64 27 
17 2 20 49 2 6 28 2 61 13 11 6 14 20 17 
9 10 28 57 10 2 36 6 69 5 3 14 6 12 25 
37 18 0 29 18 26 8 22 41 33 31 14 34 40 3 
37 18 0 29 18 26 8 22 41 33 31 14 34 40 3 
11 8 26 55 8 0 34 4 67 7 5 12 8 14 23 
9 10 28 57 10 2 36 6 69 5 3 14 6 12 25 
12 31 49 78 31 23 57 27 90 16 18 35 15 9 46 

67 59 34 52 42 65 38 58 95 82 85 2 50 1 2 
27 19 6 12 2 25 2 18 55 42 45 42 10 41 38 
8 16 41 23 33 10 37 17 20 7 10 77 25 76 73 
6 14 39 21 31 8 35 15 22 9 12 75 23 74 71 
4 12 37 19 29 6 33 13 24 11 14 73 21 72 69 
20 12 13 5 5 18 9 11 48 35 38 49 3 48 45 
51 43 18 36 26 49 22 42 79 66 69 18 34 17 14 
46 38 13 31 21 44 17 37 74 61 64 23 29 22 19 
2 6 31 13 23 0 27 7 30 17 20 67 15 66 63 
6 14 39 21 31 8 35 15 22 9 12 75 23 74 71 
22 14 11 7 3 20 7 13 50 37 40 47 5 46 43 
22 14 11 7 3 20 7 13 50 37 40 47 5 46 43 
4 12 37 19 29 6 33 13 24 11 14 73 21 72 69 
6 14 39 21 31 8 35 15 22 9 12 75 23 74 71 
27 35 60 42 52 29 56 36 1 12 9 96 44 95 92 

45 76 11 47 96 95 15 6 1 1 13 69 62 19 6 
5 36 29 7 56 55 25 34 39 41 27 29 22 21 34 
30 1 64 28 21 20 60 69 74 76 62 6 13 56 69 
28 3 62 26 23 22 58 67 72 74 60 4 11 54 67 
26 5 60 24 25 24 56 65 70 72 58 2 9 52 65 
2 29 36 0 49 48 32 41 46 48 34 22 15 28 41 
29 60 5 31 80 79 1 10 15 17 3 53 46 3 10 
24 55 10 26 75 74 6 15 20 22 8 48 41 2 15 
20 11 54 18 31 30 50 59 64 66 52 4 3 46 59 
28 3 62 26 23 22 58 67 72 74 60 4 11 54 67 
0 31 34 2 51 50 30 39 44 46 32 24 17 26 39 
0 31 34 2 51 50 30 39 44 46 32 24 17 26 39 
26 5 60 24 25 24 56 65 70 72 58 2 9 52 65 
28 3 62 26 23 22 58 67 72 74 60 4 11 54 67 
49 18 83 47 2 1 79 88 93 95 81 25 32 75 88 

19 59 85 74 49 63 43 80 72 64 92 84 18 79 59 
21 19 45 34 9 23 3 40 32 24 52 44 22 39 19 
56 16 10 1 26 12 32 5 3 11 17 9 57 4 16 
54 14 12 1 24 10 30 7 1 9 19 11 55 6 14 
52 12 14 3 22 8 28 9 1 7 21 13 53 8 12 
28 12 38 27 2 16 4 33 25 17 45 37 29 32 12 
3 43 69 58 33 47 27 64 56 48 76 68 2 63 43 
2 38 64 53 28 42 22 59 51 43 71 63 3 58 38 
46 6 20 9 16 2 22 15 7 1 27 19 47 14 6 
54 14 12 1 24 10 30 7 1 9 19 11 55 6 14 
26 14 40 29 4 18 2 35 27 19 47 39 27 34 14 
26 14 40 29 4 18 2 35 27 19 47 39 27 34 14 
52 12 14 3 22 8 28 9 1 7 21 13 53 8 12 
54 14 12 1 24 10 30 7 1 9 19 11 55 6 14 
75 35 9 20 45 31 51 14 22 30 2 10 76 15 35 

26 3 6 29 5 6 23 45 36 15 20 23 24 12 27 
50 21 18 53 29 30 1 69 60 9 4 1 0 12 3 
11 40 43 8 32 31 60 8 1 52 57 60 61 49 64 
32 3 0 35 11 12 17 51 42 9 14 17 18 6 21 
32 61 64 29 53 52 81 13 22 73 78 81 82 70 85 
24 5 8 27 3 4 25 43 34 17 22 25 26 14 29 
10 19 22 13 11 10 39 29 20 31 36 39 40 28 43 
21 50 53 18 42 41 70 2 11 62 67 70 71 59 74 
53 24 21 56 32 33 4 72 63 12 7 4 3 15 0 
39 10 7 42 18 19 10 58 49 2 7 10 11 1 14 
8 37 40 5 29 28 57 11 2 49 54 57 58 46 61 
6 35 38 3 27 26 55 13 4 47 52 55 56 44 59 
27 2 5 30 6 7 22 46 37 14 19 22 23 11 26 
6 23 26 9 15 14 43 25 16 35 40 43 44 32 47 
27 56 59 24 48 47 76 8 17 68 73 76 77 65 80 

47 48 35 13 4 3 28 7 21 51 8 23 3 27 51 
71 72 59 37 28 21 52 17 3 75 16 1 27 3 75 
10 11 2 24 33 40 9 44 58 14 45 60 34 64 14 
53 54 41 19 10 3 34 1 15 57 2 17 9 21 57 
11 10 23 45 54 61 30 65 79 7 66 81 55 85 7 
45 46 33 11 2 5 26 9 23 49 10 25 1 29 49 
31 32 19 3 12 19 12 23 37 35 24 39 13 43 35 
0 1 12 34 43 50 19 54 68 4 55 70 44 74 4 
74 75 62 40 31 24 55 20 6 78 19 4 30 0 78 
60 61 48 26 17 10 41 6 8 64 5 10 16 14 64 
13 14 1 21 30 37 6 41 55 17 42 57 31 61 17 
15 16 3 19 28 35 4 39 53 19 40 55 29 59 19 
48 49 36 14 5 2 29 6 20 52 7 22 4 26 52 
27 28 15 7 16 23 8 27 41 31 28 43 17 47 31 
6 5 18 40 49 56 25 60 74 2 61 76 50 80 2 

37 6 64 11 18 60 14 38 40 10 57 6 63 52 30 
61 30 88 13 6 84 38 62 64 14 81 18 87 76 6 
0 31 27 48 55 23 23 1 3 47 20 43 26 15 67 
43 12 70 5 12 66 20 44 46 4 63 0 69 58 24 
21 52 6 69 76 2 44 20 18 68 1 64 5 6 88 
35 4 62 13 20 58 12 36 38 12 55 8 61 50 32 
21 10 48 27 34 44 2 22 24 26 41 22 47 36 46 
10 41 17 58 65 13 33 9 7 57 10 53 16 5 77 
64 33 91 16 9 87 41 65 67 17 84 21 90 79 3 
50 19 77 2 5 73 27 51 53 3 70 7 76 65 17 
3 28 30 45 52 26 20 4 6 44 23 40 29 18 64 
5 26 32 43 50 28 18 6 8 42 25 38 31 20 62 
38 7 65 10 17 61 15 39 41 9 58 5 64 53 29 
17 14 44 31 38 40 6 18 20 30 37 26 43 32 50 
16 47 11 64 71 7 39 15 13 63 4 59 10 1 83 

31 3 9 34 60 14 57 10 18 4 3 6 15 23 34 
55 21 33 58 84 10 81 34 42 28 21 18 39 47 58 
6 40 28 3 23 51 20 27 19 33 40 43 22 14 3 
37 3 15 40 66 8 63 16 24 10 3 0 21 29 40 
27 61 49 24 2 72 1 48 40 54 61 64 43 35 24 
29 5 7 32 58 16 55 8 16 2 5 8 13 21 32 
15 19 7 18 44 30 41 6 2 12 19 22 1 7 18 
16 50 38 13 13 61 10 37 29 43 50 53 32 24 13 
58 24 36 61 87 13 84 37 45 31 24 21 42 50 61 
44 10 22 47 73 1 70 23 31 17 10 7 28 36 47 
3 37 25 0 26 48 23 24 16 30 37 40 19 11 0 
1 35 23 2 28 46 25 22 14 28 35 38 17 9 2 
32 2 10 35 61 13 58 11 19 5 2 5 16 24 35 
11 23 11 14 40 34 37 10 2 16 23 26 5 3 14 
22 56 44 19 7 67 4 43 35 49 56 59 38 30 19 

17 46 44 27 56 5 0 1 52 15 19 17 7 2 13 
7 70 68 3 80 29 24 25 76 9 5 41 31 26 37 
54 9 7 64 19 32 37 36 15 52 56 20 30 35 24 
11 52 50 21 62 11 6 7 58 9 13 23 13 8 19 
75 12 14 85 2 53 58 57 6 73 77 41 51 56 45 
19 44 42 29 54 3 2 1 50 17 21 15 5 0 11 
33 30 28 43 40 11 16 15 36 31 35 1 9 14 3 
64 1 3 74 9 42 47 46 5 62 66 30 40 45 34 
10 73 71 0 83 32 27 28 79 12 8 44 34 29 40 
4 59 57 14 69 18 13 14 65 2 6 30 20 15 26 
51 12 10 61 22 29 34 33 18 49 53 17 27 32 21 
49 14 12 59 24 27 32 31 20 47 51 15 25 30 19 
16 47 45 26 57 6 1 2 53 14 18 18 8 3 14 
37 26 24 47 36 15 20 19 32 35 39 3 13 18 7 
70 7 9 80 3 48 53 52 1 68 72 36 46 51 40 

40 6 37 50 11 54 23 53 2 46 20 20 1 8 23 
64 30 61 74 13 78 47 77 22 70 4 4 23 16 47 
3 31 0 13 48 17 14 16 39 9 57 57 38 45 14 
46 12 43 56 5 60 29 59 4 52 14 14 5 2 29 
18 52 21 8 69 4 35 5 60 12 78 78 59 66 35 
38 4 35 48 13 52 21 51 4 44 22 22 3 10 21 
24 10 21 34 27 38 7 37 18 30 36 36 17 24 7 
7 41 10 3 58 7 24 6 49 1 67 67 48 55 24 
67 33 64 77 16 81 50 80 25 73 7 7 26 19 50 
53 19 50 63 2 67 36 66 11 59 7 7 12 5 36 
6 28 3 16 45 20 11 19 36 12 54 54 35 42 11 
8 26 5 18 43 22 9 21 34 14 52 52 33 40 9 
41 7 38 51 10 55 24 54 1 47 19 19 0 7 24 
20 14 17 30 31 34 3 33 22 26 40 40 21 28 3 
13 47 16 3 64 1 30 0 55 7 73 73 54 61 30 

54 46 2 34 9 16 26 27 34 6 41 14 37 49 30 
78 70 26 58 33 8 50 3 58 30 65 10 61 73 6 
17 9 35 3 28 53 11 64 3 31 4 51 0 12 67 
60 52 8 40 15 10 32 21 40 12 47 8 43 55 24 
4 12 56 24 49 74 32 85 24 52 17 72 21 9 88 
52 44 0 32 7 18 24 29 32 4 39 16 35 47 32 
38 30 14 18 7 32 10 43 18 10 25 30 21 33 46 
7 1 45 13 38 63 21 74 13 41 6 61 10 2 77 
81 73 29 61 36 11 53 0 61 33 68 13 64 76 3 
67 59 15 47 22 3 39 14 47 19 54 1 50 62 17 
20 12 32 0 25 50 8 61 0 28 7 48 3 15 64 
22 14 30 2 23 48 6 59 2 26 9 46 5 17 62 
55 47 3 35 10 15 27 26 35 7 42 13 38 50 29 
34 26 18 14 11 36 6 47 14 14 21 34 17 29 50 
1 7 51 19 44 69 27 80 19 47 12 67 16 4 83 

15 14 50 49 40 16 28 18 6 10 20 56 1 54 26 
39 10 74 73 64 40 4 6 30 14 44 80 23 78 50 
22 51 13 12 3 21 65 55 31 47 17 19 38 17 11 
21 8 56 55 46 22 22 12 12 4 26 62 5 60 32 
43 72 8 9 18 42 86 76 52 68 38 2 59 4 32 
13 16 48 47 38 14 30 20 4 12 18 54 3 52 24 
1 30 34 33 24 0 44 34 10 26 4 40 17 38 10 
32 61 3 2 7 31 75 65 41 57 27 9 48 7 21 
42 13 77 76 67 43 1 9 33 17 47 83 26 81 53 
28 1 63 62 53 29 15 5 19 3 33 69 12 67 39 
19 48 16 15 6 18 62 52 28 44 14 22 35 20 8 
17 46 18 17 8 16 60 50 26 42 12 24 33 22 6 
16 13 51 50 41 17 27 17 7 9 21 57 0 55 27 
5 34 30 29 20 4 48 38 14 30 0 36 21 34 6 
38 67 3 4 13 37 81 71 47 63 33 3 54 1 27 

23 27 12 44 34 40 22 32 36 66 23 9 21 38 6 
1 51 12 68 58 64 46 56 60 90 47 33 45 62 30 
60 10 49 7 3 3 15 5 1 29 14 28 16 1 31 
17 33 6 50 40 46 28 38 42 72 29 15 27 44 12 
81 31 70 14 24 18 36 26 22 8 35 49 37 20 52 
25 25 14 42 32 38 20 30 34 64 21 7 19 36 4 
39 11 28 28 18 24 6 16 20 50 7 7 5 22 10 
70 20 59 3 13 7 25 15 11 19 24 38 26 9 41 
4 54 15 71 61 67 49 59 63 93 50 36 48 65 33 
10 40 1 57 47 53 35 45 49 79 36 22 34 51 19 
57 7 46 10 0 6 12 2 2 32 11 25 13 4 28 
55 5 44 12 2 8 10 0 4 34 9 23 11 6 26 
22 28 11 45 35 41 23 33 37 67 24 10 22 39 7 
43 7 32 24 14 20 2 12 16 46 3 11 1 18 14 
76 26 65 9 19 13 31 21 17 13 30 44 32 15 47 

15 4 22 51 4 4 30 0 63 11 9 8 12 18 19 
9 28 46 75 28 20 54 24 87 13 15 32 12 6 43 
52 33 15 14 33 41 7 37 26 48 46 29 49 55 18 
9 10 28 57 10 2 36 6 69 5 3 14 6 12 25 
73 54 36 7 54 62 28 58 5 69 67 50 70 76 39 
17 2 20 49 2 6 28 2 61 13 11 6 14 20 17 
31 12 6 35 12 20 14 16 47 27 25 8 28 34 3 
62 43 25 4 43 51 17 47 16 58 56 39 59 65 28 
12 31 49 78 31 23 57 27 90 16 18 35 15 9 46 
2 17 35 64 17 9 43 13 76 2 4 21 1 5 32 
49 30 12 17 30 38 4 34 29 45 43 26 46 52 15 
47 28 10 19 28 36 2 32 31 43 41 24 44 50 13 
14 5 23 52 5 3 31 1 64 10 8 9 11 17 20 
35 16 2 31 16 24 10 20 43 31 29 12 32 38 1 
68 49 31 2 49 57 23 53 10 64 62 45 65 71 34 

0 8 33 15 25 2 29 9 28 15 18 69 17 68 65 
24 32 57 39 49 26 53 33 4 9 6 93 41 92 89 
37 29 4 22 12 35 8 28 65 52 55 32 20 31 28 
6 14 39 21 31 8 35 15 22 9 12 75 23 74 71 
58 50 25 43 33 56 29 49 86 73 76 11 41 10 7 
2 6 31 13 23 0 27 7 30 17 20 67 15 66 63 
16 8 17 1 9 14 13 7 44 31 34 53 1 52 49 
47 39 14 32 22 45 18 38 75 62 65 22 30 21 18 
27 35 60 42 52 29 56 36 1 12 9 96 44 95 92 
13 21 46 28 38 15 42 22 15 2 5 82 30 81 78 
34 26 1 19 9 32 5 25 62 49 52 35 17 34 31 
32 24 1 17 7 30 3 23 60 47 50 37 15 36 33 
1 9 34 16 26 3 30 10 27 14 17 70 18 69 66 
20 12 13 5 5 18 9 11 48 35 38 49 3 48 45 
53 45 20 38 28 51 24 44 81 68 71 16 36 15 12 

22 9 56 20 29 28 52 61 66 68 54 2 5 48 61 
46 15 80 44 5 4 76 85 90 92 78 22 29 72 85 
15 46 19 17 66 65 15 24 29 31 17 39 32 11 24 
28 3 62 26 23 22 58 67 72 74 60 4 11 54 67 
36 67 2 38 87 86 6 3 8 10 4 60 53 10 3 
20 11 54 18 31 30 50 59 64 66 52 4 3 46 59 
6 25 40 4 45 44 36 45 50 52 38 18 11 32 45 
25 56 9 27 76 75 5 14 19 21 7 49 42 1 14 
49 18 83 47 2 1 79 88 93 95 81 25 32 75 88 
35 4 69 33 16 15 65 74 79 81 67 11 18 61 74 
12 43 22 14 63 62 18 27 32 34 20 36 29 14 27 
10 41 24 12 61 60 20 29 34 36 22 34 27 16 29 
23 8 57 21 28 27 53 62 67 69 55 1 6 49 62 
2 29 36 0 49 48 32 41 46 48 34 22 15 28 41 
31 62 3 33 82 81 1 8 13 15 1 55 48 5 8 

48 8 18 7 18 4 24 13 5 3 25 17 49 12 8 
72 32 6 17 42 28 48 11 19 27 1 7 73 12 32 
11 29 55 44 19 33 13 50 42 34 62 54 12 49 29 
54 14 12 1 24 10 30 7 1 9 19 11 55 6 14 
10 50 76 65 40 54 34 71 63 55 83 75 9 70 50 
46 6 20 9 16 2 22 15 7 1 27 19 47 14 6 
32 8 34 23 2 12 8 29 21 13 41 33 33 28 8 
1 39 65 54 29 43 23 60 52 44 72 64 2 59 39 
75 35 9 20 45 31 51 14 22 30 2 10 76 15 35 
61 21 5 6 31 17 37 0 8 16 12 4 62 1 21 
14 26 52 41 16 30 10 47 39 31 59 51 15 46 26 
16 24 50 39 14 28 8 45 37 29 57 49 17 44 24 
49 9 17 6 19 5 25 12 4 4 24 16 50 11 9 
28 12 38 27 2 16 4 33 25 17 45 37 29 32 12 
5 45 71 60 35 49 29 66 58 50 78 70 4 65 45 

21 22 9 13 22 29 2 33 47 25 34 49 23 53 25 
50 51 38 16 7 0 31 4 18 54 5 20 6 24 54 
53 54 41 19 10 3 34 1 15 57 2 17 9 21 57 
18 19 6 16 25 32 1 36 50 22 37 52 26 56 22 
42 43 30 8 1 8 23 12 26 46 13 28 2 32 46 
41 42 29 7 2 9 22 13 27 45 14 29 3 33 45 
70 71 58 36 27 20 51 16 2 74 15 0 26 4 74 
2 3 10 32 41 48 17 52 66 6 53 68 42 72 6 
11 12 1 23 32 39 8 43 57 15 44 59 33 63 15 
62 63 50 28 19 12 43 8 6 66 7 8 18 12 66 
67 68 55 33 24 17 48 13 1 71 12 3 23 7 71 
70 71 58 36 27 20 51 16 2 74 15 0 26 4 74 
71 72 59 37 28 21 52 17 3 75 16 1 27 3 75 
59 60 47 25 16 9 40 5 9 63 4 11 15 15 63 
74 75 62 40 31 24 55 20 6 78 19 4 30 0 78 

11 20 38 37 44 34 12 12 14 36 31 32 37 26 56 
40 9 67 8 15 63 17 41 43 7 60 3 66 55 27 
43 12 70 5 12 66 20 44 46 4 63 0 69 58 24 
8 23 35 40 47 31 15 9 11 39 28 35 34 23 59 
32 1 59 16 23 55 9 33 35 15 52 11 58 47 35 
31 0 58 17 24 54 8 32 34 16 51 12 57 46 36 
60 29 87 12 5 83 37 61 63 13 80 17 86 75 7 
8 39 19 56 63 15 31 7 5 55 12 51 18 7 75 
1 30 28 47 54 24 22 2 4 46 21 42 27 16 66 
52 21 79 4 3 75 29 53 55 5 72 9 78 67 15 
57 26 84 9 2 80 34 58 60 10 77 14 83 72 10 
60 29 87 12 5 83 37 61 63 13 80 17 86 75 7 
61 30 88 13 6 84 38 62 64 14 81 18 87 76 6 
49 18 76 1 6 72 26 50 52 2 69 6 75 64 18 
64 33 91 16 9 87 41 65 67 17 84 21 90 79 3 

5 29 17 8 34 40 31 16 8 22 29 32 11 3 8 
34 0 12 37 63 11 60 13 21 7 0 3 18 26 37 
37 3 15 40 66 8 63 16 24 10 3 0 21 29 40 
2 32 20 5 31 43 28 19 11 25 32 35 14 6 5 
26 8 4 29 55 19 52 5 13 1 8 11 10 18 29 
25 9 3 28 54 20 51 4 12 2 9 12 9 17 28 
54 20 32 57 83 9 80 33 41 27 20 17 38 46 57 
14 48 36 11 15 59 12 35 27 41 48 51 30 22 11 
5 39 27 2 24 50 21 26 18 32 39 42 21 13 2 
46 12 24 49 75 1 72 25 33 19 12 9 30 38 49 
51 17 29 54 80 6 77 30 38 24 17 14 35 43 54 
54 20 32 57 83 9 80 33 41 27 20 17 38 46 57 
55 21 33 58 84 10 81 34 42 28 21 18 39 47 58 
43 9 21 46 72 2 69 22 30 16 9 6 27 35 46 
58 24 36 61 87 13 84 37 45 31 24 21 42 50 61 

43 20 18 53 30 21 26 25 26 41 45 9 19 24 13 
14 49 47 24 59 8 3 4 55 12 16 20 10 5 16 
11 52 50 21 62 11 6 7 58 9 13 23 13 8 19 
46 17 15 56 27 24 29 28 23 44 48 12 22 27 16 
22 41 39 32 51 0 5 4 47 20 24 12 2 3 8 
23 40 38 33 50 1 6 5 46 21 25 11 1 4 7 
6 69 67 4 79 28 23 24 75 8 4 40 30 25 36 
62 1 1 72 11 40 45 44 7 60 64 28 38 43 32 
53 10 8 63 20 31 36 35 16 51 55 19 29 34 23 
2 61 59 12 71 20 15 16 67 0 4 32 22 17 28 
3 66 64 7 76 25 20 21 72 5 1 37 27 22 33 
6 69 67 4 79 28 23 24 75 8 4 40 30 25 36 
7 70 68 3 80 29 24 25 76 9 5 41 31 26 37 
5 58 56 15 68 17 12 13 64 3 7 29 19 14 25 
10 73 71 0 83 32 27 28 79 12 8 44 34 29 40 

14 20 11 24 37 28 3 27 28 20 46 46 27 34 3 
43 9 40 53 8 57 26 56 1 49 17 17 2 5 26 
46 12 43 56 5 60 29 59 4 52 14 14 5 2 29 
11 23 8 21 40 25 6 24 31 17 49 49 30 37 6 
35 1 32 45 16 49 18 48 7 41 25 25 6 13 18 
34 0 31 44 17 48 17 47 8 40 26 26 7 14 17 
63 29 60 73 12 77 46 76 21 69 3 3 22 15 46 
5 39 8 5 56 9 22 8 47 1 65 65 46 53 22 
4 30 1 14 47 18 13 17 38 10 56 56 37 44 13 
55 21 52 65 4 69 38 68 13 61 5 5 14 7 38 
60 26 57 70 9 74 43 73 18 66 0 0 19 12 43 
63 29 60 73 12 77 46 76 21 69 3 3 22 15 46 
64 30 61 74 13 78 47 77 22 70 4 4 23 16 47 
52 18 49 62 1 66 35 65 10 58 8 8 11 4 35 
67 33 64 77 16 81 50 80 25 73 7 7 26 19 50 

28 20 24 8 17 42 0 53 8 20 15 40 11 23 56 
57 49 5 37 12 13 29 24 37 9 44 11 40 52 27 
60 52 8 40 15 10 32 21 40 12 47 8 43 55 24 
25 17 27 5 20 45 3 56 5 23 12 43 8 20 59 
49 41 3 29 4 21 21 32 29 1 36 19 32 44 35 
48 40 4 28 3 22 20 33 28 0 35 20 31 43 36 
77 69 25 57 32 7 49 4 57 29 64 9 60 72 7 
9 1 43 11 36 61 19 72 11 39 4 59 8 4 75 
18 10 34 2 27 52 10 63 2 30 5 50 1 13 66 
69 61 17 49 24 1 41 12 49 21 56 1 52 64 15 
74 66 22 54 29 4 46 7 54 26 61 6 57 69 10 
77 69 25 57 32 7 49 4 57 29 64 9 60 72 7 
78 70 26 58 33 8 50 3 58 30 65 10 61 73 6 
66 58 14 46 21 4 38 15 46 18 53 2 49 61 18 
81 73 29 61 36 11 53 0 61 33 68 13 64 76 3 

11 40 24 23 14 10 54 44 20 36 6 30 27 28 0 
18 11 53 52 43 19 25 15 9 7 23 59 2 57 29 
21 8 56 55 46 22 22 12 12 4 26 62 5 60 32 
14 43 21 20 11 13 57 47 23 39 9 27 30 25 3 
10 19 45 44 35 11 33 23 1 15 15 51 6 49 21 
9 20 44 43 34 10 34 24 0 16 14 50 7 48 20 
38 9 73 72 63 39 5 5 29 13 43 79 22 77 49 
30 59 5 4 5 29 73 63 39 55 25 11 46 9 19 
21 50 14 13 4 20 64 54 30 46 16 20 37 18 10 
30 1 65 64 55 31 13 3 21 5 35 71 14 69 41 
35 6 70 69 60 36 8 2 26 10 40 76 19 74 46 
38 9 73 72 63 39 5 5 29 13 43 79 22 77 49 
39 10 74 73 64 40 4 6 30 14 44 80 23 78 50 
27 2 62 61 52 28 16 6 18 2 32 68 11 66 38 
42 13 77 76 67 43 1 9 33 17 47 83 26 81 53 

49 1 38 18 8 14 4 6 10 40 3 17 5 12 20 
20 30 9 47 37 43 25 35 39 69 26 12 24 41 9 
17 33 6 50 40 46 28 38 42 72 29 15 27 44 12 
52 2 41 15 5 11 7 3 7 37 6 20 8 9 23 
28 22 17 39 29 35 17 27 31 61 18 4 16 33 1 
29 21 18 38 28 34 16 26 30 60 17 3 15 32 0 
0 50 11 67 57 63 45 55 59 89 46 32 44 61 29 
68 18 57 1 11 5 23 13 9 21 22 36 24 7 39 
59 9 48 8 2 4 14 4 0 30 13 27 15 2 30 
8 42 3 59 49 55 37 47 51 81 38 24 36 53 21 
3 47 8 64 54 60 42 52 56 86 43 29 41 58 26 
0 50 11 67 57 63 45 55 59 89 46 32 44 61 29 
1 51 12 68 58 64 46 56 60 90 47 33 45 62 30 
11 39 0 56 46 52 34 44 48 78 35 21 33 50 18 
4 54 15 71 61 67 49 59 63 93 50 36 48 65 33 

41 22 4 25 22 30 4 26 37 37 35 18 38 44 7 
12 7 25 54 7 1 33 3 66 8 6 11 9 15 22 
9 10 28 57 10 2 36 6 69 5 3 14 6 12 25 
44 25 7 22 25 33 1 29 34 40 38 21 41 47 10 
20 1 17 46 1 9 25 5 58 16 14 3 17 23 14 
21 2 16 45 2 10 24 6 57 17 15 2 18 24 13 
8 27 45 74 27 19 53 23 86 12 14 31 11 5 42 
60 41 23 6 41 49 15 45 18 56 54 37 57 63 26 
51 32 14 15 32 40 6 36 27 47 45 28 48 54 17 
0 19 37 66 19 11 45 15 78 4 6 23 3 3 34 
5 24 42 71 24 16 50 20 83 9 11 28 8 2 39 
8 27 45 74 27 19 53 23 86 12 14 31 11 5 42 
9 28 46 75 28 20 54 24 87 13 15 32 12 6 43 
3 16 34 63 16 8 42 12 75 1 3 20 0 6 31 
12 31 49 78 31 23 57 27 90 16 18 35 15 9 46 

26 18 7 11 1 24 3 17 54 41 44 43 9 42 39 
3 11 36 18 28 5 32 12 25 12 15 72 20 71 68 
6 14 39 21 31 8 35 15 22 9 12 75 23 74 71 
29 21 4 14 4 27 0 20 57 44 47 40 12 39 36 
5 3 28 10 20 3 24 4 33 20 23 64 12 63 60 
6 2 27 9 19 4 23 3 34 21 24 63 11 62 59 
23 31 56 38 48 25 52 32 5 8 5 92 40 91 88 
45 37 12 30 20 43 16 36 73 60 63 24 28 23 20 
36 28 3 21 11 34 7 27 64 51 54 33 19 32 29 
15 23 48 30 40 17 44 24 13 0 3 84 32 83 80 
20 28 53 35 45 22 49 29 8 5 2 89 37 88 85 
23 31 56 38 48 25 52 32 5 8 5 92 40 91 88 
24 32 57 39 49 26 53 33 4 9 6 93 41 92 89 
12 20 45 27 37 14 41 21 16 3 6 81 29 80 77 
27 35 60 42 52 29 56 36 1 12 9 96 44 95 92 

4 35 30 6 55 54 26 35 40 42 28 28 21 22 35 
25 6 59 23 26 25 55 64 69 71 57 1 8 51 64 
28 3 62 26 23 22 58 67 72 74 60 4 11 54 67 
7 38 27 9 58 57 23 32 37 39 25 31 24 19 32 
17 14 51 15 34 33 47 56 61 63 49 7 0 43 56 
16 15 50 14 35 34 46 55 60 62 48 8 1 42 55 
45 14 79 43 6 5 75 84 89 91 77 21 28 71 84 
23 54 11 25 74 73 7 16 21 23 9 47 40 3 16 
14 45 20 16 65 64 16 25 30 32 18 38 31 12 25 
37 6 71 35 14 13 67 76 81 83 69 13 20 63 76 
42 11 76 40 9 8 72 81 86 88 74 18 25 68 81 
45 14 79 43 6 5 75 84 89 91 77 21 28 71 84 
46 15 80 44 5 4 76 85 90 92 78 22 29 72 85 
34 3 68 32 17 16 64 73 78 80 66 10 17 60 73 
49 18 83 47 2 1 79 88 93 95 81 25 32 75 88 

22 18 44 33 8 22 2 39 31 23 51 43 23 38 18 
51 11 15 4 21 7 27 10 2 6 22 14 52 9 11 
54 14 12 1 24 10 30 7 1 9 19 11 55 6 14 
19 21 47 36 11 25 5 42 34 26 54 46 20 41 21 
43 3 23 12 13 1 19 18 10 2 30 22 44 17 3 
42 2 24 13 12 2 18 19 11 3 31 23 43 18 2 
71 31 5 16 41 27 47 10 18 26 2 6 72 11 31 
3 37 63 52 27 41 21 58 50 42 70 62 4 57 37 
12 28 54 43 18 32 12 49 41 33 61 53 13 48 28 
63 23 3 8 33 19 39 2 10 18 10 2 64 3 23 
68 28 2 13 38 24 44 7 15 23 5 3 69 8 28 
71 31 5 16 41 27 47 10 18 26 2 6 72 11 31 
72 32 6 17 42 28 48 11 19 27 1 7 73 12 32 
60 20 6 5 30 16 36 1 7 15 13 5 61 0 20 
75 35 9 20 45 31 51 14 22 30 2 10 76 15 35 

10 41 17 58 65 13 33 9 7 57 10 53 16 5 77 
11 42 16 59 66 12 34 10 8 58 9 54 15 4 78 
2 29 29 46 53 25 21 3 5 45 22 41 28 17 65 
24 7 51 24 31 47 1 25 27 23 44 19 50 39 43 
33 2 60 15 22 56 10 34 36 14 53 10 59 48 34 
40 9 67 8 15 63 17 41 43 7 60 3 66 55 27 
9 22 36 39 46 32 14 10 12 38 29 34 35 24 58 
44 13 71 4 11 67 21 45 47 3 64 1 70 59 23 
58 27 85 10 3 81 35 59 61 11 78 15 84 73 9 
14 45 13 62 69 9 37 13 11 61 6 57 12 1 81 
45 14 72 3 10 68 22 46 48 2 65 2 71 60 22 
60 29 87 12 5 83 37 61 63 13 80 17 86 75 7 
34 3 61 14 21 57 11 35 37 13 54 9 60 49 33 
64 33 91 16 9 87 41 65 67 17 84 21 90 79 3 
14 45 13 62 69 9 37 13 11 61 6 57 12 1 81 

16 50 38 13 13 61 10 37 29 43 50 53 32 24 13 
17 51 39 14 12 62 9 38 30 44 51 54 33 25 14 
4 38 26 1 25 49 22 25 17 31 38 41 20 12 1 
18 16 4 21 47 27 44 3 5 9 16 19 2 10 21 
27 7 5 30 56 18 53 6 14 0 7 10 11 19 30 
34 0 12 37 63 11 60 13 21 7 0 3 18 26 37 
3 31 19 6 32 42 29 18 10 24 31 34 13 5 6 
38 4 16 41 67 7 64 17 25 11 4 1 22 30 41 
52 18 30 55 81 7 78 31 39 25 18 15 36 44 55 
20 54 42 17 9 65 6 41 33 47 54 57 36 28 17 
39 5 17 42 68 6 65 18 26 12 5 2 23 31 42 
54 20 32 57 83 9 80 33 41 27 20 17 38 46 57 
28 6 6 31 57 17 54 7 15 1 6 9 12 20 31 
58 24 36 61 87 13 84 37 45 31 24 21 42 50 61 
20 54 42 17 9 65 6 41 33 47 54 57 36 28 17 

64 1 3 74 9 42 47 46 5 62 66 30 40 45 34 
65 2 4 75 8 43 48 47 4 63 67 31 41 46 35 
52 11 9 62 21 30 35 34 17 50 54 18 28 33 22 
30 33 31 40 43 8 13 12 39 28 32 4 6 11 0 
21 42 40 31 52 1 4 3 48 19 23 13 3 2 9 
14 49 47 24 59 8 3 4 55 12 16 20 10 5 16 
45 18 16 55 28 23 28 27 24 43 47 11 21 26 15 
10 53 51 20 63 12 7 8 59 8 12 24 14 9 20 
4 67 65 6 77 26 21 22 73 6 2 38 28 23 34 
68 5 7 78 5 46 51 50 1 66 70 34 44 49 38 
9 54 52 19 64 13 8 9 60 7 11 25 15 10 21 
6 69 67 4 79 28 23 24 75 8 4 40 30 25 36 
20 43 41 30 53 2 3 2 49 18 22 14 4 1 10 
10 73 71 0 83 32 27 28 79 12 8 44 34 29 40 
68 5 7 78 5 46 51 50 1 66 70 34 44 49 38 

7 41 10 3 58 7 24 6 49 1 67 67 48 55 24 
8 42 11 2 59 6 25 5 50 2 68 68 49 56 25 
5 29 2 15 46 19 12 18 37 11 55 55 36 43 12 
27 7 24 37 24 41 10 40 15 33 33 33 14 21 10 
36 2 33 46 15 50 19 49 6 42 24 24 5 12 19 
43 9 40 53 8 57 26 56 1 49 17 17 2 5 26 
12 22 9 22 39 26 5 25 30 18 48 48 29 36 5 
47 13 44 57 4 61 30 60 5 53 13 13 6 1 30 
61 27 58 71 10 75 44 74 19 67 1 1 20 13 44 
11 45 14 1 62 3 28 2 53 5 71 71 52 59 28 
48 14 45 58 3 62 31 61 6 54 12 12 7 0 31 
63 29 60 73 12 77 46 76 21 69 3 3 22 15 46 
37 3 34 47 14 51 20 50 5 43 23 23 4 11 20 
67 33 64 77 16 81 50 80 25 73 7 7 26 19 50 
11 45 14 1 62 3 28 2 53 5 71 71 52 59 28 

7 1 45 13 38 63 21 74 13 41 6 61 10 2 77 
6 2 46 14 39 64 22 75 14 42 7 62 11 1 78 
19 11 33 1 26 51 9 62 1 29 6 49 2 14 65 
41 33 11 21 4 29 13 40 21 7 28 27 24 36 43 
50 42 2 30 5 20 22 31 30 2 37 18 33 45 34 
57 49 5 37 12 13 29 24 37 9 44 11 40 52 27 
26 18 26 6 19 44 2 55 6 22 13 42 9 21 58 
61 53 9 41 16 9 33 20 41 13 48 7 44 56 23 
75 67 23 55 30 5 47 6 55 27 62 7 58 70 9 
3 5 49 17 42 67 25 78 17 45 10 65 14 2 81 
62 54 10 42 17 8 34 19 42 14 49 6 45 57 22 
77 69 25 57 32 7 49 4 57 29 64 9 60 72 7 
51 43 1 31 6 19 23 30 31 3 38 17 34 46 33 
81 73 29 61 36 11 53 0 61 33 68 13 64 76 3 
3 5 49 17 42 67 25 78 17 45 10 65 14 2 81 

32 61 3 2 7 31 75 65 41 57 27 9 48 7 21 
33 62 2 1 8 32 76 66 42 58 28 8 49 6 22 
20 49 15 14 5 19 63 53 29 45 15 21 36 19 9 
2 27 37 36 27 3 41 31 7 23 7 43 14 41 13 
11 18 46 45 36 12 32 22 2 14 16 52 5 50 22 
18 11 53 52 43 19 25 15 9 7 23 59 2 57 29 
13 42 22 21 12 12 56 46 22 38 8 28 29 26 2 
22 7 57 56 47 23 21 11 13 3 27 63 6 61 33 
36 7 71 70 61 37 7 3 27 11 41 77 20 75 47 
36 65 1 2 11 35 79 69 45 61 31 5 52 3 25 
23 6 58 57 48 24 20 10 14 2 28 64 7 62 34 
38 9 73 72 63 39 5 5 29 13 43 79 22 77 49 
12 17 47 46 37 13 31 21 3 13 17 53 4 51 23 
42 13 77 76 67 43 1 9 33 17 47 83 26 81 53 
36 65 1 2 11 35 79 69 45 61 31 5 52 3 25 

70 20 59 3 13 7 25 15 11 19 24 38 26 9 41 
71 21 60 4 14 8 26 16 12 18 25 39 27 10 42 
58 8 47 9 1 5 13 3 1 31 12 26 14 3 29 
36 14 25 31 21 27 9 19 23 53 10 4 8 25 7 
27 23 16 40 30 36 18 28 32 62 19 5 17 34 2 
20 30 9 47 37 43 25 35 39 69 26 12 24 41 9 
51 1 40 16 6 12 6 4 8 38 5 19 7 10 22 
16 34 5 51 41 47 29 39 43 73 30 16 28 45 13 
2 48 9 65 55 61 43 53 57 87 44 30 42 59 27 
74 24 63 7 17 11 29 19 15 15 28 42 30 13 45 
15 35 4 52 42 48 30 40 44 74 31 17 29 46 14 
0 50 11 67 57 63 45 55 59 89 46 32 44 61 29 
26 24 15 41 31 37 19 29 33 63 20 6 18 35 3 
4 54 15 71 61 67 49 59 63 93 50 36 48 65 33 
74 24 63 7 17 11 29 19 15 15 28 42 30 13 45 

62 43 25 4 43 51 17 47 16 58 56 39 59 65 28 
63 44 26 3 44 52 18 48 15 59 57 40 60 66 29 
50 31 13 16 31 39 5 35 28 46 44 27 47 53 16 
28 9 9 38 9 17 17 13 50 24 22 5 25 31 6 
19 0 18 47 0 8 26 4 59 15 13 4 16 22 15 
12 7 25 54 7 1 33 3 66 8 6 11 9 15 22 
43 24 6 23 24 32 2 28 35 39 37 20 40 46 9 
8 11 29 58 11 3 37 7 70 4 2 15 5 11 26 
6 25 43 72 25 17 51 21 84 10 12 29 9 3 40 
66 47 29 0 47 55 21 51 12 62 60 43 63 69 32 
7 12 30 59 12 4 38 8 71 3 1 16 4 10 27 
8 27 45 74 27 19 53 23 86 12 14 31 11 5 42 
18 1 19 48 1 7 27 3 60 14 12 5 15 21 16 
12 31 49 78 31 23 57 27 90 16 18 35 15 9 46 
66 47 29 0 47 55 21 51 12 62 60 43 63 69 32 

47 39 14 32 22 45 18 38 75 62 65 22 30 21 18 
48 40 15 33 23 46 19 39 76 63 66 21 31 20 17 
35 27 2 20 10 33 6 26 63 50 53 34 18 33 30 
13 5 20 2 12 11 16 4 41 28 31 56 4 55 52 
4 4 29 11 21 2 25 5 32 19 22 65 13 64 61 
3 11 36 18 28 5 32 12 25 12 15 72 20 71 68 
28 20 5 13 3 26 1 19 56 43 46 41 11 40 37 
7 15 40 22 32 9 36 16 21 8 11 76 24 75 72 
21 29 54 36 46 23 50 30 7 6 3 90 38 89 86 
51 43 18 36 26 49 22 42 79 66 69 18 34 17 14 
8 16 41 23 33 10 37 17 20 7 10 77 25 76 73 
23 31 56 38 48 25 52 32 5 8 5 92 40 91 88 
3 5 30 12 22 1 26 6 31 18 21 66 14 65 62 
27 35 60 42 52 29 56 36 1 12 9 96 44 95 92 
51 43 18 36 26 49 22 42 79 66 69 18 34 17 14 

25 56 9 27 76 75 5 14 19 21 7 49 42 1 14 
26 57 8 28 77 76 4 13 18 20 6 50 43 0 13 
13 44 21 15 64 63 17 26 31 33 19 37 30 13 26 
9 22 43 7 42 41 39 48 53 55 41 15 8 35 48 
18 13 52 16 33 32 48 57 62 64 50 6 1 44 57 
25 6 59 23 26 25 55 64 69 71 57 1 8 51 64 
6 37 28 8 57 56 24 33 38 40 26 30 23 20 33 
29 2 63 27 22 21 59 68 73 75 61 5 12 55 68 
43 12 77 41 8 7 73 82 87 89 75 19 26 69 82 
29 60 5 31 80 79 1 10 15 17 3 53 46 3 10 
30 1 64 28 21 20 60 69 74 76 62 6 13 56 69 
45 14 79 43 6 5 75 84 89 91 77 21 28 71 84 
19 12 53 17 32 31 49 58 63 65 51 5 2 45 58 
49 18 83 47 2 1 79 88 93 95 81 25 32 75 88 
29 60 5 31 80 79 1 10 15 17 3 53 46 3 10 

1 39 65 54 29 43 23 60 52 44 72 64 2 59 39 
0 40 66 55 30 44 24 61 53 45 73 65 1 60 40 
13 27 53 42 17 31 11 48 40 32 60 52 14 47 27 
35 5 31 20 5 9 11 26 18 10 38 30 36 25 5 
44 4 22 11 14 0 20 17 9 1 29 21 45 16 4 
51 11 15 4 21 7 27 10 2 6 22 14 52 9 11 
20 20 46 35 10 24 4 41 33 25 53 45 21 40 20 
55 15 11 0 25 11 31 6 2 10 18 10 56 5 15 
69 29 3 14 39 25 45 8 16 24 4 4 70 9 29 
3 43 69 58 33 47 27 64 56 48 76 68 2 63 43 
56 16 10 1 26 12 32 5 3 11 17 9 57 4 16 
71 31 5 16 41 27 47 10 18 26 2 6 72 11 31 
45 5 21 10 15 1 21 16 8 0 28 20 46 15 5 
75 35 9 20 45 31 51 14 22 30 2 10 76 15 35 
3 43 69 58 33 47 27 64 56 48 76 68 2 63 43 

6 40 28 3 23 51 20 27 19 33 40 43 22 14 3 
25 9 3 28 54 20 51 4 12 2 9 12 9 17 28 
33 67 55 30 4 78 7 54 46 60 67 70 49 41 30 
42 8 20 45 71 3 68 21 29 15 8 5 26 34 45 
49 15 27 52 78 4 75 28 36 22 15 12 33 41 52 
29 63 51 26 0 74 3 50 42 56 63 66 45 37 26 
17 17 5 20 46 28 43 4 4 10 17 20 1 9 20 
7 41 29 4 22 52 19 28 20 34 41 44 23 15 4 
9 43 31 6 20 54 17 30 22 36 43 46 25 17 6 
41 7 19 44 70 4 67 20 28 14 7 4 25 33 44 
26 60 48 23 3 71 0 47 39 53 60 63 42 34 23 
37 3 15 40 66 8 63 16 24 10 3 0 21 29 40 
32 66 54 29 3 77 6 53 45 59 66 69 48 40 29 
21 55 43 18 8 66 5 42 34 48 55 58 37 29 18 
61 27 39 64 90 16 87 40 48 34 27 24 45 53 64 

54 9 7 64 19 32 37 36 15 52 56 20 30 35 24 
23 40 38 33 50 1 6 5 46 21 25 11 1 4 7 
81 18 20 91 8 59 64 63 12 79 83 47 57 62 51 
6 57 55 16 67 16 11 12 63 4 8 28 18 13 24 
1 64 62 9 74 23 18 19 70 3 1 35 25 20 31 
77 14 16 87 4 55 60 59 8 75 79 43 53 58 47 
31 32 30 41 42 9 14 13 38 29 33 3 7 12 1 
55 8 6 65 18 33 38 37 14 53 57 21 31 36 25 
57 6 4 67 16 35 40 39 12 55 59 23 33 38 27 
7 56 54 17 66 15 10 11 62 5 9 27 17 12 23 
74 11 13 84 1 52 57 56 5 72 76 40 50 55 44 
11 52 50 21 62 11 6 7 58 9 13 23 13 8 19 
80 17 19 90 7 58 63 62 11 78 82 46 56 61 50 
69 6 8 79 4 47 52 51 0 67 71 35 45 50 39 
13 76 74 3 86 35 30 31 82 15 11 47 37 32 43 

3 31 0 13 48 17 14 16 39 9 57 57 38 45 14 
34 0 31 44 17 48 17 47 8 40 26 26 7 14 17 
24 58 27 14 75 10 41 11 66 18 84 84 65 72 41 
51 17 48 61 0 65 34 64 9 57 9 9 10 3 34 
58 24 55 68 7 72 41 71 16 64 2 2 17 10 41 
20 54 23 10 71 6 37 7 62 14 80 80 61 68 37 
26 8 23 36 25 40 9 39 16 32 34 34 15 22 9 
2 32 1 12 49 16 15 15 40 8 58 58 39 46 15 
0 34 3 10 51 14 17 13 42 6 60 60 41 48 17 
50 16 47 60 1 64 33 63 8 56 10 10 9 2 33 
17 51 20 7 68 3 34 4 59 11 77 77 58 65 34 
46 12 43 56 5 60 29 59 4 52 14 14 5 2 29 
23 57 26 13 74 9 40 10 65 17 83 83 64 71 40 
12 46 15 2 63 2 29 1 54 6 72 72 53 60 29 
70 36 67 80 19 84 53 83 28 76 10 10 29 22 53 

17 9 35 3 28 53 11 64 3 31 4 51 0 12 67 
48 40 4 28 3 22 20 33 28 0 35 20 31 43 36 
10 18 62 30 55 80 38 91 30 58 23 78 27 15 94 
65 57 13 45 20 5 37 16 45 17 52 3 48 60 19 
72 64 20 52 27 2 44 9 52 24 59 4 55 67 12 
6 14 58 26 51 76 34 87 26 54 19 74 23 11 90 
40 32 12 20 5 30 12 41 20 8 27 28 23 35 44 
16 8 36 4 29 54 12 65 4 32 3 52 1 11 68 
14 6 38 6 31 56 14 67 6 34 1 54 3 9 70 
64 56 12 44 19 6 36 17 44 16 51 4 47 59 20 
3 11 55 23 48 73 31 84 23 51 16 71 20 8 87 
60 52 8 40 15 10 32 21 40 12 47 8 43 55 24 
9 17 61 29 54 79 37 90 29 57 22 77 26 14 93 
2 6 50 18 43 68 26 79 18 46 11 66 15 3 82 
84 76 32 64 39 14 56 3 64 36 71 16 67 79 0 

22 51 13 12 3 21 65 55 31 47 17 19 38 17 11 
9 20 44 43 34 10 34 24 0 16 14 50 7 48 20 
49 78 14 15 24 48 92 82 58 74 44 8 65 10 38 
26 3 61 60 51 27 17 7 17 1 31 67 10 65 37 
33 4 68 67 58 34 10 0 24 8 38 74 17 72 44 
45 74 10 11 20 44 88 78 54 70 40 4 61 6 34 
1 28 36 35 26 2 42 32 8 24 6 42 15 40 12 
23 52 12 11 2 22 66 56 32 48 18 18 39 16 12 
25 54 10 9 0 24 68 58 34 50 20 16 41 14 14 
25 4 60 59 50 26 18 8 16 0 30 66 9 64 36 
42 71 7 8 17 41 85 75 51 67 37 1 58 3 31 
21 8 56 55 46 22 22 12 12 4 26 62 5 60 32 
48 77 13 14 23 47 91 81 57 73 43 7 64 9 37 
37 66 2 3 12 36 80 70 46 62 32 4 53 2 26 
45 16 80 79 70 46 2 12 36 20 50 86 29 84 56 

60 10 49 7 3 3 15 5 1 29 14 28 16 1 31 
29 21 18 38 28 34 16 26 30 60 17 3 15 32 0 
87 37 76 20 30 24 42 32 28 2 41 55 43 26 58 
12 38 1 55 45 51 33 43 47 77 34 20 32 49 17 
5 45 6 62 52 58 40 50 54 84 41 27 39 56 24 
83 33 72 16 26 20 38 28 24 6 37 51 39 22 54 
37 13 26 30 20 26 8 18 22 52 9 5 7 24 8 
61 11 50 6 4 2 16 6 2 28 15 29 17 0 32 
63 13 52 4 6 0 18 8 4 26 17 31 19 2 34 
13 37 2 54 44 50 32 42 46 76 33 19 31 48 16 
80 30 69 13 23 17 35 25 21 9 34 48 36 19 51 
17 33 6 50 40 46 28 38 42 72 29 15 27 44 12 
86 36 75 19 29 23 41 31 27 3 40 54 42 25 57 
75 25 64 8 18 12 30 20 16 14 29 43 31 14 46 
7 57 18 74 64 70 52 62 66 96 53 39 51 68 36 

52 33 15 14 33 41 7 37 26 48 46 29 49 55 18 
21 2 16 45 2 10 24 6 57 17 15 2 18 24 13 
79 60 42 13 60 68 34 64 1 75 73 56 76 82 45 
4 15 33 62 15 7 41 11 74 0 2 19 1 7 30 
3 22 40 69 22 14 48 18 81 7 9 26 6 0 37 
75 56 38 9 56 64 30 60 3 71 69 52 72 78 41 
29 10 8 37 10 18 16 14 49 25 23 6 26 32 5 
53 34 16 13 34 42 8 38 25 49 47 30 50 56 19 
55 36 18 11 36 44 10 40 23 51 49 32 52 58 21 
5 14 32 61 14 6 40 10 73 1 1 18 2 8 29 
72 53 35 6 53 61 27 57 6 68 66 49 69 75 38 
9 10 28 57 10 2 36 6 69 5 3 14 6 12 25 
78 59 41 12 59 67 33 63 0 74 72 55 75 81 44 
67 48 30 1 48 56 22 52 11 63 61 44 64 70 33 
15 34 52 81 34 26 60 30 93 19 21 38 18 12 49 

37 29 4 22 12 35 8 28 65 52 55 32 20 31 28 
6 2 27 9 19 4 23 3 34 21 24 63 11 62 59 
64 56 31 49 39 62 35 55 92 79 82 5 47 4 1 
11 19 44 26 36 13 40 20 17 4 7 80 28 79 76 
18 26 51 33 43 20 47 27 10 3 0 87 35 86 83 
60 52 27 45 35 58 31 51 88 75 78 9 43 8 5 
14 6 19 1 11 12 15 5 42 29 32 55 3 54 51 
38 30 5 23 13 36 9 29 66 53 56 31 21 30 27 
40 32 7 25 15 38 11 31 68 55 58 29 23 28 25 
10 18 43 25 35 12 39 19 18 5 8 79 27 78 75 
57 49 24 42 32 55 28 48 85 72 75 12 40 11 8 
6 14 39 21 31 8 35 15 22 9 12 75 23 74 71 
63 55 30 48 38 61 34 54 91 78 81 6 46 5 2 
52 44 19 37 27 50 23 43 80 67 70 17 35 16 13 
30 38 63 45 55 32 59 39 2 15 12 99 47 98 95 

15 46 19 17 66 65 15 24 29 31 17 39 32 11 24 
16 15 50 14 35 34 46 55 60 62 48 8 1 42 55 
42 73 8 44 93 92 12 3 2 4 10 66 59 16 3 
33 2 67 31 18 17 63 72 77 79 65 9 16 59 72 
40 9 74 38 11 10 70 79 84 86 72 16 23 66 79 
38 69 4 40 89 88 8 1 6 8 6 62 55 12 1 
8 23 42 6 43 42 38 47 52 54 40 16 9 34 47 
16 47 18 18 67 66 14 23 28 30 16 40 33 10 23 
18 49 16 20 69 68 12 21 26 28 14 42 35 8 21 
32 1 66 30 19 18 62 71 76 78 64 8 15 58 71 
35 66 1 37 86 85 5 4 9 11 3 59 52 9 4 
28 3 62 26 23 22 58 67 72 74 60 4 11 54 67 
41 72 7 43 92 91 11 2 3 5 9 65 58 15 2 
30 61 4 32 81 80 0 9 14 16 2 54 47 4 9 
52 21 86 50 1 2 82 91 96 98 84 28 35 78 91 

11 29 55 44 19 33 13 50 42 34 62 54 12 49 29 
42 2 24 13 12 2 18 19 11 3 31 23 43 18 2 
16 56 82 71 46 60 40 77 69 61 89 81 15 76 56 
59 19 7 4 29 15 35 2 6 14 14 6 60 1 19 
66 26 0 11 36 22 42 5 13 21 7 1 67 6 26 
12 52 78 67 42 56 36 73 65 57 85 77 11 72 52 
34 6 32 21 4 10 10 27 19 11 39 31 35 26 6 
10 30 56 45 20 34 14 51 43 35 63 55 11 50 30 
8 32 58 47 22 36 16 53 45 37 65 57 9 52 32 
58 18 8 3 28 14 34 3 5 13 15 7 59 2 18 
9 49 75 64 39 53 33 70 62 54 82 74 8 69 49 
54 14 12 1 24 10 30 7 1 9 19 11 55 6 14 
15 55 81 70 45 59 39 76 68 60 88 80 14 75 55 
4 44 70 59 34 48 28 65 57 49 77 69 3 64 44 
78 38 12 23 48 34 54 17 25 33 5 13 79 18 38 

48 15 13 58 25 26 31 30 21 46 50 14 24 29 18 
14 49 47 24 59 8 3 4 55 12 16 20 10 5 16 
26 37 35 36 47 4 9 8 43 24 28 8 2 7 4 
51 12 10 61 22 29 34 33 18 49 53 17 27 32 21 
77 14 16 87 4 55 60 59 8 75 79 43 53 58 47 
3 60 58 13 70 19 14 15 66 1 5 31 21 16 27 
74 11 13 84 1 52 57 56 5 72 76 40 50 55 44 
27 36 34 37 46 5 10 9 42 25 29 7 3 8 3 
35 28 26 45 38 13 18 17 34 33 37 1 11 16 5 
21 42 40 31 52 1 4 3 48 19 23 13 3 2 9 
14 49 47 24 59 8 3 4 55 12 16 20 10 5 16 
11 52 50 21 62 11 6 7 58 9 13 23 13 8 19 
32 31 29 42 41 10 15 14 37 30 34 2 8 13 2 
40 23 21 50 33 18 23 22 29 38 42 6 16 21 10 
51 12 10 61 22 29 34 33 18 49 53 17 27 32 21 

9 25 6 19 42 23 8 22 33 15 51 51 32 39 8 
43 9 40 53 8 57 26 56 1 49 17 17 2 5 26 
31 3 28 41 20 45 14 44 11 37 29 29 10 17 14 
6 28 3 16 45 20 11 19 36 12 54 54 35 42 11 
20 54 23 10 71 6 37 7 62 14 80 80 61 68 37 
54 20 51 64 3 68 37 67 12 60 6 6 13 6 37 
17 51 20 7 68 3 34 4 59 11 77 77 58 65 34 
30 4 27 40 21 44 13 43 12 36 30 30 11 18 13 
22 12 19 32 29 36 5 35 20 28 38 38 19 26 5 
36 2 33 46 15 50 19 49 6 42 24 24 5 12 19 
43 9 40 53 8 57 26 56 1 49 17 17 2 5 26 
46 12 43 56 5 60 29 59 4 52 14 14 5 2 29 
25 9 22 35 26 39 8 38 17 31 35 35 16 23 8 
17 17 14 27 34 31 0 30 25 23 43 43 24 31 0 
6 28 3 16 45 20 11 19 36 12 54 54 35 42 11 

23 15 29 3 22 47 5 58 3 25 10 45 6 18 61 
57 49 5 37 12 13 29 24 37 9 44 11 40 52 27 
45 37 7 25 0 25 17 36 25 3 32 23 28 40 39 
20 12 32 0 25 50 8 61 0 28 7 48 3 15 64 
6 14 58 26 51 76 34 87 26 54 19 74 23 11 90 
68 60 16 48 23 2 40 13 48 20 55 0 51 63 16 
3 11 55 23 48 73 31 84 23 51 16 71 20 8 87 
44 36 8 24 1 26 16 37 24 4 31 24 27 39 40 
36 28 16 16 9 34 8 45 16 12 23 32 19 31 48 
50 42 2 30 5 20 22 31 30 2 37 18 33 45 34 
57 49 5 37 12 13 29 24 37 9 44 11 40 52 27 
60 52 8 40 15 10 32 21 40 12 47 8 43 55 24 
39 31 13 19 6 31 11 42 19 9 26 29 22 34 45 
31 23 21 11 14 39 3 50 11 17 18 37 14 26 53 
20 12 32 0 25 50 8 61 0 28 7 48 3 15 64 

16 45 19 18 9 15 59 49 25 41 11 25 32 23 5 
18 11 53 52 43 19 25 15 9 7 23 59 2 57 29 
6 23 41 40 31 7 37 27 3 19 11 47 10 45 17 
19 48 16 15 6 18 62 52 28 44 14 22 35 20 8 
45 74 10 11 20 44 88 78 54 70 40 4 61 6 34 
29 0 64 63 54 30 14 4 20 4 34 70 13 68 40 
42 71 7 8 17 41 85 75 51 67 37 1 58 3 31 
5 24 40 39 30 6 38 28 4 20 10 46 11 44 16 
3 32 32 31 22 2 46 36 12 28 2 38 19 36 8 
11 18 46 45 36 12 32 22 2 14 16 52 5 50 22 
18 11 53 52 43 19 25 15 9 7 23 59 2 57 29 
21 8 56 55 46 22 22 12 12 4 26 62 5 60 32 
0 29 35 34 25 1 43 33 9 25 5 41 16 39 11 
8 37 27 26 17 7 51 41 17 33 3 33 24 31 3 
19 48 16 15 6 18 62 52 28 44 14 22 35 20 8 

54 4 43 13 3 9 9 1 5 35 8 22 10 7 25 
20 30 9 47 37 43 25 35 39 69 26 12 24 41 9 
32 18 21 35 25 31 13 23 27 57 14 0 12 29 3 
57 7 46 10 0 6 12 2 2 32 11 25 13 4 28 
83 33 72 16 26 20 38 28 24 6 37 51 39 22 54 
9 41 2 58 48 54 36 46 50 80 37 23 35 52 20 
80 30 69 13 23 17 35 25 21 9 34 48 36 19 51 
33 17 22 34 24 30 12 22 26 56 13 1 11 28 4 
41 9 30 26 16 22 4 14 18 48 5 9 3 20 12 
27 23 16 40 30 36 18 28 32 62 19 5 17 34 2 
20 30 9 47 37 43 25 35 39 69 26 12 24 41 9 
17 33 6 50 40 46 28 38 42 72 29 15 27 44 12 
38 12 27 29 19 25 7 17 21 51 8 6 6 23 9 
46 4 35 21 11 17 1 9 13 43 0 14 2 15 17 
57 7 46 10 0 6 12 2 2 32 11 25 13 4 28 

46 27 9 20 27 35 1 31 32 42 40 23 43 49 12 
12 7 25 54 7 1 33 3 66 8 6 11 9 15 22 
24 5 13 42 5 13 21 9 54 20 18 1 21 27 10 
49 30 12 17 30 38 4 34 29 45 43 26 46 52 15 
75 56 38 9 56 64 30 60 3 71 69 52 72 78 41 
1 18 36 65 18 10 44 14 77 3 5 22 2 4 33 
72 53 35 6 53 61 27 57 6 68 66 49 69 75 38 
25 6 12 41 6 14 20 10 53 21 19 2 22 28 9 
33 14 4 33 14 22 12 18 45 29 27 10 30 36 1 
19 0 18 47 0 8 26 4 59 15 13 4 16 22 15 
12 7 25 54 7 1 33 3 66 8 6 11 9 15 22 
9 10 28 57 10 2 36 6 69 5 3 14 6 12 25 
30 11 7 36 11 19 15 15 48 26 24 7 27 33 4 
38 19 1 28 19 27 7 23 40 34 32 15 35 41 4 
49 30 12 17 30 38 4 34 29 45 43 26 46 52 15 

31 23 2 16 6 29 2 22 59 46 49 38 14 37 34 
3 11 36 18 28 5 32 12 25 12 15 72 20 71 68 
9 1 24 6 16 7 20 0 37 24 27 60 8 59 56 
34 26 1 19 9 32 5 25 62 49 52 35 17 34 31 
60 52 27 45 35 58 31 51 88 75 78 9 43 8 5 
14 22 47 29 39 16 43 23 14 1 4 83 31 82 79 
57 49 24 42 32 55 28 48 85 72 75 12 40 11 8 
10 2 23 5 15 8 19 1 38 25 28 59 7 58 55 
18 10 15 3 7 16 11 9 46 33 36 51 1 50 47 
4 4 29 11 21 2 25 5 32 19 22 65 13 64 61 
3 11 36 18 28 5 32 12 25 12 15 72 20 71 68 
6 14 39 21 31 8 35 15 22 9 12 75 23 74 71 
15 7 18 0 10 13 14 6 43 30 33 54 2 53 50 
23 15 10 8 2 21 6 14 51 38 41 46 6 45 42 
34 26 1 19 9 32 5 25 62 49 52 35 17 34 31 

9 40 25 11 60 59 21 30 35 37 23 33 26 17 30 
25 6 59 23 26 25 55 64 69 71 57 1 8 51 64 
13 18 47 11 38 37 43 52 57 59 45 11 4 39 52 
12 43 22 14 63 62 18 27 32 34 20 36 29 14 27 
38 69 4 40 89 88 8 1 6 8 6 62 55 12 1 
36 5 70 34 15 14 66 75 80 82 68 12 19 62 75 
35 66 1 37 86 85 5 4 9 11 3 59 52 9 4 
12 19 46 10 39 38 42 51 56 58 44 12 5 38 51 
4 27 38 2 47 46 34 43 48 50 36 20 13 30 43 
18 13 52 16 33 32 48 57 62 64 50 6 1 44 57 
25 6 59 23 26 25 55 64 69 71 57 1 8 51 64 
28 3 62 26 23 22 58 67 72 74 60 4 11 54 67 
7 24 41 5 44 43 37 46 51 53 39 17 10 33 46 
1 32 33 3 52 51 29 38 43 45 31 25 18 25 38 
12 43 22 14 63 62 18 27 32 34 20 36 29 14 27 

17 23 49 38 13 27 7 44 36 28 56 48 18 43 23 
51 11 15 4 21 7 27 10 2 6 22 14 52 9 11 
39 1 27 16 9 5 15 22 14 6 34 26 40 21 1 
14 26 52 41 16 30 10 47 39 31 59 51 15 46 26 
12 52 78 67 42 56 36 73 65 57 85 77 11 72 52 
62 22 4 7 32 18 38 1 9 17 11 3 63 2 22 
9 49 75 64 39 53 33 70 62 54 82 74 8 69 49 
38 2 28 17 8 6 14 23 15 7 35 27 39 22 2 
30 10 36 25 0 14 6 31 23 15 43 35 31 30 10 
44 4 22 11 14 0 20 17 9 1 29 21 45 16 4 
51 11 15 4 21 7 27 10 2 6 22 14 52 9 11 
54 14 12 1 24 10 30 7 1 9 19 11 55 6 14 
33 7 33 22 3 11 9 28 20 12 40 32 34 27 7 
25 15 41 30 5 19 1 36 28 20 48 40 26 35 15 
14 26 52 41 16 30 10 47 39 31 59 51 15 46 26 

57 23 54 67 6 71 40 70 15 63 3 3 16 9 40 
6 40 9 4 57 8 23 7 48 0 66 66 47 54 23 
4 38 7 6 55 10 21 9 46 2 64 64 45 52 21 
67 33 64 77 16 81 50 80 25 73 7 7 26 19 50 
16 50 19 6 67 2 33 3 58 10 76 76 57 64 33 
35 1 32 45 16 49 18 48 7 41 25 25 6 13 18 
40 6 37 50 11 54 23 53 2 46 20 20 1 8 23 
39 5 36 49 12 53 22 52 3 45 21 21 2 9 22 
12 46 15 2 63 2 29 1 54 6 72 72 53 60 29 
55 21 52 65 4 69 38 68 13 61 5 5 14 7 38 
59 25 56 69 8 73 42 72 17 65 1 1 18 11 42 
23 11 20 33 28 37 6 36 19 29 37 37 18 25 6 
33 1 30 43 18 47 16 46 9 39 27 27 8 15 16 
38 4 35 48 13 52 21 51 4 44 22 22 3 10 21 
27 7 24 37 24 41 10 40 15 33 33 33 14 21 10 

71 63 19 51 26 1 43 10 51 23 58 3 54 66 13 
8 0 44 12 37 62 20 73 12 40 5 60 9 3 76 
10 2 42 10 35 60 18 71 10 38 3 58 7 5 74 
81 73 29 61 36 11 53 0 61 33 68 13 64 76 3 
2 10 54 22 47 72 30 83 22 50 15 70 19 7 86 
49 41 3 29 4 21 21 32 29 1 36 19 32 44 35 
54 46 2 34 9 16 26 27 34 6 41 14 37 49 30 
53 45 1 33 8 17 25 28 33 5 40 15 36 48 31 
2 6 50 18 43 68 26 79 18 46 11 66 15 3 82 
69 61 17 49 24 1 41 12 49 21 56 1 52 64 15 
73 65 21 53 28 3 45 8 53 25 60 5 56 68 11 
37 29 15 17 8 33 9 44 17 11 24 31 20 32 47 
47 39 5 27 2 23 19 34 27 1 34 21 30 42 37 
52 44 0 32 7 18 24 29 32 4 39 16 35 47 32 
41 33 11 21 4 29 13 40 21 7 28 27 24 36 43 

32 3 67 66 57 33 11 1 23 7 37 73 16 71 43 
31 60 4 3 6 30 74 64 40 56 26 10 47 8 20 
29 58 6 5 4 28 72 62 38 54 24 12 45 10 18 
42 13 77 76 67 43 1 9 33 17 47 83 26 81 53 
41 70 6 7 16 40 84 74 50 66 36 0 57 2 30 
10 19 45 44 35 11 33 23 1 15 15 51 6 49 21 
15 14 50 49 40 16 28 18 6 10 20 56 1 54 26 
14 15 49 48 39 15 29 19 5 11 19 55 2 53 25 
37 66 2 3 12 36 80 70 46 62 32 4 53 2 26 
30 1 65 64 55 31 13 3 21 5 35 71 14 69 41 
34 5 69 68 59 35 9 1 25 9 39 75 18 73 45 
2 31 33 32 23 1 45 35 11 27 3 39 18 37 9 
8 21 43 42 33 9 35 25 1 17 13 49 8 47 19 
13 16 48 47 38 14 30 20 4 12 18 54 3 52 24 
2 27 37 36 27 3 41 31 7 23 7 43 14 41 13 

6 44 5 61 51 57 39 49 53 83 40 26 38 55 23 
69 19 58 2 12 6 24 14 10 20 23 37 25 8 40 
67 17 56 0 10 4 22 12 8 22 21 35 23 6 38 
4 54 15 71 61 67 49 59 63 93 50 36 48 65 33 
79 29 68 12 22 16 34 24 20 10 33 47 35 18 50 
28 22 17 39 29 35 17 27 31 61 18 4 16 33 1 
23 27 12 44 34 40 22 32 36 66 23 9 21 38 6 
24 26 13 43 33 39 21 31 35 65 22 8 20 37 5 
75 25 64 8 18 12 30 20 16 14 29 43 31 14 46 
8 42 3 59 49 55 37 47 51 81 38 24 36 53 21 
4 46 7 63 53 59 41 51 55 85 42 28 40 57 25 
40 10 29 27 17 23 5 15 19 49 6 8 4 21 11 
30 20 19 37 27 33 15 25 29 59 16 2 14 31 1 
25 25 14 42 32 38 20 30 34 64 21 7 19 36 4 
36 14 25 31 21 27 9 19 23 53 10 4 8 25 7 

2 21 39 68 21 13 47 17 80 6 8 25 5 1 36 
61 42 24 5 42 50 16 46 17 57 55 38 58 64 27 
59 40 22 7 40 48 14 44 19 55 53 36 56 62 25 
12 31 49 78 31 23 57 27 90 16 18 35 15 9 46 
71 52 34 5 52 60 26 56 7 67 65 48 68 74 37 
20 1 17 46 1 9 25 5 58 16 14 3 17 23 14 
15 4 22 51 4 4 30 0 63 11 9 8 12 18 19 
16 3 21 50 3 5 29 1 62 12 10 7 13 19 18 
67 48 30 1 48 56 22 52 11 63 61 44 64 70 33 
0 19 37 66 19 11 45 15 78 4 6 23 3 3 34 
4 23 41 70 23 15 49 19 82 8 10 27 7 1 38 
32 13 5 34 13 21 13 17 46 28 26 9 29 35 2 
22 3 15 44 3 11 23 7 56 18 16 1 19 25 12 
17 2 20 49 2 6 28 2 61 13 11 6 14 20 17 
28 9 9 38 9 17 17 13 50 24 22 5 25 31 6 

17 25 50 32 42 19 46 26 11 2 1 86 34 85 82 
46 38 13 31 21 44 17 37 74 61 64 23 29 22 19 
44 36 11 29 19 42 15 35 72 59 62 25 27 24 21 
27 35 60 42 52 29 56 36 1 12 9 96 44 95 92 
56 48 23 41 31 54 27 47 84 71 74 13 39 12 9 
5 3 28 10 20 3 24 4 33 20 23 64 12 63 60 
0 8 33 15 25 2 29 9 28 15 18 69 17 68 65 
1 7 32 14 24 1 28 8 29 16 19 68 16 67 64 
52 44 19 37 27 50 23 43 80 67 70 17 35 16 13 
15 23 48 30 40 17 44 24 13 0 3 84 32 83 80 
19 27 52 34 44 21 48 28 9 4 1 88 36 87 84 
17 9 16 2 8 15 12 8 45 32 35 52 0 51 48 
7 1 26 8 18 5 22 2 35 22 25 62 10 61 58 
2 6 31 13 23 0 27 7 30 17 20 67 15 66 63 
13 5 20 2 12 11 16 4 41 28 31 56 4 55 52 

39 8 73 37 12 11 69 78 83 85 71 15 22 65 78 
24 55 10 26 75 74 6 15 20 22 8 48 41 2 15 
22 53 12 24 73 72 8 17 22 24 10 46 39 4 17 
49 18 83 47 2 1 79 88 93 95 81 25 32 75 88 
34 65 0 36 85 84 4 5 10 12 2 58 51 8 5 
17 14 51 15 34 33 47 56 61 63 49 7 0 43 56 
22 9 56 20 29 28 52 61 66 68 54 2 5 48 61 
21 10 55 19 30 29 51 60 65 67 53 3 4 47 60 
30 61 4 32 81 80 0 9 14 16 2 54 47 4 9 
37 6 71 35 14 13 67 76 81 83 69 13 20 63 76 
41 10 75 39 10 9 71 80 85 87 73 17 24 67 80 
5 26 39 3 46 45 35 44 49 51 37 19 12 31 44 
15 16 49 13 36 35 45 54 59 61 47 9 2 41 54 
20 11 54 18 31 30 50 59 64 66 52 4 3 46 59 
9 22 43 7 42 41 39 48 53 55 41 15 8 35 48 

65 25 1 10 35 21 41 4 12 20 8 0 66 5 25 
2 38 64 53 28 42 22 59 51 43 71 63 3 58 38 
4 36 62 51 26 40 20 57 49 41 69 61 5 56 36 
75 35 9 20 45 31 51 14 22 30 2 10 76 15 35 
8 48 74 63 38 52 32 69 61 53 81 73 7 68 48 
43 3 23 12 13 1 19 18 10 2 30 22 44 17 3 
48 8 18 7 18 4 24 13 5 3 25 17 49 12 8 
47 7 19 8 17 3 23 14 6 2 26 18 48 13 7 
4 44 70 59 34 48 28 65 57 49 77 69 3 64 44 
63 23 3 8 33 19 39 2 10 18 10 2 64 3 23 
67 27 1 12 37 23 43 6 14 22 6 2 68 7 27 
31 9 35 24 1 13 7 30 22 14 42 34 32 29 9 
41 1 25 14 11 3 17 20 12 4 32 24 42 19 1 
46 6 20 9 16 2 22 15 7 1 27 19 47 14 6 
35 5 31 20 5 9 11 26 18 10 38 30 36 25 5 

14 6 38 6 31 56 14 67 6 34 1 54 3 9 70 
48 40 4 28 3 22 20 33 28 0 35 20 31 43 36 
17 9 35 3 28 53 11 64 3 31 4 51 0 12 67 
4 4 48 16 41 66 24 77 16 44 9 64 13 1 80 
65 57 13 45 20 5 37 16 45 17 52 3 48 60 19 
0 8 52 20 45 70 28 81 20 48 13 68 17 5 84 
31 23 21 11 14 39 3 50 11 17 18 37 14 26 53 
1 7 51 19 44 69 27 80 19 47 12 67 16 4 83 
56 48 4 36 11 14 28 25 36 8 43 12 39 51 28 
8 0 44 12 37 62 20 73 12 40 5 60 9 3 76 
74 66 22 54 29 4 46 7 54 26 61 6 57 69 10 
74 66 22 54 29 4 46 7 54 26 61 6 57 69 10 
55 47 3 35 10 15 27 26 35 7 42 13 38 50 29 
62 54 10 42 17 8 34 19 42 14 49 6 45 57 22 
31 23 21 11 14 39 3 50 11 17 18 37 14 26 53 

25 54 10 9 0 24 68 58 34 50 20 16 41 14 14 
9 20 44 43 34 10 34 24 0 16 14 50 7 48 20 
22 51 13 12 3 21 65 55 31 47 17 19 38 17 11 
35 64 0 1 10 34 78 68 44 60 30 6 51 4 24 
26 3 61 60 51 27 17 7 17 1 31 67 10 65 37 
39 68 4 5 14 38 82 72 48 64 34 2 55 0 28 
8 37 27 26 17 7 51 41 17 33 3 33 24 31 3 
38 67 3 4 13 37 81 71 47 63 33 3 54 1 27 
17 12 52 51 42 18 26 16 8 8 22 58 1 56 28 
31 60 4 3 6 30 74 64 40 56 26 10 47 8 20 
35 6 70 69 60 36 8 2 26 10 40 76 19 74 46 
35 6 70 69 60 36 8 2 26 10 40 76 19 74 46 
16 13 51 50 41 17 27 17 7 9 21 57 0 55 27 
23 6 58 57 48 24 20 10 14 2 28 64 7 62 34 
8 37 27 26 17 7 51 41 17 33 3 33 24 31 3 

63 13 52 4 6 0 18 8 4 26 17 31 19 2 34 
29 21 18 38 28 34 16 26 30 60 17 3 15 32 0 
60 10 49 7 3 3 15 5 1 29 14 28 16 1 31 
73 23 62 6 16 10 28 18 14 16 27 41 29 12 44 
12 38 1 55 45 51 33 43 47 77 34 20 32 49 17 
77 27 66 10 20 14 32 22 18 12 31 45 33 16 48 
46 4 35 21 11 17 1 9 13 43 0 14 2 15 17 
76 26 65 9 19 13 31 21 17 13 30 44 32 15 47 
21 29 10 46 36 42 24 34 38 68 25 11 23 40 8 
69 19 58 2 12 6 24 14 10 20 23 37 25 8 40 
3 47 8 64 54 60 42 52 56 86 43 29 41 58 26 
3 47 8 64 54 60 42 52 56 86 43 29 41 58 26 
22 28 11 45 35 41 23 33 37 67 24 10 22 39 7 
15 35 4 52 42 48 30 40 44 74 31 17 29 46 14 
46 4 35 21 11 17 1 9 13 43 0 14 2 15 17 

55 36 18 11 36 44 10 40 23 51 49 32 52 58 21 
21 2 16 45 2 10 24 6 57 17 15 2 18 24 13 
52 33 15 14 33 41 7 37 26 48 46 29 49 55 18 
65 46 28 1 46 54 20 50 13 61 59 42 62 68 31 
4 15 33 62 15 7 41 11 74 0 2 19 1 7 30 
69 50 32 3 50 58 24 54 9 65 63 46 66 72 35 
38 19 1 28 19 27 7 23 40 34 32 15 35 41 4 
68 49 31 2 49 57 23 53 10 64 62 45 65 71 34 
13 6 24 53 6 2 32 2 65 9 7 10 10 16 21 
61 42 24 5 42 50 16 46 17 57 55 38 58 64 27 
5 24 42 71 24 16 50 20 83 9 11 28 8 2 39 
5 24 42 71 24 16 50 20 83 9 11 28 8 2 39 
14 5 23 52 5 3 31 1 64 10 8 9 11 17 20 
7 12 30 59 12 4 38 8 71 3 1 16 4 10 27 
38 19 1 28 19 27 7 23 40 34 32 15 35 41 4 

40 32 7 25 15 38 11 31 68 55 58 29 23 28 25 
6 2 27 9 19 4 23 3 34 21 24 63 11 62 59 
37 29 4 22 12 35 8 28 65 52 55 32 20 31 28 
50 42 17 35 25 48 21 41 78 65 68 19 33 18 15 
11 19 44 26 36 13 40 20 17 4 7 80 28 79 76 
54 46 21 39 29 52 25 45 82 69 72 15 37 14 11 
23 15 10 8 2 21 6 14 51 38 41 46 6 45 42 
53 45 20 38 28 51 24 44 81 68 71 16 36 15 12 
2 10 35 17 27 4 31 11 26 13 16 71 19 70 67 
46 38 13 31 21 44 17 37 74 61 64 23 29 22 19 
20 28 53 35 45 22 49 29 8 5 2 89 37 88 85 
20 28 53 35 45 22 49 29 8 5 2 89 37 88 85 
1 9 34 16 26 3 30 10 27 14 17 70 18 69 66 
8 16 41 23 33 10 37 17 20 7 10 77 25 76 73 
23 15 10 8 2 21 6 14 51 38 41 46 6 45 42 

18 49 16 20 69 68 12 21 26 28 14 42 35 8 21 
16 15 50 14 35 34 46 55 60 62 48 8 1 42 55 
15 46 19 17 66 65 15 24 29 31 17 39 32 11 24 
28 59 6 30 79 78 2 11 16 18 4 52 45 2 11 
33 2 67 31 18 17 63 72 77 79 65 9 16 59 72 
32 63 2 34 83 82 2 7 12 14 0 56 49 6 7 
1 32 33 3 52 51 29 38 43 45 31 25 18 25 38 
31 62 3 33 82 81 1 8 13 15 1 55 48 5 8 
24 7 58 22 27 26 54 63 68 70 56 0 7 50 63 
24 55 10 26 75 74 6 15 20 22 8 48 41 2 15 
42 11 76 40 9 8 72 81 86 88 74 18 25 68 81 
42 11 76 40 9 8 72 81 86 88 74 18 25 68 81 
23 8 57 21 28 27 53 62 67 69 55 1 6 49 62 
30 1 64 28 21 20 60 69 74 76 62 6 13 56 69 
1 32 33 3 52 51 29 38 43 45 31 25 18 25 38 

8 32 58 47 22 36 16 53 45 37 65 57 9 52 32 
42 2 24 13 12 2 18 19 11 3 31 23 43 18 2 
11 29 55 44 19 33 13 50 42 34 62 54 12 49 29 
2 42 68 57 32 46 26 63 55 47 75 67 1 62 42 
59 19 7 4 29 15 35 2 6 14 14 6 60 1 19 
6 46 72 61 36 50 30 67 59 51 79 71 5 66 46 
25 15 41 30 5 19 1 36 28 20 48 40 26 35 15 
5 45 71 60 35 49 29 66 58 50 78 70 4 65 45 
50 10 16 5 20 6 26 11 3 5 23 15 51 10 10 
2 38 64 53 28 42 22 59 51 43 71 63 3 58 38 
68 28 2 13 38 24 44 7 15 23 5 3 69 8 28 
68 28 2 13 38 24 44 7 15 23 5 3 69 8 28 
49 9 17 6 19 5 25 12 4 4 24 16 50 11 9 
56 16 10 1 26 12 32 5 3 11 17 9 57 4 16 
25 15 41 30 5 19 1 36 28 20 48 40 26 35 15 

39 68 4 5 14 38 82 72 48 64 34 2 55 0 28 
31 60 4 3 6 30 74 64 40 56 26 10 47 8 20 
13 16 48 47 38 14 30 20 4 12 18 54 3 52 24 
19 48 16 15 6 18 62 52 28 44 14 22 35 20 8 
6 23 41 40 31 7 37 27 3 19 11 47 10 45 17 
31 2 66 65 56 32 12 2 22 6 36 72 15 70 42 
11 40 24 23 14 10 54 44 20 36 6 30 27 28 0 
42 13 77 76 67 43 1 9 33 17 47 83 26 81 53 
19 48 16 15 6 18 62 52 28 44 14 22 35 20 8 
9 20 44 43 34 10 34 24 0 16 14 50 7 48 20 
26 55 9 8 1 25 69 59 35 51 21 15 42 13 15 
29 0 64 63 54 30 14 4 20 4 34 70 13 68 40 
22 51 13 12 3 21 65 55 31 47 17 19 38 17 11 
34 63 1 0 9 33 77 67 43 59 29 7 50 5 23 
45 16 80 79 70 46 2 12 36 20 50 86 29 84 56 

77 27 66 10 20 14 32 22 18 12 31 45 33 16 48 
69 19 58 2 12 6 24 14 10 20 23 37 25 8 40 
25 25 14 42 32 38 20 30 34 64 21 7 19 36 4 
57 7 46 10 0 6 12 2 2 32 11 25 13 4 28 
32 18 21 35 25 31 13 23 27 57 14 0 12 29 3 
7 43 4 60 50 56 38 48 52 82 39 25 37 54 22 
49 1 38 18 8 14 4 6 10 40 3 17 5 12 20 
4 54 15 71 61 67 49 59 63 93 50 36 48 65 33 
57 7 46 10 0 6 12 2 2 32 11 25 13 4 28 
29 21 18 38 28 34 16 26 30 60 17 3 15 32 0 
64 14 53 3 7 1 19 9 5 25 18 32 20 3 35 
9 41 2 58 48 54 36 46 50 80 37 23 35 52 20 
60 10 49 7 3 3 15 5 1 29 14 28 16 1 31 
72 22 61 5 15 9 27 17 13 17 26 40 28 11 43 
7 57 18 74 64 70 52 62 66 96 53 39 51 68 36 

69 50 32 3 50 58 24 54 9 65 63 46 66 72 35 
61 42 24 5 42 50 16 46 17 57 55 38 58 64 27 
17 2 20 49 2 6 28 2 61 13 11 6 14 20 17 
49 30 12 17 30 38 4 34 29 45 43 26 46 52 15 
24 5 13 42 5 13 21 9 54 20 18 1 21 27 10 
1 20 38 67 20 12 46 16 79 5 7 24 4 2 35 
41 22 4 25 22 30 4 26 37 37 35 18 38 44 7 
12 31 49 78 31 23 57 27 90 16 18 35 15 9 46 
49 30 12 17 30 38 4 34 29 45 43 26 46 52 15 
21 2 16 45 2 10 24 6 57 17 15 2 18 24 13 
56 37 19 10 37 45 11 41 22 52 50 33 53 59 22 
1 18 36 65 18 10 44 14 77 3 5 22 2 4 33 
52 33 15 14 33 41 7 37 26 48 46 29 49 55 18 
64 45 27 2 45 53 19 49 14 60 58 41 61 67 30 
15 34 52 81 34 26 60 30 93 19 21 38 18 12 49 

54 46 21 39 29 52 25 45 82 69 72 15 37 14 11 
46 38 13 31 21 44 17 37 74 61 64 23 29 22 19 
2 6 31 13 23 0 27 7 30 17 20 67 15 66 63 
34 26 1 19 9 32 5 25 62 49 52 35 17 34 31 
9 1 24 6 16 7 20 0 37 24 27 60 8 59 56 
16 24 49 31 41 18 45 25 12 1 2 85 33 84 81 
26 18 7 11 1 24 3 17 54 41 44 43 9 42 39 
27 35 60 42 52 29 56 36 1 12 9 96 44 95 92 
34 26 1 19 9 32 5 25 62 49 52 35 17 34 31 
6 2 27 9 19 4 23 3 34 21 24 63 11 62 59 
41 33 8 26 16 39 12 32 69 56 59 28 24 27 24 
14 22 47 29 39 16 43 23 14 1 4 83 31 82 79 
37 29 4 22 12 35 8 28 65 52 55 32 20 31 28 
49 41 16 34 24 47 20 40 77 64 67 20 32 19 16 
30 38 63 45 55 32 59 39 2 15 12 99 47 98 95 

32 63 2 34 83 82 2 7 12 14 0 56 49 6 7 
24 55 10 26 75 74 6 15 20 22 8 48 41 2 15 
20 11 54 18 31 30 50 59 64 66 52 4 3 46 59 
12 43 22 14 63 62 18 27 32 34 20 36 29 14 27 
13 18 47 11 38 37 43 52 57 59 45 11 4 39 52 
38 7 72 36 13 12 68 77 82 84 70 14 21 64 77 
4 35 30 6 55 54 26 35 40 42 28 28 21 22 35 
49 18 83 47 2 1 79 88 93 95 81 25 32 75 88 
12 43 22 14 63 62 18 27 32 34 20 36 29 14 27 
16 15 50 14 35 34 46 55 60 62 48 8 1 42 55 
19 50 15 21 70 69 11 20 25 27 13 43 36 7 20 
36 5 70 34 15 14 66 75 80 82 68 12 19 62 75 
15 46 19 17 66 65 15 24 29 31 17 39 32 11 24 
27 58 7 29 78 77 3 12 17 19 5 51 44 1 12 
52 21 86 50 1 2 82 91 96 98 84 28 35 78 91 

6 46 72 61 36 50 30 67 59 51 79 71 5 66 46 
2 38 64 53 28 42 22 59 51 43 71 63 3 58 38 
46 6 20 9 16 2 22 15 7 1 27 19 47 14 6 
14 26 52 41 16 30 10 47 39 31 59 51 15 46 26 
39 1 27 16 9 5 15 22 14 6 34 26 40 21 1 
64 24 2 9 34 20 40 3 11 19 9 1 65 4 24 
22 18 44 33 8 22 2 39 31 23 51 43 23 38 18 
75 35 9 20 45 31 51 14 22 30 2 10 76 15 35 
14 26 52 41 16 30 10 47 39 31 59 51 15 46 26 
42 2 24 13 12 2 18 19 11 3 31 23 43 18 2 
7 33 59 48 23 37 17 54 46 38 66 58 8 53 33 
62 22 4 7 32 18 38 1 9 17 11 3 63 2 22 
11 29 55 44 19 33 13 50 42 34 62 54 12 49 29 
1 41 67 56 31 45 25 62 54 46 74 66 0 61 41 
78 38 12 23 48 34 54 17 25 33 5 13 79 18 38 

38 12 27 29 19 25 7 17 21 51 8 6 6 23 9 
9 41 2 58 48 54 36 46 50 80 37 23 35 52 20 
73 23 62 6 16 10 28 18 14 16 27 41 29 12 44 
72 22 61 5 15 9 27 17 13 17 26 40 28 11 43 
63 13 52 4 6 0 18 8 4 26 17 31 19 2 34 
39 11 28 28 18 24 6 16 20 50 7 7 5 22 10 
5 55 16 72 62 68 50 60 64 94 51 37 49 66 34 
5 45 6 62 52 58 40 50 54 84 41 27 39 56 24 
29 21 18 38 28 34 16 26 30 60 17 3 15 32 0 
13 37 2 54 44 50 32 42 46 76 33 19 31 48 16 
43 7 32 24 14 20 2 12 16 46 3 11 1 18 14 
79 29 68 12 22 16 34 24 20 10 33 47 35 18 50 
22 28 11 45 35 41 23 33 37 67 24 10 22 39 7 
77 27 66 10 20 14 32 22 18 12 31 45 33 16 48 
49 1 38 18 8 14 4 6 10 40 3 17 5 12 20 

30 11 7 36 11 19 15 15 48 26 24 7 27 33 4 
1 18 36 65 18 10 44 14 77 3 5 22 2 4 33 
65 46 28 1 46 54 20 50 13 61 59 42 62 68 31 
64 45 27 2 45 53 19 49 14 60 58 41 61 67 30 
55 36 18 11 36 44 10 40 23 51 49 32 52 58 21 
31 12 6 35 12 20 14 16 47 27 25 8 28 34 3 
13 32 50 79 32 24 58 28 91 17 19 36 16 10 47 
3 22 40 69 22 14 48 18 81 7 9 26 6 0 37 
21 2 16 45 2 10 24 6 57 17 15 2 18 24 13 
5 14 32 61 14 6 40 10 73 1 1 18 2 8 29 
35 16 2 31 16 24 10 20 43 31 29 12 32 38 1 
71 52 34 5 52 60 26 56 7 67 65 48 68 74 37 
14 5 23 52 5 3 31 1 64 10 8 9 11 17 20 
69 50 32 3 50 58 24 54 9 65 63 46 66 72 35 
41 22 4 25 22 30 4 26 37 37 35 18 38 44 7 

15 7 18 0 10 13 14 6 43 30 33 54 2 53 50 
14 22 47 29 39 16 43 23 14 1 4 83 31 82 79 
50 42 17 35 25 48 21 41 78 65 68 19 33 18 15 
49 41 16 34 24 47 20 40 77 64 67 20 32 19 16 
40 32 7 25 15 38 11 31 68 55 58 29 23 28 25 
16 8 17 1 9 14 13 7 44 31 34 53 1 52 49 
28 36 61 43 53 30 57 37 0 13 10 97 45 96 93 
18 26 51 33 43 20 47 27 10 3 0 87 35 86 83 
6 2 27 9 19 4 23 3 34 21 24 63 11 62 59 
10 18 43 25 35 12 39 19 18 5 8 79 27 78 75 
20 12 13 5 5 18 9 11 48 35 38 49 3 48 45 
56 48 23 41 31 54 27 47 84 71 74 13 39 12 9 
1 9 34 16 26 3 30 10 27 14 17 70 18 69 66 
54 46 21 39 29 52 25 45 82 69 72 15 37 14 11 
26 18 7 11 1 24 3 17 54 41 44 43 9 42 39 

7 24 41 5 44 43 37 46 51 53 39 17 10 33 46 
36 5 70 34 15 14 66 75 80 82 68 12 19 62 75 
28 59 6 30 79 78 2 11 16 18 4 52 45 2 11 
27 58 7 29 78 77 3 12 17 19 5 51 44 1 12 
18 49 16 20 69 68 12 21 26 28 14 42 35 8 21 
6 25 40 4 45 44 36 45 50 52 38 18 11 32 45 
50 19 84 48 1 0 80 89 94 96 82 26 33 76 89 
40 9 74 38 11 10 70 79 84 86 72 16 23 66 79 
16 15 50 14 35 34 46 55 60 62 48 8 1 42 55 
32 1 66 30 19 18 62 71 76 78 64 8 15 58 71 
2 29 36 0 49 48 32 41 46 48 34 22 15 28 41 
34 65 0 36 85 84 4 5 10 12 2 58 51 8 5 
23 8 57 21 28 27 53 62 67 69 55 1 6 49 62 
32 63 2 34 83 82 2 7 12 14 0 56 49 6 7 
4 35 30 6 55 54 26 35 40 42 28 28 21 22 35 

33 7 33 22 3 11 9 28 20 12 40 32 34 27 7 
62 22 4 7 32 18 38 1 9 17 11 3 63 2 22 
2 42 68 57 32 46 26 63 55 47 75 67 1 62 42 
1 41 67 56 31 45 25 62 54 46 74 66 0 61 41 
8 32 58 47 22 36 16 53 45 37 65 57 9 52 32 
32 8 34 23 2 12 8 29 21 13 41 33 33 28 8 
76 36 10 21 46 32 52 15 23 31 3 11 77 16 36 
66 26 0 11 36 22 42 5 13 21 7 1 67 6 26 
42 2 24 13 12 2 18 19 11 3 31 23 43 18 2 
58 18 8 3 28 14 34 3 5 13 15 7 59 2 18 
28 12 38 27 2 16 4 33 25 17 45 37 29 32 12 
8 48 74 63 38 52 32 69 61 53 81 73 7 68 48 
49 9 17 6 19 5 25 12 4 4 24 16 50 11 9 
6 46 72 61 36 50 30 67 59 51 79 71 5 66 46 
22 18 44 33 8 22 2 39 31 23 51 43 23 38 18 

8 27 45 74 27 19 53 23 86 12 14 31 11 5 42 
42 23 5 24 23 31 3 27 36 38 36 19 39 45 8 
3 16 34 63 16 8 42 12 75 1 3 20 0 6 31 
59 40 22 7 40 48 14 44 19 55 53 36 56 62 25 
49 30 12 17 30 38 4 34 29 45 43 26 46 52 15 
55 36 18 11 36 44 10 40 23 51 49 32 52 58 21 
37 18 0 29 18 26 8 22 41 33 31 14 34 40 3 
47 28 10 19 28 36 2 32 31 43 41 24 44 50 13 
51 32 14 15 32 40 6 36 27 47 45 28 48 54 17 
81 62 44 15 62 70 36 66 3 77 75 58 78 84 47 
38 19 1 28 19 27 7 23 40 34 32 15 35 41 4 
24 5 13 42 5 13 21 9 54 20 18 1 21 27 10 
36 17 1 30 17 25 9 21 42 32 30 13 33 39 2 
53 34 16 13 34 42 8 38 25 49 47 30 50 56 19 
21 2 16 45 2 10 24 6 57 17 15 2 18 24 13 

23 31 56 38 48 25 52 32 5 8 5 92 40 91 88 
27 19 6 12 2 25 2 18 55 42 45 42 10 41 38 
12 20 45 27 37 14 41 21 16 3 6 81 29 80 77 
44 36 11 29 19 42 15 35 72 59 62 25 27 24 21 
34 26 1 19 9 32 5 25 62 49 52 35 17 34 31 
40 32 7 25 15 38 11 31 68 55 58 29 23 28 25 
22 14 11 7 3 20 7 13 50 37 40 47 5 46 43 
32 24 1 17 7 30 3 23 60 47 50 37 15 36 33 
36 28 3 21 11 34 7 27 64 51 54 33 19 32 29 
66 58 33 51 41 64 37 57 94 81 84 3 49 2 1 
23 15 10 8 2 21 6 14 51 38 41 46 6 45 42 
9 1 24 6 16 7 20 0 37 24 27 60 8 59 56 
21 13 12 6 4 19 8 12 49 36 39 48 4 47 44 
38 30 5 23 13 36 9 29 66 53 56 31 21 30 27 
6 2 27 9 19 4 23 3 34 21 24 63 11 62 59 

45 14 79 43 6 5 75 84 89 91 77 21 28 71 84 
5 36 29 7 56 55 25 34 39 41 27 29 22 21 34 
34 3 68 32 17 16 64 73 78 80 66 10 17 60 73 
22 53 12 24 73 72 8 17 22 24 10 46 39 4 17 
12 43 22 14 63 62 18 27 32 34 20 36 29 14 27 
18 49 16 20 69 68 12 21 26 28 14 42 35 8 21 
0 31 34 2 51 50 30 39 44 46 32 24 17 26 39 
10 41 24 12 61 60 20 29 34 36 22 34 27 16 29 
14 45 20 16 65 64 16 25 30 32 18 38 31 12 25 
44 75 10 46 95 94 14 5 0 2 12 68 61 18 5 
1 32 33 3 52 51 29 38 43 45 31 25 18 25 38 
13 18 47 11 38 37 43 52 57 59 45 11 4 39 52 
1 30 35 1 50 49 31 40 45 47 33 23 16 27 40 
16 47 18 18 67 66 14 23 28 30 16 40 33 10 23 
16 15 50 14 35 34 46 55 60 62 48 8 1 42 55 

71 31 5 16 41 27 47 10 18 26 2 6 72 11 31 
21 19 45 34 9 23 3 40 32 24 52 44 22 39 19 
60 20 6 5 30 16 36 1 7 15 13 5 61 0 20 
4 36 62 51 26 40 20 57 49 41 69 61 5 56 36 
14 26 52 41 16 30 10 47 39 31 59 51 15 46 26 
8 32 58 47 22 36 16 53 45 37 65 57 9 52 32 
26 14 40 29 4 18 2 35 27 19 47 39 27 34 14 
16 24 50 39 14 28 8 45 37 29 57 49 17 44 24 
12 28 54 43 18 32 12 49 41 33 61 53 13 48 28 
18 58 84 73 48 62 42 79 71 63 91 83 17 78 58 
25 15 41 30 5 19 1 36 28 20 48 40 26 35 15 
39 1 27 16 9 5 15 22 14 6 34 26 40 21 1 
27 13 39 28 3 17 3 34 26 18 46 38 28 33 13 
10 30 56 45 20 34 14 51 43 35 63 55 11 50 30 
42 2 24 13 12 2 18 19 11 3 31 23 43 18 2 

15 23 48 30 40 17 44 24 13 0 3 84 32 83 80 
4 4 29 11 21 2 25 5 32 19 22 65 13 64 61 
22 14 11 7 3 20 7 13 50 37 40 47 5 46 43 
51 43 18 36 26 49 22 42 79 66 69 18 34 17 14 
4 4 29 11 21 2 25 5 32 19 22 65 13 64 61 
4 12 37 19 29 6 33 13 24 11 14 73 21 72 69 
30 22 3 15 5 28 1 21 58 45 48 39 13 38 35 
0 8 33 15 25 2 29 9 28 15 18 69 17 68 65 
63 55 30 48 38 61 34 54 91 78 81 6 46 5 2 
11 19 44 26 36 13 40 20 17 4 7 80 28 79 76 
9 17 42 24 34 11 38 18 19 6 9 78 26 77 74 
8 0 25 7 17 6 21 1 36 23 26 61 9 60 57 
12 20 45 27 37 14 41 21 16 3 6 81 29 80 77 
18 26 51 33 43 20 47 27 10 3 0 87 35 86 83 
19 11 14 4 6 17 10 10 47 34 37 50 2 49 46 

37 6 71 35 14 13 67 76 81 83 69 13 20 63 76 
18 13 52 16 33 32 48 57 62 64 50 6 1 44 57 
0 31 34 2 51 50 30 39 44 46 32 24 17 26 39 
29 60 5 31 80 79 1 10 15 17 3 53 46 3 10 
18 13 52 16 33 32 48 57 62 64 50 6 1 44 57 
26 5 60 24 25 24 56 65 70 72 58 2 9 52 65 
8 39 26 10 59 58 22 31 36 38 24 32 25 18 31 
22 9 56 20 29 28 52 61 66 68 54 2 5 48 61 
41 72 7 43 92 91 11 2 3 5 9 65 58 15 2 
33 2 67 31 18 17 63 72 77 79 65 9 16 59 72 
31 0 65 29 20 19 61 70 75 77 63 7 14 57 70 
14 17 48 12 37 36 44 53 58 60 46 10 3 40 53 
34 3 68 32 17 16 64 73 78 80 66 10 17 60 73 
40 9 74 38 11 10 70 79 84 86 72 16 23 66 79 
3 28 37 1 48 47 33 42 47 49 35 21 14 29 42 

63 23 3 8 33 19 39 2 10 18 10 2 64 3 23 
44 4 22 11 14 0 20 17 9 1 29 21 45 16 4 
26 14 40 29 4 18 2 35 27 19 47 39 27 34 14 
3 43 69 58 33 47 27 64 56 48 76 68 2 63 43 
44 4 22 11 14 0 20 17 9 1 29 21 45 16 4 
52 12 14 3 22 8 28 9 1 7 21 13 53 8 12 
18 22 48 37 12 26 6 43 35 27 55 47 19 42 22 
48 8 18 7 18 4 24 13 5 3 25 17 49 12 8 
15 55 81 70 45 59 39 76 68 60 88 80 14 75 55 
59 19 7 4 29 15 35 2 6 14 14 6 60 1 19 
57 17 9 2 27 13 33 4 4 12 16 8 58 3 17 
40 0 26 15 10 4 16 21 13 5 33 25 41 20 0 
60 20 6 5 30 16 36 1 7 15 13 5 61 0 20 
66 26 0 11 36 22 42 5 13 21 7 1 67 6 26 
29 11 37 26 1 15 5 32 24 16 44 36 30 31 11 

22 9 56 20 29 28 52 61 66 68 54 2 5 48 61 
14 17 48 12 37 36 44 53 58 60 46 10 3 40 53 
11 42 23 13 62 61 19 28 33 35 21 35 28 15 28 
7 24 41 5 44 43 37 46 51 53 39 17 10 33 46 
3 34 31 5 54 53 27 36 41 43 29 27 20 23 36 
20 11 54 18 31 30 50 59 64 66 52 4 3 46 59 
7 38 27 9 58 57 23 32 37 39 25 31 24 19 32 
13 18 47 11 38 37 43 52 57 59 45 11 4 39 52 
50 19 84 48 1 0 80 89 94 96 82 26 33 76 89 
37 6 71 35 14 13 67 76 81 83 69 13 20 63 76 
40 9 74 38 11 10 70 79 84 86 72 16 23 66 79 
47 78 13 49 98 97 17 8 3 1 15 71 64 21 8 
5 26 39 3 46 45 35 44 49 51 37 19 12 31 44 
46 77 12 48 97 96 16 7 2 0 14 70 63 20 7 
43 74 9 45 94 93 13 4 1 3 11 67 60 17 4 

48 8 18 7 18 4 24 13 5 3 25 17 49 12 8 
40 0 26 15 10 4 16 21 13 5 33 25 41 20 0 
15 25 51 40 15 29 9 46 38 30 58 50 16 45 25 
33 7 33 22 3 11 9 28 20 12 40 32 34 27 7 
23 17 43 32 7 21 1 38 30 22 50 42 24 37 17 
46 6 20 9 16 2 22 15 7 1 27 19 47 14 6 
19 21 47 36 11 25 5 42 34 26 54 46 20 41 21 
39 1 27 16 9 5 15 22 14 6 34 26 40 21 1 
76 36 10 21 46 32 52 15 23 31 3 11 77 16 36 
63 23 3 8 33 19 39 2 10 18 10 2 64 3 23 
66 26 0 11 36 22 42 5 13 21 7 1 67 6 26 
21 61 87 76 51 65 45 82 74 66 94 86 20 81 61 
31 9 35 24 1 13 7 30 22 14 42 34 32 29 9 
20 60 86 75 50 64 44 81 73 65 93 85 19 80 60 
17 57 83 72 47 61 41 78 70 62 90 82 16 77 57 

26 14 40 29 4 18 2 35 27 19 47 39 27 34 14 
57 17 9 2 27 13 33 4 4 12 16 8 58 3 17 
8 48 74 63 38 52 32 69 61 53 81 73 7 68 48 
28 12 38 27 2 16 4 33 25 17 45 37 29 32 12 
77 37 11 22 47 33 53 16 24 32 4 12 78 17 37 
76 36 10 21 46 32 52 15 23 31 3 11 77 16 36 
4 44 70 59 34 48 28 65 57 49 77 69 3 64 44 
13 53 79 68 43 57 37 74 66 58 86 78 12 73 53 
18 58 84 73 48 62 42 79 71 63 91 83 17 78 58 
20 60 86 75 50 64 44 81 73 65 93 85 19 80 60 
6 46 72 61 36 50 30 67 59 51 79 71 5 66 46 
50 10 16 5 20 6 26 11 3 5 23 15 51 10 10 
43 3 23 12 13 1 19 18 10 2 30 22 44 17 3 
0 40 66 55 30 44 24 61 53 45 73 65 1 60 40 
13 53 79 68 43 57 37 74 66 58 86 78 12 73 53 

