12 15 

68 2 1 15 71 17 2 41 19 3 10 31 
45 25 22 8 48 40 25 18 4 20 33 8 
8 62 59 45 11 77 62 19 41 57 70 29 
66 4 1 13 69 19 4 39 17 1 12 29 
75 5 8 22 78 10 5 48 26 10 3 38 
5 65 62 48 8 80 65 22 44 60 73 32 
88 18 21 35 91 3 18 61 39 23 10 51 
61 9 6 8 64 24 9 34 12 4 17 24 
83 13 16 30 86 2 13 56 34 18 5 46 
37 33 30 16 40 48 33 10 12 28 41 0 
52 18 15 1 55 33 18 25 3 13 26 15 
7 63 60 46 10 78 63 20 42 58 71 30 

51 14 16 9 37 22 48 0 65 67 34 39 
28 37 7 14 14 1 25 23 42 44 11 16 
9 74 44 51 23 38 12 60 5 7 26 21 
49 16 14 7 35 20 46 2 63 65 32 37 
58 7 23 16 44 29 55 7 72 74 41 46 
12 77 47 54 26 41 15 63 2 4 29 24 
71 6 36 29 57 42 68 20 85 87 54 59 
44 21 9 2 30 15 41 7 58 60 27 32 
66 1 31 24 52 37 63 15 80 82 49 54 
20 45 15 22 6 9 17 31 34 36 3 8 
35 30 0 7 21 6 32 16 49 51 18 23 
10 75 45 52 24 39 13 61 4 6 27 22 

74 34 30 15 3 70 42 43 11 16 41 17 
51 11 7 38 20 47 19 20 34 7 18 6 
14 26 30 75 57 10 18 17 71 44 19 43 
72 32 28 17 1 68 40 41 13 14 39 15 
81 41 37 8 10 77 49 50 4 23 48 24 
11 29 33 78 60 7 21 20 74 47 22 46 
94 54 50 5 23 90 62 63 9 36 61 37 
67 27 23 22 4 63 35 36 18 9 34 10 
89 49 45 0 18 85 57 58 4 31 56 32 
43 3 1 46 28 39 11 12 42 15 10 14 
58 18 14 31 13 54 26 27 27 0 25 1 
13 27 31 76 58 9 19 18 72 45 20 44 

5 23 33 8 16 3 28 5 9 11 72 1 
28 46 10 31 7 20 5 28 14 34 49 24 
65 83 27 68 44 57 32 65 51 71 12 61 
7 25 31 10 14 1 26 7 7 13 70 3 
2 16 40 1 23 10 35 2 16 4 79 6 
68 86 30 71 47 60 35 68 54 74 9 64 
15 3 53 12 36 23 48 15 29 9 92 19 
12 30 26 15 9 4 21 12 2 18 65 8 
10 8 48 7 31 18 43 10 24 4 87 14 
36 54 2 39 15 28 3 36 22 42 41 32 
21 39 17 24 0 13 12 21 7 27 56 17 
66 84 28 69 45 58 33 66 52 72 11 62 

67 33 53 25 10 1 31 16 55 18 34 1 
44 10 30 2 13 22 8 7 32 41 11 24 
7 27 7 35 50 59 29 44 5 78 26 61 
65 31 51 23 8 1 29 14 53 20 32 3 
74 40 60 32 17 8 38 23 62 11 41 6 
4 30 10 38 53 62 32 47 8 81 29 64 
87 53 73 45 30 21 51 36 75 2 54 19 
60 26 46 18 3 6 24 9 48 25 27 8 
82 48 68 40 25 16 46 31 70 3 49 14 
36 2 22 6 21 30 0 15 24 49 3 32 
51 17 37 9 6 15 15 0 39 34 18 17 
6 28 8 36 51 60 30 45 6 79 27 62 

36 27 13 74 49 30 37 59 15 17 61 12 
13 4 36 51 26 7 14 36 38 40 38 11 
24 33 73 14 11 30 23 1 75 77 1 48 
34 25 15 72 47 28 35 57 17 19 59 10 
43 34 6 81 56 37 44 66 8 10 68 19 
27 36 76 11 14 33 26 4 78 80 2 51 
56 47 7 94 69 50 57 79 5 3 81 32 
29 20 20 67 42 23 30 52 22 24 54 5 
51 42 2 89 64 45 52 74 0 2 76 27 
5 4 44 43 18 1 6 28 46 48 30 19 
20 11 29 58 33 14 21 43 31 33 45 4 
25 34 74 13 12 31 24 2 76 78 0 49 

42 20 21 4 69 62 12 62 10 11 22 6 
19 3 2 19 46 39 11 39 33 12 1 29 
18 40 39 56 9 2 48 2 70 49 38 66 
40 18 19 2 67 60 10 60 12 9 20 8 
49 27 28 11 76 69 19 69 3 18 29 1 
21 43 42 59 6 1 51 1 73 52 41 69 
62 40 41 24 89 82 32 82 10 31 42 14 
35 13 14 3 62 55 5 55 17 4 15 13 
57 35 36 19 84 77 27 77 5 26 37 9 
11 11 10 27 38 31 19 31 41 20 9 37 
26 4 5 12 53 46 4 46 26 5 6 22 
19 41 40 57 8 1 49 1 71 50 39 67 

0 60 70 53 42 21 6 22 16 17 8 7 
23 37 47 30 19 44 17 45 7 40 15 16 
60 0 10 7 18 81 54 82 44 77 52 53 
2 58 68 51 40 23 4 24 14 19 6 5 
7 67 77 60 49 14 13 15 23 10 15 14 
63 3 7 10 21 84 57 85 47 80 55 56 
20 80 90 73 62 1 26 2 36 3 28 27 
7 53 63 46 35 28 1 29 9 24 1 0 
15 75 85 68 57 6 21 7 31 2 23 22 
31 29 39 22 11 52 25 53 15 48 23 24 
16 44 54 37 26 37 10 38 0 33 8 9 
61 1 9 8 19 82 55 83 45 78 53 54 

7 2 42 50 57 6 71 72 6 5 46 10 
30 21 19 27 34 17 48 49 29 28 23 33 
67 58 18 10 3 54 11 12 66 65 14 70 
9 0 40 48 55 4 69 70 8 7 44 12 
0 9 49 57 64 13 78 79 1 2 53 3 
70 61 21 13 6 57 8 9 69 68 17 73 
13 22 62 70 77 26 91 92 14 15 66 10 
14 5 35 43 50 1 64 65 13 12 39 17 
8 17 57 65 72 21 86 87 9 10 61 5 
38 29 11 19 26 25 40 41 37 36 15 41 
23 14 26 34 41 10 55 56 22 21 30 26 
68 59 19 11 4 55 10 11 67 66 15 71 

25 71 60 8 8 21 32 5 58 5 38 23 
48 48 37 15 15 2 9 28 35 18 15 0 
85 11 0 52 52 39 28 65 2 55 22 37 
27 69 58 6 6 19 30 7 56 3 36 21 
18 78 67 15 15 28 39 2 65 12 45 30 
88 8 3 55 55 42 31 68 5 58 25 40 
5 91 80 28 28 41 52 15 78 25 58 43 
32 64 53 1 1 14 25 12 51 2 31 16 
10 86 75 23 23 36 47 10 73 20 53 38 
56 40 29 23 23 10 1 36 27 26 7 8 
41 55 44 8 8 5 16 21 42 11 22 7 
86 10 1 53 53 40 29 66 3 56 23 38 

39 30 38 63 67 26 41 26 66 16 23 23 
16 7 15 40 44 3 18 3 43 39 0 0 
21 30 22 3 7 34 19 34 6 76 37 37 
37 28 36 61 65 24 39 24 64 18 21 21 
46 37 45 70 74 33 48 33 73 9 30 30 
24 33 25 0 4 37 22 37 3 79 40 40 
59 50 58 83 87 46 61 46 86 4 43 43 
32 23 31 56 60 19 34 19 59 23 16 16 
54 45 53 78 82 41 56 41 81 1 38 38 
8 1 7 32 36 5 10 5 35 47 8 8 
23 14 22 47 51 10 25 10 50 32 7 7 
22 31 23 2 6 35 20 35 5 77 38 38 

6 28 12 49 46 35 20 12 42 13 19 11 
29 5 35 26 23 12 43 11 19 10 4 12 
66 32 72 11 14 25 80 48 18 47 41 49 
8 26 14 47 44 33 22 10 40 11 17 9 
1 35 5 56 53 42 13 19 49 20 26 18 
69 35 75 14 17 28 83 51 21 50 44 52 
14 48 8 69 66 55 0 32 62 33 39 31 
13 21 19 42 39 28 27 5 35 6 12 4 
9 43 3 64 61 50 5 27 57 28 34 26 
37 3 43 18 15 4 51 19 11 18 12 20 
22 12 28 33 30 19 36 4 26 3 3 5 
67 33 73 12 15 26 81 49 19 48 42 50 

44 24 38 1 56 8 20 70 42 22 31 52 
21 47 15 22 33 15 3 47 19 1 8 29 
16 84 22 59 4 52 40 10 18 38 29 8 
42 26 36 1 54 6 18 68 40 20 29 50 
51 17 45 8 63 15 27 77 49 29 38 59 
19 87 25 62 7 55 43 7 21 41 32 11 
64 4 58 21 76 28 40 90 62 42 51 72 
37 31 31 6 49 1 13 63 35 15 24 45 
59 9 53 16 71 23 35 85 57 37 46 67 
13 55 7 30 25 23 11 39 11 9 0 21 
28 40 22 15 40 8 4 54 26 6 15 36 
17 85 23 60 5 53 41 9 19 39 30 9 

14 25 5 59 59 17 56 12 14 64 34 16 
37 2 28 36 36 40 33 35 9 41 11 7 
74 35 65 1 1 77 4 72 46 4 26 44 
16 23 7 57 57 19 54 14 12 62 32 14 
7 32 2 66 66 10 63 5 21 71 41 23 
77 38 68 4 4 80 7 75 49 1 29 47 
6 45 15 79 79 3 76 8 34 84 54 36 
21 18 12 52 52 24 49 19 7 57 27 9 
1 40 10 74 74 2 71 3 29 79 49 31 
45 6 36 28 28 48 25 43 17 33 3 15 
30 9 21 43 43 33 40 28 2 48 18 0 
75 36 66 2 2 78 5 73 47 3 27 45 

17 82 52 59 31 46 20 68 3 1 34 29 
53 12 18 11 39 24 50 2 67 69 36 41 
50 15 15 8 36 21 47 1 64 66 33 38 
36 29 1 6 22 7 33 15 50 52 19 24 
20 85 55 62 34 49 23 71 6 4 37 32 
68 3 33 26 54 39 65 17 82 84 51 56 
53 12 18 11 39 24 50 2 67 69 36 41 
10 55 25 32 4 19 7 41 24 26 7 2 
32 33 3 10 18 3 29 19 46 48 15 20 
48 17 13 6 34 19 45 3 62 64 31 36 
61 4 26 19 47 32 58 10 75 77 44 49 
20 45 15 22 6 9 17 31 34 36 3 8 

6 34 38 83 65 2 26 25 79 52 27 51 
76 36 32 13 5 72 44 45 9 18 43 19 
73 33 29 16 2 69 41 42 12 15 40 16 
59 19 15 30 12 55 27 28 26 1 26 2 
3 37 41 86 68 1 29 28 82 55 30 54 
91 51 47 2 20 87 59 60 6 33 58 34 
76 36 32 13 5 72 44 45 9 18 43 19 
33 7 11 56 38 29 1 2 52 25 0 24 
55 15 11 34 16 51 23 24 30 3 22 2 
71 31 27 18 0 67 39 40 14 13 38 14 
84 44 40 5 13 80 52 53 1 26 51 27 
43 3 1 46 28 39 11 12 42 15 10 14 

73 91 35 76 52 65 40 73 59 79 4 69 
3 21 35 6 18 5 30 3 11 9 74 1 
6 24 32 9 15 2 27 6 8 12 71 2 
20 38 18 23 1 12 13 20 6 26 57 16 
76 94 38 79 55 68 43 76 62 82 1 72 
12 6 50 9 33 20 45 12 26 6 89 16 
3 21 35 6 18 5 30 3 11 9 74 1 
46 64 8 49 25 38 13 46 32 52 31 42 
24 42 14 27 3 16 9 24 10 30 53 20 
8 26 30 11 13 0 25 8 6 14 69 4 
5 13 43 2 26 13 38 5 19 1 82 9 
36 54 2 39 15 28 3 36 22 42 41 32 

1 35 15 43 58 67 37 52 13 86 34 69 
69 35 55 27 12 3 33 18 57 16 36 1 
66 32 52 24 9 0 30 15 54 19 33 2 
52 18 38 10 5 14 16 1 40 33 19 16 
4 38 18 46 61 70 40 55 16 89 37 72 
84 50 70 42 27 18 48 33 72 1 51 16 
69 35 55 27 12 3 33 18 57 16 36 1 
26 8 12 16 31 40 10 25 14 59 7 42 
48 14 34 6 9 18 12 3 36 37 15 20 
64 30 50 22 7 2 28 13 52 21 31 4 
77 43 63 35 20 11 41 26 65 8 44 9 
36 2 22 6 21 30 0 15 24 49 3 32 

32 41 81 6 19 38 31 9 83 85 7 56 
38 29 11 76 51 32 39 61 13 15 63 14 
35 26 14 73 48 29 36 58 16 18 60 11 
21 12 28 59 34 15 22 44 30 32 46 3 
35 44 84 3 22 41 34 12 86 88 10 59 
53 44 4 91 66 47 54 76 2 0 78 29 
38 29 11 76 51 32 39 61 13 15 63 14 
5 14 54 33 8 11 4 18 56 58 20 29 
17 8 32 55 30 11 18 40 34 36 42 7 
33 24 16 71 46 27 34 56 18 20 58 9 
46 37 3 84 59 40 47 69 5 7 71 22 
5 4 44 43 18 1 6 28 46 48 30 19 

26 48 47 64 1 6 56 6 78 57 46 74 
44 22 23 6 71 64 14 64 8 13 24 4 
41 19 20 3 68 61 11 61 11 10 21 7 
27 5 6 11 54 47 3 47 25 4 7 21 
29 51 50 67 2 9 59 9 81 60 49 77 
59 37 38 21 86 79 29 79 7 28 39 11 
44 22 23 6 71 64 14 64 8 13 24 4 
1 21 20 37 28 21 29 21 51 30 19 47 
23 1 2 15 50 43 7 43 29 8 3 25 
39 17 18 1 66 59 9 59 13 8 19 9 
52 30 31 14 79 72 22 72 0 21 32 4 
11 11 10 27 38 31 19 31 41 20 9 37 

68 8 2 15 26 89 62 90 52 85 60 61 
2 62 72 55 44 19 8 20 18 15 10 9 
1 59 69 52 41 22 5 23 15 18 7 6 
15 45 55 38 27 36 9 37 1 32 7 8 
71 11 1 18 29 92 65 93 55 88 63 64 
17 77 87 70 59 4 23 5 33 0 25 24 
2 62 72 55 44 19 8 20 18 15 10 9 
41 19 29 12 1 62 35 63 25 58 33 34 
19 41 51 34 23 40 13 41 3 36 11 12 
3 57 67 50 39 24 3 25 13 20 5 4 
10 70 80 63 52 11 16 12 26 7 18 17 
31 29 39 22 11 52 25 53 15 48 23 24 

75 66 26 18 11 62 3 4 74 73 22 78 
5 4 44 52 59 8 73 74 4 3 48 8 
8 1 41 49 56 5 70 71 7 6 45 11 
22 13 27 35 42 9 56 57 21 20 31 25 
78 69 29 21 14 65 0 1 77 76 25 81 
10 19 59 67 74 23 88 89 11 12 63 7 
5 4 44 52 59 8 73 74 4 3 48 8 
48 39 1 9 16 35 30 31 47 46 5 51 
26 17 23 31 38 13 52 53 25 24 27 29 
10 1 39 47 54 3 68 69 9 8 43 13 
3 12 52 60 67 16 81 82 4 5 56 0 
38 29 11 19 26 25 40 41 37 36 15 41 

93 3 8 60 60 47 36 73 10 63 30 45 
23 73 62 10 10 23 34 3 60 7 40 25 
26 70 59 7 7 20 31 6 57 4 37 22 
40 56 45 7 7 6 17 20 43 10 23 8 
96 0 11 63 63 50 39 76 13 66 33 48 
8 88 77 25 25 38 49 12 75 22 55 40 
23 73 62 10 10 23 34 3 60 7 40 25 
66 30 19 33 33 20 9 46 17 36 3 18 
44 52 41 11 11 2 13 24 39 14 19 4 
28 68 57 5 5 18 29 8 55 2 35 20 
15 81 70 18 18 31 42 5 68 15 48 33 
56 40 29 23 23 10 1 36 27 26 7 8 

29 38 30 5 1 42 27 42 2 84 45 45 
41 32 40 65 69 28 43 28 68 14 25 25 
38 29 37 62 66 25 40 25 65 17 22 22 
24 15 23 48 52 11 26 11 51 31 8 8 
32 41 33 8 4 45 30 45 5 87 48 48 
56 47 55 80 84 43 58 43 83 1 40 40 
41 32 40 65 69 28 43 28 68 14 25 25 
2 11 3 22 26 15 0 15 25 57 18 18 
20 11 19 44 48 7 22 7 47 35 4 4 
36 27 35 60 64 23 38 23 63 19 20 20 
49 40 48 73 77 36 51 36 76 6 33 33 
8 1 7 32 36 5 10 5 35 47 8 8 

74 40 80 19 22 33 88 56 26 55 49 57 
4 30 10 51 48 37 18 14 44 15 21 13 
7 27 13 48 45 34 21 11 41 12 18 10 
21 13 27 34 31 20 35 3 27 2 4 4 
77 43 83 22 25 36 91 59 29 58 52 60 
11 45 5 66 63 52 3 29 59 30 36 28 
4 30 10 51 48 37 18 14 44 15 21 13 
47 13 53 8 5 6 61 29 1 28 22 30 
25 9 31 30 27 16 39 7 23 6 0 8 
9 25 15 46 43 32 23 9 39 10 16 8 
4 38 2 59 56 45 10 22 52 23 29 21 
37 3 43 18 15 4 51 19 11 18 12 20 

24 92 30 67 12 60 48 2 26 46 37 16 
46 22 40 3 58 10 22 72 44 24 33 54 
43 25 37 0 55 7 19 69 41 21 30 51 
29 39 23 14 41 7 5 55 27 7 16 37 
27 95 33 70 15 63 51 1 29 49 40 19 
61 7 55 18 73 25 37 87 59 39 48 69 
46 22 40 3 58 10 22 72 44 24 33 54 
3 65 3 40 15 33 21 29 1 19 10 11 
25 43 19 18 37 11 1 51 23 3 12 33 
41 27 35 2 53 5 17 67 39 19 28 49 
54 14 48 11 66 18 30 80 52 32 41 62 
13 55 7 30 25 23 11 39 11 9 0 21 

82 43 73 9 9 85 12 80 54 4 34 52 
12 27 3 61 61 15 58 10 16 66 36 18 
15 24 6 58 58 18 55 13 13 63 33 15 
29 10 20 44 44 32 41 27 1 49 19 1 
85 46 76 12 12 88 15 83 57 7 37 55 
3 42 12 76 76 0 73 5 31 81 51 33 
12 27 3 61 61 15 58 10 16 66 36 18 
55 16 46 18 18 58 15 53 27 23 7 25 
33 6 24 40 40 36 37 31 5 45 15 3 
17 22 8 56 56 20 53 15 11 61 31 13 
4 35 5 69 69 7 66 2 24 74 44 26 
45 6 36 28 28 48 25 43 17 33 3 15 

23 17 21 66 48 19 9 8 62 35 10 34 
88 48 44 1 17 84 56 57 3 30 55 31 
58 18 14 31 13 54 26 27 27 0 25 1 
65 25 21 24 6 61 33 34 20 7 32 8 
37 3 7 52 34 33 5 6 48 21 4 20 
52 12 8 37 19 48 20 21 33 6 19 5 
26 14 18 63 45 22 6 5 59 32 7 31 
74 34 30 15 3 70 42 43 11 16 41 17 
9 31 35 80 62 5 23 22 76 49 24 48 
7 33 37 82 64 3 25 24 78 51 26 50 
40 0 4 49 31 36 8 9 45 18 7 17 
35 5 9 54 36 31 3 4 50 23 2 22 

56 74 18 59 35 48 23 56 42 62 21 52 
9 9 47 6 30 17 42 9 23 3 86 13 
21 39 17 24 0 13 12 21 7 27 56 17 
14 32 24 17 7 6 19 14 0 20 63 10 
42 60 4 45 21 34 9 42 28 48 35 38 
27 45 11 30 6 19 6 27 13 33 50 23 
53 71 15 56 32 45 20 53 39 59 24 49 
5 23 33 8 16 3 28 5 9 11 72 1 
70 88 32 73 49 62 37 70 56 76 7 66 
72 90 34 75 51 64 39 72 58 78 5 68 
39 57 1 42 18 31 6 39 25 45 38 35 
44 62 6 47 23 36 11 44 30 50 33 40 

16 18 2 26 41 50 20 35 4 69 17 52 
81 47 67 39 24 15 45 30 69 4 48 13 
51 17 37 9 6 15 15 0 39 34 18 17 
58 24 44 16 1 8 22 7 46 27 25 10 
30 4 16 12 27 36 6 21 18 55 3 38 
45 11 31 3 12 21 9 6 33 40 12 23 
19 15 5 23 38 47 17 32 7 66 14 49 
67 33 53 25 10 1 31 16 55 18 34 1 
2 32 12 40 55 64 34 49 10 83 31 66 
0 34 14 42 57 66 36 51 12 85 33 68 
33 1 19 9 24 33 3 18 21 52 0 35 
28 6 14 14 29 38 8 23 16 57 5 40 

15 24 64 23 2 21 14 8 66 68 10 39 
50 41 1 88 63 44 51 73 1 3 75 26 
20 11 29 58 33 14 21 43 31 33 45 4 
27 18 22 65 40 21 28 50 24 26 52 3 
1 10 50 37 12 7 0 22 52 54 24 25 
14 5 35 52 27 8 15 37 37 39 39 10 
12 21 61 26 1 18 11 11 63 65 13 36 
36 27 13 74 49 30 37 59 15 17 61 12 
29 38 78 9 16 35 28 6 80 82 4 53 
31 40 80 7 18 37 30 8 82 84 6 55 
2 7 47 40 15 4 3 25 49 51 27 22 
3 12 52 35 10 9 2 20 54 56 22 27 

9 31 30 47 18 11 39 11 61 40 29 57 
56 34 35 18 83 76 26 76 4 25 36 8 
26 4 5 12 53 46 4 46 26 5 6 22 
33 11 12 5 60 53 3 53 19 2 13 15 
5 17 16 33 32 25 25 25 47 26 15 43 
20 2 1 18 47 40 10 40 32 11 0 28 
6 28 27 44 21 14 36 14 58 37 26 54 
42 20 21 4 69 62 12 62 10 11 22 6 
23 45 44 61 4 3 53 3 75 54 43 71 
25 47 46 63 2 5 55 5 77 56 45 73 
8 14 13 30 35 28 22 28 44 23 12 40 
3 19 18 35 30 23 27 23 49 28 17 45 

51 9 19 2 9 72 45 73 35 68 43 44 
14 74 84 67 56 7 20 8 30 3 22 21 
16 44 54 37 26 37 10 38 0 33 8 9 
9 51 61 44 33 30 3 31 7 26 1 2 
37 23 33 16 5 58 31 59 21 54 29 30 
22 38 48 31 20 43 16 44 6 39 14 15 
48 12 22 5 6 69 42 70 32 65 40 41 
0 60 70 53 42 21 6 22 16 17 8 7 
65 5 5 12 23 86 59 87 49 82 57 58 
67 7 3 14 25 88 61 89 51 84 59 60 
34 26 36 19 8 55 28 56 18 51 26 27 
39 21 31 14 3 60 33 61 23 56 31 32 

58 49 9 1 6 45 20 21 57 56 5 61 
7 16 56 64 71 20 85 86 8 9 60 4 
23 14 26 34 41 10 55 56 22 21 30 26 
16 7 33 41 48 3 62 63 15 14 37 19 
44 35 5 13 20 31 34 35 43 42 9 47 
29 20 20 28 35 16 49 50 28 27 24 32 
55 46 6 2 9 42 23 24 54 53 2 58 
7 2 42 50 57 6 71 72 6 5 46 10 
72 63 23 15 8 59 6 7 71 70 19 75 
74 65 25 17 10 61 4 5 73 72 21 77 
41 32 8 16 23 28 37 38 40 39 12 44 
46 37 3 11 18 33 32 33 45 44 7 49 

76 20 9 43 43 30 19 56 7 46 13 28 
11 85 74 22 22 35 46 9 72 19 52 37 
41 55 44 8 8 5 16 21 42 11 22 7 
34 62 51 1 1 12 23 14 49 4 29 14 
62 34 23 29 29 16 5 42 21 32 1 14 
47 49 38 14 14 1 10 27 36 17 16 1 
73 23 12 40 40 27 16 53 10 43 10 25 
25 71 60 8 8 21 32 5 58 5 38 23 
90 6 5 57 57 44 33 70 7 60 27 42 
92 4 7 59 59 46 35 72 9 62 29 44 
59 37 26 26 26 13 2 39 24 29 4 11 
64 32 21 31 31 18 7 44 19 34 1 16 

12 21 13 12 16 25 10 25 15 67 28 28 
53 44 52 77 81 40 55 40 80 2 37 37 
23 14 22 47 51 10 25 10 50 32 7 7 
30 21 29 54 58 17 32 17 57 25 14 14 
2 7 1 26 30 11 4 11 29 53 14 14 
17 8 16 41 45 4 19 4 44 38 1 1 
9 18 10 15 19 22 7 22 18 64 25 25 
39 30 38 63 67 26 41 26 66 16 23 23 
26 35 27 2 2 39 24 39 1 81 42 42 
28 37 29 4 0 41 26 41 1 83 44 44 
5 4 4 29 33 8 7 8 32 50 11 11 
0 9 1 24 28 13 2 13 27 55 16 16 

57 23 63 2 5 16 71 39 9 38 32 40 
8 42 2 63 60 49 6 26 56 27 33 25 
22 12 28 33 30 19 36 4 26 3 3 5 
15 19 21 40 37 26 29 3 33 4 10 2 
43 9 49 12 9 2 57 25 5 24 18 26 
28 6 34 27 24 13 42 10 20 9 3 11 
54 20 60 1 2 13 68 36 6 35 29 37 
6 28 12 49 46 35 20 12 42 13 19 11 
71 37 77 16 19 30 85 53 23 52 46 54 
73 39 79 18 21 32 87 55 25 54 48 56 
40 6 46 15 12 1 54 22 8 21 15 23 
45 11 51 10 7 4 59 27 3 26 20 28 

7 75 13 50 5 43 31 19 9 29 20 1 
58 10 52 15 70 22 34 84 56 36 45 66 
28 40 22 15 40 8 4 54 26 6 15 36 
35 33 29 8 47 1 11 61 33 13 22 43 
7 61 1 36 19 29 17 33 5 15 6 15 
22 46 16 21 34 14 2 48 20 0 9 30 
4 72 10 47 8 40 28 22 6 26 17 4 
44 24 38 1 56 8 20 70 42 22 31 52 
21 89 27 64 9 57 45 5 23 43 34 13 
23 91 29 66 11 59 47 3 25 45 36 15 
10 58 4 33 22 26 14 36 8 12 3 18 
5 63 1 38 17 31 19 31 3 17 8 13 

65 26 56 8 8 68 5 63 37 13 17 35 
0 39 9 73 73 3 70 2 28 78 48 30 
30 9 21 43 43 33 40 28 2 48 18 0 
23 16 14 50 50 26 47 21 5 55 25 7 
51 12 42 22 22 54 19 49 23 27 3 21 
36 3 27 37 37 39 34 34 8 42 12 6 
62 23 53 11 11 65 8 60 34 16 14 32 
14 25 5 59 59 17 56 12 14 64 34 16 
79 40 70 6 6 82 9 77 51 1 31 49 
81 42 72 8 8 84 11 79 53 3 33 51 
48 9 39 25 25 51 22 46 20 30 0 18 
53 14 44 20 20 56 17 51 25 25 5 23 

79 97 41 82 58 71 46 79 65 85 2 75 
39 57 1 42 18 31 6 39 25 45 38 35 
35 53 3 38 14 27 2 35 21 41 42 31 
10 8 48 7 31 18 43 10 24 4 87 14 
8 26 30 11 13 0 25 8 6 14 69 4 
75 93 37 78 54 67 42 75 61 81 2 71 
47 65 9 50 26 39 14 47 33 53 30 43 
48 66 10 51 27 40 15 48 34 54 29 44 
6 12 44 3 27 14 39 6 20 0 83 10 
21 39 17 24 0 13 12 21 7 27 56 17 
46 64 8 49 25 38 13 46 32 52 31 42 
22 40 16 25 1 14 11 22 8 28 55 18 

7 41 21 49 64 73 43 58 19 92 40 75 
33 1 19 9 24 33 3 18 21 52 0 35 
37 3 23 5 20 29 1 14 25 48 4 31 
82 48 68 40 25 16 46 31 70 3 49 14 
64 30 50 22 7 2 28 13 52 21 31 4 
3 37 17 45 60 69 39 54 15 88 36 71 
25 9 11 17 32 41 11 26 13 60 8 43 
24 10 10 18 33 42 12 27 12 61 9 44 
78 44 64 36 21 12 42 27 66 7 45 10 
51 17 37 9 6 15 15 0 39 34 18 17 
26 8 12 16 31 40 10 25 14 59 7 42 
50 16 36 8 7 16 14 1 38 35 17 18 

38 47 87 0 25 44 37 15 89 91 13 62 
2 7 47 40 15 4 3 25 49 51 27 22 
6 3 43 44 19 0 7 29 45 47 31 18 
51 42 2 89 64 45 52 74 0 2 76 27 
33 24 16 71 46 27 34 56 18 20 58 9 
34 43 83 4 21 40 33 11 85 87 9 58 
6 15 55 32 7 12 5 17 57 59 19 30 
7 16 56 31 6 13 6 16 58 60 18 31 
47 38 2 85 60 41 48 70 4 6 72 23 
20 11 29 58 33 14 21 43 31 33 45 4 
5 14 54 33 8 11 4 18 56 58 20 29 
19 10 30 57 32 13 20 42 32 34 44 5 

32 54 53 70 5 12 62 12 84 63 52 80 
8 14 13 30 35 28 22 28 44 23 12 40 
12 10 9 26 39 32 18 32 40 19 8 36 
57 35 36 19 84 77 27 77 5 26 37 9 
39 17 18 1 66 59 9 59 13 8 19 9 
28 50 49 66 1 8 58 8 80 59 48 76 
0 22 21 38 27 20 30 20 52 31 20 48 
1 23 22 39 26 19 31 19 53 32 21 49 
53 31 32 15 80 73 23 73 1 22 33 5 
26 4 5 12 53 46 4 46 26 5 6 22 
1 21 20 37 28 21 29 21 51 30 19 47 
25 3 4 13 52 45 5 45 27 6 5 23 

74 14 4 21 32 95 68 96 58 91 66 67 
34 26 36 19 8 55 28 56 18 51 26 27 
30 30 40 23 12 51 24 52 14 47 22 23 
15 75 85 68 57 6 21 7 31 2 23 22 
3 57 67 50 39 24 3 25 13 20 5 4 
70 10 0 17 28 91 64 92 54 87 62 63 
42 18 28 11 0 63 36 64 26 59 34 35 
43 17 27 10 1 64 37 65 27 60 35 36 
11 71 81 64 53 10 17 11 27 6 19 18 
16 44 54 37 26 37 10 38 0 33 8 9 
41 19 29 12 1 62 35 63 25 58 33 34 
17 43 53 36 25 38 11 39 1 34 9 10 

81 72 32 24 17 68 3 2 80 79 28 84 
41 32 8 16 23 28 37 38 40 39 12 44 
37 28 12 20 27 24 41 42 36 35 16 40 
8 17 57 65 72 21 86 87 9 10 61 5 
10 1 39 47 54 3 68 69 9 8 43 13 
77 68 28 20 13 64 1 2 76 75 24 80 
49 40 0 8 15 36 29 30 48 47 4 52 
50 41 1 7 14 37 28 29 49 48 3 53 
4 13 53 61 68 17 82 83 5 6 57 1 
23 14 26 34 41 10 55 56 22 21 30 26 
48 39 1 9 16 35 30 31 47 46 5 51 
24 15 25 33 40 11 54 55 23 22 29 27 

99 3 14 66 66 53 42 79 16 69 36 51 
59 37 26 26 26 13 2 39 24 29 4 11 
55 41 30 22 22 9 2 35 28 25 8 7 
10 86 75 23 23 36 47 10 73 20 53 38 
28 68 57 5 5 18 29 8 55 2 35 20 
95 1 10 62 62 49 38 75 12 65 32 47 
67 29 18 34 34 21 10 47 16 37 4 19 
68 28 17 35 35 22 11 48 15 38 5 20 
14 82 71 19 19 32 43 6 69 16 49 34 
41 55 44 8 8 5 16 21 42 11 22 7 
66 30 19 33 33 20 9 46 17 36 3 18 
42 54 43 9 9 4 15 22 41 12 21 6 

35 44 36 11 7 48 33 48 8 90 51 51 
5 4 4 29 33 8 7 8 32 50 11 11 
9 0 8 33 37 4 11 4 36 46 7 7 
54 45 53 78 82 41 56 41 81 1 38 38 
36 27 35 60 64 23 38 23 63 19 20 20 
31 40 32 7 3 44 29 44 4 86 47 47 
3 12 4 21 25 16 1 16 24 58 19 19 
4 13 5 20 24 17 2 17 23 59 20 20 
50 41 49 74 78 37 52 37 77 5 34 34 
23 14 22 47 51 10 25 10 50 32 7 7 
2 11 3 22 26 15 0 15 25 57 18 18 
22 13 21 46 50 9 24 9 49 33 6 6 

80 46 86 25 28 39 94 62 32 61 55 63 
40 6 46 15 12 1 54 22 8 21 15 23 
36 2 42 19 16 5 50 18 12 17 11 19 
9 43 3 64 61 50 5 27 57 28 34 26 
9 25 15 46 43 32 23 9 39 10 16 8 
76 42 82 21 24 35 90 58 28 57 51 59 
48 14 54 7 4 7 62 30 0 29 23 31 
49 15 55 6 3 8 63 31 1 30 24 32 
5 39 1 60 57 46 9 23 53 24 30 22 
22 12 28 33 30 19 36 4 26 3 3 5 
47 13 53 8 5 6 61 29 1 28 22 30 
23 11 29 32 29 18 37 5 25 4 2 6 

30 98 36 73 18 66 54 4 32 52 43 22 
10 58 4 33 22 26 14 36 8 12 3 18 
14 54 8 29 26 22 10 40 12 8 1 22 
59 9 53 16 71 23 35 85 57 37 46 67 
41 27 35 2 53 5 17 67 39 19 28 49 
26 94 32 69 14 62 50 0 28 48 39 18 
2 66 4 41 14 34 22 28 0 20 11 10 
1 67 5 42 13 35 23 27 1 21 12 9 
55 13 49 12 67 19 31 81 53 33 42 63 
28 40 22 15 40 8 4 54 26 6 15 36 
3 65 3 40 15 33 21 29 1 19 10 11 
27 41 21 16 39 9 3 53 25 5 14 35 

88 49 79 15 15 91 18 86 60 10 40 58 
48 9 39 25 25 51 22 46 20 30 0 18 
44 5 35 29 29 47 26 42 16 34 4 14 
1 40 10 74 74 2 71 3 29 79 49 31 
17 22 8 56 56 20 53 15 11 61 31 13 
84 45 75 11 11 87 14 82 56 6 36 54 
56 17 47 17 17 59 14 54 28 22 8 26 
57 18 48 16 16 60 13 55 29 21 9 27 
3 36 6 70 70 6 67 1 25 75 45 27 
30 9 21 43 43 33 40 28 2 48 18 0 
55 16 46 18 18 58 15 53 27 23 7 25 
31 8 22 42 42 34 39 29 3 47 17 1 

72 38 58 30 15 6 36 21 60 13 39 4 
90 56 76 48 33 24 54 39 78 5 57 22 
34 0 20 8 23 32 2 17 22 51 1 34 
75 41 61 33 18 9 39 24 63 10 42 7 
51 17 37 9 6 15 15 0 39 34 18 17 
64 30 50 22 7 2 28 13 52 21 31 4 
39 5 25 3 18 27 3 12 27 46 6 29 
72 38 58 30 15 6 36 21 60 13 39 4 
58 24 44 16 1 8 22 7 46 27 25 10 
78 44 64 36 21 12 42 27 66 7 45 10 
5 39 19 47 62 71 41 56 17 90 38 73 
68 34 54 26 11 2 32 17 56 17 35 0 

41 32 8 79 54 35 42 64 10 12 66 17 
59 50 10 97 72 53 60 82 8 6 84 35 
3 6 46 41 16 3 4 26 48 50 28 21 
44 35 5 82 57 38 45 67 7 9 69 20 
20 11 29 58 33 14 21 43 31 33 45 4 
33 24 16 71 46 27 34 56 18 20 58 9 
8 1 41 46 21 2 9 31 43 45 33 16 
41 32 8 79 54 35 42 64 10 12 66 17 
27 18 22 65 40 21 28 50 24 26 52 3 
47 38 2 85 60 41 48 70 4 6 72 23 
36 45 85 2 23 42 35 13 87 89 11 60 
37 28 12 75 50 31 38 60 14 16 62 13 

47 25 26 9 74 67 17 67 5 16 27 1 
65 43 44 27 92 85 35 85 13 34 45 17 
9 13 12 29 36 29 21 29 43 22 11 39 
50 28 29 12 77 70 20 70 2 19 30 2 
26 4 5 12 53 46 4 46 26 5 6 22 
39 17 18 1 66 59 9 59 13 8 19 9 
14 8 7 24 41 34 16 34 38 17 6 34 
47 25 26 9 74 67 17 67 5 16 27 1 
33 11 12 5 60 53 3 53 19 2 13 15 
53 31 32 15 80 73 23 73 1 22 33 5 
30 52 51 68 3 10 60 10 82 61 50 78 
43 21 22 5 70 63 13 63 9 12 23 5 

5 65 75 58 47 16 11 17 21 12 13 12 
23 83 93 76 65 2 29 1 39 6 31 30 
33 27 37 20 9 54 27 55 17 50 25 26 
8 68 78 61 50 13 14 14 24 9 16 15 
16 44 54 37 26 37 10 38 0 33 8 9 
3 57 67 50 39 24 3 25 13 20 5 4 
28 32 42 25 14 49 22 50 12 45 20 21 
5 65 75 58 47 16 11 17 21 12 13 12 
9 51 61 44 33 30 3 31 7 26 1 2 
11 71 81 64 53 10 17 11 27 6 19 18 
72 12 2 19 30 93 66 94 56 89 64 65 
1 61 71 54 43 20 7 21 17 16 9 8 

2 7 47 55 62 11 76 77 1 0 51 5 
16 25 65 73 80 29 94 95 17 18 69 13 
40 31 9 17 24 27 38 39 39 38 13 43 
1 10 50 58 65 14 79 80 2 3 54 2 
23 14 26 34 41 10 55 56 22 21 30 26 
10 1 39 47 54 3 68 69 9 8 43 13 
35 26 14 22 29 22 43 44 34 33 18 38 
2 7 47 55 62 11 76 77 1 0 51 5 
16 7 33 41 48 3 62 63 15 14 37 19 
4 13 53 61 68 17 82 83 5 6 57 1 
79 70 30 22 15 66 1 0 78 77 26 82 
6 3 43 51 58 7 72 73 5 4 47 9 

20 76 65 13 13 26 37 0 63 10 43 28 
2 94 83 31 31 44 55 18 81 28 61 46 
58 38 27 25 25 12 1 38 25 28 5 10 
17 79 68 16 16 29 40 3 66 13 46 31 
41 55 44 8 8 5 16 21 42 11 22 7 
28 68 57 5 5 18 29 8 55 2 35 20 
53 43 32 20 20 7 4 33 30 23 10 5 
20 76 65 13 13 26 37 0 63 10 43 28 
34 62 51 1 1 12 23 14 49 4 29 14 
14 82 71 19 19 32 43 6 69 16 49 34 
97 1 12 64 64 51 40 77 14 67 34 49 
24 72 61 9 9 22 33 4 59 6 39 24 

44 35 43 68 72 31 46 31 71 11 28 28 
62 53 61 86 90 49 64 49 89 7 46 46 
6 3 5 30 34 7 8 7 33 49 10 10 
47 38 46 71 75 34 49 34 74 8 31 31 
23 14 22 47 51 10 25 10 50 32 7 7 
36 27 35 60 64 23 38 23 63 19 20 20 
11 2 10 35 39 2 13 2 38 44 5 5 
44 35 43 68 72 31 46 31 71 11 28 28 
30 21 29 54 58 17 32 17 57 25 14 14 
50 41 49 74 78 37 52 37 77 5 34 34 
33 42 34 9 5 46 31 46 6 88 49 49 
40 31 39 64 68 27 42 27 67 15 24 24 

1 33 7 54 51 40 15 17 47 18 24 16 
17 51 11 72 69 58 3 35 65 36 42 34 
39 5 45 16 13 2 53 21 9 20 14 22 
2 36 4 57 54 43 12 20 50 21 27 19 
22 12 28 33 30 19 36 4 26 3 3 5 
9 25 15 46 43 32 23 9 39 10 16 8 
34 0 40 21 18 7 48 16 14 15 9 17 
1 33 7 54 51 40 15 17 47 18 24 16 
15 19 21 40 37 26 29 3 33 4 10 2 
5 39 1 60 57 46 9 23 53 24 30 22 
78 44 84 23 26 37 92 60 30 59 53 61 
5 29 11 50 47 36 19 13 43 14 20 12 

49 19 43 6 61 13 25 75 47 27 36 57 
67 1 61 24 79 31 43 93 65 45 54 75 
11 57 5 32 23 25 13 37 9 11 2 19 
52 16 46 9 64 16 28 78 50 30 39 60 
28 40 22 15 40 8 4 54 26 6 15 36 
41 27 35 2 53 5 17 67 39 19 28 49 
16 52 10 27 28 20 8 42 14 6 3 24 
49 19 43 6 61 13 25 75 47 27 36 57 
35 33 29 8 47 1 11 61 33 13 22 43 
55 13 49 12 67 19 31 81 53 33 42 63 
28 96 34 71 16 64 52 2 30 50 41 20 
45 23 39 2 57 9 21 71 43 23 32 53 

9 30 0 64 64 12 61 7 19 69 39 21 
9 48 18 82 82 6 79 11 37 87 57 39 
47 8 38 26 26 50 23 45 19 31 1 17 
6 33 3 67 67 9 64 4 22 72 42 24 
30 9 21 43 43 33 40 28 2 48 18 0 
17 22 8 56 56 20 53 15 11 61 31 13 
42 3 33 31 31 45 28 40 14 36 6 12 
9 30 0 64 64 12 61 7 19 69 39 21 
23 16 14 50 50 26 47 21 5 55 25 7 
3 36 6 70 70 6 67 1 25 75 45 27 
86 47 77 13 13 89 16 84 58 8 38 56 
13 26 4 60 60 16 57 11 15 65 35 17 

31 40 80 7 18 37 30 8 82 84 6 55 
3 6 46 41 16 3 4 26 48 50 28 21 
17 26 66 21 4 23 16 6 68 70 8 41 
11 2 38 49 24 5 12 34 40 42 36 13 
26 17 23 64 39 20 27 49 25 27 51 2 
35 26 14 73 48 29 36 58 16 18 60 11 
5 4 44 43 18 1 6 28 46 48 30 19 
20 11 29 58 33 14 21 43 31 33 45 4 
19 28 68 19 6 25 18 4 70 72 6 43 
54 45 5 92 67 48 55 77 3 1 79 30 
2 7 47 40 15 4 3 25 49 51 27 22 
37 28 12 75 50 31 38 60 14 16 62 13 

25 47 46 63 2 5 55 5 77 56 45 73 
9 13 12 29 36 29 21 29 43 22 11 39 
11 33 32 49 16 9 41 9 63 42 31 59 
17 5 4 21 44 37 13 37 35 14 3 31 
32 10 11 6 59 52 2 52 20 1 12 16 
41 19 20 3 68 61 11 61 11 10 21 7 
11 11 10 27 38 31 19 31 41 20 9 37 
26 4 5 12 53 46 4 46 26 5 6 22 
13 35 34 51 14 7 43 7 65 44 33 61 
60 38 39 22 87 80 30 80 8 29 40 12 
8 14 13 30 35 28 22 28 44 23 12 40 
43 21 22 5 70 63 13 63 9 12 23 5 

67 7 3 14 25 88 61 89 51 84 59 60 
33 27 37 20 9 54 27 55 17 50 25 26 
53 7 17 0 11 74 47 75 37 70 45 46 
25 35 45 28 17 46 19 47 9 42 17 18 
10 50 60 43 32 31 4 32 6 27 2 3 
1 59 69 52 41 22 5 23 15 18 7 6 
31 29 39 22 11 52 25 53 15 48 23 24 
16 44 54 37 26 37 10 38 0 33 8 9 
55 5 15 2 13 76 49 77 39 72 47 48 
18 78 88 71 60 3 24 4 34 1 26 25 
34 26 36 19 8 55 28 56 18 51 26 27 
1 61 71 54 43 20 7 21 17 16 9 8 

74 65 25 17 10 61 4 5 73 72 21 77 
40 31 9 17 24 27 38 39 39 38 13 43 
60 51 11 3 4 47 18 19 59 58 7 63 
32 23 17 25 32 19 46 47 31 30 21 35 
17 8 32 40 47 4 61 62 16 15 36 20 
8 1 41 49 56 5 70 71 7 6 45 11 
38 29 11 19 26 25 40 41 37 36 15 41 
23 14 26 34 41 10 55 56 22 21 30 26 
62 53 13 5 2 49 16 17 61 60 9 65 
11 20 60 68 75 24 89 90 12 13 64 8 
41 32 8 16 23 28 37 38 40 39 12 44 
6 3 43 51 58 7 72 73 5 4 47 9 

92 4 7 59 59 46 35 72 9 62 29 44 
58 38 27 25 25 12 1 38 25 28 5 10 
78 18 7 45 45 32 21 58 5 48 15 30 
50 46 35 17 17 4 7 30 33 20 13 2 
35 61 50 2 2 11 22 15 48 5 28 13 
26 70 59 7 7 20 31 6 57 4 37 22 
56 40 29 23 23 10 1 36 27 26 7 8 
41 55 44 8 8 5 16 21 42 11 22 7 
80 16 5 47 47 34 23 60 3 50 17 32 
7 89 78 26 26 39 50 13 76 23 56 41 
59 37 26 26 26 13 2 39 24 29 4 11 
24 72 61 9 9 22 33 4 59 6 39 24 

28 37 29 4 0 41 26 41 1 83 44 44 
6 3 5 30 34 7 8 7 33 49 10 10 
14 23 15 10 14 27 12 27 13 69 30 30 
14 5 13 38 42 1 16 1 41 41 2 2 
29 20 28 53 57 16 31 16 56 26 13 13 
38 29 37 62 66 25 40 25 65 17 22 22 
8 1 7 32 36 5 10 5 35 47 8 8 
23 14 22 47 51 10 25 10 50 32 7 7 
16 25 17 8 12 29 14 29 11 71 32 32 
57 48 56 81 85 44 59 44 84 2 41 41 
5 4 4 29 33 8 7 8 32 50 11 11 
40 31 39 64 68 27 42 27 67 15 24 24 

73 39 79 18 21 32 87 55 25 54 48 56 
39 5 45 16 13 2 53 21 9 20 14 22 
59 25 65 4 7 18 73 41 11 40 34 42 
31 3 37 24 21 10 45 13 17 12 6 14 
16 18 22 39 36 25 30 2 32 3 9 1 
7 27 13 48 45 34 21 11 41 12 18 10 
37 3 43 18 15 4 51 19 11 18 12 20 
22 12 28 33 30 19 36 4 26 3 3 5 
61 27 67 6 9 20 75 43 13 42 36 44 
12 46 6 67 64 53 2 30 60 31 37 29 
40 6 46 15 12 1 54 22 8 21 15 23 
5 29 11 50 47 36 19 13 43 14 20 12 

23 91 29 66 11 59 47 3 25 45 36 15 
11 57 5 32 23 25 13 37 9 11 2 19 
9 77 15 52 3 45 33 17 11 31 22 1 
19 49 13 24 31 17 5 45 17 3 6 27 
34 34 28 9 46 2 10 60 32 12 21 42 
43 25 37 0 55 7 19 69 41 21 30 51 
13 55 7 30 25 23 11 39 11 9 0 21 
28 40 22 15 40 8 4 54 26 6 15 36 
11 79 17 54 1 47 35 15 13 33 24 3 
62 6 56 19 74 26 38 88 60 40 49 70 
10 58 4 33 22 26 14 36 8 12 3 18 
45 23 39 2 57 9 21 71 43 23 32 53 

81 42 72 8 8 84 11 79 53 3 33 51 
47 8 38 26 26 50 23 45 19 31 1 17 
67 28 58 6 6 70 3 65 39 11 19 37 
39 0 30 34 34 42 31 37 11 39 9 9 
24 15 15 49 49 27 46 22 4 54 24 6 
15 24 6 58 58 18 55 13 13 63 33 15 
45 6 36 28 28 48 25 43 17 33 3 15 
30 9 21 43 43 33 40 28 2 48 18 0 
69 30 60 4 4 72 1 67 41 9 21 39 
4 43 13 77 77 1 74 6 32 82 52 34 
48 9 39 25 25 51 22 46 20 30 0 18 
13 26 4 60 60 16 57 11 15 65 35 17 

6 16 15 32 33 26 24 26 46 25 14 42 
15 7 6 23 42 35 15 35 37 16 5 33 
55 33 34 17 82 75 25 75 3 24 35 7 
32 54 53 70 5 12 62 12 84 63 52 80 
7 29 28 45 20 13 37 13 59 38 27 55 
12 10 9 26 39 32 18 32 40 19 8 36 
5 17 16 33 32 25 25 25 47 26 15 43 
17 39 38 55 10 3 47 3 69 48 37 65 
57 35 36 19 84 77 27 77 5 26 37 9 
59 37 38 21 86 79 29 79 7 28 39 11 
19 41 40 57 8 1 49 1 71 50 39 67 
30 8 9 8 57 50 0 50 22 1 10 18 

36 24 34 17 6 57 30 58 20 53 28 29 
27 33 43 26 15 48 21 49 11 44 19 20 
13 73 83 66 55 8 19 9 29 4 21 20 
74 14 4 21 32 95 68 96 58 91 66 67 
49 11 21 4 7 70 43 71 33 66 41 42 
30 30 40 23 12 51 24 52 14 47 22 23 
37 23 33 16 5 58 31 59 21 54 29 30 
59 1 11 6 17 80 53 81 43 76 51 52 
15 75 85 68 57 6 21 7 31 2 23 22 
17 77 87 70 59 4 23 5 33 0 25 24 
61 1 9 8 19 82 55 83 45 78 53 54 
12 48 58 41 30 33 6 34 4 29 4 5 

43 34 6 14 21 30 35 36 42 41 10 46 
34 25 15 23 30 21 44 45 33 32 19 37 
6 15 55 63 70 19 84 85 7 8 59 3 
81 72 32 24 17 68 3 2 80 79 28 84 
56 47 7 1 8 43 22 23 55 54 3 59 
37 28 12 20 27 24 41 42 36 35 16 40 
44 35 5 13 20 31 34 35 43 42 9 47 
66 57 17 9 2 53 12 13 65 64 13 69 
8 17 57 65 72 21 86 87 9 10 61 5 
10 19 59 67 74 23 88 89 11 12 63 7 
68 59 19 11 4 55 10 11 67 66 15 71 
19 10 30 38 45 6 59 60 18 17 34 22 

61 35 24 28 28 15 4 41 22 31 2 13 
52 44 33 19 19 6 5 32 31 22 11 4 
12 84 73 21 21 34 45 8 71 18 51 36 
99 3 14 66 66 53 42 79 16 69 36 51 
74 22 11 41 41 28 17 54 9 44 11 26 
55 41 30 22 22 9 2 35 28 25 8 7 
62 34 23 29 29 16 5 42 21 32 1 14 
84 12 1 51 51 38 27 64 1 54 21 36 
10 86 75 23 23 36 47 10 73 20 53 38 
8 88 77 25 25 38 49 12 75 22 55 40 
86 10 1 53 53 40 29 66 3 56 23 38 
37 59 48 4 4 9 20 17 46 7 26 11 

3 6 2 27 31 10 5 10 30 52 13 13 
12 3 11 36 40 1 14 1 39 43 4 4 
52 43 51 76 80 39 54 39 79 3 36 36 
35 44 36 11 7 48 33 48 8 90 51 51 
10 19 11 14 18 23 8 23 17 65 26 26 
9 0 8 33 37 4 11 4 36 46 7 7 
2 7 1 26 30 11 4 11 29 53 14 14 
20 29 21 4 8 33 18 33 7 75 36 36 
54 45 53 78 82 41 56 41 81 1 38 38 
56 47 55 80 84 43 58 43 83 1 40 40 
22 31 23 2 6 35 20 35 5 77 38 38 
27 18 26 51 55 14 29 14 54 28 11 11 

42 8 48 13 10 1 56 24 6 23 17 25 
33 1 39 22 19 8 47 15 15 14 8 16 
7 41 1 62 59 48 7 25 55 26 32 24 
80 46 86 25 28 39 94 62 32 61 55 63 
55 21 61 0 3 14 69 37 7 36 30 38 
36 2 42 19 16 5 50 18 12 17 11 19 
43 9 49 12 9 2 57 25 5 24 18 26 
65 31 71 10 13 24 79 47 17 46 40 48 
9 43 3 64 61 50 5 27 57 28 34 26 
11 45 5 66 63 52 3 29 59 30 36 28 
67 33 73 12 15 26 81 49 19 48 42 50 
18 16 24 37 34 23 32 0 30 1 7 1 

8 60 2 35 20 28 16 34 6 14 5 16 
17 51 11 26 29 19 7 43 15 5 4 25 
57 11 51 14 69 21 33 83 55 35 44 65 
30 98 36 73 18 66 54 4 32 52 43 22 
5 73 11 48 7 41 29 21 7 27 18 3 
14 54 8 29 26 22 10 40 12 8 1 22 
7 61 1 36 19 29 17 33 5 15 6 15 
15 83 21 58 3 51 39 11 17 37 28 7 
59 9 53 16 71 23 35 85 57 37 46 67 
61 7 55 18 73 25 37 87 59 39 48 69 
17 85 23 60 5 53 41 9 19 39 30 9 
32 36 26 11 44 4 8 58 30 10 19 40 

50 11 41 23 23 53 20 48 22 28 2 20 
41 2 32 32 32 44 29 39 13 37 7 11 
1 38 8 72 72 4 69 1 27 77 47 29 
88 49 79 15 15 91 18 86 60 10 40 58 
63 24 54 10 10 66 7 61 35 15 15 33 
44 5 35 29 29 47 26 42 16 34 4 14 
51 12 42 22 22 54 19 49 23 27 3 21 
73 34 64 0 0 76 3 71 45 5 25 43 
1 40 10 74 74 2 71 3 29 79 49 31 
3 42 12 76 76 0 73 5 31 81 51 33 
75 36 66 2 2 78 5 73 47 3 27 45 
26 13 17 47 47 29 44 24 2 52 22 4 

42 18 28 11 0 63 36 64 26 59 34 35 
20 40 50 33 22 41 14 42 4 37 12 13 
21 39 49 32 21 42 15 43 5 38 13 14 
4 56 66 49 38 25 2 26 12 21 4 3 
69 9 1 16 27 90 63 91 53 86 61 62 
62 2 8 9 20 83 56 84 46 79 54 55 
12 48 58 41 30 33 6 34 4 29 4 5 
62 2 8 9 20 83 56 84 46 79 54 55 
10 70 80 63 52 11 16 12 26 7 18 17 
11 49 59 42 31 32 5 33 5 28 3 4 
22 38 48 31 20 43 16 44 6 39 14 15 
6 66 76 59 48 15 12 16 22 11 14 13 

49 40 0 8 15 36 29 30 48 47 4 52 
27 18 22 30 37 14 51 52 26 25 26 30 
28 19 21 29 36 15 50 51 27 26 25 31 
11 2 38 46 53 2 67 68 10 9 42 14 
76 67 27 19 12 63 2 3 75 74 23 79 
69 60 20 12 5 56 9 10 68 67 16 72 
19 10 30 38 45 6 59 60 18 17 34 22 
69 60 20 12 5 56 9 10 68 67 16 72 
3 12 52 60 67 16 81 82 4 5 56 0 
18 9 31 39 46 5 60 61 17 16 35 21 
29 20 20 28 35 16 49 50 28 27 24 32 
1 8 48 56 63 12 77 78 0 1 52 4 

67 29 18 34 34 21 10 47 16 37 4 19 
45 51 40 12 12 1 12 25 38 15 18 3 
46 50 39 13 13 0 11 26 37 16 17 2 
29 67 56 4 4 17 28 9 54 1 34 19 
94 2 9 61 61 48 37 74 11 64 31 46 
87 9 2 54 54 41 30 67 4 57 24 39 
37 59 48 4 4 9 20 17 46 7 26 11 
87 9 2 54 54 41 30 67 4 57 24 39 
15 81 70 18 18 31 42 5 68 15 48 33 
36 60 49 3 3 10 21 16 47 6 27 12 
47 49 38 14 14 1 10 27 36 17 16 1 
19 77 66 14 14 27 38 1 64 11 44 29 

3 12 4 21 25 16 1 16 24 58 19 19 
19 10 18 43 47 6 21 6 46 36 3 3 
18 9 17 42 46 5 20 5 45 37 2 2 
35 26 34 59 63 22 37 22 62 20 19 19 
30 39 31 6 2 43 28 43 3 85 46 46 
23 32 24 1 5 36 21 36 4 78 39 39 
27 18 26 51 55 14 29 14 54 28 11 11 
23 32 24 1 5 36 21 36 4 78 39 39 
49 40 48 73 77 36 51 36 76 6 33 33 
28 19 27 52 56 15 30 15 55 27 12 12 
17 8 16 41 45 4 19 4 44 38 1 1 
45 36 44 69 73 32 47 32 72 10 29 29 

48 14 54 7 4 7 62 30 0 29 23 31 
26 8 32 29 26 15 40 8 22 7 1 9 
27 7 33 28 25 14 41 9 21 8 2 10 
10 24 16 45 42 31 24 8 38 9 15 7 
75 41 81 20 23 34 89 57 27 56 50 58 
68 34 74 13 16 27 82 50 20 49 43 51 
18 16 24 37 34 23 32 0 30 1 7 1 
68 34 74 13 16 27 82 50 20 49 43 51 
4 38 2 59 56 45 10 22 52 23 29 21 
17 17 23 38 35 24 31 1 31 2 8 0 
28 6 34 27 24 13 42 10 20 9 3 11 
0 34 6 55 52 41 14 18 48 19 25 17 

2 66 4 41 14 34 22 28 0 20 11 10 
24 44 18 19 36 12 0 50 22 2 11 32 
23 45 17 20 35 13 1 49 21 1 10 31 
40 28 34 3 52 4 16 66 38 18 27 48 
25 93 31 68 13 61 49 1 27 47 38 17 
18 86 24 61 6 54 42 8 20 40 31 10 
32 36 26 11 44 4 8 58 30 10 19 40 
18 86 24 61 6 54 42 8 20 40 31 10 
54 14 48 11 66 18 30 80 52 32 41 62 
33 35 27 10 45 3 9 59 31 11 20 41 
22 46 16 21 34 14 2 48 20 0 9 30 
50 18 44 7 62 14 26 76 48 28 37 58 

56 17 47 17 17 59 14 54 28 22 8 26 
34 5 25 39 39 37 36 32 6 44 14 4 
35 4 26 38 38 38 35 33 7 43 13 5 
18 21 9 55 55 21 52 16 10 60 30 12 
83 44 74 10 10 86 13 81 55 5 35 53 
76 37 67 3 3 79 6 74 48 2 28 46 
26 13 17 47 47 29 44 24 2 52 22 4 
76 37 67 3 3 79 6 74 48 2 28 46 
4 35 5 69 69 7 66 2 24 74 44 26 
25 14 16 48 48 28 45 23 3 53 23 5 
36 3 27 37 37 39 34 34 8 42 12 6 
8 31 1 65 65 11 62 6 20 70 40 22 

7 2 42 50 57 6 71 72 6 5 46 10 
67 58 18 10 3 54 11 12 66 65 14 70 
77 68 28 20 13 64 1 2 76 75 24 80 
60 51 11 3 4 47 18 19 59 58 7 63 
49 40 0 8 15 36 29 30 48 47 4 52 
14 23 63 71 78 27 92 93 15 16 67 11 
13 4 36 44 51 0 65 66 12 11 40 16 
15 24 64 72 79 28 93 94 16 17 68 12 
23 14 26 34 41 10 55 56 22 21 30 26 
10 19 59 67 74 23 88 89 11 12 63 7 
15 6 34 42 49 2 63 64 14 13 38 18 
14 5 35 43 50 1 64 65 13 12 39 17 

25 71 60 8 8 21 32 5 58 5 38 23 
85 11 0 52 52 39 28 65 2 55 22 37 
95 1 10 62 62 49 38 75 12 65 32 47 
78 18 7 45 45 32 21 58 5 48 15 30 
67 29 18 34 34 21 10 47 16 37 4 19 
4 92 81 29 29 42 53 16 79 26 59 44 
31 65 54 2 2 15 26 11 52 1 32 17 
3 93 82 30 30 43 54 17 80 27 60 45 
41 55 44 8 8 5 16 21 42 11 22 7 
8 88 77 25 25 38 49 12 75 22 55 40 
33 63 52 0 0 13 24 13 50 3 30 15 
32 64 53 1 1 14 25 12 51 2 31 16 

39 30 38 63 67 26 41 26 66 16 23 23 
21 30 22 3 7 34 19 34 6 76 37 37 
31 40 32 7 3 44 29 44 4 86 47 47 
14 23 15 10 14 27 12 27 13 69 30 30 
3 12 4 21 25 16 1 16 24 58 19 19 
60 51 59 84 88 47 62 47 87 5 44 44 
33 24 32 57 61 20 35 20 60 22 17 17 
61 52 60 85 89 48 63 48 88 6 45 45 
23 14 22 47 51 10 25 10 50 32 7 7 
56 47 55 80 84 43 58 43 83 1 40 40 
31 22 30 55 59 18 33 18 58 24 15 15 
32 23 31 56 60 19 34 19 59 23 16 16 

6 28 12 49 46 35 20 12 42 13 19 11 
66 32 72 11 14 25 80 48 18 47 41 49 
76 42 82 21 24 35 90 58 28 57 51 59 
59 25 65 4 7 18 73 41 11 40 34 42 
48 14 54 7 4 7 62 30 0 29 23 31 
15 49 9 70 67 56 1 33 63 34 40 32 
12 22 18 43 40 29 26 6 36 7 13 5 
16 50 10 71 68 57 2 34 64 35 41 33 
22 12 28 33 30 19 36 4 26 3 3 5 
11 45 5 66 63 52 3 29 59 30 36 28 
14 20 20 41 38 27 28 4 34 5 11 3 
13 21 19 42 39 28 27 5 35 6 12 4 

44 24 38 1 56 8 20 70 42 22 31 52 
16 84 22 59 4 52 40 10 18 38 29 8 
26 94 32 69 14 62 50 0 28 48 39 18 
9 77 15 52 3 45 33 17 11 31 22 1 
2 66 4 41 14 34 22 28 0 20 11 10 
65 3 59 22 77 29 41 91 63 43 52 73 
38 30 32 5 50 2 14 64 36 16 25 46 
66 2 60 23 78 30 42 92 64 44 53 74 
28 40 22 15 40 8 4 54 26 6 15 36 
61 7 55 18 73 25 37 87 59 39 48 69 
36 32 30 7 48 0 12 62 34 14 23 44 
37 31 31 6 49 1 13 63 35 15 24 45 

14 25 5 59 59 17 56 12 14 64 34 16 
74 35 65 1 1 77 4 72 46 4 26 44 
84 45 75 11 11 87 14 82 56 6 36 54 
67 28 58 6 6 70 3 65 39 11 19 37 
56 17 47 17 17 59 14 54 28 22 8 26 
7 46 16 80 80 4 77 9 35 85 55 37 
20 19 11 53 53 23 50 18 8 58 28 10 
8 47 17 81 81 5 78 10 36 86 56 38 
30 9 21 43 43 33 40 28 2 48 18 0 
3 42 12 76 76 0 73 5 31 81 51 33 
22 17 13 51 51 25 48 20 6 56 26 8 
21 18 12 52 52 24 49 19 7 57 27 9 

18 78 67 15 15 28 39 2 65 12 45 30 
27 69 58 6 6 19 30 7 56 3 36 21 
67 29 18 34 34 21 10 47 16 37 4 19 
75 21 10 42 42 29 18 55 8 45 12 27 
82 14 3 49 49 36 25 62 1 52 19 34 
31 65 54 2 2 15 26 11 52 1 32 17 
96 0 11 63 63 50 39 76 13 66 33 48 
97 1 12 64 64 51 40 77 14 67 34 49 
19 77 66 14 14 27 38 1 64 11 44 29 
20 76 65 13 13 26 37 0 63 10 43 28 
71 25 14 38 38 25 14 51 12 41 8 23 
15 81 70 18 18 31 42 5 68 15 48 33 

46 37 45 70 74 33 48 33 73 9 30 30 
37 28 36 61 65 24 39 24 64 18 21 21 
3 12 4 21 25 16 1 16 24 58 19 19 
11 20 12 13 17 24 9 24 16 66 27 27 
18 27 19 6 10 31 16 31 9 73 34 34 
33 24 32 57 61 20 35 20 60 22 17 17 
32 41 33 8 4 45 30 45 5 87 48 48 
33 42 34 9 5 46 31 46 6 88 49 49 
45 36 44 69 73 32 47 32 72 10 29 29 
44 35 43 68 72 31 46 31 71 11 28 28 
7 16 8 17 21 20 5 20 20 62 23 23 
49 40 48 73 77 36 51 36 76 6 33 33 

1 35 5 56 53 42 13 19 49 20 26 18 
8 26 14 47 44 33 22 10 40 11 17 9 
48 14 54 7 4 7 62 30 0 29 23 31 
56 22 62 1 4 15 70 38 8 37 31 39 
63 29 69 8 11 22 77 45 15 44 38 46 
12 22 18 43 40 29 26 6 36 7 13 5 
77 43 83 22 25 36 91 59 29 58 52 60 
78 44 84 23 26 37 92 60 30 59 53 61 
0 34 6 55 52 41 14 18 48 19 25 17 
1 33 7 54 51 40 15 17 47 18 24 16 
52 18 58 3 0 11 66 34 4 33 27 35 
4 38 2 59 56 45 10 22 52 23 29 21 

51 17 45 8 63 15 27 77 49 29 38 59 
42 26 36 1 54 6 18 68 40 20 29 50 
2 66 4 41 14 34 22 28 0 20 11 10 
6 74 12 49 6 42 30 20 8 28 19 2 
13 81 19 56 1 49 37 13 15 35 26 5 
38 30 32 5 50 2 14 64 36 16 25 46 
27 95 33 70 15 63 51 1 29 49 40 19 
28 96 34 71 16 64 52 2 30 50 41 20 
50 18 44 7 62 14 26 76 48 28 37 58 
49 19 43 6 61 13 25 75 47 27 36 57 
2 70 8 45 10 38 26 24 4 24 15 6 
54 14 48 11 66 18 30 80 52 32 41 62 

7 32 2 66 66 10 63 5 21 71 41 23 
16 23 7 57 57 19 54 14 12 62 32 14 
56 17 47 17 17 59 14 54 28 22 8 26 
64 25 55 9 9 67 6 62 36 14 16 34 
71 32 62 2 2 74 1 69 43 7 23 41 
20 19 11 53 53 23 50 18 8 58 28 10 
85 46 76 12 12 88 15 83 57 7 37 55 
86 47 77 13 13 89 16 84 58 8 38 56 
8 31 1 65 65 11 62 6 20 70 40 22 
9 30 0 64 64 12 61 7 19 69 39 21 
60 21 51 13 13 63 10 58 32 18 12 30 
4 35 5 69 69 7 66 2 24 74 44 26 

64 55 63 88 92 51 66 51 91 9 48 48 
32 41 33 8 4 45 30 45 5 87 48 48 
21 30 22 3 7 34 19 34 6 76 37 37 
31 22 30 55 59 18 33 18 58 24 15 15 
31 22 30 55 59 18 33 18 58 24 15 15 
18 9 17 42 46 5 20 5 45 37 2 2 
7 2 6 31 35 6 9 6 34 48 9 9 
44 35 43 68 72 31 46 31 71 11 28 28 
19 28 20 5 9 32 17 32 8 74 35 35 
34 25 33 58 62 21 36 21 61 21 18 18 
1 8 0 25 29 12 3 12 28 54 15 15 
16 7 15 40 44 3 18 3 43 39 0 0 

19 53 13 74 71 60 5 37 67 38 44 36 
77 43 83 22 25 36 91 59 29 58 52 60 
66 32 72 11 14 25 80 48 18 47 41 49 
14 20 20 41 38 27 28 4 34 5 11 3 
14 20 20 41 38 27 28 4 34 5 11 3 
27 7 33 28 25 14 41 9 21 8 2 10 
38 4 44 17 14 3 52 20 10 19 13 21 
1 33 7 54 51 40 15 17 47 18 24 16 
64 30 70 9 12 23 78 46 16 45 39 47 
11 23 17 44 41 30 25 7 37 8 14 6 
44 10 50 11 8 3 58 26 4 25 19 27 
29 5 35 26 23 12 43 11 19 10 4 12 

69 1 63 26 81 33 45 95 67 47 56 77 
27 95 33 70 15 63 51 1 29 49 40 19 
16 84 22 59 4 52 40 10 18 38 29 8 
36 32 30 7 48 0 12 62 34 14 23 44 
36 32 30 7 48 0 12 62 34 14 23 44 
23 45 17 20 35 13 1 49 21 1 10 31 
12 56 6 31 24 24 12 38 10 10 1 20 
49 19 43 6 61 13 25 75 47 27 36 57 
14 82 20 57 2 50 38 12 16 36 27 6 
39 29 33 4 51 3 15 65 37 17 26 47 
6 62 0 37 18 30 18 32 4 16 7 14 
21 47 15 22 33 15 3 47 19 1 8 29 

11 50 20 84 84 8 81 13 39 89 59 41 
85 46 76 12 12 88 15 83 57 7 37 55 
74 35 65 1 1 77 4 72 46 4 26 44 
22 17 13 51 51 25 48 20 6 56 26 8 
22 17 13 51 51 25 48 20 6 56 26 8 
35 4 26 38 38 38 35 33 7 43 13 5 
46 7 37 27 27 49 24 44 18 32 2 16 
9 30 0 64 64 12 61 7 19 69 39 21 
72 33 63 1 1 75 2 70 44 6 24 42 
19 20 10 54 54 22 51 17 9 59 29 11 
52 13 43 21 21 55 18 50 24 26 4 22 
37 2 28 36 36 40 33 35 9 41 11 7 

45 11 51 10 7 4 59 27 3 26 20 28 
36 2 42 19 16 5 50 18 12 17 11 19 
44 10 50 11 8 3 58 26 4 25 19 27 
69 35 75 14 17 28 83 51 21 50 44 52 
73 39 79 18 21 32 87 55 25 54 48 56 
32 2 38 23 20 9 46 14 16 13 7 15 
47 13 53 8 5 6 61 29 1 28 22 30 
32 2 38 23 20 9 46 14 16 13 7 15 
72 38 78 17 20 31 86 54 24 53 47 55 
10 44 4 65 62 51 4 28 58 29 35 27 
29 5 35 26 23 12 43 11 19 10 4 12 
29 5 35 26 23 12 43 11 19 10 4 12 

5 63 1 38 17 31 19 31 3 17 8 13 
14 54 8 29 26 22 10 40 12 8 1 22 
6 62 0 37 18 30 18 32 4 16 7 14 
19 87 25 62 7 55 43 7 21 41 32 11 
23 91 29 66 11 59 47 3 25 45 36 15 
18 50 12 25 30 18 6 44 16 4 5 26 
3 65 3 40 15 33 21 29 1 19 10 11 
18 50 12 25 30 18 6 44 16 4 5 26 
22 90 28 65 10 58 46 4 24 44 35 14 
60 8 54 17 72 24 36 86 58 38 47 68 
21 47 15 22 33 15 3 47 19 1 8 29 
21 47 15 22 33 15 3 47 19 1 8 29 

53 14 44 20 20 56 17 51 25 25 5 23 
44 5 35 29 29 47 26 42 16 34 4 14 
52 13 43 21 21 55 18 50 24 26 4 22 
77 38 68 4 4 80 7 75 49 1 29 47 
81 42 72 8 8 84 11 79 53 3 33 51 
40 1 31 33 33 43 30 38 12 38 8 10 
55 16 46 18 18 58 15 53 27 23 7 25 
40 1 31 33 33 43 30 38 12 38 8 10 
80 41 71 7 7 83 10 78 52 2 32 50 
2 41 11 75 75 1 72 4 30 80 50 32 
37 2 28 36 36 40 33 35 9 41 11 7 
37 2 28 36 36 40 33 35 9 41 11 7 

50 18 44 7 62 14 26 76 48 28 37 58 
16 52 10 27 28 20 8 42 14 6 3 24 
56 12 50 13 68 20 32 82 54 34 43 64 
5 73 11 48 7 41 29 21 7 27 18 3 
2 70 8 45 10 38 26 24 4 24 15 6 
9 59 3 34 21 27 15 35 7 13 4 17 
64 4 58 21 76 28 40 90 62 42 51 72 
32 36 26 11 44 4 8 58 30 10 19 40 
2 66 4 41 14 34 22 28 0 20 11 10 
31 37 25 12 43 5 7 57 29 9 18 39 
25 43 19 18 37 11 1 51 23 3 12 33 
33 35 27 10 45 3 9 59 31 11 20 41 

8 31 1 65 65 11 62 6 20 70 40 22 
42 3 33 31 31 45 28 40 14 36 6 12 
2 37 7 71 71 5 68 0 26 76 46 28 
63 24 54 10 10 66 7 61 35 15 15 33 
60 21 51 13 13 63 10 58 32 18 12 30 
49 10 40 24 24 52 21 47 21 29 1 19 
6 45 15 79 79 3 76 8 34 84 54 36 
26 13 17 47 47 29 44 24 2 52 22 4 
56 17 47 17 17 59 14 54 28 22 8 26 
27 12 18 46 46 30 43 25 1 51 21 3 
33 6 24 40 40 36 37 31 5 45 15 3 
25 14 16 48 48 28 45 23 3 53 23 5 

58 19 49 15 15 61 12 56 30 20 10 28 
10 49 19 83 83 7 80 12 38 88 58 40 
52 13 43 21 21 55 18 50 24 26 4 22 
15 24 6 58 58 18 55 13 13 63 33 15 
70 31 61 3 3 73 0 68 42 8 22 40 
22 17 13 51 51 25 48 20 6 56 26 8 
34 5 25 39 39 37 36 32 6 44 14 4 
84 45 75 11 11 87 14 82 56 6 36 54 
56 17 47 17 17 59 14 54 28 22 8 26 
36 3 27 37 37 39 34 34 8 42 12 6 
45 6 36 28 28 48 25 43 17 33 3 15 
66 27 57 7 7 69 4 64 38 12 18 36 

