16 16 

55 65 55 55 63 81 79 34 91 11 54 84 30 3 75 80 
26 16 26 26 18 0 2 47 10 70 27 3 51 84 6 1 
3 13 3 3 11 29 27 18 39 41 2 32 22 55 23 28 
56 66 56 56 64 82 80 35 92 12 55 85 31 2 76 81 
1 11 1 1 9 27 25 20 37 43 0 30 24 57 21 26 
4 6 4 4 4 22 20 25 32 48 5 25 29 62 16 21 
46 56 46 46 54 72 70 25 82 2 45 75 21 12 66 71 
10 0 10 10 2 16 14 31 26 54 11 19 35 68 10 15 
25 35 25 25 33 51 49 4 61 19 24 54 0 33 45 50 
54 64 54 54 62 80 78 33 90 10 53 83 29 4 74 79 
5 15 5 5 13 31 29 16 41 39 4 34 20 53 25 30 
16 26 16 16 24 42 40 5 52 28 15 45 9 42 36 41 
13 23 13 13 21 39 37 8 49 31 12 42 12 45 33 38 
21 31 21 21 29 47 45 0 57 23 20 50 4 37 41 46 
37 47 37 37 45 63 61 16 73 7 36 66 12 21 57 62 
20 30 20 20 28 46 44 1 56 24 19 49 5 38 40 45 

30 67 68 5 49 1 87 86 40 20 67 69 90 64 47 26 
51 14 13 76 32 82 6 5 41 61 14 12 9 17 34 55 
22 15 16 47 3 53 35 34 12 32 15 17 38 12 5 26 
31 68 69 6 50 0 88 87 41 21 68 70 91 65 48 27 
24 13 14 49 5 55 33 32 14 34 13 15 36 10 7 28 
29 8 9 54 10 60 28 27 19 39 8 10 31 5 12 33 
21 58 59 4 40 10 78 77 31 11 58 60 81 55 38 17 
35 2 3 60 16 66 22 21 25 45 2 4 25 1 18 39 
0 37 38 25 19 31 57 56 10 10 37 39 60 34 17 4 
29 66 67 4 48 2 86 85 39 19 66 68 89 63 46 25 
20 17 18 45 1 51 37 36 10 30 17 19 40 14 3 24 
9 28 29 34 10 40 48 47 1 19 28 30 51 25 8 13 
12 25 26 37 7 43 45 44 2 22 25 27 48 22 5 16 
4 33 34 29 15 35 53 52 6 14 33 35 56 30 13 8 
12 49 50 13 31 19 69 68 22 2 49 51 72 46 29 8 
5 32 33 30 14 36 52 51 5 15 32 34 55 29 12 9 

91 35 4 6 15 0 41 23 76 60 34 36 19 94 21 31 
10 46 85 75 66 81 40 58 5 21 47 45 62 13 60 50 
39 17 56 46 37 52 11 29 24 8 18 16 33 42 31 21 
92 36 3 7 16 1 42 24 77 61 35 37 20 95 22 32 
37 19 58 48 39 54 13 31 22 6 20 18 35 40 33 23 
32 24 63 53 44 59 18 36 17 1 25 23 40 35 38 28 
82 26 13 3 6 9 32 14 67 51 25 27 10 85 12 22 
26 30 69 59 50 65 24 42 11 5 31 29 46 29 44 34 
61 5 34 24 15 30 11 7 46 30 4 6 11 64 9 1 
90 34 5 5 14 1 40 22 75 59 33 35 18 93 20 30 
41 15 54 44 35 50 9 27 26 10 16 14 31 44 29 19 
52 4 43 33 24 39 2 16 37 21 5 3 20 55 18 8 
49 7 46 36 27 42 1 19 34 18 8 6 23 52 21 11 
57 1 38 28 19 34 7 11 42 26 0 2 15 60 13 3 
73 17 22 12 3 18 23 5 58 42 16 18 1 76 3 13 
56 0 39 29 20 35 6 12 41 25 1 1 16 59 14 4 

17 34 1 76 4 65 50 4 57 58 92 66 93 40 26 70 
64 47 80 5 85 16 31 77 24 23 11 15 12 41 55 11 
35 18 51 24 56 13 2 48 5 6 40 14 41 12 26 18 
18 35 2 77 3 66 51 5 58 59 93 67 94 41 27 71 
37 20 53 22 58 11 4 50 3 4 38 12 39 14 28 16 
42 25 58 17 63 6 9 55 2 1 33 7 34 19 33 11 
8 25 8 67 13 56 41 5 48 49 83 57 84 31 17 61 
48 31 64 11 69 0 15 61 8 7 27 1 28 25 39 5 
13 4 29 46 34 35 20 26 27 28 62 36 63 10 4 40 
16 33 0 75 5 64 49 3 56 57 91 65 92 39 25 69 
33 16 49 26 54 15 0 46 7 8 42 16 43 10 24 20 
22 5 38 37 43 26 11 35 18 19 53 27 54 1 13 31 
25 8 41 34 46 23 8 38 15 16 50 24 51 2 16 28 
17 0 33 42 38 31 16 30 23 24 58 32 59 6 8 36 
1 16 17 58 22 47 32 14 39 40 74 48 75 22 8 52 
18 1 34 41 39 30 15 31 22 23 57 31 58 5 9 35 

32 41 18 61 78 23 1 43 61 78 60 30 43 85 16 88 
49 40 63 20 3 58 82 38 20 3 21 51 38 4 65 7 
20 11 34 9 26 29 53 9 9 26 8 22 9 33 36 36 
33 42 19 62 79 24 0 44 62 79 61 31 44 86 17 89 
22 13 36 7 24 31 55 11 7 24 6 24 11 31 38 34 
27 18 41 2 19 36 60 16 2 19 1 29 16 26 43 29 
23 32 9 52 69 14 10 34 52 69 51 21 34 76 7 79 
33 24 47 4 13 42 66 22 4 13 5 35 22 20 49 23 
2 11 12 31 48 7 31 13 31 48 30 0 13 55 14 58 
31 40 17 60 77 22 2 42 60 77 59 29 42 84 15 87 
18 9 32 11 28 27 51 7 11 28 10 20 7 35 34 38 
7 2 21 22 39 16 40 4 22 39 21 9 4 46 23 49 
10 1 24 19 36 19 43 1 19 36 18 12 1 43 26 46 
2 7 16 27 44 11 35 9 27 44 26 4 9 51 18 54 
14 23 0 43 60 5 19 25 43 60 42 12 25 67 2 70 
3 6 17 26 43 12 36 8 26 43 25 5 8 50 19 53 

45 46 18 85 25 85 88 91 68 55 29 67 88 28 78 56 
36 35 63 4 56 4 7 10 13 26 52 14 7 53 3 25 
7 6 34 33 27 33 36 39 16 3 23 15 36 24 26 4 
46 47 19 86 26 86 89 92 69 56 30 68 89 29 79 57 
9 8 36 31 29 31 34 37 14 1 25 13 34 26 24 2 
14 13 41 26 34 26 29 32 9 4 30 8 29 31 19 3 
36 37 9 76 16 76 79 82 59 46 20 58 79 19 69 47 
20 19 47 20 40 20 23 26 3 10 36 2 23 37 13 9 
15 16 12 55 5 55 58 61 38 25 1 37 58 2 48 26 
44 45 17 84 24 84 87 90 67 54 28 66 87 27 77 55 
5 4 32 35 25 35 38 41 18 5 21 17 38 22 28 6 
6 7 21 46 14 46 49 52 29 16 10 28 49 11 39 17 
3 4 24 43 17 43 46 49 26 13 13 25 46 14 36 14 
11 12 16 51 9 51 54 57 34 21 5 33 54 6 44 22 
27 28 0 67 7 67 70 73 50 37 11 49 70 10 60 38 
10 11 17 50 10 50 53 56 33 20 6 32 53 7 43 21 

25 63 11 77 50 68 85 38 3 79 67 89 40 64 39 65 
56 18 70 4 31 13 4 43 84 2 14 8 41 17 42 16 
27 11 41 25 2 16 33 14 55 27 15 37 12 12 13 13 
26 64 12 78 51 69 86 39 2 80 68 90 41 65 40 66 
29 9 43 23 4 14 31 16 57 25 13 35 14 10 15 11 
34 4 48 18 9 9 26 21 62 20 8 30 19 5 20 6 
16 54 2 68 41 59 76 29 12 70 58 80 31 55 30 56 
40 2 54 12 15 3 20 27 68 14 2 24 25 1 26 0 
5 33 19 47 20 38 55 8 33 49 37 59 10 34 9 35 
24 62 10 76 49 67 84 37 4 78 66 88 39 63 38 64 
25 13 39 27 0 18 35 12 53 29 17 39 10 14 11 15 
14 24 28 38 11 29 46 1 42 40 28 50 1 25 0 26 
17 21 31 35 8 26 43 4 45 37 25 47 2 22 3 23 
9 29 23 43 16 34 51 4 37 45 33 55 6 30 5 31 
7 45 7 59 32 50 67 20 21 61 49 71 22 46 21 47 
10 28 24 42 15 33 50 3 38 44 32 54 5 29 4 30 

32 75 76 80 95 49 76 93 2 4 95 87 67 63 48 8 
49 6 5 1 14 32 5 12 79 77 14 6 14 18 33 73 
20 23 24 28 43 3 24 41 50 48 43 35 15 11 4 44 
33 76 77 81 96 50 77 94 3 5 96 88 68 64 49 9 
22 21 22 26 41 5 22 39 52 50 41 33 13 9 6 46 
27 16 17 21 36 10 17 34 57 55 36 28 8 4 11 51 
23 66 67 71 86 40 67 84 7 5 86 78 58 54 39 1 
33 10 11 15 30 16 11 28 63 61 30 22 2 2 17 57 
2 45 46 50 65 19 46 63 28 26 65 57 37 33 18 22 
31 74 75 79 94 48 75 92 1 3 94 86 66 62 47 7 
18 25 26 30 45 1 26 43 48 46 45 37 17 13 2 42 
7 36 37 41 56 10 37 54 37 35 56 48 28 24 9 31 
10 33 34 38 53 7 34 51 40 38 53 45 25 21 6 34 
2 41 42 46 61 15 42 59 32 30 61 53 33 29 14 26 
14 57 58 62 77 31 58 75 16 14 77 69 49 45 30 10 
3 40 41 45 60 14 41 58 33 31 60 52 32 28 13 27 

29 32 33 72 85 31 32 90 15 85 13 52 25 15 61 12 
52 49 48 9 4 50 49 9 66 4 68 29 56 66 20 69 
23 20 19 20 33 21 20 38 37 33 39 0 27 37 9 40 
30 33 34 73 86 32 33 91 16 86 14 53 26 16 62 13 
25 22 21 18 31 23 22 36 39 31 41 2 29 39 7 42 
30 27 26 13 26 28 27 31 44 26 46 7 34 44 2 47 
20 23 24 63 76 22 23 81 6 76 4 43 16 6 52 3 
36 33 32 7 20 34 33 25 50 20 52 13 40 50 4 53 
1 2 3 42 55 1 2 60 15 55 17 22 5 15 31 18 
28 31 32 71 84 30 31 89 14 84 12 51 24 14 60 11 
21 18 17 22 35 19 18 40 35 35 37 2 25 35 11 38 
10 7 6 33 46 8 7 51 24 46 26 13 14 24 22 27 
13 10 9 30 43 11 10 48 27 43 29 10 17 27 19 30 
5 2 1 38 51 3 2 56 19 51 21 18 9 19 27 22 
11 14 15 54 67 13 14 72 3 67 5 34 7 3 43 6 
6 3 2 37 50 4 3 55 20 50 22 17 10 20 26 23 

48 59 65 34 38 2 25 72 64 74 4 50 44 53 35 18 
33 22 16 47 43 83 56 9 17 7 85 31 37 28 46 63 
4 7 13 18 14 54 27 20 12 22 56 2 8 1 17 34 
49 60 66 35 39 1 26 73 65 75 3 51 45 54 36 19 
6 5 11 20 16 56 29 18 10 20 58 4 10 1 19 36 
11 0 6 25 21 61 34 13 5 15 63 9 15 6 24 41 
39 50 56 25 29 11 16 63 55 65 13 41 35 44 26 9 
17 6 0 31 27 67 40 7 1 9 69 15 21 12 30 47 
18 29 35 4 8 32 5 42 34 44 34 20 14 23 5 12 
47 58 64 33 37 3 24 71 63 73 5 49 43 52 34 17 
2 9 15 16 12 52 25 22 14 24 54 0 6 3 15 32 
9 20 26 5 1 41 14 33 25 35 43 11 5 14 4 21 
6 17 23 8 4 44 17 30 22 32 46 8 2 11 7 24 
14 25 31 0 4 36 9 38 30 40 38 16 10 19 1 16 
30 41 47 16 20 20 7 54 46 56 22 32 26 35 17 0 
13 24 30 1 3 37 10 37 29 39 39 15 9 18 0 17 

88 66 59 60 0 75 18 67 19 70 70 86 17 73 73 95 
7 15 22 21 81 6 63 14 62 11 11 5 64 8 8 14 
36 14 7 8 52 23 34 15 33 18 18 34 35 21 21 43 
89 67 60 61 1 76 19 68 20 71 71 87 18 74 74 96 
34 12 5 6 54 21 36 13 35 16 16 32 37 19 19 41 
29 7 0 1 59 16 41 8 40 11 11 27 42 14 14 36 
79 57 50 51 9 66 9 58 10 61 61 77 8 64 64 86 
23 1 6 5 65 10 47 2 46 5 5 21 48 8 8 30 
58 36 29 30 30 45 12 37 11 40 40 56 13 43 43 65 
87 65 58 59 1 74 17 66 18 69 69 85 16 72 72 94 
38 16 9 10 50 25 32 17 31 20 20 36 33 23 23 45 
49 27 20 21 39 36 21 28 20 31 31 47 22 34 34 56 
46 24 17 18 42 33 24 25 23 28 28 44 25 31 31 53 
54 32 25 26 34 41 16 33 15 36 36 52 17 39 39 61 
70 48 41 42 18 57 0 49 1 52 52 68 1 55 55 77 
53 31 24 25 35 40 17 32 16 35 35 51 18 38 38 60 

89 55 5 7 28 3 29 70 35 95 3 76 55 26 29 92 
8 26 76 74 53 78 52 11 46 14 78 5 26 55 52 11 
37 3 47 45 24 49 23 18 17 43 49 24 3 26 23 40 
90 56 6 8 29 4 30 71 36 96 4 77 56 27 30 93 
35 1 49 47 26 51 25 16 19 41 51 22 1 28 25 38 
30 4 54 52 31 56 30 11 24 36 56 17 4 33 30 33 
80 46 4 2 19 6 20 61 26 86 6 67 46 17 20 83 
24 10 60 58 37 62 36 5 30 30 62 11 10 39 36 27 
59 25 25 23 2 27 1 40 5 65 27 46 25 4 1 62 
88 54 4 6 27 2 28 69 34 94 2 75 54 25 28 91 
39 5 45 43 22 47 21 20 15 45 47 26 5 24 21 42 
50 16 34 32 11 36 10 31 4 56 36 37 16 13 10 53 
47 13 37 35 14 39 13 28 7 53 39 34 13 16 13 50 
55 21 29 27 6 31 5 36 1 61 31 42 21 8 5 58 
71 37 13 11 10 15 11 52 17 77 15 58 37 8 11 74 
54 20 30 28 7 32 6 35 0 60 32 41 20 9 6 57 

85 2 4 4 9 9 68 39 41 12 60 66 3 95 21 22 
4 79 85 77 72 72 13 42 40 69 21 15 84 14 60 59 
33 50 56 48 43 43 16 13 11 40 8 14 55 43 31 30 
86 3 3 5 10 10 69 40 42 13 61 67 2 96 22 23 
31 52 58 50 45 45 14 15 13 42 6 12 57 41 33 32 
26 57 63 55 50 50 9 20 18 47 1 7 62 36 38 37 
76 7 13 5 0 0 59 30 32 3 51 57 12 86 12 13 
20 63 69 61 56 56 3 26 24 53 5 1 68 30 44 43 
55 28 34 26 21 21 38 9 11 18 30 36 33 65 9 8 
84 1 5 3 8 8 67 38 40 11 59 65 4 94 20 21 
35 48 54 46 41 41 18 11 9 38 10 16 53 45 29 28 
46 37 43 35 30 30 29 0 2 27 21 27 42 56 18 17 
43 40 46 38 33 33 26 3 1 30 18 24 45 53 21 20 
51 32 38 30 25 25 34 5 7 22 26 32 37 61 13 12 
67 16 22 14 9 9 50 21 23 6 42 48 21 77 3 4 
50 33 39 31 26 26 33 4 6 23 25 31 38 60 14 13 

85 25 69 16 57 3 70 2 55 87 83 20 17 48 60 46 
4 56 12 65 24 78 11 79 26 6 2 61 64 33 21 35 
33 27 17 36 5 49 18 50 3 35 31 32 35 4 8 6 
86 26 70 17 58 4 71 3 56 88 84 21 18 49 61 47 
31 29 15 38 3 51 16 52 1 33 29 34 37 6 6 8 
26 34 10 43 2 56 11 57 4 28 24 39 42 11 1 13 
76 16 60 7 48 6 61 7 46 78 74 11 8 39 51 37 
20 40 4 49 8 62 5 63 10 22 18 45 48 17 5 19 
55 5 39 14 27 27 40 28 25 57 53 10 13 18 30 16 
84 24 68 15 56 2 69 1 54 86 82 19 16 47 59 45 
35 25 19 34 7 47 20 48 5 37 33 30 33 2 10 4 
46 14 30 23 18 36 31 37 16 48 44 19 22 9 21 7 
43 17 27 26 15 39 28 40 13 45 41 22 25 6 18 4 
51 9 35 18 23 31 36 32 21 53 49 14 17 14 26 12 
67 7 51 2 39 15 52 16 37 69 65 2 1 30 42 28 
50 10 34 19 22 32 35 33 20 52 48 15 18 13 25 11 

25 94 83 13 10 73 26 51 23 38 34 72 34 80 15 83 
56 13 2 68 71 8 55 30 58 43 47 9 47 1 66 2 
27 42 31 39 42 21 26 1 29 14 18 20 18 28 37 31 
26 95 84 14 11 74 27 52 24 39 35 73 35 81 16 84 
29 40 29 41 44 19 28 3 31 16 20 18 20 26 39 29 
34 35 24 46 49 14 33 8 36 21 25 13 25 21 44 24 
16 85 74 4 1 64 17 42 14 29 25 63 25 71 6 74 
40 29 18 52 55 8 39 14 42 27 31 7 31 15 50 18 
5 64 53 17 20 43 4 21 7 8 4 42 4 50 15 53 
24 93 82 12 9 72 25 50 22 37 33 71 33 79 14 82 
25 44 33 37 40 23 24 1 27 12 16 22 16 30 35 33 
14 55 44 26 29 34 13 12 16 1 5 33 5 41 24 44 
17 52 41 29 32 31 16 9 19 4 8 30 8 38 27 41 
9 60 49 21 24 39 8 17 11 4 0 38 0 46 19 49 
7 76 65 5 8 55 8 33 5 20 16 54 16 62 3 65 
10 59 48 22 25 38 9 16 12 3 1 37 1 45 20 48 

25 12 13 50 6 56 32 31 15 35 12 14 35 9 8 29 
35 2 3 60 16 66 22 21 25 45 2 4 25 1 18 39 
25 12 13 50 6 56 32 31 15 35 12 14 35 9 8 29 
25 12 13 50 6 56 32 31 15 35 12 14 35 9 8 29 
33 4 5 58 14 64 24 23 23 43 4 6 27 1 16 37 
51 14 13 76 32 82 6 5 41 61 14 12 9 17 34 55 
49 12 11 74 30 80 8 7 39 59 12 10 11 15 32 53 
4 33 34 29 15 35 53 52 6 14 33 35 56 30 13 8 
61 24 23 86 42 92 4 5 51 71 24 22 1 27 44 65 
19 56 57 6 38 12 76 75 29 9 56 58 79 53 36 15 
24 13 14 49 5 55 33 32 14 34 13 15 36 10 7 28 
54 17 16 79 35 85 3 2 44 64 17 15 6 20 37 58 
0 37 38 25 19 31 57 56 10 10 37 39 60 34 17 4 
33 70 71 8 52 2 90 89 43 23 70 72 93 67 50 29 
45 8 7 70 26 76 12 11 35 55 8 6 15 11 28 49 
50 13 12 75 31 81 7 6 40 60 13 11 10 16 33 54 

36 20 59 49 40 55 14 32 21 5 21 19 36 39 34 24 
26 30 69 59 50 65 24 42 11 5 31 29 46 29 44 34 
36 20 59 49 40 55 14 32 21 5 21 19 36 39 34 24 
36 20 59 49 40 55 14 32 21 5 21 19 36 39 34 24 
28 28 67 57 48 63 22 40 13 3 29 27 44 31 42 32 
10 46 85 75 66 81 40 58 5 21 47 45 62 13 60 50 
12 44 83 73 64 79 38 56 3 19 45 43 60 15 58 48 
57 1 38 28 19 34 7 11 42 26 0 2 15 60 13 3 
0 56 95 85 76 91 50 68 15 31 57 55 72 3 70 60 
80 24 15 5 4 11 30 12 65 49 23 25 8 83 10 20 
37 19 58 48 39 54 13 31 22 6 20 18 35 40 33 23 
7 49 88 78 69 84 43 61 8 24 50 48 65 10 63 53 
61 5 34 24 15 30 11 7 46 30 4 6 11 64 9 1 
94 38 1 9 18 3 44 26 79 63 37 39 22 97 24 34 
16 40 79 69 60 75 34 52 1 15 41 39 56 19 54 44 
11 45 84 74 65 80 39 57 4 20 46 44 61 14 59 49 

38 21 54 21 59 10 5 51 2 3 37 11 38 15 29 15 
48 31 64 11 69 0 15 61 8 7 27 1 28 25 39 5 
38 21 54 21 59 10 5 51 2 3 37 11 38 15 29 15 
38 21 54 21 59 10 5 51 2 3 37 11 38 15 29 15 
46 29 62 13 67 2 13 59 6 5 29 3 30 23 37 7 
64 47 80 5 85 16 31 77 24 23 11 15 12 41 55 11 
62 45 78 3 83 14 29 75 22 21 13 13 14 39 53 9 
17 0 33 42 38 31 16 30 23 24 58 32 59 6 8 36 
74 57 90 15 95 26 41 87 34 33 1 25 2 51 65 21 
6 23 10 65 15 54 39 7 46 47 81 55 82 29 15 59 
37 20 53 22 58 11 4 50 3 4 38 12 39 14 28 16 
67 50 83 8 88 19 34 80 27 26 8 18 9 44 58 14 
13 4 29 46 34 35 20 26 27 28 62 36 63 10 4 40 
20 37 4 79 1 68 53 7 60 61 95 69 96 43 29 73 
58 41 74 1 79 10 25 71 18 17 17 9 18 35 49 5 
63 46 79 4 84 15 30 76 23 22 12 14 13 40 54 10 

23 14 37 6 23 32 56 12 6 23 5 25 12 30 39 33 
33 24 47 4 13 42 66 22 4 13 5 35 22 20 49 23 
23 14 37 6 23 32 56 12 6 23 5 25 12 30 39 33 
23 14 37 6 23 32 56 12 6 23 5 25 12 30 39 33 
31 22 45 2 15 40 64 20 2 15 3 33 20 22 47 25 
49 40 63 20 3 58 82 38 20 3 21 51 38 4 65 7 
47 38 61 18 1 56 80 36 18 1 19 49 36 6 63 9 
2 7 16 27 44 11 35 9 27 44 26 4 9 51 18 54 
59 50 73 30 13 68 92 48 30 13 31 61 48 6 75 3 
21 30 7 50 67 12 12 32 50 67 49 19 32 74 5 77 
22 13 36 7 24 31 55 11 7 24 6 24 11 31 38 34 
52 43 66 23 6 61 85 41 23 6 24 54 41 1 68 4 
2 11 12 31 48 7 31 13 31 48 30 0 13 55 14 58 
35 44 21 64 81 26 2 46 64 81 63 33 46 88 19 91 
43 34 57 14 3 52 76 32 14 3 15 45 32 10 59 13 
48 39 62 19 2 57 81 37 19 2 20 50 37 5 64 8 

10 9 37 30 30 30 33 36 13 0 26 12 33 27 23 1 
20 19 47 20 40 20 23 26 3 10 36 2 23 37 13 9 
10 9 37 30 30 30 33 36 13 0 26 12 33 27 23 1 
10 9 37 30 30 30 33 36 13 0 26 12 33 27 23 1 
18 17 45 22 38 22 25 28 5 8 34 4 25 35 15 7 
36 35 63 4 56 4 7 10 13 26 52 14 7 53 3 25 
34 33 61 6 54 6 9 12 11 24 50 12 9 51 1 23 
11 12 16 51 9 51 54 57 34 21 5 33 54 6 44 22 
46 45 73 6 66 6 3 0 23 36 62 24 3 63 13 35 
34 35 7 74 14 74 77 80 57 44 18 56 77 17 67 45 
9 8 36 31 29 31 34 37 14 1 25 13 34 26 24 2 
39 38 66 1 59 1 4 7 16 29 55 17 4 56 6 28 
15 16 12 55 5 55 58 61 38 25 1 37 58 2 48 26 
48 49 21 88 28 88 91 94 71 58 32 70 91 31 81 59 
30 29 57 10 50 10 13 16 7 20 46 8 13 47 3 19 
35 34 62 5 55 5 8 11 12 25 51 13 8 52 2 24 

30 8 44 22 5 13 30 17 58 24 12 34 15 9 16 10 
40 2 54 12 15 3 20 27 68 14 2 24 25 1 26 0 
30 8 44 22 5 13 30 17 58 24 12 34 15 9 16 10 
30 8 44 22 5 13 30 17 58 24 12 34 15 9 16 10 
38 0 52 14 13 5 22 25 66 16 4 26 23 1 24 2 
56 18 70 4 31 13 4 43 84 2 14 8 41 17 42 16 
54 16 68 2 29 11 6 41 82 0 12 10 39 15 40 14 
9 29 23 43 16 34 51 4 37 45 33 55 6 30 5 31 
66 28 80 14 41 23 6 53 94 12 24 2 51 27 52 26 
14 52 0 66 39 57 74 27 14 68 56 78 29 53 28 54 
29 9 43 23 4 14 31 16 57 25 13 35 14 10 15 11 
59 21 73 7 34 16 1 46 87 5 17 5 44 20 45 19 
5 33 19 47 20 38 55 8 33 49 37 59 10 34 9 35 
28 66 14 80 53 71 88 41 0 82 70 92 43 67 42 68 
50 12 64 2 25 7 10 37 78 4 8 14 35 11 36 10 
55 17 69 3 30 12 5 42 83 1 13 9 40 16 41 15 

23 20 21 25 40 6 21 38 53 51 40 32 12 8 7 47 
33 10 11 15 30 16 11 28 63 61 30 22 2 2 17 57 
23 20 21 25 40 6 21 38 53 51 40 32 12 8 7 47 
23 20 21 25 40 6 21 38 53 51 40 32 12 8 7 47 
31 12 13 17 32 14 13 30 61 59 32 24 4 0 15 55 
49 6 5 1 14 32 5 12 79 77 14 6 14 18 33 73 
47 4 3 1 16 30 3 14 77 75 16 8 12 16 31 71 
2 41 42 46 61 15 42 59 32 30 61 53 33 29 14 26 
59 16 15 11 4 42 15 2 89 87 4 4 24 28 43 83 
21 64 65 69 84 38 65 82 9 7 84 76 56 52 37 3 
22 21 22 26 41 5 22 39 52 50 41 33 13 9 6 46 
52 9 8 4 11 35 8 9 82 80 11 3 17 21 36 76 
2 45 46 50 65 19 46 63 28 26 65 57 37 33 18 22 
35 78 79 83 98 52 79 96 5 7 98 90 70 66 51 11 
43 0 1 5 20 26 1 18 73 71 20 12 8 12 27 67 
48 5 4 0 15 31 4 13 78 76 15 7 13 17 32 72 

26 23 22 17 30 24 23 35 40 30 42 3 30 40 6 43 
36 33 32 7 20 34 33 25 50 20 52 13 40 50 4 53 
26 23 22 17 30 24 23 35 40 30 42 3 30 40 6 43 
26 23 22 17 30 24 23 35 40 30 42 3 30 40 6 43 
34 31 30 9 22 32 31 27 48 22 50 11 38 48 2 51 
52 49 48 9 4 50 49 9 66 4 68 29 56 66 20 69 
50 47 46 7 6 48 47 11 64 6 66 27 54 64 18 67 
5 2 1 38 51 3 2 56 19 51 21 18 9 19 27 22 
62 59 58 19 6 60 59 1 76 6 78 39 66 76 30 79 
18 21 22 61 74 20 21 79 4 74 2 41 14 4 50 1 
25 22 21 18 31 23 22 36 39 31 41 2 29 39 7 42 
55 52 51 12 1 53 52 6 69 1 71 32 59 69 23 72 
1 2 3 42 55 1 2 60 15 55 17 22 5 15 31 18 
32 35 36 75 88 34 35 93 18 88 16 55 28 18 64 15 
46 43 42 3 10 44 43 15 60 10 62 23 50 60 14 63 
51 48 47 8 5 49 48 10 65 5 67 28 55 65 19 68 

7 4 10 21 17 57 30 17 9 19 59 5 11 2 20 37 
17 6 0 31 27 67 40 7 1 9 69 15 21 12 30 47 
7 4 10 21 17 57 30 17 9 19 59 5 11 2 20 37 
7 4 10 21 17 57 30 17 9 19 59 5 11 2 20 37 
15 4 2 29 25 65 38 9 1 11 67 13 19 10 28 45 
33 22 16 47 43 83 56 9 17 7 85 31 37 28 46 63 
31 20 14 45 41 81 54 7 15 5 83 29 35 26 44 61 
14 25 31 0 4 36 9 38 30 40 38 16 10 19 1 16 
43 32 26 57 53 93 66 19 27 17 95 41 47 38 56 73 
37 48 54 23 27 13 14 61 53 63 15 39 33 42 24 7 
6 5 11 20 16 56 29 18 10 20 58 4 10 1 19 36 
36 25 19 50 46 86 59 12 20 10 88 34 40 31 49 66 
18 29 35 4 8 32 5 42 34 44 34 20 14 23 5 12 
51 62 68 37 41 1 28 75 67 77 1 53 47 56 38 21 
27 16 10 41 37 77 50 3 11 1 79 25 31 22 40 57 
32 21 15 46 42 82 55 8 16 6 84 30 36 27 45 62 

33 11 4 5 55 20 37 12 36 15 15 31 38 18 18 40 
23 1 6 5 65 10 47 2 46 5 5 21 48 8 8 30 
33 11 4 5 55 20 37 12 36 15 15 31 38 18 18 40 
33 11 4 5 55 20 37 12 36 15 15 31 38 18 18 40 
25 3 4 3 63 12 45 4 44 7 7 23 46 10 10 32 
7 15 22 21 81 6 63 14 62 11 11 5 64 8 8 14 
9 13 20 19 79 4 61 12 60 9 9 7 62 6 6 16 
54 32 25 26 34 41 16 33 15 36 36 52 17 39 39 61 
3 25 32 31 91 16 73 24 72 21 21 5 74 18 18 4 
77 55 48 49 11 64 7 56 8 59 59 75 6 62 62 84 
34 12 5 6 54 21 36 13 35 16 16 32 37 19 19 41 
4 18 25 24 84 9 66 17 65 14 14 2 67 11 11 11 
58 36 29 30 30 45 12 37 11 40 40 56 13 43 43 65 
91 69 62 63 3 78 21 70 22 73 73 89 20 76 76 98 
13 9 16 15 75 0 57 8 56 5 5 11 58 2 2 20 
8 14 21 20 80 5 62 13 61 10 10 6 63 7 7 15 

34 0 50 48 27 52 26 15 20 40 52 21 0 29 26 37 
24 10 60 58 37 62 36 5 30 30 62 11 10 39 36 27 
34 0 50 48 27 52 26 15 20 40 52 21 0 29 26 37 
34 0 50 48 27 52 26 15 20 40 52 21 0 29 26 37 
26 8 58 56 35 60 34 7 28 32 60 13 8 37 34 29 
8 26 76 74 53 78 52 11 46 14 78 5 26 55 52 11 
10 24 74 72 51 76 50 9 44 16 76 3 24 53 50 13 
55 21 29 27 6 31 5 36 1 61 31 42 21 8 5 58 
2 36 86 84 63 88 62 21 56 4 88 15 36 65 62 1 
78 44 6 4 17 8 18 59 24 84 8 65 44 15 18 81 
35 1 49 47 26 51 25 16 19 41 51 22 1 28 25 38 
5 29 79 77 56 81 55 14 49 11 81 8 29 58 55 8 
59 25 25 23 2 27 1 40 5 65 27 46 25 4 1 62 
92 58 8 10 31 6 32 73 38 98 6 79 58 29 32 95 
14 20 70 68 47 72 46 5 40 20 72 1 20 49 46 17 
9 25 75 73 52 77 51 10 45 15 77 4 25 54 51 12 

30 53 59 51 46 46 13 16 14 43 5 11 58 40 34 33 
20 63 69 61 56 56 3 26 24 53 5 1 68 30 44 43 
30 53 59 51 46 46 13 16 14 43 5 11 58 40 34 33 
30 53 59 51 46 46 13 16 14 43 5 11 58 40 34 33 
22 61 67 59 54 54 5 24 22 51 3 3 66 32 42 41 
4 79 85 77 72 72 13 42 40 69 21 15 84 14 60 59 
6 77 83 75 70 70 11 40 38 67 19 13 82 16 58 57 
51 32 38 30 25 25 34 5 7 22 26 32 37 61 13 12 
6 89 95 87 82 82 23 52 50 79 31 25 94 4 70 69 
74 9 15 7 2 2 57 28 30 1 49 55 14 84 10 11 
31 52 58 50 45 45 14 15 13 42 6 12 57 41 33 32 
1 82 88 80 75 75 16 45 43 72 24 18 87 11 63 62 
55 28 34 26 21 21 38 9 11 18 30 36 33 65 9 8 
88 5 1 7 12 12 71 42 44 15 63 69 0 98 24 25 
10 73 79 71 66 66 7 36 34 63 15 9 78 20 54 53 
5 78 84 76 71 71 12 41 39 68 20 14 83 15 59 58 

30 30 14 39 2 52 15 53 0 32 28 35 38 7 5 9 
20 40 4 49 8 62 5 63 10 22 18 45 48 17 5 19 
30 30 14 39 2 52 15 53 0 32 28 35 38 7 5 9 
30 30 14 39 2 52 15 53 0 32 28 35 38 7 5 9 
22 38 6 47 6 60 7 61 8 24 20 43 46 15 3 17 
4 56 12 65 24 78 11 79 26 6 2 61 64 33 21 35 
6 54 10 63 22 76 9 77 24 8 4 59 62 31 19 33 
51 9 35 18 23 31 36 32 21 53 49 14 17 14 26 12 
6 66 22 75 34 88 21 89 36 4 8 71 74 43 31 45 
74 14 58 5 46 8 59 9 44 76 72 9 6 37 49 35 
31 29 15 38 3 51 16 52 1 33 29 34 37 6 6 8 
1 59 15 68 27 81 14 82 29 3 1 64 67 36 24 38 
55 5 39 14 27 27 40 28 25 57 53 10 13 18 30 16 
88 28 72 19 60 6 73 5 58 90 86 23 20 51 63 49 
10 50 6 59 18 72 5 73 20 12 8 55 58 27 15 29 
5 55 11 64 23 77 10 78 25 7 3 60 63 32 20 34 

30 39 28 42 45 18 29 4 32 17 21 17 21 25 40 28 
40 29 18 52 55 8 39 14 42 27 31 7 31 15 50 18 
30 39 28 42 45 18 29 4 32 17 21 17 21 25 40 28 
30 39 28 42 45 18 29 4 32 17 21 17 21 25 40 28 
38 31 20 50 53 10 37 12 40 25 29 9 29 17 48 20 
56 13 2 68 71 8 55 30 58 43 47 9 47 1 66 2 
54 15 4 66 69 6 53 28 56 41 45 7 45 1 64 4 
9 60 49 21 24 39 8 17 11 4 0 38 0 46 19 49 
66 3 8 78 81 18 65 40 68 53 57 19 57 11 76 8 
14 83 72 2 1 62 15 40 12 27 23 61 23 69 4 72 
29 40 29 41 44 19 28 3 31 16 20 18 20 26 39 29 
59 10 1 71 74 11 58 33 61 46 50 12 50 4 69 1 
5 64 53 17 20 43 4 21 7 8 4 42 4 50 15 53 
28 97 86 16 13 76 29 54 26 41 37 75 37 83 18 86 
50 19 8 62 65 2 49 24 52 37 41 3 41 5 60 8 
55 14 3 67 70 7 54 29 57 42 46 8 46 0 65 3 

61 5 34 24 15 30 11 7 46 30 4 6 11 64 9 1 
24 32 71 61 52 67 26 44 9 7 33 31 48 27 46 36 
23 33 72 62 53 68 27 45 8 8 34 32 49 26 47 37 
86 30 9 1 10 5 36 18 71 55 29 31 14 89 16 26 
42 14 53 43 34 49 8 26 27 11 15 13 30 45 28 18 
92 36 3 7 16 1 42 24 77 61 35 37 20 95 22 32 
4 52 91 81 72 87 46 64 11 27 53 51 68 7 66 56 
5 51 90 80 71 86 45 63 10 26 52 50 67 8 65 55 
51 5 44 34 25 40 1 17 36 20 6 4 21 54 19 9 
71 15 24 14 5 20 21 3 56 40 14 16 1 74 1 11 
24 32 71 61 52 67 26 44 9 7 33 31 48 27 46 36 
22 34 73 63 54 69 28 46 7 9 35 33 50 25 48 38 
1 55 94 84 75 90 49 67 14 30 56 54 71 4 69 59 
27 29 68 58 49 64 23 41 12 4 30 28 45 30 43 33 
44 12 51 41 32 47 6 24 29 13 13 11 28 47 26 16 
65 9 30 20 11 26 15 3 50 34 8 10 7 68 5 5 

13 4 29 46 34 35 20 26 27 28 62 36 63 10 4 40 
50 33 66 9 71 2 17 63 10 9 25 1 26 27 41 3 
51 34 67 8 72 3 18 64 11 10 24 2 25 28 42 2 
12 29 4 71 9 60 45 1 52 53 87 61 88 35 21 65 
32 15 48 27 53 16 1 45 8 9 43 17 44 9 23 21 
18 35 2 77 3 66 51 5 58 59 93 67 94 41 27 71 
70 53 86 11 91 22 37 83 30 29 5 21 6 47 61 17 
69 52 85 10 90 21 36 82 29 28 6 20 7 46 60 16 
23 6 39 36 44 25 10 36 17 18 52 26 53 0 14 30 
3 14 19 56 24 45 30 16 37 38 72 46 73 20 6 50 
50 33 66 9 71 2 17 63 10 9 25 1 26 27 41 3 
52 35 68 7 73 4 19 65 12 11 23 3 24 29 43 1 
73 56 89 14 94 25 40 86 33 32 2 24 3 50 64 20 
47 30 63 12 68 1 14 60 7 6 28 2 29 24 38 6 
30 13 46 29 51 18 3 43 10 11 45 19 46 7 21 23 
9 8 25 50 30 39 24 22 31 32 66 40 67 14 0 44 

2 11 12 31 48 7 31 13 31 48 30 0 13 55 14 58 
35 26 49 6 11 44 68 24 6 11 7 37 24 18 51 21 
36 27 50 7 10 45 69 25 7 10 8 38 25 17 52 20 
27 36 13 56 73 18 6 38 56 73 55 25 38 80 11 83 
17 8 31 12 29 26 50 6 12 29 11 19 6 36 33 39 
33 42 19 62 79 24 0 44 62 79 61 31 44 86 17 89 
55 46 69 26 9 64 88 44 26 9 27 57 44 2 71 1 
54 45 68 25 8 63 87 43 25 8 26 56 43 1 70 2 
8 1 22 21 38 17 41 3 21 38 20 10 3 45 24 48 
12 21 2 41 58 3 21 23 41 58 40 10 23 65 4 68 
35 26 49 6 11 44 68 24 6 11 7 37 24 18 51 21 
37 28 51 8 9 46 70 26 8 9 9 39 26 16 53 19 
58 49 72 29 12 67 91 47 29 12 30 60 47 5 74 2 
32 23 46 3 14 41 65 21 3 14 4 34 21 21 48 24 
15 6 29 14 31 24 48 4 14 31 13 17 4 38 31 41 
6 15 8 35 52 3 27 17 35 52 34 4 17 59 10 62 

15 16 12 55 5 55 58 61 38 25 1 37 58 2 48 26 
22 21 49 18 42 18 21 24 1 12 38 0 21 39 11 11 
23 22 50 17 43 17 20 23 0 13 39 1 20 40 10 12 
40 41 13 80 20 80 83 86 63 50 24 62 83 23 73 51 
4 3 31 36 24 36 39 42 19 6 20 18 39 21 29 7 
46 47 19 86 26 86 89 92 69 56 30 68 89 29 79 57 
42 41 69 2 62 2 1 4 19 32 58 20 1 59 9 31 
41 40 68 1 61 1 2 5 18 31 57 19 2 58 8 30 
5 6 22 45 15 45 48 51 28 15 11 27 48 12 38 16 
25 26 2 65 5 65 68 71 48 35 9 47 68 8 58 36 
22 21 49 18 42 18 21 24 1 12 38 0 21 39 11 11 
24 23 51 16 44 16 19 22 1 14 40 2 19 41 9 13 
45 44 72 5 65 5 2 1 22 35 61 23 2 62 12 34 
19 18 46 21 39 21 24 27 4 9 35 3 24 36 14 8 
2 1 29 38 22 38 41 44 21 8 18 20 41 19 31 9 
19 20 8 59 1 59 62 65 42 29 3 41 62 2 52 30 

5 33 19 47 20 38 55 8 33 49 37 59 10 34 9 35 
42 4 56 10 17 1 18 29 70 12 0 22 27 3 28 2 
43 5 57 9 18 0 17 30 71 11 1 21 28 4 29 3 
20 58 6 72 45 63 80 33 8 74 62 84 35 59 34 60 
24 14 38 28 1 19 36 11 52 30 18 40 9 15 10 16 
26 64 12 78 51 69 86 39 2 80 68 90 41 65 40 66 
62 24 76 10 37 19 2 49 90 8 20 2 47 23 48 22 
61 23 75 9 36 18 1 48 89 7 19 3 46 22 47 21 
15 23 29 37 10 28 45 2 43 39 27 49 0 24 1 25 
5 43 9 57 30 48 65 18 23 59 47 69 20 44 19 45 
42 4 56 10 17 1 18 29 70 12 0 22 27 3 28 2 
44 6 58 8 19 1 16 31 72 10 2 20 29 5 30 4 
65 27 79 13 40 22 5 52 93 11 23 1 50 26 51 25 
39 1 53 13 14 4 21 26 67 15 3 25 24 0 25 1 
22 16 36 30 3 21 38 9 50 32 20 42 7 17 8 18 
1 37 15 51 24 42 59 12 29 53 41 63 14 38 13 39 

2 45 46 50 65 19 46 63 28 26 65 57 37 33 18 22 
35 8 9 13 28 18 9 26 65 63 28 20 0 4 19 59 
36 7 8 12 27 19 8 25 66 64 27 19 1 5 20 60 
27 70 71 75 90 44 71 88 3 1 90 82 62 58 43 3 
17 26 27 31 46 0 27 44 47 45 46 38 18 14 1 41 
33 76 77 81 96 50 77 94 3 5 96 88 68 64 49 9 
55 12 11 7 8 38 11 6 85 83 8 0 20 24 39 79 
54 11 10 6 9 37 10 7 84 82 9 1 19 23 38 78 
8 35 36 40 55 9 36 53 38 36 55 47 27 23 8 32 
12 55 56 60 75 29 56 73 18 16 75 67 47 43 28 12 
35 8 9 13 28 18 9 26 65 63 28 20 0 4 19 59 
37 6 7 11 26 20 7 24 67 65 26 18 2 6 21 61 
58 15 14 10 5 41 14 3 88 86 5 3 23 27 42 82 
32 11 12 16 31 15 12 29 62 60 31 23 3 1 16 56 
15 28 29 33 48 2 29 46 45 43 48 40 20 16 1 39 
6 49 50 54 69 23 50 67 24 22 69 61 41 37 22 18 

1 2 3 42 55 1 2 60 15 55 17 22 5 15 31 18 
38 35 34 5 18 36 35 23 52 18 54 15 42 52 6 55 
39 36 35 4 17 37 36 22 53 17 55 16 43 53 7 56 
24 27 28 67 80 26 27 85 10 80 8 47 20 10 56 7 
20 17 16 23 36 18 17 41 34 36 36 3 24 34 12 37 
30 33 34 73 86 32 33 91 16 86 14 53 26 16 62 13 
58 55 54 15 2 56 55 3 72 2 74 35 62 72 26 75 
57 54 53 14 1 55 54 4 71 1 73 34 61 71 25 74 
11 8 7 32 45 9 8 50 25 45 27 12 15 25 21 28 
9 12 13 52 65 11 12 70 5 65 7 32 5 5 41 8 
38 35 34 5 18 36 35 23 52 18 54 15 42 52 6 55 
40 37 36 3 16 38 37 21 54 16 56 17 44 54 8 57 
61 58 57 18 5 59 58 0 75 5 77 38 65 75 29 78 
35 32 31 8 21 33 32 26 49 21 51 12 39 49 3 52 
18 15 14 25 38 16 15 43 32 38 34 5 22 32 14 35 
3 6 7 46 59 5 6 64 11 59 13 26 1 11 35 14 

18 29 35 4 8 32 5 42 34 44 34 20 14 23 5 12 
19 8 2 33 29 69 42 5 3 7 71 17 23 14 32 49 
20 9 3 34 30 70 43 4 4 6 72 18 24 15 33 50 
43 54 60 29 33 7 20 67 59 69 9 45 39 48 30 13 
1 10 16 15 11 51 24 23 15 25 53 1 5 4 14 31 
49 60 66 35 39 1 26 73 65 75 3 51 45 54 36 19 
39 28 22 53 49 89 62 15 23 13 91 37 43 34 52 69 
38 27 21 52 48 88 61 14 22 12 90 36 42 33 51 68 
8 19 25 6 2 42 15 32 24 34 44 10 4 13 5 22 
28 39 45 14 18 22 5 52 44 54 24 30 24 33 15 2 
19 8 2 33 29 69 42 5 3 7 71 17 23 14 32 49 
21 10 4 35 31 71 44 3 5 5 73 19 25 16 34 51 
42 31 25 56 52 92 65 18 26 16 94 40 46 37 55 72 
16 5 1 30 26 66 39 8 0 10 68 14 20 11 29 46 
1 12 18 13 9 49 22 25 17 27 51 3 3 6 12 29 
22 33 39 8 12 28 1 46 38 48 30 24 18 27 9 8 

58 36 29 30 30 45 12 37 11 40 40 56 13 43 43 65 
21 1 8 7 67 8 49 0 48 3 3 19 50 6 6 28 
20 2 9 8 68 7 50 1 49 2 2 18 51 5 5 27 
83 61 54 55 5 70 13 62 14 65 65 81 12 68 68 90 
39 17 10 11 49 26 31 18 30 21 21 37 32 24 24 46 
89 67 60 61 1 76 19 68 20 71 71 87 18 74 74 96 
1 21 28 27 87 12 69 20 68 17 17 1 70 14 14 8 
2 20 27 26 86 11 68 19 67 16 16 0 69 13 13 9 
48 26 19 20 40 35 22 27 21 30 30 46 23 33 33 55 
68 46 39 40 20 55 2 47 1 50 50 66 3 53 53 75 
21 1 8 7 67 8 49 0 48 3 3 19 50 6 6 28 
19 3 10 9 69 6 51 2 50 1 1 17 52 4 4 26 
2 24 31 30 90 15 72 23 71 20 20 4 73 17 17 5 
24 2 5 4 64 11 46 3 45 6 6 22 47 9 9 31 
41 19 12 13 47 28 29 20 28 23 23 39 30 26 26 48 
62 40 33 34 26 49 8 41 7 44 44 60 9 47 47 69 

59 25 25 23 2 27 1 40 5 65 27 46 25 4 1 62 
22 12 62 60 39 64 38 3 32 28 64 9 12 41 38 25 
21 13 63 61 40 65 39 2 33 27 65 8 13 42 39 24 
84 50 0 2 23 2 24 65 30 90 2 71 50 21 24 87 
40 6 44 42 21 46 20 21 14 46 46 27 6 23 20 43 
90 56 6 8 29 4 30 71 36 96 4 77 56 27 30 93 
2 32 82 80 59 84 58 17 52 8 84 11 32 61 58 5 
3 31 81 79 58 83 57 16 51 9 83 10 31 60 57 6 
49 15 35 33 12 37 11 30 5 55 37 36 15 14 11 52 
69 35 15 13 8 17 9 50 15 75 17 56 35 6 9 72 
22 12 62 60 39 64 38 3 32 28 64 9 12 41 38 25 
20 14 64 62 41 66 40 1 34 26 66 7 14 43 40 23 
1 35 85 83 62 87 61 20 55 5 87 14 35 64 61 2 
25 9 59 57 36 61 35 6 29 31 61 12 9 38 35 28 
42 8 42 40 19 44 18 23 12 48 44 29 8 21 18 45 
63 29 21 19 2 23 3 44 9 69 23 50 29 0 3 66 

55 28 34 26 21 21 38 9 11 18 30 36 33 65 9 8 
18 65 71 63 58 58 1 28 26 55 7 1 70 28 46 45 
17 66 72 64 59 59 0 29 27 56 8 2 71 27 47 46 
80 3 9 1 4 4 63 34 36 7 55 61 8 90 16 17 
36 47 53 45 40 40 19 10 8 37 11 17 52 46 28 27 
86 3 3 5 10 10 69 40 42 13 61 67 2 96 22 23 
2 85 91 83 78 78 19 48 46 75 27 21 90 8 66 65 
1 84 90 82 77 77 18 47 45 74 26 20 89 9 65 64 
45 38 44 36 31 31 28 1 1 28 20 26 43 55 19 18 
65 18 24 16 11 11 48 19 21 8 40 46 23 75 1 2 
18 65 71 63 58 58 1 28 26 55 7 1 70 28 46 45 
16 67 73 65 60 60 1 30 28 57 9 3 72 26 48 47 
5 88 94 86 81 81 22 51 49 78 30 24 93 5 69 68 
21 62 68 60 55 55 4 25 23 52 4 2 67 31 43 42 
38 45 51 43 38 38 21 8 6 35 13 19 50 48 26 25 
59 24 30 22 17 17 42 13 15 14 34 40 29 69 5 4 

55 5 39 14 27 27 40 28 25 57 53 10 13 18 30 16 
18 42 2 51 10 64 3 65 12 20 16 47 50 19 7 21 
17 43 1 52 11 65 2 66 13 19 15 48 51 20 8 22 
80 20 64 11 52 2 65 3 50 82 78 15 12 43 55 41 
36 24 20 33 8 46 21 47 6 38 34 29 32 1 11 3 
86 26 70 17 58 4 71 3 56 88 84 21 18 49 61 47 
2 62 18 71 30 84 17 85 32 0 4 67 70 39 27 41 
1 61 17 70 29 83 16 84 31 1 3 66 69 38 26 40 
45 15 29 24 17 37 30 38 15 47 43 20 23 8 20 6 
65 5 49 4 37 17 50 18 35 67 63 0 3 28 40 26 
18 42 2 51 10 64 3 65 12 20 16 47 50 19 7 21 
16 44 0 53 12 66 1 67 14 18 14 49 52 21 9 23 
5 65 21 74 33 87 20 88 35 3 7 70 73 42 30 44 
21 39 5 48 7 61 6 62 9 23 19 44 47 16 4 18 
38 22 22 31 10 44 23 45 8 40 36 27 30 1 13 1 
59 1 43 10 31 23 44 24 29 61 57 6 9 22 34 20 

5 64 53 17 20 43 4 21 7 8 4 42 4 50 15 53 
42 27 16 54 57 6 41 16 44 29 33 5 33 13 52 16 
43 26 15 55 58 5 42 17 45 30 34 4 34 12 53 15 
20 89 78 8 5 68 21 46 18 33 29 67 29 75 10 78 
24 45 34 36 39 24 23 2 26 11 15 23 15 31 34 34 
26 95 84 14 11 74 27 52 24 39 35 73 35 81 16 84 
62 7 4 74 77 14 61 36 64 49 53 15 53 7 72 4 
61 8 3 73 76 13 60 35 63 48 52 14 52 6 71 3 
15 54 43 27 30 33 14 11 17 2 6 32 6 40 25 43 
5 74 63 7 10 53 6 31 3 18 14 52 14 60 5 63 
42 27 16 54 57 6 41 16 44 29 33 5 33 13 52 16 
44 25 14 56 59 4 43 18 46 31 35 3 35 11 54 14 
65 4 7 77 80 17 64 39 67 52 56 18 56 10 75 7 
39 30 19 51 54 9 38 13 41 26 30 8 30 16 49 19 
22 47 36 34 37 26 21 4 24 9 13 25 13 33 32 36 
1 68 57 13 16 47 0 25 3 12 8 46 8 54 11 57 

74 57 90 15 95 26 41 87 34 33 1 25 2 51 65 21 
18 1 34 41 39 30 15 31 22 23 57 31 58 5 9 35 
21 38 5 80 0 69 54 8 61 62 96 70 97 44 30 74 
11 28 5 70 10 59 44 2 51 52 86 60 87 34 20 64 
2 19 14 61 19 50 35 11 42 43 77 51 78 25 11 55 
17 34 1 76 4 65 50 4 57 58 92 66 93 40 26 70 
24 7 40 35 45 24 9 37 16 17 51 25 52 1 15 29 
6 11 22 53 27 42 27 19 34 35 69 43 70 17 3 47 
59 42 75 0 80 11 26 72 19 18 16 10 17 36 50 6 
43 26 59 16 64 5 10 56 3 2 32 6 33 20 34 10 
17 0 33 42 38 31 16 30 23 24 58 32 59 6 8 36 
19 2 35 40 40 29 14 32 21 22 56 30 57 4 10 34 
2 15 18 57 23 46 31 15 38 39 73 47 74 21 7 51 
77 60 93 18 98 29 44 90 37 36 2 28 1 54 68 24 
4 13 20 55 25 44 29 17 36 37 71 45 72 19 5 49 
14 3 30 45 35 34 19 27 26 27 61 35 62 9 5 39 

59 50 73 30 13 68 92 48 30 13 31 61 48 6 75 3 
3 6 17 26 43 12 36 8 26 43 25 5 8 50 19 53 
36 45 22 65 82 27 3 47 65 82 64 34 47 89 20 92 
26 35 12 55 72 17 7 37 55 72 54 24 37 79 10 82 
17 26 3 46 63 8 16 28 46 63 45 15 28 70 1 73 
32 41 18 61 78 23 1 43 61 78 60 30 43 85 16 88 
9 0 23 20 37 18 42 2 20 37 19 11 2 44 25 47 
9 18 5 38 55 0 24 20 38 55 37 7 20 62 7 65 
44 35 58 15 2 53 77 33 15 2 16 46 33 9 60 12 
28 19 42 1 18 37 61 17 1 18 0 30 17 25 44 28 
2 7 16 27 44 11 35 9 27 44 26 4 9 51 18 54 
4 5 18 25 42 13 37 7 25 42 24 6 7 49 20 52 
13 22 1 42 59 4 20 24 42 59 41 11 24 66 3 69 
62 53 76 33 16 71 95 51 33 16 34 64 51 9 78 6 
11 20 3 40 57 2 22 22 40 57 39 9 22 64 5 67 
1 10 13 30 47 8 32 12 30 47 29 1 12 54 15 57 

46 45 73 6 66 6 3 0 23 36 62 24 3 63 13 35 
10 11 17 50 10 50 53 56 33 20 6 32 53 7 43 21 
49 50 22 89 29 89 92 95 72 59 33 71 92 32 82 60 
39 40 12 79 19 79 82 85 62 49 23 61 82 22 72 50 
30 31 3 70 10 70 73 76 53 40 14 52 73 13 63 41 
45 46 18 85 25 85 88 91 68 55 29 67 88 28 78 56 
4 5 23 44 16 44 47 50 27 14 12 26 47 13 37 15 
22 23 5 62 2 62 65 68 45 32 6 44 65 5 55 33 
31 30 58 9 51 9 12 15 8 21 47 9 12 48 2 20 
15 14 42 25 35 25 28 31 8 5 31 7 28 32 18 4 
11 12 16 51 9 51 54 57 34 21 5 33 54 6 44 22 
9 10 18 49 11 49 52 55 32 19 7 31 52 8 42 20 
26 27 1 66 6 66 69 72 49 36 10 48 69 9 59 37 
49 48 76 9 69 9 6 3 26 39 65 27 6 66 16 38 
24 25 3 64 4 64 67 70 47 34 8 46 67 7 57 35 
14 15 13 54 6 54 57 60 37 24 2 36 57 3 47 25 

66 28 80 14 41 23 6 53 94 12 24 2 51 27 52 26 
10 28 24 42 15 33 50 3 38 44 32 54 5 29 4 30 
29 67 15 81 54 72 89 42 1 83 71 93 44 68 43 69 
19 57 5 71 44 62 79 32 9 73 61 83 34 58 33 59 
10 48 4 62 35 53 70 23 18 64 52 74 25 49 24 50 
25 63 11 77 50 68 85 38 3 79 67 89 40 64 39 65 
16 22 30 36 9 27 44 3 44 38 26 48 1 23 2 24 
2 40 12 54 27 45 62 15 26 56 44 66 17 41 16 42 
51 13 65 1 26 8 9 38 79 3 9 13 36 12 37 11 
35 3 49 17 10 8 25 22 63 19 7 29 20 4 21 5 
9 29 23 43 16 34 51 4 37 45 33 55 6 30 5 31 
11 27 25 41 14 32 49 2 39 43 31 53 4 28 3 29 
6 44 8 58 31 49 66 19 22 60 48 70 21 45 20 46 
69 31 83 17 44 26 9 56 97 15 27 5 54 30 55 29 
4 42 10 56 29 47 64 17 24 58 46 68 19 43 18 44 
6 32 20 46 19 37 54 7 34 48 36 58 9 33 8 34 

59 16 15 11 4 42 15 2 89 87 4 4 24 28 43 83 
3 40 41 45 60 14 41 58 33 31 60 52 32 28 13 27 
36 79 80 84 99 53 80 97 6 8 99 91 71 67 52 12 
26 69 70 74 89 43 70 87 4 2 89 81 61 57 42 2 
17 60 61 65 80 34 61 78 13 11 80 72 52 48 33 7 
32 75 76 80 95 49 76 93 2 4 95 87 67 63 48 8 
9 34 35 39 54 8 35 52 39 37 54 46 26 22 7 33 
9 52 53 57 72 26 53 70 21 19 72 64 44 40 25 15 
44 1 0 4 19 27 0 17 74 72 19 11 9 13 28 68 
28 15 16 20 35 11 16 33 58 56 35 27 7 3 12 52 
2 41 42 46 61 15 42 59 32 30 61 53 33 29 14 26 
4 39 40 44 59 13 40 57 34 32 59 51 31 27 12 28 
13 56 57 61 76 30 57 74 17 15 76 68 48 44 29 11 
62 19 18 14 1 45 18 1 92 90 1 7 27 31 46 86 
11 54 55 59 74 28 55 72 19 17 74 66 46 42 27 13 
1 44 45 49 64 18 45 62 29 27 64 56 36 32 17 23 

62 59 58 19 6 60 59 1 76 6 78 39 66 76 30 79 
6 3 2 37 50 4 3 55 20 50 22 17 10 20 26 23 
33 36 37 76 89 35 36 94 19 89 17 56 29 19 65 16 
23 26 27 66 79 25 26 84 9 79 7 46 19 9 55 6 
14 17 18 57 70 16 17 75 0 70 2 37 10 0 46 3 
29 32 33 72 85 31 32 90 15 85 13 52 25 15 61 12 
12 9 8 31 44 10 9 49 26 44 28 11 16 26 20 29 
6 9 10 49 62 8 9 67 8 62 10 29 2 8 38 11 
47 44 43 4 9 45 44 14 61 9 63 24 51 61 15 64 
31 28 27 12 25 29 28 30 45 25 47 8 35 45 1 48 
5 2 1 38 51 3 2 56 19 51 21 18 9 19 27 22 
7 4 3 36 49 5 4 54 21 49 23 16 11 21 25 24 
10 13 14 53 66 12 13 71 4 66 6 33 6 4 42 7 
65 62 61 22 9 63 62 4 79 9 81 42 69 79 33 82 
8 11 12 51 64 10 11 69 6 64 8 31 4 6 40 9 
2 1 2 41 54 0 1 59 16 54 18 21 6 16 30 19 

43 32 26 57 53 93 66 19 27 17 95 41 47 38 56 73 
13 24 30 1 3 37 10 37 29 39 39 15 9 18 0 17 
52 63 69 38 42 2 29 76 68 78 0 54 48 57 39 22 
42 53 59 28 32 8 19 66 58 68 10 44 38 47 29 12 
33 44 50 19 23 17 10 57 49 59 19 35 29 38 20 3 
48 59 65 34 38 2 25 72 64 74 4 50 44 53 35 18 
7 18 24 7 3 43 16 31 23 33 45 9 3 12 6 23 
25 36 42 11 15 25 2 49 41 51 27 27 21 30 12 5 
28 17 11 42 38 78 51 4 12 2 80 26 32 23 41 58 
12 1 5 26 22 62 35 12 4 14 64 10 16 7 25 42 
14 25 31 0 4 36 9 38 30 40 38 16 10 19 1 16 
12 23 29 2 2 38 11 36 28 38 40 14 8 17 1 18 
29 40 46 15 19 21 6 53 45 55 23 31 25 34 16 1 
46 35 29 60 56 96 69 22 30 20 98 44 50 41 59 76 
27 38 44 13 17 23 4 51 43 53 25 29 23 32 14 3 
17 28 34 3 7 33 6 41 33 43 35 19 13 22 4 13 

3 25 32 31 91 16 73 24 72 21 21 5 74 18 18 4 
53 31 24 25 35 40 17 32 16 35 35 51 18 38 38 60 
92 70 63 64 4 79 22 71 23 74 74 90 21 77 77 99 
82 60 53 54 6 69 12 61 13 64 64 80 11 67 67 89 
73 51 44 45 15 60 3 52 4 55 55 71 2 58 58 80 
88 66 59 60 0 75 18 67 19 70 70 86 17 73 73 95 
47 25 18 19 41 34 23 26 22 29 29 45 24 32 32 54 
65 43 36 37 23 52 5 44 4 47 47 63 6 50 50 72 
12 10 17 16 76 1 58 9 57 6 6 10 59 3 3 19 
28 6 1 0 60 15 42 7 41 10 10 26 43 13 13 35 
54 32 25 26 34 41 16 33 15 36 36 52 17 39 39 61 
52 30 23 24 36 39 18 31 17 34 34 50 19 37 37 59 
69 47 40 41 19 56 1 48 0 51 51 67 2 54 54 76 
6 28 35 34 94 19 76 27 75 24 24 8 77 21 21 1 
67 45 38 39 21 54 3 46 2 49 49 65 4 52 52 74 
57 35 28 29 31 44 13 36 12 39 39 55 14 42 42 64 

2 36 86 84 63 88 62 21 56 4 88 15 36 65 62 1 
54 20 30 28 7 32 6 35 0 60 32 41 20 9 6 57 
93 59 9 11 32 7 33 74 39 99 7 80 59 30 33 96 
83 49 1 1 22 3 23 64 29 89 3 70 49 20 23 86 
74 40 10 8 13 12 14 55 20 80 12 61 40 11 14 77 
89 55 5 7 28 3 29 70 35 95 3 76 55 26 29 92 
48 14 36 34 13 38 12 29 6 54 38 35 14 15 12 51 
66 32 18 16 5 20 6 47 12 72 20 53 32 3 6 69 
13 21 71 69 48 73 47 6 41 19 73 0 21 50 47 16 
29 5 55 53 32 57 31 10 25 35 57 16 5 34 31 32 
55 21 29 27 6 31 5 36 1 61 31 42 21 8 5 58 
53 19 31 29 8 33 7 34 1 59 33 40 19 10 7 56 
70 36 14 12 9 16 10 51 16 76 16 57 36 7 10 73 
5 39 89 87 66 91 65 24 59 1 91 18 39 68 65 2 
68 34 16 14 7 18 8 49 14 74 18 55 34 5 8 71 
58 24 26 24 3 28 2 39 4 64 28 45 24 5 2 61 

6 89 95 87 82 82 23 52 50 79 31 25 94 4 70 69 
50 33 39 31 26 26 33 4 6 23 25 31 38 60 14 13 
89 6 0 8 13 13 72 43 45 16 64 70 1 99 25 26 
79 4 10 2 3 3 62 33 35 6 54 60 9 89 15 16 
70 13 19 11 6 6 53 24 26 3 45 51 18 80 6 7 
85 2 4 4 9 9 68 39 41 12 60 66 3 95 21 22 
44 39 45 37 32 32 27 2 0 29 19 25 44 54 20 19 
62 21 27 19 14 14 45 16 18 11 37 43 26 72 2 1 
9 74 80 72 67 67 8 37 35 64 16 10 79 19 55 54 
25 58 64 56 51 51 8 21 19 48 0 6 63 35 39 38 
51 32 38 30 25 25 34 5 7 22 26 32 37 61 13 12 
49 34 40 32 27 27 32 3 5 24 24 30 39 59 15 14 
66 17 23 15 10 10 49 20 22 7 41 47 22 76 2 3 
9 92 98 90 85 85 26 55 53 82 34 28 97 1 73 72 
64 19 25 17 12 12 47 18 20 9 39 45 24 74 0 1 
54 29 35 27 22 22 37 8 10 19 29 35 34 64 10 9 

6 66 22 75 34 88 21 89 36 4 8 71 74 43 31 45 
50 10 34 19 22 32 35 33 20 52 48 15 18 13 25 11 
89 29 73 20 61 7 74 6 59 91 87 24 21 52 64 50 
79 19 63 10 51 3 64 4 49 81 77 14 11 42 54 40 
70 10 54 1 42 12 55 13 40 72 68 5 2 33 45 31 
85 25 69 16 57 3 70 2 55 87 83 20 17 48 60 46 
44 16 28 25 16 38 29 39 14 46 42 21 24 7 19 5 
62 2 46 7 34 20 47 21 32 64 60 3 6 25 37 23 
9 51 7 60 19 73 6 74 21 11 7 56 59 28 16 30 
25 35 9 44 3 57 10 58 5 27 23 40 43 12 0 14 
51 9 35 18 23 31 36 32 21 53 49 14 17 14 26 12 
49 11 33 20 21 33 34 34 19 51 47 16 19 12 24 10 
66 6 50 3 38 16 51 17 36 68 64 1 2 29 41 27 
9 69 25 78 37 91 24 92 39 7 11 74 77 46 34 48 
64 4 48 5 36 18 49 19 34 66 62 1 4 27 39 25 
54 6 38 15 26 28 39 29 24 56 52 11 14 17 29 15 

66 3 8 78 81 18 65 40 68 53 57 19 57 11 76 8 
10 59 48 22 25 38 9 16 12 3 1 37 1 45 20 48 
29 98 87 17 14 77 30 55 27 42 38 76 38 84 19 87 
19 88 77 7 4 67 20 45 17 32 28 66 28 74 9 77 
10 79 68 2 5 58 11 36 8 23 19 57 19 65 0 68 
25 94 83 13 10 73 26 51 23 38 34 72 34 80 15 83 
16 53 42 28 31 32 15 10 18 3 7 31 7 39 26 42 
2 71 60 10 13 50 3 28 0 15 11 49 11 57 8 60 
51 18 7 63 66 3 50 25 53 38 42 4 42 4 61 7 
35 34 23 47 50 13 34 9 37 22 26 12 26 20 45 23 
9 60 49 21 24 39 8 17 11 4 0 38 0 46 19 49 
11 58 47 23 26 37 10 15 13 2 2 36 2 44 21 47 
6 75 64 6 9 54 7 32 4 19 15 53 15 61 4 64 
69 0 11 81 84 21 68 43 71 56 60 22 60 14 79 11 
4 73 62 8 11 52 5 30 2 17 13 51 13 59 6 62 
6 63 52 18 21 42 5 20 8 7 3 41 3 49 16 52 

15 24 1 44 61 6 18 26 44 61 43 13 26 68 1 71 
2 7 16 27 44 11 35 9 27 44 26 4 9 51 18 54 
31 40 17 60 77 22 2 42 60 77 59 29 42 84 15 87 
44 35 58 15 2 53 77 33 15 2 16 46 33 9 60 12 
36 45 22 65 82 27 3 47 65 82 64 34 47 89 20 92 
33 24 47 4 13 42 66 22 4 13 5 35 22 20 49 23 
18 9 32 11 28 27 51 7 11 28 10 20 7 35 34 38 
28 37 14 57 74 19 5 39 57 74 56 26 39 81 12 84 
25 16 39 4 21 34 58 14 4 21 3 27 14 28 41 31 
26 17 40 3 20 35 59 15 3 20 2 28 15 27 42 30 
60 51 74 31 14 69 93 49 31 14 32 62 49 7 76 4 
34 25 48 5 12 43 67 23 5 12 6 36 23 19 50 22 
61 52 75 32 15 70 94 50 32 15 33 63 50 8 77 5 
8 1 22 21 38 17 41 3 21 38 20 10 3 45 24 48 
6 15 8 35 52 3 27 17 35 52 34 4 17 59 10 62 
38 29 52 9 8 47 71 27 9 8 10 40 27 15 54 18 

28 29 1 68 8 68 71 74 51 38 12 50 71 11 61 39 
11 12 16 51 9 51 54 57 34 21 5 33 54 6 44 22 
44 45 17 84 24 84 87 90 67 54 28 66 87 27 77 55 
31 30 58 9 51 9 12 15 8 21 47 9 12 48 2 20 
49 50 22 89 29 89 92 95 72 59 33 71 92 32 82 60 
20 19 47 20 40 20 23 26 3 10 36 2 23 37 13 9 
5 4 32 35 25 35 38 41 18 5 21 17 38 22 28 6 
41 42 14 81 21 81 84 87 64 51 25 63 84 24 74 52 
12 11 39 28 32 28 31 34 11 2 28 10 31 29 21 1 
13 12 40 27 33 27 30 33 10 3 29 9 30 30 20 2 
47 46 74 7 67 7 4 1 24 37 63 25 4 64 14 36 
21 20 48 19 41 19 22 25 2 11 37 1 22 38 12 10 
48 47 75 8 68 8 5 2 25 38 64 26 5 65 15 37 
5 6 22 45 15 45 48 51 28 15 11 27 48 12 38 16 
19 20 8 59 1 59 62 65 42 29 3 41 62 2 52 30 
25 24 52 15 45 15 18 21 2 15 41 3 18 42 8 14 

8 46 6 60 33 51 68 21 20 62 50 72 23 47 22 48 
9 29 23 43 16 34 51 4 37 45 33 55 6 30 5 31 
24 62 10 76 49 67 84 37 4 78 66 88 39 63 38 64 
51 13 65 1 26 8 9 38 79 3 9 13 36 12 37 11 
29 67 15 81 54 72 89 42 1 83 71 93 44 68 43 69 
40 2 54 12 15 3 20 27 68 14 2 24 25 1 26 0 
25 13 39 27 0 18 35 12 53 29 17 39 10 14 11 15 
21 59 7 73 46 64 81 34 7 75 63 85 36 60 35 61 
32 6 46 20 7 11 28 19 60 22 10 32 17 7 18 8 
33 5 47 19 8 10 27 20 61 21 9 31 18 6 19 7 
67 29 81 15 42 24 7 54 95 13 25 3 52 28 53 27 
41 3 55 11 16 2 19 28 69 13 1 23 26 2 27 1 
68 30 82 16 43 25 8 55 96 14 26 4 53 29 54 28 
15 23 29 37 10 28 45 2 43 39 27 49 0 24 1 25 
1 37 15 51 24 42 59 12 29 53 41 63 14 38 13 39 
45 7 59 7 20 2 15 32 73 9 3 19 30 6 31 5 

15 58 59 63 78 32 59 76 15 13 78 70 50 46 31 9 
2 41 42 46 61 15 42 59 32 30 61 53 33 29 14 26 
31 74 75 79 94 48 75 92 1 3 94 86 66 62 47 7 
44 1 0 4 19 27 0 17 74 72 19 11 9 13 28 68 
36 79 80 84 99 53 80 97 6 8 99 91 71 67 52 12 
33 10 11 15 30 16 11 28 63 61 30 22 2 2 17 57 
18 25 26 30 45 1 26 43 48 46 45 37 17 13 2 42 
28 71 72 76 91 45 72 89 2 0 91 83 63 59 44 4 
25 18 19 23 38 8 19 36 55 53 38 30 10 6 9 49 
26 17 18 22 37 9 18 35 56 54 37 29 9 5 10 50 
60 17 16 12 3 43 16 1 90 88 3 5 25 29 44 84 
34 9 10 14 29 17 10 27 64 62 29 21 1 3 18 58 
61 18 17 13 2 44 17 0 91 89 2 6 26 30 45 85 
8 35 36 40 55 9 36 53 38 36 55 47 27 23 8 32 
6 49 50 54 69 23 50 67 24 22 69 61 41 37 22 18 
38 5 6 10 25 21 6 23 68 66 25 17 3 7 22 62 

12 15 16 55 68 14 15 73 2 68 4 35 8 2 44 5 
5 2 1 38 51 3 2 56 19 51 21 18 9 19 27 22 
28 31 32 71 84 30 31 89 14 84 12 51 24 14 60 11 
47 44 43 4 9 45 44 14 61 9 63 24 51 61 15 64 
33 36 37 76 89 35 36 94 19 89 17 56 29 19 65 16 
36 33 32 7 20 34 33 25 50 20 52 13 40 50 4 53 
21 18 17 22 35 19 18 40 35 35 37 2 25 35 11 38 
25 28 29 68 81 27 28 86 11 81 9 48 21 11 57 8 
28 25 24 15 28 26 25 33 42 28 44 5 32 42 4 45 
29 26 25 14 27 27 26 32 43 27 45 6 33 43 3 46 
63 60 59 20 7 61 60 2 77 7 79 40 67 77 31 80 
37 34 33 6 19 35 34 24 51 19 53 14 41 51 5 54 
64 61 60 21 8 62 61 3 78 8 80 41 68 78 32 81 
11 8 7 32 45 9 8 50 25 45 27 12 15 25 21 28 
3 6 7 46 59 5 6 64 11 59 13 26 1 11 35 14 
41 38 37 2 15 39 38 20 55 15 57 18 45 55 9 58 

31 42 48 17 21 19 8 55 47 57 21 33 27 36 18 1 
14 25 31 0 4 36 9 38 30 40 38 16 10 19 1 16 
47 58 64 33 37 3 24 71 63 73 5 49 43 52 34 17 
28 17 11 42 38 78 51 4 12 2 80 26 32 23 41 58 
52 63 69 38 42 2 29 76 68 78 0 54 48 57 39 22 
17 6 0 31 27 67 40 7 1 9 69 15 21 12 30 47 
2 9 15 16 12 52 25 22 14 24 54 0 6 3 15 32 
44 55 61 30 34 6 21 68 60 70 8 46 40 49 31 14 
9 2 8 23 19 59 32 15 7 17 61 7 13 4 22 39 
10 1 7 24 20 60 33 14 6 16 62 8 14 5 23 40 
44 33 27 58 54 94 67 20 28 18 96 42 48 39 57 74 
18 7 1 32 28 68 41 6 2 8 70 16 22 13 31 48 
45 34 28 59 55 95 68 21 29 19 97 43 49 40 58 75 
8 19 25 6 2 42 15 32 24 34 44 10 4 13 5 22 
22 33 39 8 12 28 1 46 38 48 30 24 18 27 9 8 
22 11 5 36 32 72 45 2 6 4 74 20 26 17 35 52 

71 49 42 43 17 58 1 50 2 53 53 69 0 56 56 78 
54 32 25 26 34 41 16 33 15 36 36 52 17 39 39 61 
87 65 58 59 1 74 17 66 18 69 69 85 16 72 72 94 
12 10 17 16 76 1 58 9 57 6 6 10 59 3 3 19 
92 70 63 64 4 79 22 71 23 74 74 90 21 77 77 99 
23 1 6 5 65 10 47 2 46 5 5 21 48 8 8 30 
38 16 9 10 50 25 32 17 31 20 20 36 33 23 23 45 
84 62 55 56 4 71 14 63 15 66 66 82 13 69 69 91 
31 9 2 3 57 18 39 10 38 13 13 29 40 16 16 38 
30 8 1 2 58 17 40 9 39 12 12 28 41 15 15 37 
4 26 33 32 92 17 74 25 73 22 22 6 75 19 19 3 
22 0 7 6 66 9 48 1 47 4 4 20 49 7 7 29 
5 27 34 33 93 18 75 26 74 23 23 7 76 20 20 2 
48 26 19 20 40 35 22 27 21 30 30 46 23 33 33 55 
62 40 33 34 26 49 8 41 7 44 44 60 9 47 47 69 
18 4 11 10 70 5 52 3 51 0 0 16 53 3 3 25 

72 38 12 10 11 14 12 53 18 78 14 59 38 9 12 75 
55 21 29 27 6 31 5 36 1 61 31 42 21 8 5 58 
88 54 4 6 27 2 28 69 34 94 2 75 54 25 28 91 
13 21 71 69 48 73 47 6 41 19 73 0 21 50 47 16 
93 59 9 11 32 7 33 74 39 99 7 80 59 30 33 96 
24 10 60 58 37 62 36 5 30 30 62 11 10 39 36 27 
39 5 45 43 22 47 21 20 15 45 47 26 5 24 21 42 
85 51 1 3 24 1 25 66 31 91 1 72 51 22 25 88 
32 2 52 50 29 54 28 13 22 38 54 19 2 31 28 35 
31 3 53 51 30 55 29 12 23 37 55 18 3 32 29 34 
3 37 87 85 64 89 63 22 57 3 89 16 37 66 63 0 
23 11 61 59 38 63 37 4 31 29 63 10 11 40 37 26 
4 38 88 86 65 90 64 23 58 2 90 17 38 67 64 1 
49 15 35 33 12 37 11 30 5 55 37 36 15 14 11 52 
63 29 21 19 2 23 3 44 9 69 23 50 29 0 3 66 
19 15 65 63 42 67 41 0 35 25 67 6 15 44 41 22 

68 15 21 13 8 8 51 22 24 5 43 49 20 78 4 5 
51 32 38 30 25 25 34 5 7 22 26 32 37 61 13 12 
84 1 5 3 8 8 67 38 40 11 59 65 4 94 20 21 
9 74 80 72 67 67 8 37 35 64 16 10 79 19 55 54 
89 6 0 8 13 13 72 43 45 16 64 70 1 99 25 26 
20 63 69 61 56 56 3 26 24 53 5 1 68 30 44 43 
35 48 54 46 41 41 18 11 9 38 10 16 53 45 29 28 
81 2 8 0 5 5 64 35 37 8 56 62 7 91 17 18 
28 55 61 53 48 48 11 18 16 45 3 9 60 38 36 35 
27 56 62 54 49 49 10 19 17 46 2 8 61 37 37 36 
7 90 96 88 83 83 24 53 51 80 32 26 95 3 71 70 
19 64 70 62 57 57 2 27 25 54 6 0 69 29 45 44 
8 91 97 89 84 84 25 54 52 81 33 27 96 2 72 71 
45 38 44 36 31 31 28 1 1 28 20 26 43 55 19 18 
59 24 30 22 17 17 42 13 15 14 34 40 29 69 5 4 
15 68 74 66 61 61 2 31 29 58 10 4 73 25 49 48 

68 8 52 1 40 14 53 15 38 70 66 3 0 31 43 29 
51 9 35 18 23 31 36 32 21 53 49 14 17 14 26 12 
84 24 68 15 56 2 69 1 54 86 82 19 16 47 59 45 
9 51 7 60 19 73 6 74 21 11 7 56 59 28 16 30 
89 29 73 20 61 7 74 6 59 91 87 24 21 52 64 50 
20 40 4 49 8 62 5 63 10 22 18 45 48 17 5 19 
35 25 19 34 7 47 20 48 5 37 33 30 33 2 10 4 
81 21 65 12 53 1 66 2 51 83 79 16 13 44 56 42 
28 32 12 41 0 54 13 55 2 30 26 37 40 9 3 11 
27 33 11 42 1 55 12 56 3 29 25 38 41 10 2 12 
7 67 23 76 35 89 22 90 37 5 9 72 75 44 32 46 
19 41 3 50 9 63 4 64 11 21 17 46 49 18 6 20 
8 68 24 77 36 90 23 91 38 6 10 73 76 45 33 47 
45 15 29 24 17 37 30 38 15 47 43 20 23 8 20 6 
59 1 43 10 31 23 44 24 29 61 57 6 9 22 34 20 
15 45 1 54 13 67 0 68 15 17 13 50 53 22 10 24 

8 77 66 4 7 56 9 34 6 21 17 55 17 63 2 66 
9 60 49 21 24 39 8 17 11 4 0 38 0 46 19 49 
24 93 82 12 9 72 25 50 22 37 33 71 33 79 14 82 
51 18 7 63 66 3 50 25 53 38 42 4 42 4 61 7 
29 98 87 17 14 77 30 55 27 42 38 76 38 84 19 87 
40 29 18 52 55 8 39 14 42 27 31 7 31 15 50 18 
25 44 33 37 40 23 24 1 27 12 16 22 16 30 35 33 
21 90 79 9 6 69 22 47 19 34 30 68 30 76 11 79 
32 37 26 44 47 16 31 6 34 19 23 15 23 23 42 26 
33 36 25 45 48 15 32 7 35 20 24 14 24 22 43 25 
67 2 9 79 82 19 66 41 69 54 58 20 58 12 77 9 
41 28 17 53 56 7 40 15 43 28 32 6 32 14 51 17 
68 1 10 80 83 20 67 42 70 55 59 21 59 13 78 10 
15 54 43 27 30 33 14 11 17 2 6 32 6 40 25 43 
1 68 57 13 16 47 0 25 3 12 8 46 8 54 11 57 
45 24 13 57 60 3 44 19 47 32 36 2 36 10 55 13 

13 14 14 53 7 53 56 59 36 23 3 35 56 4 46 24 
4 5 23 44 16 44 47 50 27 14 12 26 47 13 37 15 
27 28 0 67 7 67 70 73 50 37 11 49 70 10 60 38 
16 15 43 24 36 24 27 30 7 6 32 6 27 33 17 5 
33 32 60 7 53 7 10 13 10 23 49 11 10 50 0 22 
22 23 5 62 2 62 65 68 45 32 6 44 65 5 55 33 
46 47 19 86 26 86 89 92 69 56 30 68 89 29 79 57 
2 3 25 42 18 42 45 48 25 12 14 24 45 15 35 13 
16 15 43 24 36 24 27 30 7 6 32 6 27 33 17 5 
33 32 60 7 53 7 10 13 10 23 49 11 10 50 0 22 
15 14 42 25 35 25 28 31 8 5 31 7 28 32 18 4 
15 16 12 55 5 55 58 61 38 25 1 37 58 2 48 26 
2 3 25 42 18 42 45 48 25 12 14 24 45 15 35 13 
40 39 67 0 60 0 3 6 17 30 56 18 3 57 7 29 
29 30 2 69 9 69 72 75 52 39 13 51 72 12 62 40 
43 42 70 3 63 3 0 3 20 33 59 21 0 60 10 32 

7 31 21 45 18 36 53 6 35 47 35 57 8 32 7 33 
16 22 30 36 9 27 44 3 44 38 26 48 1 23 2 24 
7 45 7 59 32 50 67 20 21 61 49 71 22 46 21 47 
36 2 50 16 11 7 24 23 64 18 6 28 21 3 22 4 
53 15 67 1 28 10 7 40 81 1 11 11 38 14 39 13 
2 40 12 54 27 45 62 15 26 56 44 66 17 41 16 42 
26 64 12 78 51 69 86 39 2 80 68 90 41 65 40 66 
18 20 32 34 7 25 42 5 46 36 24 46 3 21 4 22 
36 2 50 16 11 7 24 23 64 18 6 28 21 3 22 4 
53 15 67 1 28 10 7 40 81 1 11 11 38 14 39 13 
35 3 49 17 10 8 25 22 63 19 7 29 20 4 21 5 
5 33 19 47 20 38 55 8 33 49 37 59 10 34 9 35 
18 20 32 34 7 25 42 5 46 36 24 46 3 21 4 22 
60 22 74 8 35 17 0 47 88 6 18 4 45 21 46 20 
9 47 5 61 34 52 69 22 19 63 51 73 24 48 23 49 
63 25 77 11 38 20 3 50 91 9 21 1 48 24 49 23 

0 43 44 48 63 17 44 61 30 28 63 55 35 31 16 24 
9 34 35 39 54 8 35 52 39 37 54 46 26 22 7 33 
14 57 58 62 77 31 58 75 16 14 77 69 49 45 30 10 
29 14 15 19 34 12 15 32 59 57 34 26 6 2 13 53 
46 3 2 2 17 29 2 15 76 74 17 9 11 15 30 70 
9 52 53 57 72 26 53 70 21 19 72 64 44 40 25 15 
33 76 77 81 96 50 77 94 3 5 96 88 68 64 49 9 
11 32 33 37 52 6 33 50 41 39 52 44 24 20 5 35 
29 14 15 19 34 12 15 32 59 57 34 26 6 2 13 53 
46 3 2 2 17 29 2 15 76 74 17 9 11 15 30 70 
28 15 16 20 35 11 16 33 58 56 35 27 7 3 12 52 
2 45 46 50 65 19 46 63 28 26 65 57 37 33 18 22 
11 32 33 37 52 6 33 50 41 39 52 44 24 20 5 35 
53 10 9 5 10 36 9 8 83 81 10 2 18 22 37 77 
16 59 60 64 79 33 60 77 14 12 79 71 51 47 32 8 
56 13 12 8 7 39 12 5 86 84 7 1 21 25 40 80 

3 0 1 40 53 1 0 58 17 53 19 20 7 17 29 20 
12 9 8 31 44 10 9 49 26 44 28 11 16 26 20 29 
11 14 15 54 67 13 14 72 3 67 5 34 7 3 43 6 
32 29 28 11 24 30 29 29 46 24 48 9 36 46 0 49 
49 46 45 6 7 47 46 12 63 7 65 26 53 63 17 66 
6 9 10 49 62 8 9 67 8 62 10 29 2 8 38 11 
30 33 34 73 86 32 33 91 16 86 14 53 26 16 62 13 
14 11 10 29 42 12 11 47 28 42 30 9 18 28 18 31 
32 29 28 11 24 30 29 29 46 24 48 9 36 46 0 49 
49 46 45 6 7 47 46 12 63 7 65 26 53 63 17 66 
31 28 27 12 25 29 28 30 45 25 47 8 35 45 1 48 
1 2 3 42 55 1 2 60 15 55 17 22 5 15 31 18 
14 11 10 29 42 12 11 47 28 42 30 9 18 28 18 31 
56 53 52 13 0 54 53 5 70 0 72 33 60 70 24 73 
13 16 17 56 69 15 16 74 1 69 3 36 9 1 45 4 
59 56 55 16 3 57 56 2 73 3 75 36 63 73 27 76 

16 27 33 2 6 34 7 40 32 42 36 18 12 21 3 14 
7 18 24 7 3 43 16 31 23 33 45 9 3 12 6 23 
30 41 47 16 20 20 7 54 46 56 22 32 26 35 17 0 
13 2 4 27 23 63 36 11 3 13 65 11 17 8 26 43 
30 19 13 44 40 80 53 6 14 4 82 28 34 25 43 60 
25 36 42 11 15 25 2 49 41 51 27 27 21 30 12 5 
49 60 66 35 39 1 26 73 65 75 3 51 45 54 36 19 
5 16 22 9 5 45 18 29 21 31 47 7 1 10 8 25 
13 2 4 27 23 63 36 11 3 13 65 11 17 8 26 43 
30 19 13 44 40 80 53 6 14 4 82 28 34 25 43 60 
12 1 5 26 22 62 35 12 4 14 64 10 16 7 25 42 
18 29 35 4 8 32 5 42 34 44 34 20 14 23 5 12 
5 16 22 9 5 45 18 29 21 31 47 7 1 10 8 25 
37 26 20 51 47 87 60 13 21 11 89 35 41 32 50 67 
32 43 49 18 22 18 9 56 48 58 20 34 28 37 19 2 
40 29 23 54 50 90 63 16 24 14 92 38 44 35 53 70 

56 34 27 28 32 43 14 35 13 38 38 54 15 41 41 63 
47 25 18 19 41 34 23 26 22 29 29 45 24 32 32 54 
70 48 41 42 18 57 0 49 1 52 52 68 1 55 55 77 
27 5 2 1 61 14 43 6 42 9 9 25 44 12 12 34 
10 12 19 18 78 3 60 11 59 8 8 8 61 5 5 17 
65 43 36 37 23 52 5 44 4 47 47 63 6 50 50 72 
89 67 60 61 1 76 19 68 20 71 71 87 18 74 74 96 
45 23 16 17 43 32 25 24 24 27 27 43 26 30 30 52 
27 5 2 1 61 14 43 6 42 9 9 25 44 12 12 34 
10 12 19 18 78 3 60 11 59 8 8 8 61 5 5 17 
28 6 1 0 60 15 42 7 41 10 10 26 43 13 13 35 
58 36 29 30 30 45 12 37 11 40 40 56 13 43 43 65 
45 23 16 17 43 32 25 24 24 27 27 43 26 30 30 52 
3 19 26 25 85 10 67 18 66 15 15 1 68 12 12 10 
72 50 43 44 16 59 2 51 3 54 54 70 1 57 57 79 
0 22 29 28 88 13 70 21 69 18 18 2 71 15 15 7 

57 23 27 25 4 29 3 38 3 63 29 44 23 6 3 60 
48 14 36 34 13 38 12 29 6 54 38 35 14 15 12 51 
71 37 13 11 10 15 11 52 17 77 15 58 37 8 11 74 
28 6 56 54 33 58 32 9 26 34 58 15 6 35 32 31 
11 23 73 71 50 75 49 8 43 17 75 2 23 52 49 14 
66 32 18 16 5 20 6 47 12 72 20 53 32 3 6 69 
90 56 6 8 29 4 30 71 36 96 4 77 56 27 30 93 
46 12 38 36 15 40 14 27 8 52 40 33 12 17 14 49 
28 6 56 54 33 58 32 9 26 34 58 15 6 35 32 31 
11 23 73 71 50 75 49 8 43 17 75 2 23 52 49 14 
29 5 55 53 32 57 31 10 25 35 57 16 5 34 31 32 
59 25 25 23 2 27 1 40 5 65 27 46 25 4 1 62 
46 12 38 36 15 40 14 27 8 52 40 33 12 17 14 49 
4 30 80 78 57 82 56 15 50 10 82 9 30 59 56 7 
73 39 11 9 12 13 13 54 19 79 13 60 39 10 13 76 
1 33 83 81 60 85 59 18 53 7 85 12 33 62 59 4 

53 30 36 28 23 23 36 7 9 20 28 34 35 63 11 10 
44 39 45 37 32 32 27 2 0 29 19 25 44 54 20 19 
67 16 22 14 9 9 50 21 23 6 42 48 21 77 3 4 
24 59 65 57 52 52 7 22 20 49 1 5 64 34 40 39 
7 76 82 74 69 69 10 39 37 66 18 12 81 17 57 56 
62 21 27 19 14 14 45 16 18 11 37 43 26 72 2 1 
86 3 3 5 10 10 69 40 42 13 61 67 2 96 22 23 
42 41 47 39 34 34 25 4 2 31 17 23 46 52 22 21 
24 59 65 57 52 52 7 22 20 49 1 5 64 34 40 39 
7 76 82 74 69 69 10 39 37 66 18 12 81 17 57 56 
25 58 64 56 51 51 8 21 19 48 0 6 63 35 39 38 
55 28 34 26 21 21 38 9 11 18 30 36 33 65 9 8 
42 41 47 39 34 34 25 4 2 31 17 23 46 52 22 21 
0 83 89 81 76 76 17 46 44 73 25 19 88 10 64 63 
69 14 20 12 7 7 52 23 25 4 44 50 19 79 5 6 
3 86 92 84 79 79 20 49 47 76 28 22 91 7 67 66 

53 7 37 16 25 29 38 30 23 55 51 12 15 16 28 14 
44 16 28 25 16 38 29 39 14 46 42 21 24 7 19 5 
67 7 51 2 39 15 52 16 37 69 65 2 1 30 42 28 
24 36 8 45 4 58 9 59 6 26 22 41 44 13 1 15 
7 53 9 62 21 75 8 76 23 9 5 58 61 30 18 32 
62 2 46 7 34 20 47 21 32 64 60 3 6 25 37 23 
86 26 70 17 58 4 71 3 56 88 84 21 18 49 61 47 
42 18 26 27 14 40 27 41 12 44 40 23 26 5 17 3 
24 36 8 45 4 58 9 59 6 26 22 41 44 13 1 15 
7 53 9 62 21 75 8 76 23 9 5 58 61 30 18 32 
25 35 9 44 3 57 10 58 5 27 23 40 43 12 0 14 
55 5 39 14 27 27 40 28 25 57 53 10 13 18 30 16 
42 18 26 27 14 40 27 41 12 44 40 23 26 5 17 3 
0 60 16 69 28 82 15 83 30 2 2 65 68 37 25 39 
69 9 53 0 41 13 54 14 39 71 67 4 1 32 44 30 
3 63 19 72 31 85 18 86 33 1 5 68 71 40 28 42 

7 62 51 19 22 41 6 19 9 6 2 40 2 48 17 51 
16 53 42 28 31 32 15 10 18 3 7 31 7 39 26 42 
7 76 65 5 8 55 8 33 5 20 16 54 16 62 3 65 
36 33 22 48 51 12 35 10 38 23 27 11 27 19 46 22 
53 16 5 65 68 5 52 27 55 40 44 6 44 2 63 5 
2 71 60 10 13 50 3 28 0 15 11 49 11 57 8 60 
26 95 84 14 11 74 27 52 24 39 35 73 35 81 16 84 
18 51 40 30 33 30 17 8 20 5 9 29 9 37 28 40 
36 33 22 48 51 12 35 10 38 23 27 11 27 19 46 22 
53 16 5 65 68 5 52 27 55 40 44 6 44 2 63 5 
35 34 23 47 50 13 34 9 37 22 26 12 26 20 45 23 
5 64 53 17 20 43 4 21 7 8 4 42 4 50 15 53 
18 51 40 30 33 30 17 8 20 5 9 29 9 37 28 40 
60 9 2 72 75 12 59 34 62 47 51 13 51 5 70 2 
9 78 67 3 6 57 10 35 7 22 18 56 18 64 1 67 
63 6 5 75 78 15 62 37 65 50 54 16 54 8 73 5 

20 18 34 32 5 23 40 7 48 34 22 44 5 19 6 20 
21 17 35 31 4 22 39 8 49 33 21 43 6 18 7 19 
7 45 7 59 32 50 67 20 21 61 49 71 22 46 21 47 
60 22 74 8 35 17 0 47 88 6 18 4 45 21 46 20 
0 38 14 52 25 43 60 13 28 54 42 64 15 39 14 40 
60 22 74 8 35 17 0 47 88 6 18 4 45 21 46 20 
63 25 77 11 38 20 3 50 91 9 21 1 48 24 49 23 
66 28 80 14 41 23 6 53 94 12 24 2 51 27 52 26 
43 5 57 9 18 0 17 30 71 11 1 21 28 4 29 3 
30 8 44 22 5 13 30 17 58 24 12 34 15 9 16 10 
4 34 18 48 21 39 56 9 32 50 38 60 11 35 10 36 
42 4 56 10 17 1 18 29 70 12 0 22 27 3 28 2 
63 25 77 11 38 20 3 50 91 9 21 1 48 24 49 23 
3 35 17 49 22 40 57 10 31 51 39 61 12 36 11 37 
53 15 67 1 28 10 7 40 81 1 11 11 38 14 39 13 
31 7 45 21 6 12 29 18 59 23 11 33 16 8 17 9 

13 30 31 35 50 4 31 48 43 41 50 42 22 18 3 37 
14 29 30 34 49 3 30 47 44 42 49 41 21 17 2 38 
14 57 58 62 77 31 58 75 16 14 77 69 49 45 30 10 
53 10 9 5 10 36 9 8 83 81 10 2 18 22 37 77 
7 50 51 55 70 24 51 68 23 21 70 62 42 38 23 17 
53 10 9 5 10 36 9 8 83 81 10 2 18 22 37 77 
56 13 12 8 7 39 12 5 86 84 7 1 21 25 40 80 
59 16 15 11 4 42 15 2 89 87 4 4 24 28 43 83 
36 7 8 12 27 19 8 25 66 64 27 19 1 5 20 60 
23 20 21 25 40 6 21 38 53 51 40 32 12 8 7 47 
3 46 47 51 66 20 47 64 27 25 66 58 38 34 19 21 
35 8 9 13 28 18 9 26 65 63 28 20 0 4 19 59 
56 13 12 8 7 39 12 5 86 84 7 1 21 25 40 80 
4 47 48 52 67 21 48 65 26 24 67 59 39 35 20 20 
46 3 2 2 17 29 2 15 76 74 17 9 11 15 30 70 
24 19 20 24 39 7 20 37 54 52 39 31 11 7 8 48 

16 13 12 27 40 14 13 45 30 40 32 7 20 30 16 33 
17 14 13 26 39 15 14 44 31 39 33 6 21 31 15 34 
11 14 15 54 67 13 14 72 3 67 5 34 7 3 43 6 
56 53 52 13 0 54 53 5 70 0 72 33 60 70 24 73 
4 7 8 47 60 6 7 65 10 60 12 27 0 10 36 13 
56 53 52 13 0 54 53 5 70 0 72 33 60 70 24 73 
59 56 55 16 3 57 56 2 73 3 75 36 63 73 27 76 
62 59 58 19 6 60 59 1 76 6 78 39 66 76 30 79 
39 36 35 4 17 37 36 22 53 17 55 16 43 53 7 56 
26 23 22 17 30 24 23 35 40 30 42 3 30 40 6 43 
0 3 4 43 56 2 3 61 14 56 16 23 4 14 32 17 
38 35 34 5 18 36 35 23 52 18 54 15 42 52 6 55 
59 56 55 16 3 57 56 2 73 3 75 36 63 73 27 76 
1 4 5 44 57 3 4 62 13 57 15 24 3 13 33 16 
49 46 45 6 7 47 46 12 63 7 65 26 53 63 17 66 
27 24 23 16 29 25 24 34 41 29 43 4 31 41 5 44 

3 14 20 11 7 47 20 27 19 29 49 5 1 8 10 27 
2 13 19 12 8 48 21 26 18 28 50 4 2 7 11 28 
30 41 47 16 20 20 7 54 46 56 22 32 26 35 17 0 
37 26 20 51 47 87 60 13 21 11 89 35 41 32 50 67 
23 34 40 9 13 27 0 47 39 49 29 25 19 28 10 7 
37 26 20 51 47 87 60 13 21 11 89 35 41 32 50 67 
40 29 23 54 50 90 63 16 24 14 92 38 44 35 53 70 
43 32 26 57 53 93 66 19 27 17 95 41 47 38 56 73 
20 9 3 34 30 70 43 4 4 6 72 18 24 15 33 50 
7 4 10 21 17 57 30 17 9 19 59 5 11 2 20 37 
19 30 36 5 9 31 4 43 35 45 33 21 15 24 6 11 
19 8 2 33 29 69 42 5 3 7 71 17 23 14 32 49 
40 29 23 54 50 90 63 16 24 14 92 38 44 35 53 70 
20 31 37 6 10 30 3 44 36 46 32 22 16 25 7 10 
30 19 13 44 40 80 53 6 14 4 82 28 34 25 43 60 
8 3 9 22 18 58 31 16 8 18 60 6 12 3 21 38 

43 21 14 15 45 30 27 22 26 25 25 41 28 28 28 50 
42 20 13 14 46 29 28 21 27 24 24 40 29 27 27 49 
70 48 41 42 18 57 0 49 1 52 52 68 1 55 55 77 
3 19 26 25 85 10 67 18 66 15 15 1 68 12 12 10 
63 41 34 35 25 50 7 42 6 45 45 61 8 48 48 70 
3 19 26 25 85 10 67 18 66 15 15 1 68 12 12 10 
0 22 29 28 88 13 70 21 69 18 18 2 71 15 15 7 
3 25 32 31 91 16 73 24 72 21 21 5 74 18 18 4 
20 2 9 8 68 7 50 1 49 2 2 18 51 5 5 27 
33 11 4 5 55 20 37 12 36 15 15 31 38 18 18 40 
59 37 30 31 29 46 11 38 10 41 41 57 12 44 44 66 
21 1 8 7 67 8 49 0 48 3 3 19 50 6 6 28 
0 22 29 28 88 13 70 21 69 18 18 2 71 15 15 7 
60 38 31 32 28 47 10 39 9 42 42 58 11 45 45 67 
10 12 19 18 78 3 60 11 59 8 8 8 61 5 5 17 
32 10 3 4 56 19 38 11 37 14 14 30 39 17 17 39 

44 10 40 38 17 42 16 25 10 50 42 31 10 19 16 47 
43 9 41 39 18 43 17 24 11 49 43 30 9 20 17 46 
71 37 13 11 10 15 11 52 17 77 15 58 37 8 11 74 
4 30 80 78 57 82 56 15 50 10 82 9 30 59 56 7 
64 30 20 18 3 22 4 45 10 70 22 51 30 1 4 67 
4 30 80 78 57 82 56 15 50 10 82 9 30 59 56 7 
1 33 83 81 60 85 59 18 53 7 85 12 33 62 59 4 
2 36 86 84 63 88 62 21 56 4 88 15 36 65 62 1 
21 13 63 61 40 65 39 2 33 27 65 8 13 42 39 24 
34 0 50 48 27 52 26 15 20 40 52 21 0 29 26 37 
60 26 24 22 1 26 0 41 6 66 26 47 26 3 0 63 
22 12 62 60 39 64 38 3 32 28 64 9 12 41 38 25 
1 33 83 81 60 85 59 18 53 7 85 12 33 62 59 4 
61 27 23 21 0 25 1 42 7 67 25 48 27 2 1 64 
11 23 73 71 50 75 49 8 43 17 75 2 23 52 49 14 
33 1 51 49 28 53 27 14 21 39 53 20 1 30 27 36 

40 43 49 41 36 36 23 6 4 33 15 21 48 50 24 23 
39 44 50 42 37 37 22 7 5 34 14 20 49 49 25 24 
67 16 22 14 9 9 50 21 23 6 42 48 21 77 3 4 
0 83 89 81 76 76 17 46 44 73 25 19 88 10 64 63 
60 23 29 21 16 16 43 14 16 13 35 41 28 70 4 3 
0 83 89 81 76 76 17 46 44 73 25 19 88 10 64 63 
3 86 92 84 79 79 20 49 47 76 28 22 91 7 67 66 
6 89 95 87 82 82 23 52 50 79 31 25 94 4 70 69 
17 66 72 64 59 59 0 29 27 56 8 2 71 27 47 46 
30 53 59 51 46 46 13 16 14 43 5 11 58 40 34 33 
56 27 33 25 20 20 39 10 12 17 31 37 32 66 8 7 
18 65 71 63 58 58 1 28 26 55 7 1 70 28 46 45 
3 86 92 84 79 79 20 49 47 76 28 22 91 7 67 66 
57 26 32 24 19 19 40 11 13 16 32 38 31 67 7 6 
7 76 82 74 69 69 10 39 37 66 18 12 81 17 57 56 
29 54 60 52 47 47 12 17 15 44 4 10 59 39 35 34 

40 20 24 29 12 42 25 43 10 42 38 25 28 3 15 1 
39 21 23 30 11 43 24 44 9 41 37 26 29 2 14 0 
67 7 51 2 39 15 52 16 37 69 65 2 1 30 42 28 
0 60 16 69 28 82 15 83 30 2 2 65 68 37 25 39 
60 0 44 9 32 22 45 23 30 62 58 5 8 23 35 21 
0 60 16 69 28 82 15 83 30 2 2 65 68 37 25 39 
3 63 19 72 31 85 18 86 33 1 5 68 71 40 28 42 
6 66 22 75 34 88 21 89 36 4 8 71 74 43 31 45 
17 43 1 52 11 65 2 66 13 19 15 48 51 20 8 22 
30 30 14 39 2 52 15 53 0 32 28 35 38 7 5 9 
56 4 40 13 28 26 41 27 26 58 54 9 12 19 31 17 
18 42 2 51 10 64 3 65 12 20 16 47 50 19 7 21 
3 63 19 72 31 85 18 86 33 1 5 68 71 40 28 42 
57 3 41 12 29 25 42 26 27 59 55 8 11 20 32 18 
7 53 9 62 21 75 8 76 23 9 5 58 61 30 18 32 
29 31 13 40 1 53 14 54 1 31 27 36 39 8 4 10 

20 49 38 32 35 28 19 6 22 7 11 27 11 35 30 38 
21 48 37 33 36 27 20 5 23 8 12 26 12 34 31 37 
7 76 65 5 8 55 8 33 5 20 16 54 16 62 3 65 
60 9 2 72 75 12 59 34 62 47 51 13 51 5 70 2 
0 69 58 12 15 48 1 26 2 13 9 47 9 55 10 58 
60 9 2 72 75 12 59 34 62 47 51 13 51 5 70 2 
63 6 5 75 78 15 62 37 65 50 54 16 54 8 73 5 
66 3 8 78 81 18 65 40 68 53 57 19 57 11 76 8 
43 26 15 55 58 5 42 17 45 30 34 4 34 12 53 15 
30 39 28 42 45 18 29 4 32 17 21 17 21 25 40 28 
4 65 54 16 19 44 3 22 6 9 5 43 5 51 14 54 
42 27 16 54 57 6 41 16 44 29 33 5 33 13 52 16 
63 6 5 75 78 15 62 37 65 50 54 16 54 8 73 5 
3 66 55 15 18 45 2 23 5 10 6 44 6 52 13 55 
53 16 5 65 68 5 52 27 55 40 44 6 44 2 63 5 
31 38 27 43 46 17 30 5 33 18 22 16 22 24 41 27 

7 50 51 55 70 24 51 68 23 21 70 62 42 38 23 17 
31 12 13 17 32 14 13 30 61 59 32 24 4 0 15 55 
21 64 65 69 84 38 65 82 9 7 84 76 56 52 37 3 
45 2 1 3 18 28 1 16 75 73 18 10 10 14 29 69 
18 25 26 30 45 1 26 43 48 46 45 37 17 13 2 42 
36 7 8 12 27 19 8 25 66 64 27 19 1 5 20 60 
53 10 9 5 10 36 9 8 83 81 10 2 18 22 37 77 
6 37 38 42 57 11 38 55 36 34 57 49 29 25 10 30 
35 78 79 83 98 52 79 96 5 7 98 90 70 66 51 11 
47 4 3 1 16 30 3 14 77 75 16 8 12 16 31 71 
35 8 9 13 28 18 9 26 65 63 28 20 0 4 19 59 
57 14 13 9 6 40 13 4 87 85 6 2 22 26 41 81 
8 35 36 40 55 9 36 53 38 36 55 47 27 23 8 32 
32 11 12 16 31 15 12 29 62 60 31 23 3 1 16 56 
7 36 37 41 56 10 37 54 37 35 56 48 28 24 9 31 
33 10 11 15 30 16 11 28 63 61 30 22 2 2 17 57 

4 7 8 47 60 6 7 65 10 60 12 27 0 10 36 13 
34 31 30 9 22 32 31 27 48 22 50 11 38 48 2 51 
18 21 22 61 74 20 21 79 4 74 2 41 14 4 50 1 
48 45 44 5 8 46 45 13 62 8 64 25 52 62 16 65 
21 18 17 22 35 19 18 40 35 35 37 2 25 35 11 38 
39 36 35 4 17 37 36 22 53 17 55 16 43 53 7 56 
56 53 52 13 0 54 53 5 70 0 72 33 60 70 24 73 
9 6 5 34 47 7 6 52 23 47 25 14 13 23 23 26 
32 35 36 75 88 34 35 93 18 88 16 55 28 18 64 15 
50 47 46 7 6 48 47 11 64 6 66 27 54 64 18 67 
38 35 34 5 18 36 35 23 52 18 54 15 42 52 6 55 
60 57 56 17 4 58 57 1 74 4 76 37 64 74 28 77 
11 8 7 32 45 9 8 50 25 45 27 12 15 25 21 28 
35 32 31 8 21 33 32 26 49 21 51 12 39 49 3 52 
10 7 6 33 46 8 7 51 24 46 26 13 14 24 22 27 
36 33 32 7 20 34 33 25 50 20 52 13 40 50 4 53 

23 34 40 9 13 27 0 47 39 49 29 25 19 28 10 7 
15 4 2 29 25 65 38 9 1 11 67 13 19 10 28 45 
37 48 54 23 27 13 14 61 53 63 15 39 33 42 24 7 
29 18 12 43 39 79 52 5 13 3 81 27 33 24 42 59 
2 9 15 16 12 52 25 22 14 24 54 0 6 3 15 32 
20 9 3 34 30 70 43 4 4 6 72 18 24 15 33 50 
37 26 20 51 47 87 60 13 21 11 89 35 41 32 50 67 
10 21 27 4 0 40 13 34 26 36 42 12 6 15 3 20 
51 62 68 37 41 1 28 75 67 77 1 53 47 56 38 21 
31 20 14 45 41 81 54 7 15 5 83 29 35 26 44 61 
19 8 2 33 29 69 42 5 3 7 71 17 23 14 32 49 
41 30 24 55 51 91 64 17 25 15 93 39 45 36 54 71 
8 19 25 6 2 42 15 32 24 34 44 10 4 13 5 22 
16 5 1 30 26 66 39 8 0 10 68 14 20 11 29 46 
9 20 26 5 1 41 14 33 25 35 43 11 5 14 4 21 
17 6 0 31 27 67 40 7 1 9 69 15 21 12 30 47 

63 41 34 35 25 50 7 42 6 45 45 61 8 48 48 70 
25 3 4 3 63 12 45 4 44 7 7 23 46 10 10 32 
77 55 48 49 11 64 7 56 8 59 59 75 6 62 62 84 
11 11 18 17 77 2 59 10 58 7 7 9 60 4 4 18 
38 16 9 10 50 25 32 17 31 20 20 36 33 23 23 45 
20 2 9 8 68 7 50 1 49 2 2 18 51 5 5 27 
3 19 26 25 85 10 67 18 66 15 15 1 68 12 12 10 
50 28 21 22 38 37 20 29 19 32 32 48 21 35 35 57 
91 69 62 63 3 78 21 70 22 73 73 89 20 76 76 98 
9 13 20 19 79 4 61 12 60 9 9 7 62 6 6 16 
21 1 8 7 67 8 49 0 48 3 3 19 50 6 6 28 
1 23 30 29 89 14 71 22 70 19 19 3 72 16 16 6 
48 26 19 20 40 35 22 27 21 30 30 46 23 33 33 55 
24 2 5 4 64 11 46 3 45 6 6 22 47 9 9 31 
49 27 20 21 39 36 21 28 20 31 31 47 22 34 34 56 
23 1 6 5 65 10 47 2 46 5 5 21 48 8 8 30 

64 30 20 18 3 22 4 45 10 70 22 51 30 1 4 67 
26 8 58 56 35 60 34 7 28 32 60 13 8 37 34 29 
78 44 6 4 17 8 18 59 24 84 8 65 44 15 18 81 
12 22 72 70 49 74 48 7 42 18 74 1 22 51 48 15 
39 5 45 43 22 47 21 20 15 45 47 26 5 24 21 42 
21 13 63 61 40 65 39 2 33 27 65 8 13 42 39 24 
4 30 80 78 57 82 56 15 50 10 82 9 30 59 56 7 
51 17 33 31 10 35 9 32 3 57 35 38 17 12 9 54 
92 58 8 10 31 6 32 73 38 98 6 79 58 29 32 95 
10 24 74 72 51 76 50 9 44 16 76 3 24 53 50 13 
22 12 62 60 39 64 38 3 32 28 64 9 12 41 38 25 
0 34 84 82 61 86 60 19 54 6 86 13 34 63 60 3 
49 15 35 33 12 37 11 30 5 55 37 36 15 14 11 52 
25 9 59 57 36 61 35 6 29 31 61 12 9 38 35 28 
50 16 34 32 11 36 10 31 4 56 36 37 16 13 10 53 
24 10 60 58 37 62 36 5 30 30 62 11 10 39 36 27 

60 23 29 21 16 16 43 14 16 13 35 41 28 70 4 3 
22 61 67 59 54 54 5 24 22 51 3 3 66 32 42 41 
74 9 15 7 2 2 57 28 30 1 49 55 14 84 10 11 
8 75 81 73 68 68 9 38 36 65 17 11 80 18 56 55 
35 48 54 46 41 41 18 11 9 38 10 16 53 45 29 28 
17 66 72 64 59 59 0 29 27 56 8 2 71 27 47 46 
0 83 89 81 76 76 17 46 44 73 25 19 88 10 64 63 
47 36 42 34 29 29 30 1 3 26 22 28 41 57 17 16 
88 5 1 7 12 12 71 42 44 15 63 69 0 98 24 25 
6 77 83 75 70 70 11 40 38 67 19 13 82 16 58 57 
18 65 71 63 58 58 1 28 26 55 7 1 70 28 46 45 
4 87 93 85 80 80 21 50 48 77 29 23 92 6 68 67 
45 38 44 36 31 31 28 1 1 28 20 26 43 55 19 18 
21 62 68 60 55 55 4 25 23 52 4 2 67 31 43 42 
46 37 43 35 30 30 29 0 2 27 21 27 42 56 18 17 
20 63 69 61 56 56 3 26 24 53 5 1 68 30 44 43 

60 0 44 9 32 22 45 23 30 62 58 5 8 23 35 21 
22 38 6 47 6 60 7 61 8 24 20 43 46 15 3 17 
74 14 58 5 46 8 59 9 44 76 72 9 6 37 49 35 
8 52 8 61 20 74 7 75 22 10 6 57 60 29 17 31 
35 25 19 34 7 47 20 48 5 37 33 30 33 2 10 4 
17 43 1 52 11 65 2 66 13 19 15 48 51 20 8 22 
0 60 16 69 28 82 15 83 30 2 2 65 68 37 25 39 
47 13 31 22 19 35 32 36 17 49 45 18 21 10 22 8 
88 28 72 19 60 6 73 5 58 90 86 23 20 51 63 49 
6 54 10 63 22 76 9 77 24 8 4 59 62 31 19 33 
18 42 2 51 10 64 3 65 12 20 16 47 50 19 7 21 
4 64 20 73 32 86 19 87 34 2 6 69 72 41 29 43 
45 15 29 24 17 37 30 38 15 47 43 20 23 8 20 6 
21 39 5 48 7 61 6 62 9 23 19 44 47 16 4 18 
46 14 30 23 18 36 31 37 16 48 44 19 22 9 21 7 
20 40 4 49 8 62 5 63 10 22 18 45 48 17 5 19 

0 69 58 12 15 48 1 26 2 13 9 47 9 55 10 58 
38 31 20 50 53 10 37 12 40 25 29 9 29 17 48 20 
14 83 72 2 1 62 15 40 12 27 23 61 23 69 4 72 
52 17 6 64 67 4 51 26 54 39 43 5 43 3 62 6 
25 44 33 37 40 23 24 1 27 12 16 22 16 30 35 33 
43 26 15 55 58 5 42 17 45 30 34 4 34 12 53 15 
60 9 2 72 75 12 59 34 62 47 51 13 51 5 70 2 
13 56 45 25 28 35 12 13 15 0 4 34 4 42 23 45 
28 97 86 16 13 76 29 54 26 41 37 75 37 83 18 86 
54 15 4 66 69 6 53 28 56 41 45 7 45 1 64 4 
42 27 16 54 57 6 41 16 44 29 33 5 33 13 52 16 
64 5 6 76 79 16 63 38 66 51 55 17 55 9 74 6 
15 54 43 27 30 33 14 11 17 2 6 32 6 40 25 43 
39 30 19 51 54 9 38 13 41 26 30 8 30 16 49 19 
14 55 44 26 29 34 13 12 16 1 5 33 5 41 24 44 
40 29 18 52 55 8 39 14 42 27 31 7 31 15 50 18 

3 0 1 40 53 1 0 58 17 53 19 20 7 17 29 20 
46 43 42 3 10 44 43 15 60 10 62 23 50 60 14 63 
47 44 43 4 9 45 44 14 61 9 63 24 51 61 15 64 
51 48 47 8 5 49 48 10 65 5 67 28 55 65 19 68 
66 63 62 23 10 64 63 5 80 10 82 43 70 80 34 83 
20 17 16 23 36 18 17 41 34 36 36 3 24 34 12 37 
47 44 43 4 9 45 44 14 61 9 63 24 51 61 15 64 
64 61 60 21 8 62 61 3 78 8 80 41 68 78 32 81 
27 30 31 70 83 29 30 88 13 83 11 50 23 13 59 10 
25 28 29 68 81 27 28 86 11 81 9 48 21 11 57 8 
66 63 62 23 10 64 63 5 80 10 82 43 70 80 34 83 
58 55 54 15 2 56 55 3 72 2 74 35 62 72 26 75 
38 35 34 5 18 36 35 23 52 18 54 15 42 52 6 55 
34 31 30 9 22 32 31 27 48 22 50 11 38 48 2 51 
19 16 15 24 37 17 16 42 33 37 35 4 23 33 13 36 
21 24 25 64 77 23 24 82 7 77 5 44 17 7 53 4 

16 27 33 2 6 34 7 40 32 42 36 18 12 21 3 14 
27 16 10 41 37 77 50 3 11 1 79 25 31 22 40 57 
28 17 11 42 38 78 51 4 12 2 80 26 32 23 41 58 
32 21 15 46 42 82 55 8 16 6 84 30 36 27 45 62 
47 36 30 61 57 97 70 23 31 21 99 45 51 42 60 77 
1 10 16 15 11 51 24 23 15 25 53 1 5 4 14 31 
28 17 11 42 38 78 51 4 12 2 80 26 32 23 41 58 
45 34 28 59 55 95 68 21 29 19 97 43 49 40 58 75 
46 57 63 32 36 4 23 70 62 72 6 48 42 51 33 16 
44 55 61 30 34 6 21 68 60 70 8 46 40 49 31 14 
47 36 30 61 57 97 70 23 31 21 99 45 51 42 60 77 
39 28 22 53 49 89 62 15 23 13 91 37 43 34 52 69 
19 8 2 33 29 69 42 5 3 7 71 17 23 14 32 49 
15 4 2 29 25 65 38 9 1 11 67 13 19 10 28 45 
0 11 17 14 10 50 23 24 16 26 52 2 4 5 13 30 
40 51 57 26 30 10 17 64 56 66 12 42 36 45 27 10 

56 34 27 28 32 43 14 35 13 38 38 54 15 41 41 63 
13 9 16 15 75 0 57 8 56 5 5 11 58 2 2 20 
12 10 17 16 76 1 58 9 57 6 6 10 59 3 3 19 
8 14 21 20 80 5 62 13 61 10 10 6 63 7 7 15 
7 29 36 35 95 20 77 28 76 25 25 9 78 22 22 0 
39 17 10 11 49 26 31 18 30 21 21 37 32 24 24 46 
12 10 17 16 76 1 58 9 57 6 6 10 59 3 3 19 
5 27 34 33 93 18 75 26 74 23 23 7 76 20 20 2 
86 64 57 58 2 73 16 65 17 68 68 84 15 71 71 93 
84 62 55 56 4 71 14 63 15 66 66 82 13 69 69 91 
7 29 36 35 95 20 77 28 76 25 25 9 78 22 22 0 
1 21 28 27 87 12 69 20 68 17 17 1 70 14 14 8 
21 1 8 7 67 8 49 0 48 3 3 19 50 6 6 28 
25 3 4 3 63 12 45 4 44 7 7 23 46 10 10 32 
40 18 11 12 48 27 30 19 29 22 22 38 31 25 25 47 
80 58 51 52 8 67 10 59 11 62 62 78 9 65 65 87 

57 23 27 25 4 29 3 38 3 63 29 44 23 6 3 60 
14 20 70 68 47 72 46 5 40 20 72 1 20 49 46 17 
13 21 71 69 48 73 47 6 41 19 73 0 21 50 47 16 
9 25 75 73 52 77 51 10 45 15 77 4 25 54 51 12 
6 40 90 88 67 92 66 25 60 0 92 19 40 69 66 3 
40 6 44 42 21 46 20 21 14 46 46 27 6 23 20 43 
13 21 71 69 48 73 47 6 41 19 73 0 21 50 47 16 
4 38 88 86 65 90 64 23 58 2 90 17 38 67 64 1 
87 53 3 5 26 1 27 68 33 93 1 74 53 24 27 90 
85 51 1 3 24 1 25 66 31 91 1 72 51 22 25 88 
6 40 90 88 67 92 66 25 60 0 92 19 40 69 66 3 
2 32 82 80 59 84 58 17 52 8 84 11 32 61 58 5 
22 12 62 60 39 64 38 3 32 28 64 9 12 41 38 25 
26 8 58 56 35 60 34 7 28 32 60 13 8 37 34 29 
41 7 43 41 20 45 19 22 13 47 45 28 7 22 19 44 
81 47 3 1 20 5 21 62 27 87 5 68 47 18 21 84 

53 30 36 28 23 23 36 7 9 20 28 34 35 63 11 10 
10 73 79 71 66 66 7 36 34 63 15 9 78 20 54 53 
9 74 80 72 67 67 8 37 35 64 16 10 79 19 55 54 
5 78 84 76 71 71 12 41 39 68 20 14 83 15 59 58 
10 93 99 91 86 86 27 56 54 83 35 29 98 0 74 73 
36 47 53 45 40 40 19 10 8 37 11 17 52 46 28 27 
9 74 80 72 67 67 8 37 35 64 16 10 79 19 55 54 
8 91 97 89 84 84 25 54 52 81 33 27 96 2 72 71 
83 0 6 2 7 7 66 37 39 10 58 64 5 93 19 20 
81 2 8 0 5 5 64 35 37 8 56 62 7 91 17 18 
10 93 99 91 86 86 27 56 54 83 35 29 98 0 74 73 
2 85 91 83 78 78 19 48 46 75 27 21 90 8 66 65 
18 65 71 63 58 58 1 28 26 55 7 1 70 28 46 45 
22 61 67 59 54 54 5 24 22 51 3 3 66 32 42 41 
37 46 52 44 39 39 20 9 7 36 12 18 51 47 27 26 
77 6 12 4 1 1 60 31 33 4 52 58 11 87 13 14 

53 7 37 16 25 29 38 30 23 55 51 12 15 16 28 14 
10 50 6 59 18 72 5 73 20 12 8 55 58 27 15 29 
9 51 7 60 19 73 6 74 21 11 7 56 59 28 16 30 
5 55 11 64 23 77 10 78 25 7 3 60 63 32 20 34 
10 70 26 79 38 92 25 93 40 8 12 75 78 47 35 49 
36 24 20 33 8 46 21 47 6 38 34 29 32 1 11 3 
9 51 7 60 19 73 6 74 21 11 7 56 59 28 16 30 
8 68 24 77 36 90 23 91 38 6 10 73 76 45 33 47 
83 23 67 14 55 1 68 0 53 85 81 18 15 46 58 44 
81 21 65 12 53 1 66 2 51 83 79 16 13 44 56 42 
10 70 26 79 38 92 25 93 40 8 12 75 78 47 35 49 
2 62 18 71 30 84 17 85 32 0 4 67 70 39 27 41 
18 42 2 51 10 64 3 65 12 20 16 47 50 19 7 21 
22 38 6 47 6 60 7 61 8 24 20 43 46 15 3 17 
37 23 21 32 9 45 22 46 7 39 35 28 31 0 12 2 
77 17 61 8 49 5 62 6 47 79 75 12 9 40 52 38 

7 62 51 19 22 41 6 19 9 6 2 40 2 48 17 51 
50 19 8 62 65 2 49 24 52 37 41 3 41 5 60 8 
51 18 7 63 66 3 50 25 53 38 42 4 42 4 61 7 
55 14 3 67 70 7 54 29 57 42 46 8 46 0 65 3 
70 1 12 82 85 22 69 44 72 57 61 23 61 15 80 12 
24 45 34 36 39 24 23 2 26 11 15 23 15 31 34 34 
51 18 7 63 66 3 50 25 53 38 42 4 42 4 61 7 
68 1 10 80 83 20 67 42 70 55 59 21 59 13 78 10 
23 92 81 11 8 71 24 49 21 36 32 70 32 78 13 81 
21 90 79 9 6 69 22 47 19 34 30 68 30 76 11 79 
70 1 12 82 85 22 69 44 72 57 61 23 61 15 80 12 
62 7 4 74 77 14 61 36 64 49 53 15 53 7 72 4 
42 27 16 54 57 6 41 16 44 29 33 5 33 13 52 16 
38 31 20 50 53 10 37 12 40 25 29 9 29 17 48 20 
23 46 35 35 38 25 22 3 25 10 14 24 14 32 33 35 
17 86 75 5 2 65 18 43 15 30 26 64 26 72 7 75 

19 30 36 5 9 31 4 43 35 45 33 21 15 24 6 11 
16 27 33 2 6 34 7 40 32 42 36 18 12 21 3 14 
15 26 32 1 5 35 8 39 31 41 37 17 11 20 2 15 
24 13 7 38 34 74 47 0 8 2 76 22 28 19 37 54 
37 26 20 51 47 87 60 13 21 11 89 35 41 32 50 67 
17 28 34 3 7 33 6 41 33 43 35 19 13 22 4 13 
16 27 33 2 6 34 7 40 32 42 36 18 12 21 3 14 
42 31 25 56 52 92 65 18 26 16 94 40 46 37 55 72 
33 44 50 19 23 17 10 57 49 59 19 35 29 38 20 3 
37 26 20 51 47 87 60 13 21 11 89 35 41 32 50 67 
35 46 52 21 25 15 12 59 51 61 17 37 31 40 22 5 
4 7 13 18 14 54 27 20 12 22 56 2 8 1 17 34 
23 34 40 9 13 27 0 47 39 49 29 25 19 28 10 7 
33 44 50 19 23 17 10 57 49 59 19 35 29 38 20 3 
13 2 4 27 23 63 36 11 3 13 65 11 17 8 26 43 
36 47 53 22 26 14 13 60 52 62 16 38 32 41 23 6 

59 37 30 31 29 46 11 38 10 41 41 57 12 44 44 66 
56 34 27 28 32 43 14 35 13 38 38 54 15 41 41 63 
55 33 26 27 33 42 15 34 14 37 37 53 16 40 40 62 
16 6 13 12 72 3 54 5 53 2 2 14 55 1 1 23 
3 19 26 25 85 10 67 18 66 15 15 1 68 12 12 10 
57 35 28 29 31 44 13 36 12 39 39 55 14 42 42 64 
56 34 27 28 32 43 14 35 13 38 38 54 15 41 41 63 
2 24 31 30 90 15 72 23 71 20 20 4 73 17 17 5 
73 51 44 45 15 60 3 52 4 55 55 71 2 58 58 80 
3 19 26 25 85 10 67 18 66 15 15 1 68 12 12 10 
75 53 46 47 13 62 5 54 6 57 57 73 4 60 60 82 
36 14 7 8 52 23 34 15 33 18 18 34 35 21 21 43 
63 41 34 35 25 50 7 42 6 45 45 61 8 48 48 70 
73 51 44 45 15 60 3 52 4 55 55 71 2 58 58 80 
27 5 2 1 61 14 43 6 42 9 9 25 44 12 12 34 
76 54 47 48 12 63 6 55 7 58 58 74 5 61 61 83 

60 26 24 22 1 26 0 41 6 66 26 47 26 3 0 63 
57 23 27 25 4 29 3 38 3 63 29 44 23 6 3 60 
56 22 28 26 5 30 4 37 2 62 30 43 22 7 4 59 
17 17 67 65 44 69 43 2 37 23 69 4 17 46 43 20 
4 30 80 78 57 82 56 15 50 10 82 9 30 59 56 7 
58 24 26 24 3 28 2 39 4 64 28 45 24 5 2 61 
57 23 27 25 4 29 3 38 3 63 29 44 23 6 3 60 
1 35 85 83 62 87 61 20 55 5 87 14 35 64 61 2 
74 40 10 8 13 12 14 55 20 80 12 61 40 11 14 77 
4 30 80 78 57 82 56 15 50 10 82 9 30 59 56 7 
76 42 8 6 15 10 16 57 22 82 10 63 42 13 16 79 
37 3 47 45 24 49 23 18 17 43 49 24 3 26 23 40 
64 30 20 18 3 22 4 45 10 70 22 51 30 1 4 67 
74 40 10 8 13 12 14 55 20 80 12 61 40 11 14 77 
28 6 56 54 33 58 32 9 26 34 58 15 6 35 32 31 
77 43 7 5 16 9 17 58 23 83 9 64 43 14 17 80 

56 27 33 25 20 20 39 10 12 17 31 37 32 66 8 7 
53 30 36 28 23 23 36 7 9 20 28 34 35 63 11 10 
52 31 37 29 24 24 35 6 8 21 27 33 36 62 12 11 
13 70 76 68 63 63 4 33 31 60 12 6 75 23 51 50 
0 83 89 81 76 76 17 46 44 73 25 19 88 10 64 63 
54 29 35 27 22 22 37 8 10 19 29 35 34 64 10 9 
53 30 36 28 23 23 36 7 9 20 28 34 35 63 11 10 
5 88 94 86 81 81 22 51 49 78 30 24 93 5 69 68 
70 13 19 11 6 6 53 24 26 3 45 51 18 80 6 7 
0 83 89 81 76 76 17 46 44 73 25 19 88 10 64 63 
72 11 17 9 4 4 55 26 28 1 47 53 16 82 8 9 
33 50 56 48 43 43 16 13 11 40 8 14 55 43 31 30 
60 23 29 21 16 16 43 14 16 13 35 41 28 70 4 3 
70 13 19 11 6 6 53 24 26 3 45 51 18 80 6 7 
24 59 65 57 52 52 7 22 20 49 1 5 64 34 40 39 
73 10 16 8 3 3 56 27 29 0 48 54 15 83 9 10 

56 4 40 13 28 26 41 27 26 58 54 9 12 19 31 17 
53 7 37 16 25 29 38 30 23 55 51 12 15 16 28 14 
52 8 36 17 24 30 37 31 22 54 50 13 16 15 27 13 
13 47 3 56 15 69 2 70 17 15 11 52 55 24 12 26 
0 60 16 69 28 82 15 83 30 2 2 65 68 37 25 39 
54 6 38 15 26 28 39 29 24 56 52 11 14 17 29 15 
53 7 37 16 25 29 38 30 23 55 51 12 15 16 28 14 
5 65 21 74 33 87 20 88 35 3 7 70 73 42 30 44 
70 10 54 1 42 12 55 13 40 72 68 5 2 33 45 31 
0 60 16 69 28 82 15 83 30 2 2 65 68 37 25 39 
72 12 56 3 44 10 57 11 42 74 70 7 4 35 47 33 
33 27 17 36 5 49 18 50 3 35 31 32 35 4 8 6 
60 0 44 9 32 22 45 23 30 62 58 5 8 23 35 21 
70 10 54 1 42 12 55 13 40 72 68 5 2 33 45 31 
24 36 8 45 4 58 9 59 6 26 22 41 44 13 1 15 
73 13 57 4 45 9 58 10 43 75 71 8 5 36 48 34 

4 65 54 16 19 44 3 22 6 9 5 43 5 51 14 54 
7 62 51 19 22 41 6 19 9 6 2 40 2 48 17 51 
8 61 50 20 23 40 7 18 10 5 1 39 1 47 18 50 
47 22 11 59 62 1 46 21 49 34 38 0 38 8 57 11 
60 9 2 72 75 12 59 34 62 47 51 13 51 5 70 2 
6 63 52 18 21 42 5 20 8 7 3 41 3 49 16 52 
7 62 51 19 22 41 6 19 9 6 2 40 2 48 17 51 
65 4 7 77 80 17 64 39 67 52 56 18 56 10 75 7 
10 79 68 2 5 58 11 36 8 23 19 57 19 65 0 68 
60 9 2 72 75 12 59 34 62 47 51 13 51 5 70 2 
12 81 70 0 3 60 13 38 10 25 21 59 21 67 2 70 
27 42 31 39 42 21 26 1 29 14 18 20 18 28 37 31 
0 69 58 12 15 48 1 26 2 13 9 47 9 55 10 58 
10 79 68 2 5 58 11 36 8 23 19 57 19 65 0 68 
36 33 22 48 51 12 35 10 38 23 27 11 27 19 46 22 
13 82 71 1 2 61 14 39 11 26 22 60 22 68 3 71 

40 18 11 12 48 27 30 19 29 22 22 38 31 25 25 47 
29 7 0 1 59 16 41 8 40 11 11 27 42 14 14 36 
23 1 6 5 65 10 47 2 46 5 5 21 48 8 8 30 
54 32 25 26 34 41 16 33 15 36 36 52 17 39 39 61 
50 28 21 22 38 37 20 29 19 32 32 48 21 35 35 57 
90 68 61 62 2 77 20 69 21 72 72 88 19 75 75 97 
63 41 34 35 25 50 7 42 6 45 45 61 8 48 48 70 
16 6 13 12 72 3 54 5 53 2 2 14 55 1 1 23 
24 2 5 4 64 11 46 3 45 6 6 22 47 9 9 31 
14 8 15 14 74 1 56 7 55 4 4 12 57 1 1 21 
92 70 63 64 4 79 22 71 23 74 74 90 21 77 77 99 
38 16 9 10 50 25 32 17 31 20 20 36 33 23 23 45 
44 22 15 16 44 31 26 23 25 26 26 42 27 29 29 51 
35 13 6 7 53 22 35 14 34 17 17 33 36 20 20 42 
53 31 24 25 35 40 17 32 16 35 35 51 18 38 38 60 
70 48 41 42 18 57 0 49 1 52 52 68 1 55 55 77 

41 7 43 41 20 45 19 22 13 47 45 28 7 22 19 44 
30 4 54 52 31 56 30 11 24 36 56 17 4 33 30 33 
24 10 60 58 37 62 36 5 30 30 62 11 10 39 36 27 
55 21 29 27 6 31 5 36 1 61 31 42 21 8 5 58 
51 17 33 31 10 35 9 32 3 57 35 38 17 12 9 54 
91 57 7 9 30 5 31 72 37 97 5 78 57 28 31 94 
64 30 20 18 3 22 4 45 10 70 22 51 30 1 4 67 
17 17 67 65 44 69 43 2 37 23 69 4 17 46 43 20 
25 9 59 57 36 61 35 6 29 31 61 12 9 38 35 28 
15 19 69 67 46 71 45 4 39 21 71 2 19 48 45 18 
93 59 9 11 32 7 33 74 39 99 7 80 59 30 33 96 
39 5 45 43 22 47 21 20 15 45 47 26 5 24 21 42 
45 11 39 37 16 41 15 26 9 51 41 32 11 18 15 48 
36 2 48 46 25 50 24 17 18 42 50 23 2 27 24 39 
54 20 30 28 7 32 6 35 0 60 32 41 20 9 6 57 
71 37 13 11 10 15 11 52 17 77 15 58 37 8 11 74 

37 46 52 44 39 39 20 9 7 36 12 18 51 47 27 26 
26 57 63 55 50 50 9 20 18 47 1 7 62 36 38 37 
20 63 69 61 56 56 3 26 24 53 5 1 68 30 44 43 
51 32 38 30 25 25 34 5 7 22 26 32 37 61 13 12 
47 36 42 34 29 29 30 1 3 26 22 28 41 57 17 16 
87 4 2 6 11 11 70 41 43 14 62 68 1 97 23 24 
60 23 29 21 16 16 43 14 16 13 35 41 28 70 4 3 
13 70 76 68 63 63 4 33 31 60 12 6 75 23 51 50 
21 62 68 60 55 55 4 25 23 52 4 2 67 31 43 42 
11 72 78 70 65 65 6 35 33 62 14 8 77 21 53 52 
89 6 0 8 13 13 72 43 45 16 64 70 1 99 25 26 
35 48 54 46 41 41 18 11 9 38 10 16 53 45 29 28 
41 42 48 40 35 35 24 5 3 32 16 22 47 51 23 22 
32 51 57 49 44 44 15 14 12 41 7 13 56 42 32 31 
50 33 39 31 26 26 33 4 6 23 25 31 38 60 14 13 
67 16 22 14 9 9 50 21 23 6 42 48 21 77 3 4 

37 23 21 32 9 45 22 46 7 39 35 28 31 0 12 2 
26 34 10 43 2 56 11 57 4 28 24 39 42 11 1 13 
20 40 4 49 8 62 5 63 10 22 18 45 48 17 5 19 
51 9 35 18 23 31 36 32 21 53 49 14 17 14 26 12 
47 13 31 22 19 35 32 36 17 49 45 18 21 10 22 8 
87 27 71 18 59 5 72 4 57 89 85 22 19 50 62 48 
60 0 44 9 32 22 45 23 30 62 58 5 8 23 35 21 
13 47 3 56 15 69 2 70 17 15 11 52 55 24 12 26 
21 39 5 48 7 61 6 62 9 23 19 44 47 16 4 18 
11 49 5 58 17 71 4 72 19 13 9 54 57 26 14 28 
89 29 73 20 61 7 74 6 59 91 87 24 21 52 64 50 
35 25 19 34 7 47 20 48 5 37 33 30 33 2 10 4 
41 19 25 28 13 41 26 42 11 43 39 24 27 4 16 2 
32 28 16 37 4 50 17 51 2 34 30 33 36 5 7 7 
50 10 34 19 22 32 35 33 20 52 48 15 18 13 25 11 
67 7 51 2 39 15 52 16 37 69 65 2 1 30 42 28 

23 46 35 35 38 25 22 3 25 10 14 24 14 32 33 35 
34 35 24 46 49 14 33 8 36 21 25 13 25 21 44 24 
40 29 18 52 55 8 39 14 42 27 31 7 31 15 50 18 
9 60 49 21 24 39 8 17 11 4 0 38 0 46 19 49 
13 56 45 25 28 35 12 13 15 0 4 34 4 42 23 45 
27 96 85 15 12 75 28 53 25 40 36 74 36 82 17 85 
0 69 58 12 15 48 1 26 2 13 9 47 9 55 10 58 
47 22 11 59 62 1 46 21 49 34 38 0 38 8 57 11 
39 30 19 51 54 9 38 13 41 26 30 8 30 16 49 19 
49 20 9 61 64 1 48 23 51 36 40 2 40 6 59 9 
29 98 87 17 14 77 30 55 27 42 38 76 38 84 19 87 
25 44 33 37 40 23 24 1 27 12 16 22 16 30 35 33 
19 50 39 31 34 29 18 7 21 6 10 28 10 36 29 39 
28 41 30 40 43 20 27 2 30 15 19 19 19 27 38 30 
10 59 48 22 25 38 9 16 12 3 1 37 1 45 20 48 
7 76 65 5 8 55 8 33 5 20 16 54 16 62 3 65 

1 33 83 81 60 85 59 18 53 7 85 12 33 62 59 4 
23 11 61 59 38 63 37 4 31 29 63 10 11 40 37 26 
30 4 54 52 31 56 30 11 24 36 56 17 4 33 30 33 
29 5 55 53 32 57 31 10 25 35 57 16 5 34 31 32 
89 55 5 7 28 3 29 70 35 95 3 76 55 26 29 92 
14 20 70 68 47 72 46 5 40 20 72 1 20 49 46 17 
71 37 13 11 10 15 11 52 17 77 15 58 37 8 11 74 
22 12 62 60 39 64 38 3 32 28 64 9 12 41 38 25 
70 36 14 12 9 16 10 51 16 76 16 57 36 7 10 73 
19 15 65 63 42 67 41 0 35 25 67 6 15 44 41 22 
19 15 65 63 42 67 41 0 35 25 67 6 15 44 41 22 
3 31 81 79 58 83 57 16 51 9 83 10 31 60 57 6 
72 38 12 10 11 14 12 53 18 78 14 59 38 9 12 75 
16 18 68 66 45 70 44 3 38 22 70 3 18 47 44 19 
16 18 68 66 45 70 44 3 38 22 70 3 18 47 44 19 
6 40 90 88 67 92 66 25 60 0 92 19 40 69 66 3 

3 86 92 84 79 79 20 49 47 76 28 22 91 7 67 66 
19 64 70 62 57 57 2 27 25 54 6 0 69 29 45 44 
26 57 63 55 50 50 9 20 18 47 1 7 62 36 38 37 
25 58 64 56 51 51 8 21 19 48 0 6 63 35 39 38 
85 2 4 4 9 9 68 39 41 12 60 66 3 95 21 22 
10 73 79 71 66 66 7 36 34 63 15 9 78 20 54 53 
67 16 22 14 9 9 50 21 23 6 42 48 21 77 3 4 
18 65 71 63 58 58 1 28 26 55 7 1 70 28 46 45 
66 17 23 15 10 10 49 20 22 7 41 47 22 76 2 3 
15 68 74 66 61 61 2 31 29 58 10 4 73 25 49 48 
15 68 74 66 61 61 2 31 29 58 10 4 73 25 49 48 
1 84 90 82 77 77 18 47 45 74 26 20 89 9 65 64 
68 15 21 13 8 8 51 22 24 5 43 49 20 78 4 5 
12 71 77 69 64 64 5 34 32 61 13 7 76 22 52 51 
12 71 77 69 64 64 5 34 32 61 13 7 76 22 52 51 
10 93 99 91 86 86 27 56 54 83 35 29 98 0 74 73 

3 63 19 72 31 85 18 86 33 1 5 68 71 40 28 42 
19 41 3 50 9 63 4 64 11 21 17 46 49 18 6 20 
26 34 10 43 2 56 11 57 4 28 24 39 42 11 1 13 
25 35 9 44 3 57 10 58 5 27 23 40 43 12 0 14 
85 25 69 16 57 3 70 2 55 87 83 20 17 48 60 46 
10 50 6 59 18 72 5 73 20 12 8 55 58 27 15 29 
67 7 51 2 39 15 52 16 37 69 65 2 1 30 42 28 
18 42 2 51 10 64 3 65 12 20 16 47 50 19 7 21 
66 6 50 3 38 16 51 17 36 68 64 1 2 29 41 27 
15 45 1 54 13 67 0 68 15 17 13 50 53 22 10 24 
15 45 1 54 13 67 0 68 15 17 13 50 53 22 10 24 
1 61 17 70 29 83 16 84 31 1 3 66 69 38 26 40 
68 8 52 1 40 14 53 15 38 70 66 3 0 31 43 29 
12 48 4 57 16 70 3 71 18 14 10 53 56 25 13 27 
12 48 4 57 16 70 3 71 18 14 10 53 56 25 13 27 
10 70 26 79 38 92 25 93 40 8 12 75 78 47 35 49 

63 6 5 75 78 15 62 37 65 50 54 16 54 8 73 5 
41 28 17 53 56 7 40 15 43 28 32 6 32 14 51 17 
34 35 24 46 49 14 33 8 36 21 25 13 25 21 44 24 
35 34 23 47 50 13 34 9 37 22 26 12 26 20 45 23 
25 94 83 13 10 73 26 51 23 38 34 72 34 80 15 83 
50 19 8 62 65 2 49 24 52 37 41 3 41 5 60 8 
7 76 65 5 8 55 8 33 5 20 16 54 16 62 3 65 
42 27 16 54 57 6 41 16 44 29 33 5 33 13 52 16 
6 75 64 6 9 54 7 32 4 19 15 53 15 61 4 64 
45 24 13 57 60 3 44 19 47 32 36 2 36 10 55 13 
45 24 13 57 60 3 44 19 47 32 36 2 36 10 55 13 
61 8 3 73 76 13 60 35 63 48 52 14 52 6 71 3 
8 77 66 4 7 56 9 34 6 21 17 55 17 63 2 66 
48 21 10 60 63 0 47 22 50 35 39 1 39 7 58 10 
48 21 10 60 63 0 47 22 50 35 39 1 39 7 58 10 
70 1 12 82 85 22 69 44 72 57 61 23 61 15 80 12 

4 87 93 85 80 80 21 50 48 77 29 23 92 6 68 67 
30 53 59 51 46 46 13 16 14 43 5 11 58 40 34 33 
80 3 9 1 4 4 63 34 36 7 55 61 8 90 16 17 
78 5 11 3 2 2 61 32 34 5 53 59 10 88 14 15 
57 26 32 24 19 19 40 11 13 16 32 38 31 67 7 6 
82 1 7 1 6 6 65 36 38 9 57 63 6 92 18 19 
56 27 33 25 20 20 39 10 12 17 31 37 32 66 8 7 
15 68 74 66 61 61 2 31 29 58 10 4 73 25 49 48 
50 33 39 31 26 26 33 4 6 23 25 31 38 60 14 13 
10 93 99 91 86 86 27 56 54 83 35 29 98 0 74 73 
82 1 7 1 6 6 65 36 38 9 57 63 6 92 18 19 
9 74 80 72 67 67 8 37 35 64 16 10 79 19 55 54 
30 53 59 51 46 46 13 16 14 43 5 11 58 40 34 33 
59 24 30 22 17 17 42 13 15 14 34 40 29 69 5 4 
56 27 33 25 20 20 39 10 12 17 31 37 32 66 8 7 
7 90 96 88 83 83 24 53 51 80 32 26 95 3 71 70 

4 64 20 73 32 86 19 87 34 2 6 69 72 41 29 43 
30 30 14 39 2 52 15 53 0 32 28 35 38 7 5 9 
80 20 64 11 52 2 65 3 50 82 78 15 12 43 55 41 
78 18 62 9 50 4 63 5 48 80 76 13 10 41 53 39 
57 3 41 12 29 25 42 26 27 59 55 8 11 20 32 18 
82 22 66 13 54 0 67 1 52 84 80 17 14 45 57 43 
56 4 40 13 28 26 41 27 26 58 54 9 12 19 31 17 
15 45 1 54 13 67 0 68 15 17 13 50 53 22 10 24 
50 10 34 19 22 32 35 33 20 52 48 15 18 13 25 11 
10 70 26 79 38 92 25 93 40 8 12 75 78 47 35 49 
82 22 66 13 54 0 67 1 52 84 80 17 14 45 57 43 
9 51 7 60 19 73 6 74 21 11 7 56 59 28 16 30 
30 30 14 39 2 52 15 53 0 32 28 35 38 7 5 9 
59 1 43 10 31 23 44 24 29 61 57 6 9 22 34 20 
56 4 40 13 28 26 41 27 26 58 54 9 12 19 31 17 
7 67 23 76 35 89 22 90 37 5 9 72 75 44 32 46 

64 5 6 76 79 16 63 38 66 51 55 17 55 9 74 6 
30 39 28 42 45 18 29 4 32 17 21 17 21 25 40 28 
20 89 78 8 5 68 21 46 18 33 29 67 29 75 10 78 
18 87 76 6 3 66 19 44 16 31 27 65 27 73 8 76 
3 66 55 15 18 45 2 23 5 10 6 44 6 52 13 55 
22 91 80 10 7 70 23 48 20 35 31 69 31 77 12 80 
4 65 54 16 19 44 3 22 6 9 5 43 5 51 14 54 
45 24 13 57 60 3 44 19 47 32 36 2 36 10 55 13 
10 59 48 22 25 38 9 16 12 3 1 37 1 45 20 48 
70 1 12 82 85 22 69 44 72 57 61 23 61 15 80 12 
22 91 80 10 7 70 23 48 20 35 31 69 31 77 12 80 
51 18 7 63 66 3 50 25 53 38 42 4 42 4 61 7 
30 39 28 42 45 18 29 4 32 17 21 17 21 25 40 28 
1 68 57 13 16 47 0 25 3 12 8 46 8 54 11 57 
4 65 54 16 19 44 3 22 6 9 5 43 5 51 14 54 
67 2 9 79 82 19 66 41 69 54 58 20 58 12 77 9 

0 60 16 69 28 82 15 83 30 2 2 65 68 37 25 39 
83 23 67 14 55 1 68 0 53 85 81 18 15 46 58 44 
89 29 73 20 61 7 74 6 59 91 87 24 21 52 64 50 
81 21 65 12 53 1 66 2 51 83 79 16 13 44 56 42 
76 16 60 7 48 6 61 7 46 78 74 11 8 39 51 37 
76 16 60 7 48 6 61 7 46 78 74 11 8 39 51 37 
17 43 1 52 11 65 2 66 13 19 15 48 51 20 8 22 
46 14 30 23 18 36 31 37 16 48 44 19 22 9 21 7 
44 16 28 25 16 38 29 39 14 46 42 21 24 7 19 5 
73 13 57 4 45 9 58 10 43 75 71 8 5 36 48 34 
25 35 9 44 3 57 10 58 5 27 23 40 43 12 0 14 
19 41 3 50 9 63 4 64 11 21 17 46 49 18 6 20 
88 28 72 19 60 6 73 5 58 90 86 23 20 51 63 49 
10 70 26 79 38 92 25 93 40 8 12 75 78 47 35 49 
64 4 48 5 36 18 49 19 34 66 62 1 4 27 39 25 
63 3 47 6 35 19 48 20 33 65 61 2 5 26 38 24 

60 9 2 72 75 12 59 34 62 47 51 13 51 5 70 2 
23 92 81 11 8 71 24 49 21 36 32 70 32 78 13 81 
29 98 87 17 14 77 30 55 27 42 38 76 38 84 19 87 
21 90 79 9 6 69 22 47 19 34 30 68 30 76 11 79 
16 85 74 4 1 64 17 42 14 29 25 63 25 71 6 74 
16 85 74 4 1 64 17 42 14 29 25 63 25 71 6 74 
43 26 15 55 58 5 42 17 45 30 34 4 34 12 53 15 
14 55 44 26 29 34 13 12 16 1 5 33 5 41 24 44 
16 53 42 28 31 32 15 10 18 3 7 31 7 39 26 42 
13 82 71 1 2 61 14 39 11 26 22 60 22 68 3 71 
35 34 23 47 50 13 34 9 37 22 26 12 26 20 45 23 
41 28 17 53 56 7 40 15 43 28 32 6 32 14 51 17 
28 97 86 16 13 76 29 54 26 41 37 75 37 83 18 86 
70 1 12 82 85 22 69 44 72 57 61 23 61 15 80 12 
4 73 62 8 11 52 5 30 2 17 13 51 13 59 6 62 
3 72 61 9 12 51 4 29 1 16 12 50 12 58 7 61 

60 9 2 72 75 12 59 34 62 47 51 13 51 5 70 2 
0 69 58 12 15 48 1 26 2 13 9 47 9 55 10 58 
44 25 14 56 59 4 43 18 46 31 35 3 35 11 54 14 
9 78 67 3 6 57 10 35 7 22 18 56 18 64 1 67 
32 37 26 44 47 16 31 6 34 19 23 15 23 23 42 26 
22 91 80 10 7 70 23 48 20 35 31 69 31 77 12 80 
45 24 13 57 60 3 44 19 47 32 36 2 36 10 55 13 
23 92 81 11 8 71 24 49 21 36 32 70 32 78 13 81 
30 39 28 42 45 18 29 4 32 17 21 17 21 25 40 28 
62 7 4 74 77 14 61 36 64 49 53 15 53 7 72 4 
58 11 0 70 73 10 57 32 60 45 49 11 49 3 68 0 
5 74 63 7 10 53 6 31 3 18 14 52 14 60 5 63 
8 77 66 4 7 56 9 34 6 21 17 55 17 63 2 66 
23 46 35 35 38 25 22 3 25 10 14 24 14 32 33 35 
35 34 23 47 50 13 34 9 37 22 26 12 26 20 45 23 
21 48 37 33 36 27 20 5 23 8 12 26 12 34 31 37 

