16 16 

29 48 8 47 28 14 20 6 4 35 37 6 26 48 2 47 
18 95 39 0 19 33 27 41 43 12 84 53 21 95 49 94 
75 2 54 93 74 60 66 52 50 81 9 40 72 2 44 1 
13 90 34 5 14 28 22 36 38 7 79 48 16 90 44 89 
30 47 9 48 29 15 21 7 5 36 36 5 27 47 1 46 
78 1 57 96 77 63 69 55 53 84 12 43 75 1 47 2 
5 82 26 13 6 20 14 28 30 1 71 40 8 82 36 81 
33 44 12 51 32 18 24 10 8 39 33 2 30 44 2 43 
17 60 4 35 16 2 8 6 8 23 49 18 14 60 14 59 
45 32 24 63 44 30 36 22 20 51 21 10 42 32 14 31 
58 19 37 76 57 43 49 35 33 64 8 23 55 19 27 18 
32 45 11 50 31 17 23 9 7 38 34 3 29 45 1 44 
4 73 17 22 3 11 5 19 21 10 62 31 1 73 27 72 
2 79 23 16 3 17 11 25 27 4 68 37 5 79 33 78 
3 74 18 21 2 12 6 20 22 9 63 32 0 74 28 73 
4 81 25 14 5 19 13 27 29 2 70 39 7 81 35 80 

33 37 30 24 43 5 41 48 10 32 6 45 48 38 2 12 
80 10 77 71 4 52 6 95 57 15 41 2 95 9 49 35 
13 83 16 22 89 41 87 2 36 78 52 91 2 84 44 58 
75 5 72 66 1 47 1 90 52 10 36 3 90 4 44 30 
32 38 29 23 44 4 42 47 9 33 7 46 47 39 1 13 
16 86 19 25 92 44 90 1 39 81 55 94 1 87 47 61 
67 3 64 58 9 39 7 82 44 2 28 11 82 4 36 22 
29 41 26 20 47 1 45 44 6 36 10 49 44 42 2 16 
45 25 42 36 31 17 29 60 22 20 6 33 60 26 14 0 
17 53 14 8 59 11 57 32 6 48 22 61 32 54 14 28 
4 66 1 5 72 24 70 19 19 61 35 74 19 67 27 41 
30 40 27 21 46 2 44 45 7 35 9 48 45 41 1 15 
58 12 55 49 18 30 16 73 35 7 19 20 73 13 27 13 
64 6 61 55 12 36 10 79 41 1 25 14 79 7 33 19 
59 11 56 50 17 31 15 74 36 6 20 19 74 12 28 14 
66 4 63 57 10 38 8 81 43 1 27 12 81 5 35 21 

26 45 16 10 12 31 33 9 41 43 1 2 19 23 13 20 
73 2 63 57 35 16 14 56 88 4 46 49 28 24 60 27 
20 91 30 36 58 77 79 37 5 89 47 44 65 69 33 66 
68 3 58 52 30 11 9 51 83 1 41 44 23 19 55 22 
25 46 15 9 13 32 34 8 40 44 2 1 20 24 12 21 
23 94 33 39 61 80 82 40 8 92 50 47 68 72 36 69 
60 11 50 44 22 3 1 43 75 9 33 36 15 11 47 14 
22 49 12 6 16 35 37 5 37 47 5 2 23 27 9 24 
38 33 28 22 0 19 21 21 53 31 11 14 7 11 25 8 
10 61 0 6 28 47 49 7 25 59 17 14 35 39 3 36 
3 74 13 19 41 60 62 20 12 72 30 27 48 52 16 49 
23 48 13 7 15 34 36 6 38 46 4 1 22 26 10 23 
51 20 41 35 13 6 8 34 66 18 24 27 6 2 38 5 
57 14 47 41 19 0 2 40 72 12 30 33 12 8 44 11 
52 19 42 36 14 5 7 35 67 17 25 28 7 3 39 6 
59 12 49 43 21 2 0 42 74 10 32 35 14 10 46 13 

9 24 35 13 23 41 23 50 21 37 12 8 44 48 46 35 
56 23 82 60 24 6 70 97 26 84 59 39 3 95 93 12 
37 70 11 33 69 87 23 4 67 9 34 54 90 2 0 81 
51 18 77 55 19 1 65 92 21 79 54 34 2 90 88 7 
8 25 34 12 24 42 22 49 22 36 11 9 45 47 45 36 
40 73 14 36 72 90 26 1 70 12 37 57 93 1 3 84 
43 10 69 47 11 7 57 84 13 71 46 26 10 82 80 1 
5 28 31 9 27 45 19 46 25 33 8 12 48 44 42 39 
21 12 47 25 11 29 35 62 9 49 24 4 32 60 58 23 
7 40 19 3 39 57 7 34 37 21 4 24 60 32 30 51 
20 53 6 16 52 70 6 21 50 8 17 37 73 19 17 64 
6 27 32 10 26 44 20 47 24 34 9 11 47 45 43 38 
34 1 60 38 2 16 48 75 4 62 37 17 19 73 71 10 
40 7 66 44 8 10 54 81 10 68 43 23 13 79 77 4 
35 2 61 39 3 15 49 76 5 63 38 18 18 74 72 9 
42 9 68 46 10 8 56 83 12 70 45 25 11 81 79 2 

29 1 42 2 23 3 29 20 24 37 18 35 7 14 8 25 
76 48 89 49 70 44 18 27 71 84 29 12 54 33 55 72 
17 45 4 44 23 49 75 66 22 9 64 81 39 60 38 21 
71 43 84 44 65 39 13 22 66 79 24 7 49 28 50 67 
28 0 41 1 22 4 30 21 23 36 19 36 6 15 7 24 
20 48 7 47 26 52 78 69 25 12 67 84 42 63 41 24 
63 35 76 36 57 31 5 14 58 71 16 1 41 20 42 59 
25 3 38 2 19 7 33 24 20 33 22 39 3 18 4 21 
41 13 54 14 35 9 17 8 36 49 6 23 19 2 20 37 
13 15 26 14 7 19 45 36 8 21 34 51 9 30 8 9 
0 28 13 27 6 32 58 49 5 8 47 64 22 43 21 4 
26 2 39 1 20 6 32 23 21 34 21 38 4 17 5 22 
54 26 67 27 48 22 4 5 49 62 7 10 32 11 33 50 
60 32 73 33 54 28 2 11 55 68 13 4 38 17 39 56 
55 27 68 28 49 23 3 6 50 63 8 9 33 12 34 51 
62 34 75 35 56 30 4 13 57 70 15 2 40 19 41 58 

12 12 23 1 31 15 7 25 9 49 33 1 30 45 0 42 
35 35 24 46 16 62 40 72 38 96 14 48 77 92 47 5 
58 58 69 47 77 31 53 21 55 3 79 45 16 1 46 88 
30 30 19 41 11 57 35 67 33 91 9 43 72 87 42 0 
13 13 24 2 32 14 8 24 10 48 34 0 29 44 1 43 
61 61 72 50 80 34 56 24 58 0 82 48 19 4 49 91 
22 22 11 33 3 49 27 59 25 83 1 35 64 79 34 8 
16 16 27 5 35 11 11 21 13 45 37 3 26 41 4 46 
0 0 11 11 19 27 5 37 3 61 21 13 42 57 12 30 
28 28 39 17 47 1 23 9 25 33 49 15 14 29 16 58 
41 41 52 30 60 14 36 4 38 20 62 28 1 16 29 71 
15 15 26 4 34 12 10 22 12 46 36 2 27 42 3 45 
13 13 2 24 6 40 18 50 16 74 8 26 55 70 25 17 
19 19 8 30 0 46 24 56 22 80 2 32 61 76 31 11 
14 14 3 25 5 41 19 51 17 75 7 27 56 71 26 16 
21 21 10 32 2 48 26 58 24 82 0 34 63 78 33 9 

0 40 9 23 46 15 35 41 8 17 8 5 26 18 30 2 
47 87 38 24 1 32 82 6 55 64 39 52 73 29 77 45 
46 6 55 69 92 61 11 87 38 29 54 41 20 64 16 48 
42 82 33 19 4 27 77 1 50 59 34 47 68 24 72 40 
1 39 10 24 47 16 34 42 7 16 9 4 25 19 29 3 
49 9 58 72 95 64 14 90 41 32 57 44 23 67 19 51 
34 74 25 11 12 19 69 7 42 51 26 39 60 16 64 32 
4 36 13 27 50 19 31 45 4 13 12 1 22 22 26 6 
12 52 3 11 34 3 47 29 20 29 4 17 38 6 42 10 
16 24 25 39 62 31 19 57 8 1 24 11 10 34 14 18 
29 11 38 52 75 44 6 70 21 12 37 24 3 47 1 31 
3 37 12 26 49 18 32 44 5 14 11 2 23 21 27 5 
25 65 16 2 21 10 60 16 33 42 17 30 51 7 55 23 
31 71 22 8 15 16 66 10 39 48 23 36 57 13 61 29 
26 66 17 3 20 11 61 15 34 43 18 31 52 8 56 24 
33 73 24 10 13 18 68 8 41 50 25 38 59 15 63 31 

4 28 12 7 43 37 46 46 39 1 35 4 11 2 43 12 
43 19 35 40 4 10 1 93 86 46 12 51 58 45 90 59 
50 74 58 53 89 83 92 0 7 47 81 42 35 48 3 34 
38 14 30 35 1 5 4 88 81 41 7 46 53 40 85 54 
5 29 13 8 44 38 47 45 38 2 36 3 10 3 42 11 
53 77 61 56 92 86 95 3 10 50 84 45 38 51 6 37 
30 6 22 27 9 3 12 80 73 33 1 38 45 32 77 46 
8 32 16 11 47 41 50 42 35 5 39 0 7 6 39 8 
8 16 0 5 31 25 34 58 51 11 23 16 23 10 55 24 
20 44 28 23 59 53 62 30 23 17 51 12 5 18 27 4 
33 57 41 36 72 66 75 17 10 30 64 25 18 31 14 17 
7 31 15 10 46 40 49 43 36 4 38 1 8 5 40 9 
21 3 13 18 18 12 21 71 64 24 10 29 36 23 68 37 
27 3 19 24 12 6 15 77 70 30 4 35 42 29 74 43 
22 2 14 19 17 11 20 72 65 25 9 30 37 24 69 38 
29 5 21 26 10 4 13 79 72 32 2 37 44 31 76 45 

1 7 17 27 11 19 49 43 23 1 33 45 23 47 21 40 
48 54 30 74 36 66 96 4 24 46 80 2 24 0 26 7 
45 39 63 19 57 27 3 89 69 47 13 91 69 93 67 86 
43 49 25 69 31 61 91 1 19 41 75 3 19 5 21 2 
0 6 18 26 12 18 48 44 24 2 32 46 24 48 22 41 
48 42 66 22 60 30 0 92 72 50 16 94 72 96 70 89 
35 41 17 61 23 53 83 9 11 33 67 11 11 13 13 6 
3 3 21 23 15 15 45 47 27 5 29 49 27 51 25 44 
13 19 5 39 1 31 61 31 11 11 45 33 11 35 9 28 
15 9 33 11 27 3 33 59 39 17 17 61 39 63 37 56 
28 22 46 2 40 10 20 72 52 30 4 74 52 76 50 69 
2 4 20 24 14 16 46 46 26 4 30 48 26 50 24 43 
26 32 8 52 14 44 74 18 2 24 58 20 2 22 4 15 
32 38 14 58 20 50 80 12 8 30 64 14 8 16 10 9 
27 33 9 53 15 45 75 17 3 25 59 19 3 21 5 14 
34 40 16 60 22 52 82 10 10 32 66 12 10 14 12 7 

18 32 40 50 0 5 2 22 32 0 27 4 26 49 5 39 
29 15 87 97 47 52 45 25 79 47 20 51 73 96 52 8 
64 78 6 4 46 41 48 68 14 46 73 42 20 3 41 85 
24 10 82 92 42 47 40 20 74 42 15 46 68 91 47 3 
19 33 39 49 1 4 3 23 31 1 28 3 25 48 4 40 
67 81 9 1 49 44 51 71 17 49 76 45 23 0 44 88 
16 2 74 84 34 39 32 12 66 34 7 38 60 83 39 5 
22 36 36 46 4 1 6 26 28 4 31 0 22 45 1 43 
6 20 52 62 12 17 10 10 44 12 15 16 38 61 17 27 
34 48 24 34 16 11 18 38 16 16 43 12 10 33 11 55 
47 61 11 21 29 24 31 51 3 29 56 25 3 20 24 68 
21 35 37 47 3 2 5 25 29 3 30 1 23 46 2 42 
7 7 65 75 25 30 23 3 57 25 2 29 51 74 30 14 
13 1 71 81 31 36 29 9 63 31 4 35 57 80 36 8 
8 6 66 76 26 31 24 4 58 26 1 30 52 75 31 13 
15 1 73 83 33 38 31 11 65 33 6 37 59 82 38 6 

4 8 15 42 2 42 32 7 9 33 50 20 37 31 21 13 
51 39 32 89 45 5 15 54 38 80 97 27 10 16 26 34 
42 54 61 4 48 88 78 39 55 13 4 66 83 77 67 59 
46 34 27 84 40 0 10 49 33 75 92 22 5 11 21 29 
3 9 16 41 3 43 33 6 10 32 49 21 38 32 22 14 
45 57 64 7 51 91 81 42 58 16 1 69 86 80 70 62 
38 26 19 76 32 8 2 41 25 67 84 14 3 3 13 21 
0 12 19 38 6 46 36 3 13 29 46 24 41 35 25 17 
16 4 3 54 10 30 20 19 3 45 62 8 25 19 9 1 
12 24 31 26 18 58 48 9 25 17 34 36 53 47 37 29 
25 37 44 13 31 71 61 22 38 4 21 49 66 60 50 42 
1 11 18 39 5 45 35 4 12 30 47 23 40 34 24 16 
29 17 10 67 23 17 7 32 16 58 75 5 12 6 4 12 
35 23 16 73 29 11 1 38 22 64 81 11 6 0 10 18 
30 18 11 68 24 16 6 33 17 59 76 6 11 5 5 13 
37 25 18 75 31 9 1 40 24 66 83 13 4 2 12 20 

23 21 8 2 43 29 40 49 3 48 5 10 34 10 8 40 
24 68 55 45 4 18 7 96 50 95 42 37 81 37 39 7 
69 25 38 48 89 75 86 3 43 2 51 56 12 56 54 86 
19 63 50 40 1 13 2 91 45 90 37 32 76 32 34 2 
24 20 7 3 44 30 41 48 2 47 6 11 33 11 9 41 
72 28 41 51 92 78 89 0 46 1 54 59 15 59 57 89 
11 55 42 32 9 5 6 83 37 82 29 24 68 24 26 6 
27 17 4 6 47 33 44 45 1 44 9 14 30 14 12 44 
11 33 20 10 31 17 28 61 15 60 7 2 46 2 4 28 
39 5 8 18 59 45 56 33 13 32 21 26 18 26 24 56 
52 8 21 31 72 58 69 20 26 19 34 39 5 39 37 69 
26 18 5 5 46 32 43 46 0 45 8 13 31 13 11 43 
2 46 33 23 18 4 15 74 28 73 20 15 59 15 17 15 
8 52 39 29 12 2 9 80 34 79 26 21 65 21 23 9 
3 47 34 24 17 3 14 75 29 74 21 16 60 16 18 14 
10 54 41 31 10 4 7 82 36 81 28 23 67 23 25 7 

30 5 17 28 35 9 1 36 10 34 42 46 40 2 52 29 
77 52 64 19 12 38 46 11 57 81 5 1 7 45 99 18 
16 41 29 74 81 55 47 82 36 12 88 92 86 48 6 75 
72 47 59 14 7 33 41 6 52 76 0 4 2 40 94 13 
29 4 16 29 36 10 2 37 9 33 43 47 41 3 51 30 
19 44 32 77 84 58 50 85 39 15 91 95 89 51 3 78 
64 39 51 6 1 25 33 2 44 68 8 12 6 32 86 5 
26 1 13 32 39 13 5 40 6 30 46 50 44 6 48 33 
42 17 29 16 23 3 11 24 22 46 30 34 28 10 64 17 
14 11 1 44 51 25 17 52 6 18 58 62 56 18 36 45 
1 24 12 57 64 38 30 65 19 5 71 75 69 31 23 58 
27 2 14 31 38 12 4 39 7 31 45 49 43 5 49 32 
55 30 42 3 10 16 24 11 35 59 17 21 15 23 77 4 
61 36 48 3 4 22 30 5 41 65 11 15 9 29 83 2 
56 31 43 2 9 17 25 10 36 60 16 20 14 24 78 3 
63 38 50 5 2 24 32 3 43 67 9 13 7 31 85 4 

45 27 5 18 7 15 8 9 29 10 31 42 9 36 44 10 
92 20 42 29 54 32 55 56 76 37 16 5 38 11 91 37 
1 73 51 64 39 61 38 37 17 56 77 88 55 82 2 56 
87 15 37 24 49 27 50 51 71 32 11 0 33 6 86 32 
44 28 6 19 6 16 7 8 28 11 32 43 10 37 43 11 
4 76 54 67 42 64 41 40 20 59 80 91 58 85 5 59 
79 7 29 16 41 19 42 43 63 24 3 8 25 2 78 24 
41 31 9 22 3 19 4 5 25 14 35 46 13 40 40 14 
57 15 7 6 19 3 20 21 41 2 19 30 3 24 56 2 
29 43 21 34 9 31 8 7 13 26 47 58 25 52 28 26 
16 56 34 47 22 44 21 20 0 39 60 71 38 65 15 39 
42 30 8 21 4 18 5 6 26 13 34 45 12 39 41 13 
70 2 20 7 32 10 33 34 54 15 6 17 16 11 69 15 
76 4 26 13 38 16 39 40 60 21 0 11 22 5 75 21 
71 1 21 8 33 11 34 35 55 16 5 16 17 10 70 16 
78 6 28 15 40 18 41 42 62 23 2 9 24 3 77 23 

7 14 45 10 43 8 26 37 15 1 14 45 23 46 4 22 
40 33 2 57 90 55 73 10 32 46 61 92 24 93 51 69 
53 60 91 36 3 38 20 83 61 47 32 1 69 0 42 24 
35 28 3 52 85 50 68 5 27 41 56 87 19 88 46 64 
8 15 46 9 42 7 25 38 16 2 13 44 24 45 3 21 
56 63 94 39 6 41 23 86 64 50 35 4 72 3 45 27 
27 20 11 44 77 42 60 3 19 33 48 79 11 80 38 56 
11 18 49 6 39 4 22 41 19 5 10 41 27 42 0 18 
5 2 33 22 55 20 38 25 3 11 26 57 11 58 16 34 
23 30 61 6 27 8 10 53 31 17 2 29 39 30 12 6 
36 43 74 19 14 21 3 66 44 30 15 16 52 17 25 7 
10 17 48 7 40 5 23 40 18 4 11 42 26 43 1 19 
18 11 20 35 68 33 51 12 10 24 39 70 2 71 29 47 
24 17 14 41 74 39 57 6 16 30 45 76 8 77 35 53 
19 12 19 36 69 34 52 11 11 25 40 71 3 72 30 48 
26 19 12 43 76 41 59 4 18 32 47 78 10 79 37 55 

62 8 59 53 14 34 12 77 39 3 23 16 77 9 31 17 
15 85 18 24 91 43 89 0 38 80 54 93 0 86 46 60 
41 29 38 32 35 13 33 56 18 24 2 37 56 30 10 4 
80 10 77 71 4 52 6 95 57 15 41 2 95 9 49 35 
61 9 58 52 15 33 13 76 38 4 22 17 76 10 30 16 
47 23 44 38 29 19 27 62 24 18 8 31 62 24 16 2 
53 17 50 44 23 25 21 68 30 12 14 25 68 18 22 8 
39 31 36 30 37 11 35 54 16 26 0 39 54 32 8 6 
37 33 34 28 39 9 37 52 14 28 2 41 52 34 6 8 
68 2 65 59 8 40 6 83 45 3 29 10 83 3 37 23 
4 74 7 13 80 32 78 11 27 69 43 82 11 75 35 49 
27 43 24 18 49 1 47 42 4 38 12 51 42 44 4 18 
59 11 56 50 17 31 15 74 36 6 20 19 74 12 28 14 
15 85 18 24 91 43 89 0 38 80 54 93 0 86 46 60 
31 39 28 22 45 3 43 46 8 34 8 47 46 40 0 14 
14 84 17 23 90 42 88 1 37 79 53 92 1 85 45 59 

55 16 45 39 17 2 4 38 70 14 28 31 10 6 42 9 
22 93 32 38 60 79 81 39 7 91 49 46 67 71 35 68 
34 37 24 18 4 23 25 17 49 35 7 10 11 15 21 12 
73 2 63 57 35 16 14 56 88 4 46 49 28 24 60 27 
54 17 44 38 16 3 5 37 69 15 27 30 9 5 41 8 
40 31 30 24 2 17 19 23 55 29 13 16 5 9 27 6 
46 25 36 30 8 11 13 29 61 23 19 22 1 3 33 0 
32 39 22 16 6 25 27 15 47 37 5 8 13 17 19 14 
30 41 20 14 8 27 29 13 45 39 3 6 15 19 17 16 
61 10 51 45 23 4 2 44 76 8 34 37 16 12 48 15 
11 82 21 27 49 68 70 28 4 80 38 35 56 60 24 57 
20 51 10 4 18 37 39 3 35 49 7 4 25 29 7 26 
52 19 42 36 14 5 7 35 67 17 25 28 7 3 39 6 
22 93 32 38 60 79 81 39 7 91 49 46 67 71 35 68 
24 47 14 8 14 33 35 7 39 45 3 0 21 25 11 22 
21 92 31 37 59 78 80 38 6 90 48 45 66 70 34 67 

38 5 64 42 6 12 52 79 8 66 41 21 15 77 75 6 
39 72 13 35 71 89 25 2 69 11 36 56 92 0 2 83 
17 16 43 21 15 33 31 58 13 45 20 0 36 56 54 27 
56 23 82 60 24 6 70 97 26 84 59 39 3 95 93 12 
37 4 63 41 5 13 51 78 7 65 40 20 16 76 74 7 
23 10 49 27 9 27 37 64 7 51 26 6 30 62 60 21 
29 4 55 33 3 21 43 70 1 57 32 12 24 68 66 15 
15 18 41 19 17 35 29 56 15 43 18 2 38 54 52 29 
13 20 39 17 19 37 27 54 17 41 16 4 40 52 50 31 
44 11 70 48 12 6 58 85 14 72 47 27 9 83 81 0 
28 61 2 24 60 78 14 13 58 0 25 45 81 11 9 72 
3 30 29 7 29 47 17 44 27 31 6 14 50 42 40 41 
35 2 61 39 3 15 49 76 5 63 38 18 18 74 72 9 
39 72 13 35 71 89 25 2 69 11 36 56 92 0 2 83 
7 26 33 11 25 43 21 48 23 35 10 10 46 46 44 37 
38 71 12 34 70 88 24 3 68 10 35 55 91 1 1 82 

58 30 71 31 52 26 0 9 53 66 11 6 36 15 37 54 
19 47 6 46 25 51 77 68 24 11 66 83 41 62 40 23 
37 9 50 10 31 5 21 12 32 45 10 27 15 6 16 33 
76 48 89 49 70 44 18 27 71 84 29 12 54 33 55 72 
57 29 70 30 51 25 1 8 52 65 10 7 35 14 36 53 
43 15 56 16 37 11 15 6 38 51 4 21 21 0 22 39 
49 21 62 22 43 17 9 0 44 57 2 15 27 6 28 45 
35 7 48 8 29 3 23 14 30 43 12 29 13 8 14 31 
33 5 46 6 27 1 25 16 28 41 14 31 11 10 12 29 
64 36 77 37 58 32 6 15 59 72 17 0 42 21 43 60 
8 36 5 35 14 40 66 57 13 0 55 72 30 51 29 12 
23 5 36 4 17 9 35 26 18 31 24 41 1 20 2 19 
55 27 68 28 49 23 3 6 50 63 8 9 33 12 34 51 
19 47 6 46 25 51 77 68 24 11 66 83 41 62 40 23 
27 1 40 0 21 5 31 22 22 35 20 37 5 16 6 23 
18 46 5 45 24 50 76 67 23 10 65 82 40 61 39 22 

17 17 6 28 2 44 22 54 20 78 4 30 59 74 29 13 
60 60 71 49 79 33 55 23 57 1 81 47 18 3 48 90 
4 4 15 7 23 23 1 33 1 57 25 9 38 53 8 34 
35 35 24 46 16 62 40 72 38 96 14 48 77 92 47 5 
16 16 5 27 3 43 21 53 19 77 5 29 58 73 28 14 
2 2 9 13 17 29 7 39 5 63 19 15 44 59 14 28 
8 8 3 19 11 35 13 45 11 69 13 21 50 65 20 22 
6 6 17 5 25 21 1 31 3 55 27 7 36 51 6 36 
8 8 19 3 27 19 3 29 5 53 29 5 34 49 4 38 
23 23 12 34 4 50 28 60 26 84 2 36 65 80 35 7 
49 49 60 38 68 22 44 12 46 12 70 36 7 8 37 79 
18 18 29 7 37 9 13 19 15 43 39 5 24 39 6 48 
14 14 3 25 5 41 19 51 17 75 7 27 56 71 26 16 
60 60 71 49 79 33 55 23 57 1 81 47 18 3 48 90 
14 14 25 3 33 13 9 23 11 47 35 1 28 43 2 44 
59 59 70 48 78 32 54 22 56 2 80 46 17 2 47 89 

29 69 20 6 17 14 64 12 37 46 21 34 55 11 59 27 
48 8 57 71 94 63 13 89 40 31 56 43 22 66 18 50 
8 48 1 15 38 7 43 33 16 25 0 13 34 10 38 6 
47 87 38 24 1 32 82 6 55 64 39 52 73 29 77 45 
28 68 19 5 18 13 63 13 36 45 20 33 54 10 58 26 
14 54 5 9 32 1 49 27 22 31 6 19 40 4 44 12 
20 60 11 3 26 5 55 21 28 37 12 25 46 2 50 18 
6 46 3 17 40 9 41 35 14 23 2 11 32 12 36 4 
4 44 5 19 42 11 39 37 12 21 4 9 30 14 34 2 
35 75 26 12 11 20 70 6 43 52 27 40 61 17 65 33 
37 3 46 60 83 52 2 78 29 20 45 32 11 55 7 39 
6 34 15 29 52 21 29 47 2 11 14 1 20 24 24 8 
26 66 17 3 20 11 61 15 34 43 18 31 52 8 56 24 
48 8 57 71 94 63 13 89 40 31 56 43 22 66 18 50 
2 38 11 25 48 17 33 43 6 15 10 3 24 20 28 4 
47 7 56 70 93 62 12 88 39 30 55 42 21 65 17 49 

25 1 17 22 14 8 17 75 68 28 6 33 40 27 72 41 
52 76 60 55 91 85 94 2 9 49 83 44 37 50 5 36 
4 20 4 1 35 29 38 54 47 7 27 12 19 6 51 20 
43 19 35 40 4 10 1 93 86 46 12 51 58 45 90 59 
24 0 16 21 15 9 18 74 67 27 7 32 39 26 71 40 
10 14 2 7 29 23 32 60 53 13 21 18 25 12 57 26 
16 8 8 13 23 17 26 66 59 19 15 24 31 18 63 32 
2 22 6 1 37 31 40 52 45 5 29 10 17 4 49 18 
0 24 8 3 39 33 42 50 43 3 31 8 15 2 47 16 
31 7 23 28 8 2 11 81 74 34 0 39 46 33 78 47 
41 65 49 44 80 74 83 9 2 38 72 33 26 39 6 25 
10 34 18 13 49 43 52 40 33 7 41 2 5 8 37 6 
22 2 14 19 17 11 20 72 65 25 9 30 37 24 69 38 
52 76 60 55 91 85 94 2 9 49 83 44 37 50 5 36 
6 30 14 9 45 39 48 44 37 3 37 2 9 4 41 10 
51 75 59 54 90 84 93 1 8 48 82 43 36 49 4 35 

30 36 12 56 18 48 78 14 6 28 62 16 6 18 8 11 
47 41 65 21 59 29 1 91 71 49 15 93 71 95 69 88 
9 15 9 35 3 27 57 35 15 7 41 37 15 39 13 32 
48 54 30 74 36 66 96 4 24 46 80 2 24 0 26 7 
29 35 11 55 17 47 77 15 5 27 61 17 5 19 7 12 
15 21 3 41 3 33 63 29 9 13 47 31 9 33 7 26 
21 27 3 47 9 39 69 23 3 19 53 25 3 27 1 20 
7 13 11 33 5 25 55 37 17 5 39 39 17 41 15 34 
5 11 13 31 7 23 53 39 19 3 37 41 19 43 17 36 
36 42 18 62 24 54 84 8 12 34 68 10 12 12 14 5 
36 30 54 10 48 18 12 80 60 38 4 82 60 84 58 77 
5 1 23 21 17 13 43 49 29 7 27 51 29 53 27 46 
27 33 9 53 15 45 75 17 3 25 59 19 3 21 5 14 
47 41 65 21 59 29 1 91 71 49 15 93 71 95 69 88 
1 5 19 25 13 17 47 45 25 3 31 47 25 49 23 42 
46 40 64 20 58 28 2 90 70 48 14 92 70 94 68 87 

11 3 69 79 29 34 27 7 61 29 2 33 55 78 34 10 
66 80 8 2 48 43 50 70 16 48 75 44 22 1 43 87 
10 24 48 58 8 13 6 14 40 8 19 12 34 57 13 31 
29 15 87 97 47 52 45 25 79 47 20 51 73 96 52 8 
10 4 68 78 28 33 26 6 60 28 1 32 54 77 33 11 
4 18 54 64 14 19 12 8 46 14 13 18 40 63 19 25 
2 12 60 70 20 25 18 2 52 20 7 24 46 69 25 19 
12 26 46 56 6 11 4 16 38 6 21 10 32 55 11 33 
14 28 44 54 4 9 2 18 36 4 23 8 30 53 9 35 
17 3 75 85 35 40 33 13 67 35 8 39 61 84 40 4 
55 69 3 13 37 32 39 59 5 37 64 33 11 12 32 76 
24 38 34 44 6 1 8 28 26 6 33 2 20 43 1 45 
8 6 66 76 26 31 24 4 58 26 1 30 52 75 31 13 
66 80 8 2 48 43 50 70 16 48 75 44 22 1 43 87 
20 34 38 48 2 3 4 24 30 2 29 2 24 47 3 41 
65 79 7 3 47 42 49 69 15 47 74 43 21 2 42 86 

33 21 14 71 27 13 3 36 20 62 79 9 8 2 8 16 
44 56 63 6 50 90 80 41 57 15 2 68 85 79 69 61 
12 0 7 50 6 34 24 15 1 41 58 12 29 23 13 5 
51 39 32 89 45 5 15 54 38 80 97 27 10 16 26 34 
32 20 13 70 26 14 4 35 19 61 78 8 9 3 7 15 
18 6 1 56 12 28 18 21 5 47 64 6 23 17 7 1 
24 12 5 62 18 22 12 27 11 53 70 0 17 11 1 7 
10 2 9 48 4 36 26 13 3 39 56 14 31 25 15 7 
8 4 11 46 2 38 28 11 5 37 54 16 33 27 17 9 
39 27 20 77 33 7 3 42 26 68 85 15 2 4 14 22 
33 45 52 5 39 79 69 30 46 4 13 57 74 68 58 50 
2 14 21 36 8 48 38 1 15 27 44 26 43 37 27 19 
30 18 11 68 24 16 6 33 17 59 76 6 11 5 5 13 
44 56 63 6 50 90 80 41 57 15 2 68 85 79 69 61 
2 10 17 40 4 44 34 5 11 31 48 22 39 33 23 15 
43 55 62 5 49 89 79 40 56 14 3 67 84 78 68 60 

6 50 37 27 14 0 11 78 32 77 24 19 63 19 21 11 
71 27 40 50 91 77 88 1 45 0 53 58 14 58 56 88 
15 29 16 6 35 21 32 57 11 56 3 2 42 2 0 32 
24 68 55 45 4 18 7 96 50 95 42 37 81 37 39 7 
5 49 36 26 15 1 12 77 31 76 23 18 62 18 20 12 
9 35 22 12 29 15 26 63 17 62 9 4 48 4 6 26 
3 41 28 18 23 9 20 69 23 68 15 10 54 10 12 20 
17 27 14 4 37 23 34 55 9 54 1 4 40 4 2 34 
19 25 12 2 39 25 36 53 7 52 1 6 38 6 4 36 
12 56 43 33 8 6 5 84 38 83 30 25 69 25 27 5 
60 16 29 39 80 66 77 12 34 11 42 47 3 47 45 77 
29 15 2 8 49 35 46 43 3 42 11 16 28 16 14 46 
3 47 34 24 17 3 14 75 29 74 21 16 60 16 18 14 
71 27 40 50 91 77 88 1 45 0 53 58 14 58 56 88 
25 19 6 4 45 31 42 47 1 46 7 12 32 12 10 42 
70 26 39 49 90 76 87 2 44 1 52 57 13 57 55 87 

59 34 46 1 6 20 28 7 39 63 13 17 11 27 81 0 
18 43 31 76 83 57 49 84 38 14 90 94 88 50 4 77 
38 13 25 20 27 1 7 28 18 42 34 38 32 6 60 21 
77 52 64 19 12 38 46 11 57 81 5 1 7 45 99 18 
58 33 45 0 7 19 27 8 38 62 14 18 12 26 80 1 
44 19 31 14 21 5 13 22 24 48 28 32 26 12 66 15 
50 25 37 8 15 11 19 16 30 54 22 26 20 18 72 9 
36 11 23 22 29 3 5 30 16 40 36 40 34 4 58 23 
34 9 21 24 31 5 3 32 14 38 38 42 36 2 56 25 
65 40 52 7 0 26 34 1 45 69 7 11 5 33 87 6 
7 32 20 65 72 46 38 73 27 3 79 83 77 39 15 66 
24 1 11 34 41 15 7 42 4 28 48 52 46 8 46 35 
56 31 43 2 9 17 25 10 36 60 16 20 14 24 78 3 
18 43 31 76 83 57 49 84 38 14 90 94 88 50 4 77 
28 3 15 30 37 11 3 38 8 32 44 48 42 4 50 31 
17 42 30 75 82 56 48 83 37 13 89 93 87 49 5 76 

74 2 24 11 36 14 37 38 58 19 2 13 20 7 73 19 
3 75 53 66 41 63 40 39 19 58 79 90 57 84 4 58 
53 19 3 10 15 7 16 17 37 2 23 34 1 28 52 2 
92 20 42 29 54 32 55 56 76 37 16 5 38 11 91 37 
73 1 23 10 35 13 36 37 57 18 3 14 19 8 72 18 
59 13 9 4 21 1 22 23 43 4 17 28 5 22 58 4 
65 7 15 2 27 5 28 29 49 10 11 22 11 16 64 10 
51 21 1 12 13 9 14 15 35 4 25 36 3 30 50 4 
49 23 1 14 11 11 12 13 33 6 27 38 5 32 48 6 
80 8 30 17 42 20 43 44 64 25 4 7 26 1 79 25 
8 64 42 55 30 52 29 28 8 47 68 79 46 73 7 47 
39 33 11 24 1 21 2 3 23 16 37 48 15 42 38 16 
71 1 21 8 33 11 34 35 55 16 5 16 17 10 70 16 
3 75 53 66 41 63 40 39 19 58 79 90 57 84 4 58 
43 29 7 20 5 17 6 7 27 12 33 44 11 38 42 12 
2 74 52 65 40 62 39 38 18 57 78 89 56 83 3 57 

22 15 16 39 72 37 55 8 14 28 43 74 6 75 33 51 
55 62 93 38 5 40 22 85 63 49 34 3 71 2 44 26 
1 6 37 18 51 16 34 29 7 7 22 53 15 54 12 30 
40 33 2 57 90 55 73 10 32 46 61 92 24 93 51 69 
21 14 17 38 71 36 54 9 13 27 42 73 5 74 32 50 
7 0 31 24 57 22 40 23 1 13 28 59 9 60 18 36 
13 6 25 30 63 28 46 17 5 19 34 65 3 66 24 42 
1 8 39 16 49 14 32 31 9 5 20 51 17 52 10 28 
3 10 41 14 47 12 30 33 11 3 18 49 19 50 8 26 
28 21 10 45 78 43 61 2 20 34 49 80 12 81 39 57 
44 51 82 27 6 29 11 74 52 38 23 8 60 9 33 15 
13 20 51 4 37 2 20 43 21 7 8 39 29 40 2 16 
19 12 19 36 69 34 52 11 11 25 40 71 3 72 30 48 
55 62 93 38 5 40 22 85 63 49 34 3 71 2 44 26 
9 16 47 8 41 6 24 39 17 3 12 43 25 44 2 20 
54 61 92 37 4 39 21 84 62 48 33 2 70 1 43 25 

7 78 17 23 45 64 66 24 8 76 34 31 52 56 20 53 
63 8 53 47 25 6 4 46 78 6 36 39 18 14 50 17 
4 75 14 20 42 61 63 21 11 73 31 28 49 53 17 50 
2 69 8 14 36 55 57 15 17 67 25 22 43 47 11 44 
69 2 59 53 31 12 10 52 84 0 42 45 24 20 56 23 
21 50 11 5 17 36 38 4 36 48 6 3 24 28 8 25 
67 4 57 51 29 10 8 50 82 2 40 43 22 18 54 21 
22 93 32 38 60 79 81 39 7 91 49 46 67 71 35 68 
16 55 6 0 22 41 43 1 31 53 11 8 29 33 3 30 
58 13 48 42 20 1 1 41 73 11 31 34 13 9 45 12 
32 39 22 16 6 25 27 15 47 37 5 8 13 17 19 14 
71 0 61 55 33 14 12 54 86 2 44 47 26 22 58 25 
22 93 32 38 60 79 81 39 7 91 49 46 67 71 35 68 
64 7 54 48 26 7 5 47 79 5 37 40 19 15 51 18 
24 47 14 8 14 33 35 7 39 45 3 0 21 25 11 22 
38 33 28 22 0 19 21 21 53 31 11 14 7 11 25 8 

24 57 2 20 56 74 10 17 54 4 21 41 77 15 13 68 
46 13 72 50 14 4 60 87 16 74 49 29 7 85 83 2 
21 54 5 17 53 71 7 20 51 7 18 38 74 18 16 65 
15 48 11 11 47 65 1 26 45 13 12 32 68 24 22 59 
52 19 78 56 20 2 66 93 22 80 55 35 1 91 89 8 
4 29 30 8 28 46 18 45 26 32 7 13 49 43 41 40 
50 17 76 54 18 0 64 91 20 78 53 33 3 89 87 6 
39 72 13 35 71 89 25 2 69 11 36 56 92 0 2 83 
1 34 25 3 33 51 13 40 31 27 2 18 54 38 36 45 
41 8 67 45 9 9 55 82 11 69 44 24 12 80 78 3 
15 18 41 19 17 35 29 56 15 43 18 2 38 54 52 29 
54 21 80 58 22 4 68 95 24 82 57 37 1 93 91 10 
39 72 13 35 71 89 25 2 69 11 36 56 92 0 2 83 
47 14 73 51 15 3 61 88 17 75 50 30 6 86 84 3 
7 26 33 11 25 43 21 48 23 35 10 10 46 46 44 37 
21 12 47 25 11 29 35 62 9 49 24 4 32 60 58 23 

4 32 9 31 10 36 62 53 9 4 51 68 26 47 25 8 
66 38 79 39 60 34 8 17 61 74 19 2 44 23 45 62 
1 29 12 28 7 33 59 50 6 7 48 65 23 44 22 5 
5 23 18 22 1 27 53 44 0 13 42 59 17 38 16 1 
72 44 85 45 66 40 14 23 67 80 25 8 50 29 51 68 
24 4 37 3 18 8 34 25 19 32 23 40 2 19 3 20 
70 42 83 43 64 38 12 21 65 78 23 6 48 27 49 66 
19 47 6 46 25 51 77 68 24 11 66 83 41 62 40 23 
19 9 32 8 13 13 39 30 14 27 28 45 3 24 2 15 
61 33 74 34 55 29 3 12 56 69 14 3 39 18 40 57 
35 7 48 8 29 3 23 14 30 43 12 29 13 8 14 31 
74 46 87 47 68 42 16 25 69 82 27 10 52 31 53 70 
19 47 6 46 25 51 77 68 24 11 66 83 41 62 40 23 
67 39 80 40 61 35 9 18 62 75 20 3 45 24 46 63 
27 1 40 0 21 5 31 22 22 35 20 37 5 16 6 23 
41 13 54 14 35 9 17 8 36 49 6 23 19 2 20 37 

45 45 56 34 64 18 40 8 42 16 66 32 3 12 33 75 
25 25 14 36 6 52 30 62 28 86 4 38 67 82 37 5 
42 42 53 31 61 15 37 5 39 19 63 29 0 15 30 72 
36 36 47 25 55 9 31 1 33 25 57 23 6 21 24 66 
31 31 20 42 12 58 36 68 34 92 10 44 73 88 43 1 
17 17 28 6 36 10 12 20 14 44 38 4 25 40 5 47 
29 29 18 40 10 56 34 66 32 90 8 42 71 86 41 1 
60 60 71 49 79 33 55 23 57 1 81 47 18 3 48 90 
22 22 33 11 41 5 17 15 19 39 43 9 20 35 10 52 
20 20 9 31 1 47 25 57 23 81 1 33 62 77 32 10 
6 6 17 5 25 21 1 31 3 55 27 7 36 51 6 36 
33 33 22 44 14 60 38 70 36 94 12 46 75 90 45 3 
60 60 71 49 79 33 55 23 57 1 81 47 18 3 48 90 
26 26 15 37 7 53 31 63 29 87 5 39 68 83 38 4 
14 14 25 3 33 13 9 23 11 47 35 1 28 43 2 44 
0 0 11 11 19 27 5 37 3 61 21 13 42 57 12 30 

33 7 42 56 79 48 2 74 25 16 41 28 7 51 3 35 
37 77 28 14 9 22 72 4 45 54 29 42 63 19 67 35 
30 10 39 53 76 45 5 71 22 13 38 25 4 48 0 32 
24 16 33 47 70 39 11 65 16 7 32 19 2 42 6 26 
43 83 34 20 3 28 78 2 51 60 35 48 69 25 73 41 
5 35 14 28 51 20 30 46 3 12 13 0 21 23 25 7 
41 81 32 18 5 26 76 0 49 58 33 46 67 23 71 39 
48 8 57 71 94 63 13 89 40 31 56 43 22 66 18 50 
10 30 19 33 56 25 25 51 2 7 18 5 16 28 20 12 
32 72 23 9 14 17 67 9 40 49 24 37 58 14 62 30 
6 46 3 17 40 9 41 35 14 23 2 11 32 12 36 4 
45 85 36 22 1 30 80 4 53 62 37 50 71 27 75 43 
48 8 57 71 94 63 13 89 40 31 56 43 22 66 18 50 
38 78 29 15 8 23 73 3 46 55 30 43 64 20 68 36 
2 38 11 25 48 17 33 43 6 15 10 3 24 20 28 4 
12 52 3 11 34 3 47 29 20 29 4 17 38 6 42 10 

37 61 45 40 76 70 79 13 6 34 68 29 22 35 10 21 
33 9 25 30 6 0 9 83 76 36 2 41 48 35 80 49 
34 58 42 37 73 67 76 16 9 31 65 26 19 32 13 18 
28 52 36 31 67 61 70 22 15 25 59 20 13 26 19 12 
39 15 31 36 0 6 3 89 82 42 8 47 54 41 86 55 
9 33 17 12 48 42 51 41 34 6 40 1 6 7 38 7 
37 13 29 34 2 4 5 87 80 40 6 45 52 39 84 53 
52 76 60 55 91 85 94 2 9 49 83 44 37 50 5 36 
14 38 22 17 53 47 56 36 29 11 45 6 1 12 33 2 
28 4 20 25 11 5 14 78 71 31 3 36 43 30 75 44 
2 22 6 1 37 31 40 52 45 5 29 10 17 4 49 18 
41 17 33 38 2 8 1 91 84 44 10 49 56 43 88 57 
52 76 60 55 91 85 94 2 9 49 83 44 37 50 5 36 
34 10 26 31 5 1 8 84 77 37 3 42 49 36 81 50 
6 30 14 9 45 39 48 44 37 3 37 2 9 4 41 10 
8 16 0 5 31 25 34 58 51 11 23 16 23 10 55 24 

32 26 50 6 44 14 16 76 56 34 0 78 56 80 54 73 
38 44 20 64 26 56 86 6 14 36 70 8 14 10 16 3 
29 23 47 3 41 11 19 73 53 31 3 75 53 77 51 70 
23 17 41 3 35 5 25 67 47 25 9 69 47 71 45 64 
44 50 26 70 32 62 92 0 20 42 76 2 20 4 22 3 
4 2 22 22 16 14 44 48 28 6 28 50 28 52 26 45 
42 48 24 68 30 60 90 2 18 40 74 4 18 6 20 1 
47 41 65 21 59 29 1 91 71 49 15 93 71 95 69 88 
9 3 27 17 21 9 39 53 33 11 23 55 33 57 31 50 
33 39 15 59 21 51 81 11 9 31 65 13 9 15 11 8 
7 13 11 33 5 25 55 37 17 5 39 39 17 41 15 34 
46 52 28 72 34 64 94 2 22 44 78 0 22 2 24 5 
47 41 65 21 59 29 1 91 71 49 15 93 71 95 69 88 
39 45 21 65 27 57 87 5 15 37 71 7 15 9 17 2 
1 5 19 25 13 17 47 45 25 3 31 47 25 49 23 42 
13 19 5 39 1 31 61 31 11 11 45 33 11 35 9 28 

51 65 7 17 33 28 35 55 1 33 60 29 7 16 28 72 
19 5 77 87 37 42 35 15 69 37 10 41 63 86 42 2 
48 62 10 20 30 25 32 52 2 30 57 26 4 19 25 69 
42 56 16 26 24 19 26 46 8 24 51 20 2 25 19 63 
25 11 83 93 43 48 41 21 75 43 16 47 69 92 48 4 
23 37 35 45 5 0 7 27 27 5 32 1 21 44 0 44 
23 9 81 91 41 46 39 19 73 41 14 45 67 90 46 2 
66 80 8 2 48 43 50 70 16 48 75 44 22 1 43 87 
28 42 30 40 10 5 12 32 22 10 37 6 16 39 5 49 
14 0 72 82 32 37 30 10 64 32 5 36 58 81 37 7 
12 26 46 56 6 11 4 16 38 6 21 10 32 55 11 33 
27 13 85 95 45 50 43 23 77 45 18 49 71 94 50 6 
66 80 8 2 48 43 50 70 16 48 75 44 22 1 43 87 
20 6 78 88 38 43 36 16 70 38 11 42 64 87 43 1 
20 34 38 48 2 3 4 24 30 2 29 2 24 47 3 41 
6 20 52 62 12 17 10 10 44 12 15 16 38 61 17 27 

29 41 48 9 35 75 65 26 42 0 17 53 70 64 54 46 
41 29 22 79 35 5 5 44 28 70 87 17 0 6 16 24 
26 38 45 12 32 72 62 23 39 3 20 50 67 61 51 43 
20 32 39 18 26 66 56 17 33 9 26 44 61 55 45 37 
47 35 28 85 41 1 11 50 34 76 93 23 6 12 22 30 
1 13 20 37 7 47 37 2 14 28 45 25 42 36 26 18 
45 33 26 83 39 1 9 48 32 74 91 21 4 10 20 28 
44 56 63 6 50 90 80 41 57 15 2 68 85 79 69 61 
6 18 25 32 12 52 42 3 19 23 40 30 47 41 31 23 
36 24 17 74 30 10 0 39 23 65 82 12 5 1 11 19 
10 2 9 48 4 36 26 13 3 39 56 14 31 25 15 7 
49 37 30 87 43 3 13 52 36 78 95 25 8 14 24 32 
44 56 63 6 50 90 80 41 57 15 2 68 85 79 69 61 
42 30 23 80 36 4 6 45 29 71 88 18 1 7 17 25 
2 10 17 40 4 44 34 5 11 31 48 22 39 33 23 15 
16 4 3 54 10 30 20 19 3 45 62 8 25 19 9 1 

56 12 25 35 76 62 73 16 30 15 38 43 1 43 41 73 
14 58 45 35 6 8 3 86 40 85 32 27 71 27 29 3 
53 9 22 32 73 59 70 19 27 18 35 40 4 40 38 70 
47 3 16 26 67 53 64 25 21 24 29 34 10 34 32 64 
20 64 51 41 0 14 3 92 46 91 38 33 77 33 35 3 
28 16 3 7 48 34 45 44 2 43 10 15 29 15 13 45 
18 62 49 39 2 12 1 90 44 89 36 31 75 31 33 1 
71 27 40 50 91 77 88 1 45 0 53 58 14 58 56 88 
33 11 2 12 53 39 50 39 7 38 15 20 24 20 18 50 
9 53 40 30 11 3 8 81 35 80 27 22 66 22 24 8 
17 27 14 4 37 23 34 55 9 54 1 4 40 4 2 34 
22 66 53 43 2 16 5 94 48 93 40 35 79 35 37 5 
71 27 40 50 91 77 88 1 45 0 53 58 14 58 56 88 
15 59 46 36 5 9 2 87 41 86 33 28 72 28 30 2 
25 19 6 4 45 31 42 47 1 46 7 12 32 12 10 42 
11 33 20 10 31 17 28 61 15 60 7 2 46 2 4 28 

3 28 16 61 68 42 34 69 23 1 75 79 73 35 19 62 
67 42 54 9 2 28 36 1 47 71 5 9 3 35 89 8 
0 25 13 58 65 39 31 66 20 4 72 76 70 32 22 59 
6 19 7 52 59 33 25 60 14 10 66 70 64 26 28 53 
73 48 60 15 8 34 42 7 53 77 1 3 3 41 95 14 
25 0 12 33 40 14 6 41 5 29 47 51 45 7 47 34 
71 46 58 13 6 32 40 5 51 75 1 5 1 39 93 12 
18 43 31 76 83 57 49 84 38 14 90 94 88 50 4 77 
20 5 7 38 45 19 11 46 0 24 52 56 50 12 42 39 
62 37 49 4 3 23 31 4 42 66 10 14 8 30 84 3 
36 11 23 22 29 3 5 30 16 40 36 40 34 4 58 23 
75 50 62 17 10 36 44 9 55 79 3 1 5 43 97 16 
18 43 31 76 83 57 49 84 38 14 90 94 88 50 4 77 
68 43 55 10 3 29 37 2 48 72 4 8 2 36 90 9 
28 3 15 30 37 11 3 38 8 32 44 48 42 4 50 31 
42 17 29 16 23 3 11 24 22 46 30 34 28 10 64 17 

12 60 38 51 26 48 25 24 4 43 64 75 42 69 11 43 
82 10 32 19 44 22 45 46 66 27 6 5 28 1 81 27 
15 57 35 48 23 45 22 21 1 40 61 72 39 66 14 40 
21 51 29 42 17 39 16 15 5 34 55 66 33 60 20 34 
88 16 38 25 50 28 51 52 72 33 12 1 34 7 87 33 
40 32 10 23 2 20 3 4 24 15 36 47 14 41 39 15 
86 14 36 23 48 26 49 50 70 31 10 1 32 5 85 31 
3 75 53 66 41 63 40 39 19 58 79 90 57 84 4 58 
35 37 15 28 3 25 2 1 19 20 41 52 19 46 34 20 
77 5 27 14 39 17 40 41 61 22 1 10 23 4 76 22 
51 21 1 12 13 9 14 15 35 4 25 36 3 30 50 4 
90 18 40 27 52 30 53 54 74 35 14 3 36 9 89 35 
3 75 53 66 41 63 40 39 19 58 79 90 57 84 4 58 
83 11 33 20 45 23 46 47 67 28 7 4 29 2 82 28 
43 29 7 20 5 17 6 7 27 12 33 44 11 38 42 12 
57 15 7 6 19 3 20 21 41 2 19 30 3 24 56 2 

40 47 78 23 10 25 7 70 48 34 19 12 56 13 29 11 
30 23 8 47 80 45 63 0 22 36 51 82 14 83 41 59 
37 44 75 20 13 22 4 67 45 31 16 15 53 16 26 8 
31 38 69 14 19 16 2 61 39 25 10 21 47 22 20 2 
36 29 2 53 86 51 69 6 28 42 57 88 20 89 47 65 
12 19 50 5 38 3 21 42 20 6 9 40 28 41 1 17 
34 27 4 51 84 49 67 4 26 40 55 86 18 87 45 63 
55 62 93 38 5 40 22 85 63 49 34 3 71 2 44 26 
17 24 55 0 33 2 16 47 25 11 4 35 33 36 6 12 
25 18 13 42 75 40 58 5 17 31 46 77 9 78 36 54 
1 8 39 16 49 14 32 31 9 5 20 51 17 52 10 28 
38 31 0 55 88 53 71 8 30 44 59 90 22 91 49 67 
55 62 93 38 5 40 22 85 63 49 34 3 71 2 44 26 
31 24 7 48 81 46 64 1 23 37 52 83 15 84 42 60 
9 16 47 8 41 6 24 39 17 3 12 43 25 44 2 20 
5 2 33 22 55 20 38 25 3 11 26 57 11 58 16 34 

17 50 9 13 49 67 3 24 47 11 14 34 70 22 20 61 
54 21 80 58 22 4 68 95 24 82 57 37 1 93 91 10 
7 40 19 3 39 57 7 34 37 21 4 24 60 32 30 51 
1 34 25 3 33 51 13 40 31 27 2 18 54 38 36 45 
21 12 47 25 11 29 35 62 9 49 24 4 32 60 58 23 
40 7 66 44 8 10 54 81 10 68 43 23 13 79 77 4 
42 9 68 46 10 8 56 83 12 70 45 25 11 81 79 2 
0 33 26 4 32 50 14 41 30 28 3 17 53 39 37 44 
32 65 6 28 64 82 18 9 62 4 29 49 85 7 5 76 
52 19 78 56 20 2 66 93 22 80 55 35 1 91 89 8 
10 23 36 14 22 40 24 51 20 38 13 7 43 49 47 34 
7 26 33 11 25 43 21 48 23 35 10 10 46 46 44 37 
28 5 54 32 4 22 42 69 2 56 31 11 25 67 65 16 
32 1 58 36 0 18 46 73 2 60 35 15 21 71 69 12 
4 37 22 0 36 54 10 37 34 24 1 21 57 35 33 48 
29 4 55 33 3 21 43 70 1 57 32 12 24 68 66 15 

3 25 16 24 3 29 55 46 2 11 44 61 19 40 18 1 
74 46 87 47 68 42 16 25 69 82 27 10 52 31 53 70 
13 15 26 14 7 19 45 36 8 21 34 51 9 30 8 9 
19 9 32 8 13 13 39 30 14 27 28 45 3 24 2 15 
41 13 54 14 35 9 17 8 36 49 6 23 19 2 20 37 
60 32 73 33 54 28 2 11 55 68 13 4 38 17 39 56 
62 34 75 35 56 30 4 13 57 70 15 2 40 19 41 58 
20 8 33 7 14 12 38 29 15 28 27 44 2 23 1 16 
12 40 1 39 18 44 70 61 17 4 59 76 34 55 33 16 
72 44 85 45 66 40 14 23 67 80 25 8 50 29 51 68 
30 2 43 3 24 2 28 19 25 38 17 34 8 13 9 26 
27 1 40 0 21 5 31 22 22 35 20 37 5 16 6 23 
48 20 61 21 42 16 10 1 43 56 1 16 26 5 27 44 
52 24 65 25 46 20 6 3 47 60 5 12 30 9 31 48 
16 12 29 11 10 16 42 33 11 24 31 48 6 27 5 12 
49 21 62 22 43 17 9 0 44 57 2 15 27 6 28 45 

38 38 49 27 57 11 33 1 35 23 59 25 4 19 26 68 
33 33 22 44 14 60 38 70 36 94 12 46 75 90 45 3 
28 28 39 17 47 1 23 9 25 33 49 15 14 29 16 58 
22 22 33 11 41 5 17 15 19 39 43 9 20 35 10 52 
0 0 11 11 19 27 5 37 3 61 21 13 42 57 12 30 
19 19 8 30 0 46 24 56 22 80 2 32 61 76 31 11 
21 21 10 32 2 48 26 58 24 82 0 34 63 78 33 9 
21 21 32 10 40 6 16 16 18 40 42 8 21 36 9 51 
53 53 64 42 72 26 48 16 50 8 74 40 11 4 41 83 
31 31 20 42 12 58 36 68 34 92 10 44 73 88 43 1 
11 11 22 0 30 16 6 26 8 50 32 2 31 46 1 41 
14 14 25 3 33 13 9 23 11 47 35 1 28 43 2 44 
7 7 4 18 12 34 12 44 10 68 14 20 49 64 19 23 
11 11 0 22 8 38 16 48 14 72 10 24 53 68 23 19 
25 25 36 14 44 2 20 12 22 36 46 12 17 32 13 55 
8 8 3 19 11 35 13 45 11 69 13 21 50 65 20 22 

26 14 35 49 72 41 9 67 18 9 34 21 0 44 4 28 
45 85 36 22 1 30 80 4 53 62 37 50 71 27 75 43 
16 24 25 39 62 31 19 57 8 1 24 11 10 34 14 18 
10 30 19 33 56 25 25 51 2 7 18 5 16 28 20 12 
12 52 3 11 34 3 47 29 20 29 4 17 38 6 42 10 
31 71 22 8 15 16 66 10 39 48 23 36 57 13 61 29 
33 73 24 10 13 18 68 8 41 50 25 38 59 15 63 31 
9 31 18 32 55 24 26 50 1 8 17 4 17 27 21 11 
41 1 50 64 87 56 6 82 33 24 49 36 15 59 11 43 
43 83 34 20 3 28 78 2 51 60 35 48 69 25 73 41 
1 41 8 22 45 14 36 40 9 18 7 6 27 17 31 1 
2 38 11 25 48 17 33 43 6 15 10 3 24 20 28 4 
19 59 10 4 27 4 54 22 27 36 11 24 45 1 49 17 
23 63 14 0 23 8 58 18 31 40 15 28 49 5 53 21 
13 27 22 36 59 28 22 54 5 4 21 8 13 31 17 15 
20 60 11 3 26 5 55 21 28 37 12 25 46 2 50 18 

30 54 38 33 69 63 72 20 13 27 61 22 15 28 17 14 
41 17 33 38 2 8 1 91 84 44 10 49 56 43 88 57 
20 44 28 23 59 53 62 30 23 17 51 12 5 18 27 4 
14 38 22 17 53 47 56 36 29 11 45 6 1 12 33 2 
8 16 0 5 31 25 34 58 51 11 23 16 23 10 55 24 
27 3 19 24 12 6 15 77 70 30 4 35 42 29 74 43 
29 5 21 26 10 4 13 79 72 32 2 37 44 31 76 45 
13 37 21 16 52 46 55 37 30 10 44 5 2 11 34 3 
45 69 53 48 84 78 87 5 2 42 76 37 30 43 2 29 
39 15 31 36 0 6 3 89 82 42 8 47 54 41 86 55 
3 27 11 6 42 36 45 47 40 0 34 5 12 1 44 13 
6 30 14 9 45 39 48 44 37 3 37 2 9 4 41 10 
15 9 7 12 24 18 27 65 58 18 16 23 30 17 62 31 
19 5 11 16 20 14 23 69 62 22 12 27 34 21 66 35 
17 41 25 20 56 50 59 33 26 14 48 9 2 15 30 1 
16 8 8 13 23 17 26 66 59 19 15 24 31 18 63 32 

25 19 43 1 37 7 23 69 49 27 7 71 49 73 47 66 
46 52 28 72 34 64 94 2 22 44 78 0 22 2 24 5 
15 9 33 11 27 3 33 59 39 17 17 61 39 63 37 56 
9 3 27 17 21 9 39 53 33 11 23 55 33 57 31 50 
13 19 5 39 1 31 61 31 11 11 45 33 11 35 9 28 
32 38 14 58 20 50 80 12 8 30 64 14 8 16 10 9 
34 40 16 60 22 52 82 10 10 32 66 12 10 14 12 7 
8 2 26 18 20 10 40 52 32 10 24 54 32 56 30 49 
40 34 58 14 52 22 8 84 64 42 8 86 64 88 62 81 
44 50 26 70 32 62 92 0 20 42 76 2 20 4 22 3 
2 8 16 28 10 20 50 42 22 0 34 44 22 46 20 39 
1 5 19 25 13 17 47 45 25 3 31 47 25 49 23 42 
20 26 2 46 8 38 68 24 4 18 52 26 4 28 2 21 
24 30 6 50 12 42 72 20 0 22 56 22 0 24 2 17 
12 6 30 14 24 6 36 56 36 14 20 58 36 60 34 53 
21 27 3 47 9 39 69 23 3 19 53 25 3 27 1 20 

44 58 14 24 26 21 28 48 6 26 53 22 0 23 21 65 
27 13 85 95 45 50 43 23 77 45 18 49 71 94 50 6 
34 48 24 34 16 11 18 38 16 16 43 12 10 33 11 55 
28 42 30 40 10 5 12 32 22 10 37 6 16 39 5 49 
6 20 52 62 12 17 10 10 44 12 15 16 38 61 17 27 
13 1 71 81 31 36 29 9 63 31 4 35 57 80 36 8 
15 1 73 83 33 38 31 11 65 33 6 37 59 82 38 6 
27 41 31 41 9 4 11 31 23 9 36 5 17 40 4 48 
59 73 1 9 41 36 43 63 9 41 68 37 15 8 36 80 
25 11 83 93 43 48 41 21 75 43 16 47 69 92 48 4 
17 31 41 51 1 6 1 21 33 1 26 5 27 50 6 38 
20 34 38 48 2 3 4 24 30 2 29 2 24 47 3 41 
1 13 59 69 19 24 17 3 51 19 8 23 45 68 24 20 
5 9 63 73 23 28 21 1 55 23 4 27 49 72 28 16 
31 45 27 37 13 8 15 35 19 13 40 9 13 36 8 52 
2 12 60 70 20 25 18 2 52 20 7 24 46 69 25 19 

22 34 41 16 28 68 58 19 35 7 24 46 63 57 47 39 
49 37 30 87 43 3 13 52 36 78 95 25 8 14 24 32 
12 24 31 26 18 58 48 9 25 17 34 36 53 47 37 29 
6 18 25 32 12 52 42 3 19 23 40 30 47 41 31 23 
16 4 3 54 10 30 20 19 3 45 62 8 25 19 9 1 
35 23 16 73 29 11 1 38 22 64 81 11 6 0 10 18 
37 25 18 75 31 9 1 40 24 66 83 13 4 2 12 20 
5 17 24 33 11 51 41 2 18 24 41 29 46 40 30 22 
37 49 56 1 43 83 73 34 50 8 9 61 78 72 62 54 
47 35 28 85 41 1 11 50 34 76 93 23 6 12 22 30 
5 7 14 43 1 41 31 8 8 34 51 19 36 30 20 12 
2 10 17 40 4 44 34 5 11 31 48 22 39 33 23 15 
23 11 4 61 17 23 13 26 10 52 69 1 18 12 2 6 
27 15 8 65 21 19 9 30 14 56 73 3 14 8 2 10 
9 21 28 29 15 55 45 6 22 20 37 33 50 44 34 26 
24 12 5 62 18 22 12 27 11 53 70 0 17 11 1 7 

49 5 18 28 69 55 66 23 23 22 31 36 8 36 34 66 
22 66 53 43 2 16 5 94 48 93 40 35 79 35 37 5 
39 5 8 18 59 45 56 33 13 32 21 26 18 26 24 56 
33 11 2 12 53 39 50 39 7 38 15 20 24 20 18 50 
11 33 20 10 31 17 28 61 15 60 7 2 46 2 4 28 
8 52 39 29 12 2 9 80 34 79 26 21 65 21 23 9 
10 54 41 31 10 4 7 82 36 81 28 23 67 23 25 7 
32 12 1 11 52 38 49 40 6 39 14 19 25 19 17 49 
64 20 33 43 84 70 81 8 38 7 46 51 7 51 49 81 
20 64 51 41 0 14 3 92 46 91 38 33 77 33 35 3 
22 22 9 1 42 28 39 50 4 49 4 9 35 9 7 39 
25 19 6 4 45 31 42 47 1 46 7 12 32 12 10 42 
4 40 27 17 24 10 21 68 22 67 14 9 53 9 11 21 
0 44 31 21 20 6 17 72 26 71 18 13 57 13 15 17 
36 8 5 15 56 42 53 36 10 35 18 23 21 23 21 53 
3 41 28 18 23 9 20 69 23 68 15 10 54 10 12 20 

4 21 9 54 61 35 27 62 16 8 68 72 66 28 26 55 
75 50 62 17 10 36 44 9 55 79 3 1 5 43 97 16 
14 11 1 44 51 25 17 52 6 18 58 62 56 18 36 45 
20 5 7 38 45 19 11 46 0 24 52 56 50 12 42 39 
42 17 29 16 23 3 11 24 22 46 30 34 28 10 64 17 
61 36 48 3 4 22 30 5 41 65 11 15 9 29 83 2 
63 38 50 5 2 24 32 3 43 67 9 13 7 31 85 4 
21 4 8 37 44 18 10 45 1 25 51 55 49 11 43 38 
11 36 24 69 76 50 42 77 31 7 83 87 81 43 11 70 
73 48 60 15 8 34 42 7 53 77 1 3 3 41 95 14 
31 6 18 27 34 8 0 35 11 35 41 45 39 1 53 28 
28 3 15 30 37 11 3 38 8 32 44 48 42 4 50 31 
49 24 36 9 16 10 18 17 29 53 23 27 21 17 71 10 
53 28 40 5 12 14 22 13 33 57 19 23 17 21 75 6 
17 8 4 41 48 22 14 49 3 21 55 59 53 15 39 42 
50 25 37 8 15 11 19 16 30 54 22 26 20 18 72 9 

19 53 31 44 19 41 18 17 3 36 57 68 35 62 18 36 
90 18 40 27 52 30 53 54 74 35 14 3 36 9 89 35 
29 43 21 34 9 31 8 7 13 26 47 58 25 52 28 26 
35 37 15 28 3 25 2 1 19 20 41 52 19 46 34 20 
57 15 7 6 19 3 20 21 41 2 19 30 3 24 56 2 
76 4 26 13 38 16 39 40 60 21 0 11 22 5 75 21 
78 6 28 15 40 18 41 42 62 23 2 9 24 3 77 23 
36 36 14 27 2 24 1 0 20 19 40 51 18 45 35 19 
4 68 46 59 34 56 33 32 12 51 72 83 50 77 3 51 
88 16 38 25 50 28 51 52 72 33 12 1 34 7 87 33 
46 26 4 17 8 14 9 10 30 9 30 41 8 35 45 9 
43 29 7 20 5 17 6 7 27 12 33 44 11 38 42 12 
64 8 14 1 26 4 27 28 48 9 12 23 10 17 63 9 
68 4 18 5 30 8 31 32 52 13 8 19 14 13 67 13 
32 40 18 31 6 28 5 4 16 23 44 55 22 49 31 23 
65 7 15 2 27 5 28 29 49 10 11 22 11 16 64 10 

33 40 71 16 17 18 0 63 41 27 12 19 49 20 22 4 
38 31 0 55 88 53 71 8 30 44 59 90 22 91 49 67 
23 30 61 6 27 8 10 53 31 17 2 29 39 30 12 6 
17 24 55 0 33 2 16 47 25 11 4 35 33 36 6 12 
5 2 33 22 55 20 38 25 3 11 26 57 11 58 16 34 
24 17 14 41 74 39 57 6 16 30 45 76 8 77 35 53 
26 19 12 43 76 41 59 4 18 32 47 78 10 79 37 55 
16 23 54 1 34 1 17 46 24 10 5 36 32 37 5 13 
48 55 86 31 2 33 15 78 56 42 27 4 64 5 37 19 
36 29 2 53 86 51 69 6 28 42 57 88 20 89 47 65 
6 13 44 11 44 9 27 36 14 0 15 46 22 47 5 23 
9 16 47 8 41 6 24 39 17 3 12 43 25 44 2 20 
12 5 26 29 62 27 45 18 4 18 33 64 4 65 23 41 
16 9 22 33 66 31 49 14 8 22 37 68 0 69 27 45 
20 27 58 3 30 5 13 50 28 14 1 32 36 33 9 9 
13 6 25 30 63 28 46 17 5 19 34 65 3 66 24 42 

20 8 33 7 14 12 38 29 15 28 27 44 2 23 1 16 
53 25 66 26 47 21 5 4 48 61 6 11 31 10 32 49 
6 34 7 33 12 38 64 55 11 2 53 70 28 49 27 10 
16 12 29 11 10 16 42 33 11 24 31 48 6 27 5 12 
52 24 65 25 46 20 6 3 47 60 5 12 30 9 31 48 
70 42 83 43 64 38 12 21 65 78 23 6 48 27 49 66 
6 22 19 21 0 26 52 43 1 14 41 58 16 37 15 2 
21 49 8 48 27 53 79 70 26 13 68 85 43 64 42 25 
50 22 63 23 44 18 8 1 45 58 3 14 28 7 29 46 
8 36 5 35 14 40 66 57 13 0 55 72 30 51 29 12 
17 11 30 10 11 15 41 32 12 25 30 47 5 26 4 13 
37 9 50 10 31 5 21 12 32 45 10 27 15 6 16 33 
73 45 86 46 67 41 15 24 68 81 26 9 51 30 52 69 
19 47 6 46 25 51 77 68 24 11 66 83 41 62 40 23 
17 45 4 44 23 49 75 66 22 9 64 81 39 60 38 21 
64 36 77 37 58 32 6 15 59 72 17 0 42 21 43 60 

21 21 32 10 40 6 16 16 18 40 42 8 21 36 9 51 
12 12 1 23 7 39 17 49 15 73 9 25 54 69 24 18 
47 47 58 36 66 20 42 10 44 14 68 34 5 10 35 77 
25 25 36 14 44 2 20 12 22 36 46 12 17 32 13 55 
11 11 0 22 8 38 16 48 14 72 10 24 53 68 23 19 
29 29 18 40 10 56 34 66 32 90 8 42 71 86 41 1 
35 35 46 24 54 8 30 2 32 26 56 22 7 22 23 65 
62 62 73 51 81 35 57 25 59 1 83 49 20 5 50 92 
9 9 2 20 10 36 14 46 12 70 12 22 51 66 21 21 
49 49 60 38 68 22 44 12 46 12 70 36 7 8 37 79 
24 24 35 13 43 3 19 13 21 37 45 11 18 33 12 54 
4 4 15 7 23 23 1 33 1 57 25 9 38 53 8 34 
32 32 21 43 13 59 37 69 35 93 11 45 74 89 44 2 
60 60 71 49 79 33 55 23 57 1 81 47 18 3 48 90 
58 58 69 47 77 31 53 21 55 3 79 45 16 1 46 88 
23 23 12 34 4 50 28 60 26 84 2 36 65 80 35 7 

9 31 18 32 55 24 26 50 1 8 17 4 17 27 21 11 
24 64 15 1 22 9 59 17 32 41 16 29 50 6 54 22 
35 5 44 58 81 50 0 76 27 18 43 30 9 53 5 37 
13 27 22 36 59 28 22 54 5 4 21 8 13 31 17 15 
23 63 14 0 23 8 58 18 31 40 15 28 49 5 53 21 
41 81 32 18 5 26 76 0 49 58 33 46 67 23 71 39 
23 17 32 46 69 38 12 64 15 6 31 18 3 41 7 25 
50 10 59 73 96 65 15 91 42 33 58 45 24 68 20 52 
21 61 12 2 25 6 56 20 29 38 13 26 47 3 51 19 
37 3 46 60 83 52 2 78 29 20 45 32 11 55 7 39 
12 28 21 35 58 27 23 53 4 5 20 7 14 30 18 14 
8 48 1 15 38 7 43 33 16 25 0 13 34 10 38 6 
44 84 35 21 2 29 79 3 52 61 36 49 70 26 74 42 
48 8 57 71 94 63 13 89 40 31 56 43 22 66 18 50 
46 6 55 69 92 61 11 87 38 29 54 41 20 64 16 48 
35 75 26 12 11 20 70 6 43 52 27 40 61 17 65 33 

13 37 21 16 52 46 55 37 30 10 44 5 2 11 34 3 
20 4 12 17 19 13 22 70 63 23 11 28 35 22 67 36 
39 63 47 42 78 72 81 11 4 36 70 31 24 37 8 23 
17 41 25 20 56 50 59 33 26 14 48 9 2 15 30 1 
19 5 11 16 20 14 23 69 62 22 12 27 34 21 66 35 
37 13 29 34 2 4 5 87 80 40 6 45 52 39 84 53 
27 51 35 30 66 60 69 23 16 24 58 19 12 25 20 11 
54 78 62 57 93 87 96 4 11 51 85 46 39 52 7 38 
17 7 9 14 22 16 25 67 60 20 14 25 32 19 64 33 
41 65 49 44 80 74 83 9 2 38 72 33 26 39 6 25 
16 40 24 19 55 49 58 34 27 13 47 8 1 14 31 0 
4 20 4 1 35 29 38 54 47 7 27 12 19 6 51 20 
40 16 32 37 1 7 2 90 83 43 9 48 55 42 87 56 
52 76 60 55 91 85 94 2 9 49 83 44 37 50 5 36 
50 74 58 53 89 83 92 0 7 47 81 42 35 48 3 34 
31 7 23 28 8 2 11 81 74 34 0 39 46 33 78 47 

8 2 26 18 20 10 40 52 32 10 24 54 32 56 30 49 
25 31 7 51 13 43 73 19 1 23 57 21 1 23 3 16 
34 28 52 8 46 16 14 78 58 36 2 80 58 82 56 75 
12 6 30 14 24 6 36 56 36 14 20 58 36 60 34 53 
24 30 6 50 12 42 72 20 0 22 56 22 0 24 2 17 
42 48 24 68 30 60 90 2 18 40 74 4 18 6 20 1 
22 16 40 4 34 4 26 66 46 24 10 68 46 70 44 63 
49 43 67 23 61 31 1 93 73 51 17 95 73 97 71 90 
22 28 4 48 10 40 70 22 2 20 54 24 2 26 0 19 
36 30 54 10 48 18 12 80 60 38 4 82 60 84 58 77 
11 5 29 15 23 7 37 55 35 13 21 57 35 59 33 52 
9 15 9 35 3 27 57 35 15 7 41 37 15 39 13 32 
45 51 27 71 33 63 93 1 21 43 77 1 21 3 23 4 
47 41 65 21 59 29 1 91 71 49 15 93 71 95 69 88 
45 39 63 19 57 27 3 89 69 47 13 91 69 93 67 86 
36 42 18 62 24 54 84 8 12 34 68 10 12 12 14 5 

27 41 31 41 9 4 11 31 23 9 36 5 17 40 4 48 
6 8 64 74 24 29 22 2 56 24 3 28 50 73 29 15 
53 67 5 15 35 30 37 57 3 35 62 31 9 14 30 74 
31 45 27 37 13 8 15 35 19 13 40 9 13 36 8 52 
5 9 63 73 23 28 21 1 55 23 4 27 49 72 28 16 
23 9 81 91 41 46 39 19 73 41 14 45 67 90 46 2 
41 55 17 27 23 18 25 45 9 23 50 19 3 26 18 62 
68 82 10 0 50 45 52 72 18 50 77 46 24 1 45 89 
3 11 61 71 21 26 19 1 53 21 6 25 47 70 26 18 
55 69 3 13 37 32 39 59 5 37 64 33 11 12 32 76 
30 44 28 38 12 7 14 34 20 12 39 8 14 37 7 51 
10 24 48 58 8 13 6 14 40 8 19 12 34 57 13 31 
26 12 84 94 44 49 42 22 76 44 17 48 70 93 49 5 
66 80 8 2 48 43 50 70 16 48 75 44 22 1 43 87 
64 78 6 4 46 41 48 68 14 46 73 42 20 3 41 85 
17 3 75 85 35 40 33 13 67 35 8 39 61 84 40 4 

5 17 24 33 11 51 41 2 18 24 41 29 46 40 30 22 
28 16 9 66 22 18 8 31 15 57 74 4 13 7 3 11 
31 43 50 7 37 77 67 28 44 2 15 55 72 66 56 48 
9 21 28 29 15 55 45 6 22 20 37 33 50 44 34 26 
27 15 8 65 21 19 9 30 14 56 73 3 14 8 2 10 
45 33 26 83 39 1 9 48 32 74 91 21 4 10 20 28 
19 31 38 19 25 65 55 16 32 10 27 43 60 54 44 36 
46 58 65 8 52 92 82 43 59 17 0 70 87 81 71 63 
25 13 6 63 19 21 11 28 12 54 71 1 16 10 0 8 
33 45 52 5 39 79 69 30 46 4 13 57 74 68 58 50 
8 20 27 30 14 54 44 5 21 21 38 32 49 43 33 25 
12 0 7 50 6 34 24 15 1 41 58 12 29 23 13 5 
48 36 29 86 42 2 12 51 35 77 94 24 7 13 23 31 
44 56 63 6 50 90 80 41 57 15 2 68 85 79 69 61 
42 54 61 4 48 88 78 39 55 13 4 66 83 77 67 59 
39 27 20 77 33 7 3 42 26 68 85 15 2 4 14 22 

32 12 1 11 52 38 49 40 6 39 14 19 25 19 17 49 
1 45 32 22 19 5 16 73 27 72 19 14 58 14 16 16 
58 14 27 37 78 64 75 14 32 13 40 45 1 45 43 75 
36 8 5 15 56 42 53 36 10 35 18 23 21 23 21 53 
0 44 31 21 20 6 17 72 26 71 18 13 57 13 15 17 
18 62 49 39 2 12 1 90 44 89 36 31 75 31 33 1 
46 2 15 25 66 52 63 26 20 25 28 33 11 33 31 63 
73 29 42 52 93 79 90 1 47 2 55 60 16 60 58 90 
2 42 29 19 22 8 19 70 24 69 16 11 55 11 13 19 
60 16 29 39 80 66 77 12 34 11 42 47 3 47 45 77 
35 9 4 14 55 41 52 37 9 36 17 22 22 22 20 52 
15 29 16 6 35 21 32 57 11 56 3 2 42 2 0 32 
21 65 52 42 1 15 4 93 47 92 39 34 78 34 36 4 
71 27 40 50 91 77 88 1 45 0 53 58 14 58 56 88 
69 25 38 48 89 75 86 3 43 2 51 56 12 56 54 86 
12 56 43 33 8 6 5 84 38 83 30 25 69 25 27 5 

21 4 8 37 44 18 10 45 1 25 51 55 49 11 43 38 
54 29 41 4 11 15 23 12 34 58 18 22 16 22 76 5 
5 30 18 63 70 44 36 71 25 1 77 81 75 37 17 64 
17 8 4 41 48 22 14 49 3 21 55 59 53 15 39 42 
53 28 40 5 12 14 22 13 33 57 19 23 17 21 75 6 
71 46 58 13 6 32 40 5 51 75 1 5 1 39 93 12 
7 18 6 51 58 32 24 59 13 11 65 69 63 25 29 52 
20 45 33 78 85 59 51 86 40 16 92 96 90 52 2 79 
51 26 38 7 14 12 20 15 31 55 21 25 19 19 73 8 
7 32 20 65 72 46 38 73 27 3 79 83 77 39 15 66 
18 7 5 40 47 21 13 48 2 22 54 58 52 14 40 41 
38 13 25 20 27 1 7 28 18 42 34 38 32 6 60 21 
74 49 61 16 9 35 43 8 54 78 2 2 4 42 96 15 
18 43 31 76 83 57 49 84 38 14 90 94 88 50 4 77 
16 41 29 74 81 55 47 82 36 12 88 92 86 48 6 75 
65 40 52 7 0 26 34 1 45 69 7 11 5 33 87 6 

36 36 14 27 2 24 1 0 20 19 40 51 18 45 35 19 
69 3 19 6 31 9 32 33 53 14 7 18 15 12 68 14 
10 62 40 53 28 50 27 26 6 45 66 77 44 71 9 45 
32 40 18 31 6 28 5 4 16 23 44 55 22 49 31 23 
68 4 18 5 30 8 31 32 52 13 8 19 14 13 67 13 
86 14 36 23 48 26 49 50 70 31 10 1 32 5 85 31 
22 50 28 41 16 38 15 14 6 33 54 65 32 59 21 33 
5 77 55 68 43 65 42 41 21 60 81 92 59 86 6 60 
66 6 16 3 28 6 29 30 50 11 10 21 12 15 65 11 
8 64 42 55 30 52 29 28 8 47 68 79 46 73 7 47 
33 39 17 30 5 27 4 3 17 22 43 54 21 48 32 22 
53 19 3 10 15 7 16 17 37 2 23 34 1 28 52 2 
89 17 39 26 51 29 52 53 73 34 13 2 35 8 88 34 
3 75 53 66 41 63 40 39 19 58 79 90 57 84 4 58 
1 73 51 64 39 61 38 37 17 56 77 88 55 82 2 56 
80 8 30 17 42 20 43 44 64 25 4 7 26 1 79 25 

16 23 54 1 34 1 17 46 24 10 5 36 32 37 5 13 
17 10 21 34 67 32 50 13 9 23 38 69 1 70 28 46 
42 49 80 25 8 27 9 72 50 36 21 10 58 11 31 13 
20 27 58 3 30 5 13 50 28 14 1 32 36 33 9 9 
16 9 22 33 66 31 49 14 8 22 37 68 0 69 27 45 
34 27 4 51 84 49 67 4 26 40 55 86 18 87 45 63 
30 37 68 13 20 15 3 60 38 24 9 22 46 23 19 1 
57 64 95 40 7 42 24 87 65 51 36 5 73 4 46 28 
14 7 24 31 64 29 47 16 6 20 35 66 2 67 25 43 
44 51 82 27 6 29 11 74 52 38 23 8 60 9 33 15 
19 26 57 2 31 4 14 49 27 13 2 33 35 34 8 10 
1 6 37 18 51 16 34 29 7 7 22 53 15 54 12 30 
37 30 1 54 87 52 70 7 29 43 58 89 21 90 48 66 
55 62 93 38 5 40 22 85 63 49 34 3 71 2 44 26 
53 60 91 36 3 38 20 83 61 47 32 1 69 0 42 24 
28 21 10 45 78 43 61 2 20 34 49 80 12 81 39 57 

41 41 52 30 60 14 36 4 38 20 62 28 1 16 29 71 
13 13 24 2 32 14 8 24 10 48 34 0 29 44 1 43 
54 54 65 43 73 27 49 17 51 7 75 41 12 3 42 84 
14 14 25 3 33 13 9 23 11 47 35 1 28 43 2 44 
35 35 46 24 54 8 30 2 32 26 56 22 7 22 23 65 
9 9 20 2 28 18 4 28 6 52 30 4 33 48 3 39 
17 17 6 28 2 44 22 54 20 78 4 30 59 74 29 13 
8 8 3 19 11 35 13 45 11 69 13 21 50 65 20 22 
36 36 47 25 55 9 31 1 33 25 57 23 6 21 24 66 
49 49 60 38 68 22 44 12 46 12 70 36 7 8 37 79 
6 6 5 17 13 33 11 43 9 67 15 19 48 63 18 24 
23 23 12 34 4 50 28 60 26 84 2 36 65 80 35 7 
19 19 30 8 38 8 14 18 16 42 40 6 23 38 7 49 
2 2 9 13 17 29 7 39 5 63 19 15 44 59 14 28 
20 20 31 9 39 7 15 17 17 41 41 7 22 37 8 50 
37 37 48 26 56 10 32 0 34 24 58 24 5 20 25 67 

29 11 38 52 75 44 6 70 21 12 37 24 3 47 1 31 
1 39 10 24 47 16 34 42 7 16 9 4 25 19 29 3 
42 2 51 65 88 57 7 83 34 25 50 37 16 60 12 44 
2 38 11 25 48 17 33 43 6 15 10 3 24 20 28 4 
23 17 32 46 69 38 12 64 15 6 31 18 3 41 7 25 
3 43 6 20 43 12 38 38 11 20 5 8 29 15 33 1 
29 69 20 6 17 14 64 12 37 46 21 34 55 11 59 27 
20 60 11 3 26 5 55 21 28 37 12 25 46 2 50 18 
24 16 33 47 70 39 11 65 16 7 32 19 2 42 6 26 
37 3 46 60 83 52 2 78 29 20 45 32 11 55 7 39 
18 58 9 5 28 3 53 23 26 35 10 23 44 0 48 16 
35 75 26 12 11 20 70 6 43 52 27 40 61 17 65 33 
7 33 16 30 53 22 28 48 1 10 15 2 19 25 23 9 
14 54 5 9 32 1 49 27 22 31 6 19 40 4 44 12 
8 32 17 31 54 23 27 49 0 9 16 3 18 26 22 10 
25 15 34 48 71 40 10 66 17 8 33 20 1 43 5 27 

33 57 41 36 72 66 75 17 10 30 64 25 18 31 14 17 
5 29 13 8 44 38 47 45 38 2 36 3 10 3 42 11 
46 70 54 49 85 79 88 4 3 43 77 38 31 44 1 30 
6 30 14 9 45 39 48 44 37 3 37 2 9 4 41 10 
27 51 35 30 66 60 69 23 16 24 58 19 12 25 20 11 
1 25 9 4 40 34 43 49 42 2 32 7 14 1 46 15 
25 1 17 22 14 8 17 75 68 28 6 33 40 27 72 41 
16 8 8 13 23 17 26 66 59 19 15 24 31 18 63 32 
28 52 36 31 67 61 70 22 15 25 59 20 13 26 19 12 
41 65 49 44 80 74 83 9 2 38 72 33 26 39 6 25 
14 10 6 11 25 19 28 64 57 17 17 22 29 16 61 30 
31 7 23 28 8 2 11 81 74 34 0 39 46 33 78 47 
11 35 19 14 50 44 53 39 32 8 42 3 4 9 36 5 
10 14 2 7 29 23 32 60 53 13 21 18 25 12 57 26 
12 36 20 15 51 45 54 38 31 9 43 4 3 10 35 4 
29 53 37 32 68 62 71 21 14 26 60 21 14 27 18 13 

28 22 46 2 40 10 20 72 52 30 4 74 52 76 50 69 
0 6 18 26 12 18 48 44 24 2 32 46 24 48 22 41 
41 35 59 15 53 23 7 85 65 43 9 87 65 89 63 82 
1 5 19 25 13 17 47 45 25 3 31 47 25 49 23 42 
22 16 40 4 34 4 26 66 46 24 10 68 46 70 44 63 
4 10 14 30 8 22 52 40 20 2 36 42 20 44 18 37 
30 36 12 56 18 48 78 14 6 28 62 16 6 18 8 11 
21 27 3 47 9 39 69 23 3 19 53 25 3 27 1 20 
23 17 41 3 35 5 25 67 47 25 9 69 47 71 45 64 
36 30 54 10 48 18 12 80 60 38 4 82 60 84 58 77 
19 25 1 45 7 37 67 25 5 17 51 27 5 29 3 22 
36 42 18 62 24 54 84 8 12 34 68 10 12 12 14 5 
6 0 24 20 18 12 42 50 30 8 26 52 30 54 28 47 
15 21 3 41 3 33 63 29 9 13 47 31 9 33 7 26 
7 1 25 19 19 11 41 51 31 9 25 53 31 55 29 48 
24 18 42 2 36 6 24 68 48 26 8 70 48 72 46 65 

47 61 11 21 29 24 31 51 3 29 56 25 3 20 24 68 
19 33 39 49 1 4 3 23 31 1 28 3 25 48 4 40 
60 74 2 8 42 37 44 64 10 42 69 38 16 7 37 81 
20 34 38 48 2 3 4 24 30 2 29 2 24 47 3 41 
41 55 17 27 23 18 25 45 9 23 50 19 3 26 18 62 
15 29 43 53 3 8 1 19 35 3 24 7 29 52 8 36 
11 3 69 79 29 34 27 7 61 29 2 33 55 78 34 10 
2 12 60 70 20 25 18 2 52 20 7 24 46 69 25 19 
42 56 16 26 24 19 26 46 8 24 51 20 2 25 19 63 
55 69 3 13 37 32 39 59 5 37 64 33 11 12 32 76 
0 14 58 68 18 23 16 4 50 18 9 22 44 67 23 21 
17 3 75 85 35 40 33 13 67 35 8 39 61 84 40 4 
25 39 33 43 7 2 9 29 25 7 34 3 19 42 2 46 
4 18 54 64 14 19 12 8 46 14 13 18 40 63 19 25 
26 40 32 42 8 3 10 30 24 8 35 4 18 41 3 47 
43 57 15 25 25 20 27 47 7 25 52 21 1 24 20 64 

25 37 44 13 31 71 61 22 38 4 21 49 66 60 50 42 
3 9 16 41 3 43 33 6 10 32 49 21 38 32 22 14 
38 50 57 0 44 84 74 35 51 9 8 62 79 73 63 55 
2 10 17 40 4 44 34 5 11 31 48 22 39 33 23 15 
19 31 38 19 25 65 55 16 32 10 27 43 60 54 44 36 
7 5 12 45 1 39 29 10 6 36 53 17 34 28 18 10 
33 21 14 71 27 13 3 36 20 62 79 9 8 2 8 16 
24 12 5 62 18 22 12 27 11 53 70 0 17 11 1 7 
20 32 39 18 26 66 56 17 33 9 26 44 61 55 45 37 
33 45 52 5 39 79 69 30 46 4 13 57 74 68 58 50 
22 10 3 60 16 24 14 25 9 51 68 2 19 13 3 5 
39 27 20 77 33 7 3 42 26 68 85 15 2 4 14 22 
3 15 22 35 9 49 39 0 16 26 43 27 44 38 28 20 
18 6 1 56 12 28 18 21 5 47 64 6 23 17 7 1 
4 16 23 34 10 50 40 1 17 25 42 28 45 39 29 21 
21 33 40 17 27 67 57 18 34 8 25 45 62 56 46 38 

52 8 21 31 72 58 69 20 26 19 34 39 5 39 37 69 
24 20 7 3 44 30 41 48 2 47 6 11 33 11 9 41 
65 21 34 44 85 71 82 7 39 6 47 52 8 52 50 82 
25 19 6 4 45 31 42 47 1 46 7 12 32 12 10 42 
46 2 15 25 66 52 63 26 20 25 28 33 11 33 31 63 
20 24 11 1 40 26 37 52 6 51 2 7 37 7 5 37 
6 50 37 27 14 0 11 78 32 77 24 19 63 19 21 11 
3 41 28 18 23 9 20 69 23 68 15 10 54 10 12 20 
47 3 16 26 67 53 64 25 21 24 29 34 10 34 32 64 
60 16 29 39 80 66 77 12 34 11 42 47 3 47 45 77 
5 39 26 16 25 11 22 67 21 66 13 8 52 8 10 22 
12 56 43 33 8 6 5 84 38 83 30 25 69 25 27 5 
30 14 1 9 50 36 47 42 4 41 12 17 27 17 15 47 
9 35 22 12 29 15 26 63 17 62 9 4 48 4 6 26 
31 13 0 10 51 37 48 41 5 40 13 18 26 18 16 48 
48 4 17 27 68 54 65 24 22 23 30 35 9 35 33 65 

1 24 12 57 64 38 30 65 19 5 71 75 69 31 23 58 
29 4 16 29 36 10 2 37 9 33 43 47 41 3 51 30 
12 37 25 70 77 51 43 78 32 8 84 88 82 44 10 71 
28 3 15 30 37 11 3 38 8 32 44 48 42 4 50 31 
7 18 6 51 58 32 24 59 13 11 65 69 63 25 29 52 
33 8 20 25 32 6 2 33 13 37 39 43 37 1 55 26 
59 34 46 1 6 20 28 7 39 63 13 17 11 27 81 0 
50 25 37 8 15 11 19 16 30 54 22 26 20 18 72 9 
6 19 7 52 59 33 25 60 14 10 66 70 64 26 28 53 
7 32 20 65 72 46 38 73 27 3 79 83 77 39 15 66 
48 23 35 10 17 9 17 18 28 52 24 28 22 16 70 11 
65 40 52 7 0 26 34 1 45 69 7 11 5 33 87 6 
23 2 10 35 42 16 8 43 3 27 49 53 47 9 45 36 
44 19 31 14 21 5 13 22 24 48 28 32 26 12 66 15 
22 3 9 36 43 17 9 44 2 26 50 54 48 10 44 37 
5 20 8 53 60 34 26 61 15 9 67 71 65 27 27 54 

16 56 34 47 22 44 21 20 0 39 60 71 38 65 15 39 
44 28 6 19 6 16 7 8 28 11 32 43 10 37 43 11 
3 69 47 60 35 57 34 33 13 52 73 84 51 78 2 52 
43 29 7 20 5 17 6 7 27 12 33 44 11 38 42 12 
22 50 28 41 16 38 15 14 6 33 54 65 32 59 21 33 
48 24 2 15 10 12 11 12 32 7 28 39 6 33 47 7 
74 2 24 11 36 14 37 38 58 19 2 13 20 7 73 19 
65 7 15 2 27 5 28 29 49 10 11 22 11 16 64 10 
21 51 29 42 17 39 16 15 5 34 55 66 33 60 20 34 
8 64 42 55 30 52 29 28 8 47 68 79 46 73 7 47 
63 9 13 0 25 3 26 27 47 8 13 24 9 18 62 8 
80 8 30 17 42 20 43 44 64 25 4 7 26 1 79 25 
38 34 12 25 0 22 1 2 22 17 38 49 16 43 37 17 
59 13 9 4 21 1 22 23 43 4 17 28 5 22 58 4 
37 35 13 26 1 23 0 1 21 18 39 50 17 44 36 18 
20 52 30 43 18 40 17 16 4 35 56 67 34 61 19 35 

36 43 74 19 14 21 3 66 44 30 15 16 52 17 25 7 
8 15 46 9 42 7 25 38 16 2 13 44 24 45 3 21 
49 56 87 32 1 34 16 79 57 43 28 3 65 4 38 20 
9 16 47 8 41 6 24 39 17 3 12 43 25 44 2 20 
30 37 68 13 20 15 3 60 38 24 9 22 46 23 19 1 
4 11 42 13 46 11 29 34 12 2 17 48 20 49 7 25 
22 15 16 39 72 37 55 8 14 28 43 74 6 75 33 51 
13 6 25 30 63 28 46 17 5 19 34 65 3 66 24 42 
31 38 69 14 19 16 2 61 39 25 10 21 47 22 20 2 
44 51 82 27 6 29 11 74 52 38 23 8 60 9 33 15 
11 4 27 28 61 26 44 19 3 17 32 63 5 64 22 40 
28 21 10 45 78 43 61 2 20 34 49 80 12 81 39 57 
14 21 52 3 36 1 19 44 22 8 7 38 30 39 3 15 
7 0 31 24 57 22 40 23 1 13 28 59 9 60 18 36 
15 22 53 2 35 0 18 45 23 9 6 37 31 38 4 14 
32 39 70 15 18 17 1 62 40 26 11 20 48 21 21 3 

12 52 3 11 34 3 47 29 20 29 4 17 38 6 42 10 
12 52 3 11 34 3 47 29 20 29 4 17 38 6 42 10 
23 63 14 0 23 8 58 18 31 40 15 28 49 5 53 21 
1 41 8 22 45 14 36 40 9 18 7 6 27 17 31 1 
31 71 22 8 15 16 66 10 39 48 23 36 57 13 61 29 
15 25 24 38 61 30 20 56 7 2 23 10 11 33 15 17 
7 47 2 16 39 8 42 34 15 24 1 12 33 11 37 5 
25 15 34 48 71 40 10 66 17 8 33 20 1 43 5 27 
9 49 0 14 37 6 44 32 17 26 1 14 35 9 39 7 
49 9 58 72 95 64 14 90 41 32 57 44 23 67 19 51 
33 73 24 10 13 18 68 8 41 50 25 38 59 15 63 31 
1 39 10 24 47 16 34 42 7 16 9 4 25 19 29 3 
30 10 39 53 76 45 5 71 22 13 38 25 4 48 0 32 
45 5 54 68 91 60 10 86 37 28 53 40 19 63 15 47 
0 40 9 23 46 15 35 41 8 17 8 5 26 18 30 2 
42 82 33 19 4 27 77 1 50 59 34 47 68 24 72 40 

8 16 0 5 31 25 34 58 51 11 23 16 23 10 55 24 
8 16 0 5 31 25 34 58 51 11 23 16 23 10 55 24 
19 5 11 16 20 14 23 69 62 22 12 27 34 21 66 35 
3 27 11 6 42 36 45 47 40 0 34 5 12 1 44 13 
27 3 19 24 12 6 15 77 70 30 4 35 42 29 74 43 
19 43 27 22 58 52 61 31 24 16 50 11 4 17 28 3 
3 21 5 0 36 30 39 53 46 6 28 11 18 5 50 19 
29 53 37 32 68 62 71 21 14 26 60 21 14 27 18 13 
5 19 3 2 34 28 37 55 48 8 26 13 20 7 52 21 
53 77 61 56 92 86 95 3 10 50 84 45 38 51 6 37 
29 5 21 26 10 4 13 79 72 32 2 37 44 31 76 45 
5 29 13 8 44 38 47 45 38 2 36 3 10 3 42 11 
34 58 42 37 73 67 76 16 9 31 65 26 19 32 13 18 
49 73 57 52 88 82 91 1 6 46 80 41 34 47 2 33 
4 28 12 7 43 37 46 46 39 1 35 4 11 2 43 12 
38 14 30 35 1 5 4 88 81 41 7 46 53 40 85 54 

13 19 5 39 1 31 61 31 11 11 45 33 11 35 9 28 
13 19 5 39 1 31 61 31 11 11 45 33 11 35 9 28 
24 30 6 50 12 42 72 20 0 22 56 22 0 24 2 17 
2 8 16 28 10 20 50 42 22 0 34 44 22 46 20 39 
32 38 14 58 20 50 80 12 8 30 64 14 8 16 10 9 
14 8 32 12 26 4 34 58 38 16 18 60 38 62 36 55 
8 14 10 34 4 26 56 36 16 6 40 38 16 40 14 33 
24 18 42 2 36 6 24 68 48 26 8 70 48 72 46 65 
10 16 8 36 2 28 58 34 14 8 42 36 14 38 12 31 
48 42 66 22 60 30 0 92 72 50 16 94 72 96 70 89 
34 40 16 60 22 52 82 10 10 32 66 12 10 14 12 7 
0 6 18 26 12 18 48 44 24 2 32 46 24 48 22 41 
29 23 47 3 41 11 19 73 53 31 3 75 53 77 51 70 
44 38 62 18 56 26 4 88 68 46 12 90 68 92 66 85 
1 7 17 27 11 19 49 43 23 1 33 45 23 47 21 40 
43 49 25 69 31 61 91 1 19 41 75 3 19 5 21 2 

6 20 52 62 12 17 10 10 44 12 15 16 38 61 17 27 
6 20 52 62 12 17 10 10 44 12 15 16 38 61 17 27 
5 9 63 73 23 28 21 1 55 23 4 27 49 72 28 16 
17 31 41 51 1 6 1 21 33 1 26 5 27 50 6 38 
13 1 71 81 31 36 29 9 63 31 4 35 57 80 36 8 
33 47 25 35 15 10 17 37 17 15 42 11 11 34 10 54 
11 25 47 57 7 12 5 15 39 7 20 11 33 56 12 32 
43 57 15 25 25 20 27 47 7 25 52 21 1 24 20 64 
9 23 49 59 9 14 7 13 41 9 18 13 35 58 14 30 
67 81 9 1 49 44 51 71 17 49 76 45 23 0 44 88 
15 1 73 83 33 38 31 11 65 33 6 37 59 82 38 6 
19 33 39 49 1 4 3 23 31 1 28 3 25 48 4 40 
48 62 10 20 30 25 32 52 2 30 57 26 4 19 25 69 
63 77 5 5 45 40 47 67 13 45 72 41 19 4 40 84 
18 32 40 50 0 5 2 22 32 0 27 4 26 49 5 39 
24 10 82 92 42 47 40 20 74 42 15 46 68 91 47 3 

16 4 3 54 10 30 20 19 3 45 62 8 25 19 9 1 
16 4 3 54 10 30 20 19 3 45 62 8 25 19 9 1 
27 15 8 65 21 19 9 30 14 56 73 3 14 8 2 10 
5 7 14 43 1 41 31 8 8 34 51 19 36 30 20 12 
35 23 16 73 29 11 1 38 22 64 81 11 6 0 10 18 
11 23 30 27 17 57 47 8 24 18 35 35 52 46 36 28 
11 1 8 49 5 35 25 14 2 40 57 13 30 24 14 6 
21 33 40 17 27 67 57 18 34 8 25 45 62 56 46 38 
13 1 6 51 7 33 23 16 0 42 59 11 28 22 12 4 
45 57 64 7 51 91 81 42 58 16 1 69 86 80 70 62 
37 25 18 75 31 9 1 40 24 66 83 13 4 2 12 20 
3 9 16 41 3 43 33 6 10 32 49 21 38 32 22 14 
26 38 45 12 32 72 62 23 39 3 20 50 67 61 51 43 
41 53 60 3 47 87 77 38 54 12 5 65 82 76 66 58 
4 8 15 42 2 42 32 7 9 33 50 20 37 31 21 13 
46 34 27 84 40 0 10 49 33 75 92 22 5 11 21 29 

11 33 20 10 31 17 28 61 15 60 7 2 46 2 4 28 
11 33 20 10 31 17 28 61 15 60 7 2 46 2 4 28 
0 44 31 21 20 6 17 72 26 71 18 13 57 13 15 17 
22 22 9 1 42 28 39 50 4 49 4 9 35 9 7 39 
8 52 39 29 12 2 9 80 34 79 26 21 65 21 23 9 
38 6 7 17 58 44 55 34 12 33 20 25 19 25 23 55 
16 28 15 5 36 22 33 56 10 55 2 3 41 3 1 33 
48 4 17 27 68 54 65 24 22 23 30 35 9 35 33 65 
14 30 17 7 34 20 31 58 12 57 4 1 43 1 1 31 
72 28 41 51 92 78 89 0 46 1 54 59 15 59 57 89 
10 54 41 31 10 4 7 82 36 81 28 23 67 23 25 7 
24 20 7 3 44 30 41 48 2 47 6 11 33 11 9 41 
53 9 22 32 73 59 70 19 27 18 35 40 4 40 38 70 
68 24 37 47 88 74 85 4 42 3 50 55 11 55 53 85 
23 21 8 2 43 29 40 49 3 48 5 10 34 10 8 40 
19 63 50 40 1 13 2 91 45 90 37 32 76 32 34 2 

42 17 29 16 23 3 11 24 22 46 30 34 28 10 64 17 
42 17 29 16 23 3 11 24 22 46 30 34 28 10 64 17 
53 28 40 5 12 14 22 13 33 57 19 23 17 21 75 6 
31 6 18 27 34 8 0 35 11 35 41 45 39 1 53 28 
61 36 48 3 4 22 30 5 41 65 11 15 9 29 83 2 
15 10 2 43 50 24 16 51 5 19 57 61 55 17 37 44 
37 12 24 21 28 2 6 29 17 41 35 39 33 5 59 22 
5 20 8 53 60 34 26 61 15 9 67 71 65 27 27 54 
39 14 26 19 26 0 8 27 19 43 33 37 31 7 61 20 
19 44 32 77 84 58 50 85 39 15 91 95 89 51 3 78 
63 38 50 5 2 24 32 3 43 67 9 13 7 31 85 4 
29 4 16 29 36 10 2 37 9 33 43 47 41 3 51 30 
0 25 13 58 65 39 31 66 20 4 72 76 70 32 22 59 
15 40 28 73 80 54 46 81 35 11 87 91 85 47 7 74 
30 5 17 28 35 9 1 36 10 34 42 46 40 2 52 29 
72 47 59 14 7 33 41 6 52 76 0 4 2 40 94 13 

57 15 7 6 19 3 20 21 41 2 19 30 3 24 56 2 
57 15 7 6 19 3 20 21 41 2 19 30 3 24 56 2 
68 4 18 5 30 8 31 32 52 13 8 19 14 13 67 13 
46 26 4 17 8 14 9 10 30 9 30 41 8 35 45 9 
76 4 26 13 38 16 39 40 60 21 0 11 22 5 75 21 
30 42 20 33 8 30 7 6 14 25 46 57 24 51 29 25 
52 20 2 11 14 8 15 16 36 3 24 35 2 29 51 3 
20 52 30 43 18 40 17 16 4 35 56 67 34 61 19 35 
54 18 4 9 16 6 17 18 38 1 22 33 0 27 53 1 
4 76 54 67 42 64 41 40 20 59 80 91 58 85 5 59 
78 6 28 15 40 18 41 42 62 23 2 9 24 3 77 23 
44 28 6 19 6 16 7 8 28 11 32 43 10 37 43 11 
15 57 35 48 23 45 22 21 1 40 61 72 39 66 14 40 
0 72 50 63 38 60 37 36 16 55 76 87 54 81 1 55 
45 27 5 18 7 15 8 9 29 10 31 42 9 36 44 10 
87 15 37 24 49 27 50 51 71 32 11 0 33 6 86 32 

5 2 33 22 55 20 38 25 3 11 26 57 11 58 16 34 
5 2 33 22 55 20 38 25 3 11 26 57 11 58 16 34 
16 9 22 33 66 31 49 14 8 22 37 68 0 69 27 45 
6 13 44 11 44 9 27 36 14 0 15 46 22 47 5 23 
24 17 14 41 74 39 57 6 16 30 45 76 8 77 35 53 
22 29 60 5 28 7 11 52 30 16 1 30 38 31 11 7 
0 7 38 17 50 15 33 30 8 6 21 52 16 53 11 29 
32 39 70 15 18 17 1 62 40 26 11 20 48 21 21 3 
2 5 36 19 52 17 35 28 6 8 23 54 14 55 13 31 
56 63 94 39 6 41 23 86 64 50 35 4 72 3 45 27 
26 19 12 43 76 41 59 4 18 32 47 78 10 79 37 55 
8 15 46 9 42 7 25 38 16 2 13 44 24 45 3 21 
37 44 75 20 13 22 4 67 45 31 16 15 53 16 26 8 
52 59 90 35 2 37 19 82 60 46 31 0 68 1 41 23 
7 14 45 10 43 8 26 37 15 1 14 45 23 46 4 22 
35 28 3 52 85 50 68 5 27 41 56 87 19 88 46 64 

4 28 12 7 43 37 46 46 39 1 35 4 11 2 43 12 
44 68 52 47 83 77 86 6 1 41 75 36 29 42 3 28 
5 19 3 2 34 28 37 55 48 8 26 13 20 7 52 21 
19 5 11 16 20 14 23 69 62 22 12 27 34 21 66 35 
42 18 34 39 3 9 0 92 85 45 11 50 57 44 89 58 
11 13 3 8 28 22 31 61 54 14 20 19 26 13 58 27 
39 63 47 42 78 72 81 11 4 36 70 31 24 37 8 23 
37 13 29 34 2 4 5 87 80 40 6 45 52 39 84 53 
12 36 20 15 51 45 54 38 31 9 43 4 3 10 35 4 
21 45 29 24 60 54 63 29 22 18 52 13 6 19 26 5 
4 20 4 1 35 29 38 54 47 7 27 12 19 6 51 20 
9 33 17 12 48 42 51 41 34 6 40 1 6 7 38 7 
30 54 38 33 69 63 72 20 13 27 61 22 15 28 17 14 
14 10 6 11 25 19 28 64 57 17 17 22 29 16 61 30 
34 58 42 37 73 67 76 16 9 31 65 26 19 32 13 18 
2 26 10 5 41 35 44 48 41 1 33 6 13 0 45 14 

1 7 17 27 11 19 49 43 23 1 33 45 23 47 21 40 
39 33 57 13 51 21 9 83 63 41 7 85 63 87 61 80 
10 16 8 36 2 28 58 34 14 8 42 36 14 38 12 31 
24 30 6 50 12 42 72 20 0 22 56 22 0 24 2 17 
47 53 29 73 35 65 95 3 23 45 79 1 23 1 25 6 
16 22 2 42 4 34 64 28 8 14 48 30 8 32 6 25 
34 28 52 8 46 16 14 78 58 36 2 80 58 82 56 75 
42 48 24 68 30 60 90 2 18 40 74 4 18 6 20 1 
7 1 25 19 19 11 41 51 31 9 25 53 31 55 29 48 
16 10 34 10 28 2 32 60 40 18 16 62 40 64 38 57 
9 15 9 35 3 27 57 35 15 7 41 37 15 39 13 32 
4 2 22 22 16 14 44 48 28 6 28 50 28 52 26 45 
25 19 43 1 37 7 23 69 49 27 7 71 49 73 47 66 
19 25 1 45 7 37 67 25 5 17 51 27 5 29 3 22 
29 23 47 3 41 11 19 73 53 31 3 75 53 77 51 70 
3 9 15 29 9 21 51 41 21 1 35 43 21 45 19 38 

18 32 40 50 0 5 2 22 32 0 27 4 26 49 5 39 
58 72 0 10 40 35 42 62 8 40 67 36 14 9 35 79 
9 23 49 59 9 14 7 13 41 9 18 13 35 58 14 30 
5 9 63 73 23 28 21 1 55 23 4 27 49 72 28 16 
28 14 86 96 46 51 44 24 78 46 19 50 72 95 51 7 
3 17 55 65 15 20 13 7 47 15 12 19 41 64 20 24 
53 67 5 15 35 30 37 57 3 35 62 31 9 14 30 74 
23 9 81 91 41 46 39 19 73 41 14 45 67 90 46 2 
26 40 32 42 8 3 10 30 24 8 35 4 18 41 3 47 
35 49 23 33 17 12 19 39 15 17 44 13 9 32 12 56 
10 24 48 58 8 13 6 14 40 8 19 12 34 57 13 31 
23 37 35 45 5 0 7 27 27 5 32 1 21 44 0 44 
44 58 14 24 26 21 28 48 6 26 53 22 0 23 21 65 
0 14 58 68 18 23 16 4 50 18 9 22 44 67 23 21 
48 62 10 20 30 25 32 52 2 30 57 26 4 19 25 69 
16 30 42 52 2 7 0 20 34 2 25 6 28 51 7 37 

4 8 15 42 2 42 32 7 9 33 50 20 37 31 21 13 
36 48 55 2 42 82 72 33 49 7 10 60 77 71 61 53 
13 1 6 51 7 33 23 16 0 42 59 11 28 22 12 4 
27 15 8 65 21 19 9 30 14 56 73 3 14 8 2 10 
50 38 31 88 44 4 14 53 37 79 96 26 9 15 25 33 
19 7 0 57 13 27 17 22 6 48 65 5 22 16 6 2 
31 43 50 7 37 77 67 28 44 2 15 55 72 66 56 48 
45 33 26 83 39 1 9 48 32 74 91 21 4 10 20 28 
4 16 23 34 10 50 40 1 17 25 42 28 45 39 29 21 
13 25 32 25 19 59 49 10 26 16 33 37 54 48 38 30 
12 0 7 50 6 34 24 15 1 41 58 12 29 23 13 5 
1 13 20 37 7 47 37 2 14 28 45 25 42 36 26 18 
22 34 41 16 28 68 58 19 35 7 24 46 63 57 47 39 
22 10 3 60 16 24 14 25 9 51 68 2 19 13 3 5 
26 38 45 12 32 72 62 23 39 3 20 50 67 61 51 43 
6 6 13 44 0 40 30 9 7 35 52 18 35 29 19 11 

23 21 8 2 43 29 40 49 3 48 5 10 34 10 8 40 
63 19 32 42 83 69 80 9 37 8 45 50 6 50 48 80 
14 30 17 7 34 20 31 58 12 57 4 1 43 1 1 31 
0 44 31 21 20 6 17 72 26 71 18 13 57 13 15 17 
23 67 54 44 3 17 6 95 49 94 41 36 80 36 38 6 
8 36 23 13 28 14 25 64 18 63 10 5 49 5 7 25 
58 14 27 37 78 64 75 14 32 13 40 45 1 45 43 75 
18 62 49 39 2 12 1 90 44 89 36 31 75 31 33 1 
31 13 0 10 51 37 48 41 5 40 13 18 26 18 16 48 
40 4 9 19 60 46 57 32 14 31 22 27 17 27 25 57 
15 29 16 6 35 21 32 57 11 56 3 2 42 2 0 32 
28 16 3 7 48 34 45 44 2 43 10 15 29 15 13 45 
49 5 18 28 69 55 66 23 23 22 31 36 8 36 34 66 
5 39 26 16 25 11 22 67 21 66 13 8 52 8 10 22 
53 9 22 32 73 59 70 19 27 18 35 40 4 40 38 70 
21 23 10 0 41 27 38 51 5 50 3 8 36 8 6 38 

30 5 17 28 35 9 1 36 10 34 42 46 40 2 52 29 
10 35 23 68 75 49 41 76 30 6 82 86 80 42 12 69 
39 14 26 19 26 0 8 27 19 43 33 37 31 7 61 20 
53 28 40 5 12 14 22 13 33 57 19 23 17 21 75 6 
76 51 63 18 11 37 45 10 56 80 4 0 6 44 98 17 
45 20 32 13 20 6 14 21 25 49 27 31 25 13 67 14 
5 30 18 63 70 44 36 71 25 1 77 81 75 37 17 64 
71 46 58 13 6 32 40 5 51 75 1 5 1 39 93 12 
22 3 9 36 43 17 9 44 2 26 50 54 48 10 44 37 
13 12 0 45 52 26 18 53 7 17 59 63 57 19 35 46 
38 13 25 20 27 1 7 28 18 42 34 38 32 6 60 21 
25 0 12 33 40 14 6 41 5 29 47 51 45 7 47 34 
4 21 9 54 61 35 27 62 16 8 68 72 66 28 26 55 
48 23 35 10 17 9 17 18 28 52 24 28 22 16 70 11 
0 25 13 58 65 39 31 66 20 4 72 76 70 32 22 59 
32 7 19 26 33 7 1 34 12 36 40 44 38 0 54 27 

45 27 5 18 7 15 8 9 29 10 31 42 9 36 44 10 
5 67 45 58 33 55 32 31 11 50 71 82 49 76 4 50 
54 18 4 9 16 6 17 18 38 1 22 33 0 27 53 1 
68 4 18 5 30 8 31 32 52 13 8 19 14 13 67 13 
91 19 41 28 53 31 54 55 75 36 15 4 37 10 90 36 
60 12 10 3 22 0 23 24 44 5 16 27 6 21 59 5 
10 62 40 53 28 50 27 26 6 45 66 77 44 71 9 45 
86 14 36 23 48 26 49 50 70 31 10 1 32 5 85 31 
37 35 13 26 1 23 0 1 21 18 39 50 17 44 36 18 
28 44 22 35 10 32 9 8 12 27 48 59 26 53 27 27 
53 19 3 10 15 7 16 17 37 2 23 34 1 28 52 2 
40 32 10 23 2 20 3 4 24 15 36 47 14 41 39 15 
19 53 31 44 19 41 18 17 3 36 57 68 35 62 18 36 
63 9 13 0 25 3 26 27 47 8 13 24 9 18 62 8 
15 57 35 48 23 45 22 21 1 40 61 72 39 66 14 40 
47 25 3 16 9 13 10 11 31 8 29 40 7 34 46 8 

7 14 45 10 43 8 26 37 15 1 14 45 23 46 4 22 
47 54 85 30 3 32 14 77 55 41 26 5 63 6 36 18 
2 5 36 19 52 17 35 28 6 8 23 54 14 55 13 31 
16 9 22 33 66 31 49 14 8 22 37 68 0 69 27 45 
39 32 1 56 89 54 72 9 31 45 60 91 23 92 50 68 
8 1 30 25 58 23 41 22 0 14 29 60 8 61 19 37 
42 49 80 25 8 27 9 72 50 36 21 10 58 11 31 13 
34 27 4 51 84 49 67 4 26 40 55 86 18 87 45 63 
15 22 53 2 35 0 18 45 23 9 6 37 31 38 4 14 
24 31 62 7 26 9 9 54 32 18 3 28 40 29 13 5 
1 6 37 18 51 16 34 29 7 7 22 53 15 54 12 30 
12 19 50 5 38 3 21 42 20 6 9 40 28 41 1 17 
33 40 71 16 17 18 0 63 41 27 12 19 49 20 22 4 
11 4 27 28 61 26 44 19 3 17 32 63 5 64 22 40 
37 44 75 20 13 22 4 67 45 31 16 15 53 16 26 8 
5 12 43 12 45 10 28 35 13 1 16 47 21 48 6 24 

5 11 13 31 7 23 53 39 19 3 37 41 19 43 17 36 
29 35 11 55 17 47 77 15 5 27 61 17 5 19 7 12 
13 19 5 39 1 31 61 31 11 11 45 33 11 35 9 28 
8 14 10 34 4 26 56 36 16 6 40 38 16 40 14 33 
44 50 26 70 32 62 92 0 20 42 76 2 20 4 22 3 
38 44 20 64 26 56 86 6 14 36 70 8 14 10 16 3 
47 53 29 73 35 65 95 3 23 45 79 1 23 1 25 6 
45 39 63 19 57 27 3 89 69 47 13 91 69 93 67 86 
38 32 56 12 50 20 10 82 62 40 6 84 62 86 60 79 
2 8 16 28 10 20 50 42 22 0 34 44 22 46 20 39 
36 42 18 62 24 54 84 8 12 34 68 10 12 12 14 5 
3 3 21 23 15 15 45 47 27 5 29 49 27 51 25 44 
10 4 28 16 22 8 38 54 34 12 22 56 34 58 32 51 
3 9 15 29 9 21 51 41 21 1 35 43 21 45 19 38 
42 36 60 16 54 24 6 86 66 44 10 88 66 90 64 83 
11 5 29 15 23 7 37 55 35 13 21 57 35 59 33 52 

14 28 44 54 4 9 2 18 36 4 23 8 30 53 9 35 
10 4 68 78 28 33 26 6 60 28 1 32 54 77 33 11 
6 20 52 62 12 17 10 10 44 12 15 16 38 61 17 27 
11 25 47 57 7 12 5 15 39 7 20 11 33 56 12 32 
25 11 83 93 43 48 41 21 75 43 16 47 69 92 48 4 
19 5 77 87 37 42 35 15 69 37 10 41 63 86 42 2 
28 14 86 96 46 51 44 24 78 46 19 50 72 95 51 7 
64 78 6 4 46 41 48 68 14 46 73 42 20 3 41 85 
57 71 1 11 39 34 41 61 7 39 66 35 13 10 34 78 
17 31 41 51 1 6 1 21 33 1 26 5 27 50 6 38 
17 3 75 85 35 40 33 13 67 35 8 39 61 84 40 4 
22 36 36 46 4 1 6 26 28 4 31 0 22 45 1 43 
29 43 29 39 11 6 13 33 21 11 38 7 15 38 6 50 
16 30 42 52 2 7 0 20 34 2 25 6 28 51 7 37 
61 75 3 7 43 38 45 65 11 43 70 39 17 6 38 82 
30 44 28 38 12 7 14 34 20 12 39 8 14 37 7 51 

8 4 11 46 2 38 28 11 5 37 54 16 33 27 17 9 
32 20 13 70 26 14 4 35 19 61 78 8 9 3 7 15 
16 4 3 54 10 30 20 19 3 45 62 8 25 19 9 1 
11 1 8 49 5 35 25 14 2 40 57 13 30 24 14 6 
47 35 28 85 41 1 11 50 34 76 93 23 6 12 22 30 
41 29 22 79 35 5 5 44 28 70 87 17 0 6 16 24 
50 38 31 88 44 4 14 53 37 79 96 26 9 15 25 33 
42 54 61 4 48 88 78 39 55 13 4 66 83 77 67 59 
35 47 54 3 41 81 71 32 48 6 11 59 76 70 60 52 
5 7 14 43 1 41 31 8 8 34 51 19 36 30 20 12 
39 27 20 77 33 7 3 42 26 68 85 15 2 4 14 22 
0 12 19 38 6 46 36 3 13 29 46 24 41 35 25 17 
7 19 26 31 13 53 43 4 20 22 39 31 48 42 32 24 
6 6 13 44 0 40 30 9 7 35 52 18 35 29 19 11 
39 51 58 1 45 85 75 36 52 10 7 63 80 74 64 56 
8 20 27 30 14 54 44 5 21 21 38 32 49 43 33 25 

19 25 12 2 39 25 36 53 7 52 1 6 38 6 4 36 
5 49 36 26 15 1 12 77 31 76 23 18 62 18 20 12 
11 33 20 10 31 17 28 61 15 60 7 2 46 2 4 28 
16 28 15 5 36 22 33 56 10 55 2 3 41 3 1 33 
20 64 51 41 0 14 3 92 46 91 38 33 77 33 35 3 
14 58 45 35 6 8 3 86 40 85 32 27 71 27 29 3 
23 67 54 44 3 17 6 95 49 94 41 36 80 36 38 6 
69 25 38 48 89 75 86 3 43 2 51 56 12 56 54 86 
62 18 31 41 82 68 79 10 36 9 44 49 5 49 47 79 
22 22 9 1 42 28 39 50 4 49 4 9 35 9 7 39 
12 56 43 33 8 6 5 84 38 83 30 25 69 25 27 5 
27 17 4 6 47 33 44 45 1 44 9 14 30 14 12 44 
34 10 3 13 54 40 51 38 8 37 16 21 23 21 19 51 
21 23 10 0 41 27 38 51 5 50 3 8 36 8 6 38 
66 22 35 45 86 72 83 6 40 5 48 53 9 53 51 83 
35 9 4 14 55 41 52 37 9 36 17 22 22 22 20 52 

34 9 21 24 31 5 3 32 14 38 38 42 36 2 56 25 
58 33 45 0 7 19 27 8 38 62 14 18 12 26 80 1 
42 17 29 16 23 3 11 24 22 46 30 34 28 10 64 17 
37 12 24 21 28 2 6 29 17 41 35 39 33 5 59 22 
73 48 60 15 8 34 42 7 53 77 1 3 3 41 95 14 
67 42 54 9 2 28 36 1 47 71 5 9 3 35 89 8 
76 51 63 18 11 37 45 10 56 80 4 0 6 44 98 17 
16 41 29 74 81 55 47 82 36 12 88 92 86 48 6 75 
9 34 22 67 74 48 40 75 29 5 81 85 79 41 13 68 
31 6 18 27 34 8 0 35 11 35 41 45 39 1 53 28 
65 40 52 7 0 26 34 1 45 69 7 11 5 33 87 6 
26 1 13 32 39 13 5 40 6 30 46 50 44 6 48 33 
19 6 6 39 46 20 12 47 1 23 53 57 51 13 41 40 
32 7 19 26 33 7 1 34 12 36 40 44 38 0 54 27 
13 38 26 71 78 52 44 79 33 9 85 89 83 45 9 72 
18 7 5 40 47 21 13 48 2 22 54 58 52 14 40 41 

49 23 1 14 11 11 12 13 33 6 27 38 5 32 48 6 
73 1 23 10 35 13 36 37 57 18 3 14 19 8 72 18 
57 15 7 6 19 3 20 21 41 2 19 30 3 24 56 2 
52 20 2 11 14 8 15 16 36 3 24 35 2 29 51 3 
88 16 38 25 50 28 51 52 72 33 12 1 34 7 87 33 
82 10 32 19 44 22 45 46 66 27 6 5 28 1 81 27 
91 19 41 28 53 31 54 55 75 36 15 4 37 10 90 36 
1 73 51 64 39 61 38 37 17 56 77 88 55 82 2 56 
6 66 44 57 32 54 31 30 10 49 70 81 48 75 5 49 
46 26 4 17 8 14 9 10 30 9 30 41 8 35 45 9 
80 8 30 17 42 20 43 44 64 25 4 7 26 1 79 25 
41 31 9 22 3 19 4 5 25 14 35 46 13 40 40 14 
34 38 16 29 4 26 3 2 18 21 42 53 20 47 33 21 
47 25 3 16 9 13 10 11 31 8 29 40 7 34 46 8 
2 70 48 61 36 58 35 34 14 53 74 85 52 79 1 53 
33 39 17 30 5 27 4 3 17 22 43 54 21 48 32 22 

3 10 41 14 47 12 30 33 11 3 18 49 19 50 8 26 
21 14 17 38 71 36 54 9 13 27 42 73 5 74 32 50 
5 2 33 22 55 20 38 25 3 11 26 57 11 58 16 34 
0 7 38 17 50 15 33 30 8 6 21 52 16 53 11 29 
36 29 2 53 86 51 69 6 28 42 57 88 20 89 47 65 
30 23 8 47 80 45 63 0 22 36 51 82 14 83 41 59 
39 32 1 56 89 54 72 9 31 45 60 91 23 92 50 68 
53 60 91 36 3 38 20 83 61 47 32 1 69 0 42 24 
46 53 84 29 4 31 13 76 54 40 25 6 62 7 35 17 
6 13 44 11 44 9 27 36 14 0 15 46 22 47 5 23 
28 21 10 45 78 43 61 2 20 34 49 80 12 81 39 57 
11 18 49 6 39 4 22 41 19 5 10 41 27 42 0 18 
18 25 56 1 32 3 15 48 26 12 3 34 34 35 7 11 
5 12 43 12 45 10 28 35 13 1 16 47 21 48 6 24 
50 57 88 33 0 35 17 80 58 44 29 2 66 3 39 21 
19 26 57 2 31 4 14 49 27 13 2 33 35 34 8 10 

19 33 39 49 1 4 3 23 31 1 28 3 25 48 4 40 
25 39 33 43 7 2 9 29 25 7 34 3 19 42 2 46 
1 15 57 67 17 22 15 5 49 17 10 21 43 66 22 22 
45 59 13 23 27 22 29 49 5 27 54 23 1 22 22 66 
7 21 51 61 11 16 9 11 43 11 16 15 37 60 16 28 
37 51 21 31 19 14 21 41 13 19 46 15 7 30 14 58 
67 81 9 1 49 44 51 71 17 49 76 45 23 0 44 88 
25 11 83 93 43 48 41 21 75 43 16 47 69 92 48 4 
5 9 63 73 23 28 21 1 55 23 4 27 49 72 28 16 
17 31 41 51 1 6 1 21 33 1 26 5 27 50 6 38 
51 65 7 17 33 28 35 55 1 33 60 29 7 16 28 72 
27 13 85 95 45 50 43 23 77 45 18 49 71 94 50 6 
5 9 63 73 23 28 21 1 55 23 4 27 49 72 28 16 
29 15 87 97 47 52 45 25 79 47 20 51 73 96 52 8 
3 11 61 71 21 26 19 1 53 21 6 25 47 70 26 18 
22 8 80 90 40 45 38 18 72 40 13 44 66 89 45 1 

3 9 16 41 3 43 33 6 10 32 49 21 38 32 22 14 
3 15 22 35 9 49 39 0 16 26 43 27 44 38 28 20 
21 9 2 59 15 25 15 24 8 50 67 3 20 14 4 4 
23 35 42 15 29 69 59 20 36 6 23 47 64 58 48 40 
15 3 4 53 9 31 21 18 2 44 61 9 26 20 10 2 
15 27 34 23 21 61 51 12 28 14 31 39 56 50 40 32 
45 57 64 7 51 91 81 42 58 16 1 69 86 80 70 62 
47 35 28 85 41 1 11 50 34 76 93 23 6 12 22 30 
27 15 8 65 21 19 9 30 14 56 73 3 14 8 2 10 
5 7 14 43 1 41 31 8 8 34 51 19 36 30 20 12 
29 41 48 9 35 75 65 26 42 0 17 53 70 64 54 46 
49 37 30 87 43 3 13 52 36 78 95 25 8 14 24 32 
27 15 8 65 21 19 9 30 14 56 73 3 14 8 2 10 
51 39 32 89 45 5 15 54 38 80 97 27 10 16 26 34 
25 13 6 63 19 21 11 28 12 54 71 1 16 10 0 8 
44 32 25 82 38 2 8 47 31 73 90 20 3 9 19 27 

24 20 7 3 44 30 41 48 2 47 6 11 33 11 9 41 
30 14 1 9 50 36 47 42 4 41 12 17 27 17 15 47 
6 38 25 15 26 12 23 66 20 65 12 7 51 7 9 23 
50 6 19 29 70 56 67 22 24 21 32 37 7 37 35 67 
12 32 19 9 32 18 29 60 14 59 6 1 45 1 3 29 
42 2 11 21 62 48 59 30 16 29 24 29 15 29 27 59 
72 28 41 51 92 78 89 0 46 1 54 59 15 59 57 89 
20 64 51 41 0 14 3 92 46 91 38 33 77 33 35 3 
0 44 31 21 20 6 17 72 26 71 18 13 57 13 15 17 
22 22 9 1 42 28 39 50 4 49 4 9 35 9 7 39 
56 12 25 35 76 62 73 16 30 15 38 43 1 43 41 73 
22 66 53 43 2 16 5 94 48 93 40 35 79 35 37 5 
0 44 31 21 20 6 17 72 26 71 18 13 57 13 15 17 
24 68 55 45 4 18 7 96 50 95 42 37 81 37 39 7 
2 42 29 19 22 8 19 70 24 69 16 11 55 11 13 19 
17 61 48 38 3 11 0 89 43 88 35 30 74 30 32 0 

29 4 16 29 36 10 2 37 9 33 43 47 41 3 51 30 
23 2 10 35 42 16 8 43 3 27 49 53 47 9 45 36 
47 22 34 11 18 8 16 19 27 51 25 29 23 15 69 12 
3 22 10 55 62 36 28 63 17 7 69 73 67 29 25 56 
41 16 28 17 24 2 10 25 21 45 31 35 29 9 63 18 
11 14 2 47 54 28 20 55 9 15 61 65 59 21 33 48 
19 44 32 77 84 58 50 85 39 15 91 95 89 51 3 78 
73 48 60 15 8 34 42 7 53 77 1 3 3 41 95 14 
53 28 40 5 12 14 22 13 33 57 19 23 17 21 75 6 
31 6 18 27 34 8 0 35 11 35 41 45 39 1 53 28 
3 28 16 61 68 42 34 69 23 1 75 79 73 35 19 62 
75 50 62 17 10 36 44 9 55 79 3 1 5 43 97 16 
53 28 40 5 12 14 22 13 33 57 19 23 17 21 75 6 
77 52 64 19 12 38 46 11 57 81 5 1 7 45 99 18 
51 26 38 7 14 12 20 15 31 55 21 25 19 19 73 8 
70 45 57 12 5 31 39 4 50 74 2 6 0 38 92 11 

44 28 6 19 6 16 7 8 28 11 32 43 10 37 43 11 
38 34 12 25 0 22 1 2 22 17 38 49 16 43 37 17 
62 10 12 1 24 2 25 26 46 7 14 25 8 19 61 7 
18 54 32 45 20 42 19 18 2 37 58 69 36 63 17 37 
56 16 6 7 18 4 19 20 40 1 20 31 2 25 55 1 
26 46 24 37 12 34 11 10 10 29 50 61 28 55 25 29 
4 76 54 67 42 64 41 40 20 59 80 91 58 85 5 59 
88 16 38 25 50 28 51 52 72 33 12 1 34 7 87 33 
68 4 18 5 30 8 31 32 52 13 8 19 14 13 67 13 
46 26 4 17 8 14 9 10 30 9 30 41 8 35 45 9 
12 60 38 51 26 48 25 24 4 43 64 75 42 69 11 43 
90 18 40 27 52 30 53 54 74 35 14 3 36 9 89 35 
68 4 18 5 30 8 31 32 52 13 8 19 14 13 67 13 
92 20 42 29 54 32 55 56 76 37 16 5 38 11 91 37 
66 6 16 3 28 6 29 30 50 11 10 21 12 15 65 11 
85 13 35 22 47 25 48 49 69 30 9 2 31 4 84 30 

8 15 46 9 42 7 25 38 16 2 13 44 24 45 3 21 
14 21 52 3 36 1 19 44 22 8 7 38 30 39 3 15 
10 3 28 27 60 25 43 20 2 16 31 62 6 63 21 39 
34 41 72 17 16 19 1 64 42 28 13 18 50 19 23 5 
4 3 34 21 54 19 37 26 4 10 25 56 12 57 15 33 
26 33 64 9 24 11 7 56 34 20 5 26 42 27 15 3 
56 63 94 39 6 41 23 86 64 50 35 4 72 3 45 27 
36 29 2 53 86 51 69 6 28 42 57 88 20 89 47 65 
16 9 22 33 66 31 49 14 8 22 37 68 0 69 27 45 
6 13 44 11 44 9 27 36 14 0 15 46 22 47 5 23 
40 47 78 23 10 25 7 70 48 34 19 12 56 13 29 11 
38 31 0 55 88 53 71 8 30 44 59 90 22 91 49 67 
16 9 22 33 66 31 49 14 8 22 37 68 0 69 27 45 
40 33 2 57 90 55 73 10 32 46 61 92 24 93 51 69 
14 7 24 31 64 29 47 16 6 20 35 66 2 67 25 43 
33 26 5 50 83 48 66 3 25 39 54 85 17 86 44 62 

22 10 3 60 16 24 14 25 9 51 68 2 19 13 3 5 
36 24 17 74 30 10 0 39 23 65 82 12 5 1 11 19 
36 48 55 2 42 82 72 33 49 7 10 60 77 71 61 53 
46 58 65 8 52 92 82 43 59 17 0 70 87 81 71 63 
4 8 15 42 2 42 32 7 9 33 50 20 37 31 21 13 
1 13 20 37 7 47 37 2 14 28 45 25 42 36 26 18 
6 6 13 44 0 40 30 9 7 35 52 18 35 29 19 11 
26 14 7 64 20 20 10 29 13 55 72 2 15 9 1 9 
28 40 47 10 34 74 64 25 41 1 18 52 69 63 53 45 
4 8 15 42 2 42 32 7 9 33 50 20 37 31 21 13 
31 19 12 69 25 15 5 34 18 60 77 7 10 4 6 14 
0 12 19 38 6 46 36 3 13 29 46 24 41 35 25 17 
22 34 41 16 28 68 58 19 35 7 24 46 63 57 47 39 
45 57 64 7 51 91 81 42 58 16 1 69 86 80 70 62 
1 13 20 37 7 47 37 2 14 28 45 25 42 36 26 18 
43 31 24 81 37 3 7 46 30 72 89 19 2 8 18 26 

5 39 26 16 25 11 22 67 21 66 13 8 52 8 10 22 
9 53 40 30 11 3 8 81 35 80 27 22 66 22 24 8 
63 19 32 42 83 69 80 9 37 8 45 50 6 50 48 80 
73 29 42 52 93 79 90 1 47 2 55 60 16 60 58 90 
23 21 8 2 43 29 40 49 3 48 5 10 34 10 8 40 
28 16 3 7 48 34 45 44 2 43 10 15 29 15 13 45 
21 23 10 0 41 27 38 51 5 50 3 8 36 8 6 38 
1 43 30 20 21 7 18 71 25 70 17 12 56 12 14 18 
55 11 24 34 75 61 72 17 29 16 37 42 2 42 40 72 
23 21 8 2 43 29 40 49 3 48 5 10 34 10 8 40 
4 48 35 25 16 2 13 76 30 75 22 17 61 17 19 13 
27 17 4 6 47 33 44 45 1 44 9 14 30 14 12 44 
49 5 18 28 69 55 66 23 23 22 31 36 8 36 34 66 
72 28 41 51 92 78 89 0 46 1 54 59 15 59 57 89 
28 16 3 7 48 34 45 44 2 43 10 15 29 15 13 45 
16 60 47 37 4 10 1 88 42 87 34 29 73 29 31 1 

48 23 35 10 17 9 17 18 28 52 24 28 22 16 70 11 
62 37 49 4 3 23 31 4 42 66 10 14 8 30 84 3 
10 35 23 68 75 49 41 76 30 6 82 86 80 42 12 69 
20 45 33 78 85 59 51 86 40 16 92 96 90 52 2 79 
30 5 17 28 35 9 1 36 10 34 42 46 40 2 52 29 
25 0 12 33 40 14 6 41 5 29 47 51 45 7 47 34 
32 7 19 26 33 7 1 34 12 36 40 44 38 0 54 27 
52 27 39 6 13 13 21 14 32 56 20 24 18 20 74 7 
2 27 15 60 67 41 33 68 22 2 74 78 72 34 20 61 
30 5 17 28 35 9 1 36 10 34 42 46 40 2 52 29 
57 32 44 1 8 18 26 9 37 61 15 19 13 25 79 2 
26 1 13 32 39 13 5 40 6 30 46 50 44 6 48 33 
4 21 9 54 61 35 27 62 16 8 68 72 66 28 26 55 
19 44 32 77 84 58 50 85 39 15 91 95 89 51 3 78 
25 0 12 33 40 14 6 41 5 29 47 51 45 7 47 34 
69 44 56 11 4 30 38 3 49 73 3 7 1 37 91 10 

63 9 13 0 25 3 26 27 47 8 13 24 9 18 62 8 
77 5 27 14 39 17 40 41 61 22 1 10 23 4 76 22 
5 67 45 58 33 55 32 31 11 50 71 82 49 76 4 50 
5 77 55 68 43 65 42 41 21 60 81 92 59 86 6 60 
45 27 5 18 7 15 8 9 29 10 31 42 9 36 44 10 
40 32 10 23 2 20 3 4 24 15 36 47 14 41 39 15 
47 25 3 16 9 13 10 11 31 8 29 40 7 34 46 8 
67 5 17 4 29 7 30 31 51 12 9 20 13 14 66 12 
13 59 37 50 25 47 24 23 3 42 63 74 41 68 12 42 
45 27 5 18 7 15 8 9 29 10 31 42 9 36 44 10 
72 0 22 9 34 12 35 36 56 17 4 15 18 9 71 17 
41 31 9 22 3 19 4 5 25 14 35 46 13 40 40 14 
19 53 31 44 19 41 18 17 3 36 57 68 35 62 18 36 
4 76 54 67 42 64 41 40 20 59 80 91 58 85 5 59 
40 32 10 23 2 20 3 4 24 15 36 47 14 41 39 15 
84 12 34 21 46 24 47 48 68 29 8 3 30 3 83 29 

11 4 27 28 61 26 44 19 3 17 32 63 5 64 22 40 
25 18 13 42 75 40 58 5 17 31 46 77 9 78 36 54 
47 54 85 30 3 32 14 77 55 41 26 5 63 6 36 18 
57 64 95 40 7 42 24 87 65 51 36 5 73 4 46 28 
7 14 45 10 43 8 26 37 15 1 14 45 23 46 4 22 
12 19 50 5 38 3 21 42 20 6 9 40 28 41 1 17 
5 12 43 12 45 10 28 35 13 1 16 47 21 48 6 24 
15 8 23 32 65 30 48 15 7 21 36 67 1 68 26 44 
39 46 77 22 11 24 6 69 47 33 18 13 55 14 28 10 
7 14 45 10 43 8 26 37 15 1 14 45 23 46 4 22 
20 13 18 37 70 35 53 10 12 26 41 72 4 73 31 49 
11 18 49 6 39 4 22 41 19 5 10 41 27 42 0 18 
33 40 71 16 17 18 0 63 41 27 12 19 49 20 22 4 
56 63 94 39 6 41 23 86 64 50 35 4 72 3 45 27 
12 19 50 5 38 3 21 42 20 6 9 40 28 41 1 17 
32 25 6 49 82 47 65 2 24 38 53 84 16 85 43 61 

27 17 4 6 47 33 44 45 1 44 9 14 30 14 12 44 
15 29 16 6 35 21 32 57 11 56 3 2 42 2 0 32 
8 36 23 13 28 14 25 64 18 63 10 5 49 5 7 25 
65 21 34 44 85 71 82 7 39 6 47 52 8 52 50 82 
21 23 10 0 41 27 38 51 5 50 3 8 36 8 6 38 
19 63 50 40 1 13 2 91 45 90 37 32 76 32 34 2 
9 53 40 30 11 3 8 81 35 80 27 22 66 22 24 8 
30 14 1 9 50 36 47 42 4 41 12 17 27 17 15 47 
14 30 17 7 34 20 31 58 12 57 4 1 43 1 1 31 
56 12 25 35 76 62 73 16 30 15 38 43 1 43 41 73 
73 29 42 52 93 79 90 1 47 2 55 60 16 60 58 90 
3 41 28 18 23 9 20 69 23 68 15 10 54 10 12 20 
14 58 45 35 6 8 3 86 40 85 32 27 71 27 29 3 
8 52 39 29 12 2 9 80 34 79 26 21 65 21 23 9 
2 42 29 19 22 8 19 70 24 69 16 11 55 11 13 19 
10 34 21 11 30 16 27 62 16 61 8 3 47 3 5 27 

26 1 13 32 39 13 5 40 6 30 46 50 44 6 48 33 
38 13 25 20 27 1 7 28 18 42 34 38 32 6 60 21 
45 20 32 13 20 6 14 21 25 49 27 31 25 13 67 14 
12 37 25 70 77 51 43 78 32 8 84 88 82 44 10 71 
32 7 19 26 33 7 1 34 12 36 40 44 38 0 54 27 
72 47 59 14 7 33 41 6 52 76 0 4 2 40 94 13 
62 37 49 4 3 23 31 4 42 66 10 14 8 30 84 3 
23 2 10 35 42 16 8 43 3 27 49 53 47 9 45 36 
39 14 26 19 26 0 8 27 19 43 33 37 31 7 61 20 
3 28 16 61 68 42 34 69 23 1 75 79 73 35 19 62 
20 45 33 78 85 59 51 86 40 16 92 96 90 52 2 79 
50 25 37 8 15 11 19 16 30 54 22 26 20 18 72 9 
67 42 54 9 2 28 36 1 47 71 5 9 3 35 89 8 
61 36 48 3 4 22 30 5 41 65 11 15 9 29 83 2 
51 26 38 7 14 12 20 15 31 55 21 25 19 19 73 8 
43 18 30 15 22 4 12 23 23 47 29 33 27 11 65 16 

41 31 9 22 3 19 4 5 25 14 35 46 13 40 40 14 
53 19 3 10 15 7 16 17 37 2 23 34 1 28 52 2 
60 12 10 3 22 0 23 24 44 5 16 27 6 21 59 5 
3 69 47 60 35 57 34 33 13 52 73 84 51 78 2 52 
47 25 3 16 9 13 10 11 31 8 29 40 7 34 46 8 
87 15 37 24 49 27 50 51 71 32 11 0 33 6 86 32 
77 5 27 14 39 17 40 41 61 22 1 10 23 4 76 22 
38 34 12 25 0 22 1 2 22 17 38 49 16 43 37 17 
54 18 4 9 16 6 17 18 38 1 22 33 0 27 53 1 
12 60 38 51 26 48 25 24 4 43 64 75 42 69 11 43 
5 77 55 68 43 65 42 41 21 60 81 92 59 86 6 60 
65 7 15 2 27 5 28 29 49 10 11 22 11 16 64 10 
82 10 32 19 44 22 45 46 66 27 6 5 28 1 81 27 
76 4 26 13 38 16 39 40 60 21 0 11 22 5 75 21 
66 6 16 3 28 6 29 30 50 11 10 21 12 15 65 11 
58 14 8 5 20 2 21 22 42 3 18 29 4 23 57 3 

11 18 49 6 39 4 22 41 19 5 10 41 27 42 0 18 
1 6 37 18 51 16 34 29 7 7 22 53 15 54 12 30 
8 1 30 25 58 23 41 22 0 14 29 60 8 61 19 37 
49 56 87 32 1 34 16 79 57 43 28 3 65 4 38 20 
5 12 43 12 45 10 28 35 13 1 16 47 21 48 6 24 
35 28 3 52 85 50 68 5 27 41 56 87 19 88 46 64 
25 18 13 42 75 40 58 5 17 31 46 77 9 78 36 54 
14 21 52 3 36 1 19 44 22 8 7 38 30 39 3 15 
2 5 36 19 52 17 35 28 6 8 23 54 14 55 13 31 
40 47 78 23 10 25 7 70 48 34 19 12 56 13 29 11 
57 64 95 40 7 42 24 87 65 51 36 5 73 4 46 28 
13 6 25 30 63 28 46 17 5 19 34 65 3 66 24 42 
30 23 8 47 80 45 63 0 22 36 51 82 14 83 41 59 
24 17 14 41 74 39 57 6 16 30 45 76 8 77 35 53 
14 7 24 31 64 29 47 16 6 20 35 66 2 67 25 43 
6 1 32 23 56 21 39 24 2 12 27 58 10 59 17 35 

53 28 40 5 12 14 22 13 33 57 19 23 17 21 75 6 
9 16 4 49 56 30 22 57 11 13 63 67 61 23 31 50 
22 3 9 36 43 17 9 44 2 26 50 54 48 10 44 37 
32 7 19 26 33 7 1 34 12 36 40 44 38 0 54 27 
73 48 60 15 8 34 42 7 53 77 1 3 3 41 95 14 
59 34 46 1 6 20 28 7 39 63 13 17 11 27 81 0 
70 45 57 12 5 31 39 4 50 74 2 6 0 38 92 11 
19 44 32 77 84 58 50 85 39 15 91 95 89 51 3 78 
27 2 14 31 38 12 4 39 7 31 45 49 43 5 49 32 
18 43 31 76 83 57 49 84 38 14 90 94 88 50 4 77 
35 10 22 23 30 4 4 31 15 39 37 41 35 3 57 24 
40 15 27 18 25 1 9 26 20 44 32 36 30 8 62 19 
4 29 17 62 69 43 35 70 24 0 76 80 74 36 18 63 
40 15 27 18 25 1 9 26 20 44 32 36 30 8 62 19 
38 13 25 20 27 1 7 28 18 42 34 38 32 6 60 21 
70 45 57 12 5 31 39 4 50 74 2 6 0 38 92 11 

68 4 18 5 30 8 31 32 52 13 8 19 14 13 67 13 
24 48 26 39 14 36 13 12 8 31 52 63 30 57 23 31 
37 35 13 26 1 23 0 1 21 18 39 50 17 44 36 18 
47 25 3 16 9 13 10 11 31 8 29 40 7 34 46 8 
88 16 38 25 50 28 51 52 72 33 12 1 34 7 87 33 
74 2 24 11 36 14 37 38 58 19 2 13 20 7 73 19 
85 13 35 22 47 25 48 49 69 30 9 2 31 4 84 30 
4 76 54 67 42 64 41 40 20 59 80 91 58 85 5 59 
42 30 8 21 4 18 5 6 26 13 34 45 12 39 41 13 
3 75 53 66 41 63 40 39 19 58 79 90 57 84 4 58 
50 22 0 13 12 10 13 14 34 5 26 37 4 31 49 5 
55 17 5 8 17 5 18 19 39 0 21 32 1 26 54 0 
11 61 39 52 27 49 26 25 5 44 65 76 43 70 10 44 
55 17 5 8 17 5 18 19 39 0 21 32 1 26 54 0 
53 19 3 10 15 7 16 17 37 2 23 34 1 28 52 2 
85 13 35 22 47 25 48 49 69 30 9 2 31 4 84 30 

16 9 22 33 66 31 49 14 8 22 37 68 0 69 27 45 
28 35 66 11 22 13 5 58 36 22 7 24 44 25 17 1 
15 22 53 2 35 0 18 45 23 9 6 37 31 38 4 14 
5 12 43 12 45 10 28 35 13 1 16 47 21 48 6 24 
36 29 2 53 86 51 69 6 28 42 57 88 20 89 47 65 
22 15 16 39 72 37 55 8 14 28 43 74 6 75 33 51 
33 26 5 50 83 48 66 3 25 39 54 85 17 86 44 62 
56 63 94 39 6 41 23 86 64 50 35 4 72 3 45 27 
10 17 48 7 40 5 23 40 18 4 11 42 26 43 1 19 
55 62 93 38 5 40 22 85 63 49 34 3 71 2 44 26 
2 9 40 15 48 13 31 32 10 4 19 50 18 51 9 27 
3 4 35 20 53 18 36 27 5 9 24 55 13 56 14 32 
41 48 79 24 9 26 8 71 49 35 20 11 57 12 30 12 
3 4 35 20 53 18 36 27 5 9 24 55 13 56 14 32 
1 6 37 18 51 16 34 29 7 7 22 53 15 54 12 30 
33 26 5 50 83 48 66 3 25 39 54 85 17 86 44 62 

15 57 35 48 23 45 22 21 1 40 61 72 39 66 14 40 
40 32 10 23 2 20 3 4 24 15 36 47 14 41 39 15 
28 44 22 35 10 32 9 8 12 27 48 59 26 53 27 27 
73 1 23 10 35 13 36 37 57 18 3 14 19 8 72 18 
80 8 30 17 42 20 43 44 64 25 4 7 26 1 79 25 
54 18 4 9 16 6 17 18 38 1 22 33 0 27 53 1 
46 26 4 17 8 14 9 10 30 9 30 41 8 35 45 9 
81 9 31 18 43 21 44 45 65 26 5 6 27 0 80 26 
35 37 15 28 3 25 2 1 19 20 41 52 19 46 34 20 
11 61 39 52 27 49 26 25 5 44 65 76 43 70 10 44 
87 15 37 24 49 27 50 51 71 32 11 0 33 6 86 32 
91 19 41 28 53 31 54 55 75 36 15 4 37 10 90 36 
85 13 35 22 47 25 48 49 69 30 9 2 31 4 84 30 
47 25 3 16 9 13 10 11 31 8 29 40 7 34 46 8 
7 79 57 70 45 67 44 43 23 62 83 94 61 88 8 62 
74 2 24 11 36 14 37 38 58 19 2 13 20 7 73 19 

37 44 75 20 13 22 4 67 45 31 16 15 53 16 26 8 
12 19 50 5 38 3 21 42 20 6 9 40 28 41 1 17 
24 31 62 7 26 9 9 54 32 18 3 28 40 29 13 5 
21 14 17 38 71 36 54 9 13 27 42 73 5 74 32 50 
28 21 10 45 78 43 61 2 20 34 49 80 12 81 39 57 
2 5 36 19 52 17 35 28 6 8 23 54 14 55 13 31 
6 13 44 11 44 9 27 36 14 0 15 46 22 47 5 23 
29 22 9 46 79 44 62 1 21 35 50 81 13 82 40 58 
17 24 55 0 33 2 16 47 25 11 4 35 33 36 6 12 
41 48 79 24 9 26 8 71 49 35 20 11 57 12 30 12 
35 28 3 52 85 50 68 5 27 41 56 87 19 88 46 64 
39 32 1 56 89 54 72 9 31 45 60 91 23 92 50 68 
33 26 5 50 83 48 66 3 25 39 54 85 17 86 44 62 
5 12 43 12 45 10 28 35 13 1 16 47 21 48 6 24 
59 66 97 42 9 44 26 89 67 53 38 7 75 6 48 30 
22 15 16 39 72 37 55 8 14 28 43 74 6 75 33 51 

52 59 90 35 2 37 19 82 60 46 31 0 68 1 41 23 
20 13 18 37 70 35 53 10 12 26 41 72 4 73 31 49 
2 9 40 15 48 13 31 32 10 4 19 50 18 51 9 27 
11 4 27 28 61 26 44 19 3 17 32 63 5 64 22 40 
14 21 52 3 36 1 19 44 22 8 7 38 30 39 3 15 
8 1 30 25 58 23 41 22 0 14 29 60 8 61 19 37 
15 22 53 2 35 0 18 45 23 9 6 37 31 38 4 14 
16 23 54 1 34 1 17 46 24 10 5 36 32 37 5 13 
36 43 74 19 14 21 3 66 44 30 15 16 52 17 25 7 
3 4 35 20 53 18 36 27 5 9 24 55 13 56 14 32 
24 17 14 41 74 39 57 6 16 30 45 76 8 77 35 53 
35 28 3 52 85 50 68 5 27 41 56 87 19 88 46 64 
2 5 36 19 52 17 35 28 6 8 23 54 14 55 13 31 
29 22 9 46 79 44 62 1 21 35 50 81 13 82 40 58 
51 58 89 34 1 36 18 81 59 45 30 1 67 2 40 22 
3 4 35 20 53 18 36 27 5 9 24 55 13 56 14 32 

