17 16 

17 6 57 0 34 1 0 23 25 58 58 28 45 5 3 37 58 
69 58 5 52 18 51 52 75 77 6 6 80 7 47 49 15 6 
77 66 3 60 26 59 60 83 85 2 2 88 15 55 57 23 2 
30 19 44 13 21 12 13 36 38 45 45 41 32 8 10 24 45 
8 3 66 9 43 10 9 14 16 67 67 19 54 14 12 46 67 
78 67 4 61 27 60 61 84 86 3 3 89 16 56 58 24 3 
69 58 5 52 18 51 52 75 77 6 6 80 7 47 49 15 6 
14 3 60 3 37 4 3 20 22 61 61 25 48 8 6 40 61 
75 64 1 58 24 57 58 81 83 0 0 86 13 53 55 21 0 
13 24 87 30 64 31 30 7 5 88 88 2 75 35 33 67 88 
50 39 24 33 1 32 33 56 58 25 25 61 12 28 30 4 25 
9 20 83 26 60 27 26 3 1 84 84 2 71 31 29 63 84 
3 14 77 20 54 21 20 3 5 78 78 8 65 25 23 57 78 
33 22 41 16 18 15 16 39 41 42 42 44 29 11 13 21 42 
50 39 24 33 1 32 33 56 58 25 25 61 12 28 30 4 25 
3 8 71 14 48 15 14 9 11 72 72 14 59 19 17 51 72 
47 36 27 30 4 29 30 53 55 28 28 58 15 25 27 7 28 

52 18 57 38 21 27 23 54 18 58 12 28 64 17 3 61 7 
0 70 5 14 73 79 75 2 34 6 40 24 12 35 49 9 59 
8 78 3 22 81 87 83 6 42 2 48 32 4 43 57 1 67 
39 31 44 25 34 40 36 41 5 45 1 15 51 4 10 48 20 
61 9 66 47 12 18 14 63 27 67 21 37 73 26 12 70 2 
9 79 4 23 82 88 84 7 43 3 49 33 3 44 58 0 68 
0 70 5 14 73 79 75 2 34 6 40 24 12 35 49 9 59 
55 15 60 41 18 24 20 57 21 61 15 31 67 20 6 64 4 
6 76 1 20 79 85 81 4 40 0 46 30 6 41 55 3 65 
82 12 87 68 9 3 7 84 48 88 42 58 94 47 33 91 23 
19 51 24 5 54 60 56 21 15 25 21 5 31 16 30 28 40 
78 8 83 64 5 1 3 80 44 84 38 54 90 43 29 87 19 
72 2 77 58 1 7 3 74 38 78 32 48 84 37 23 81 13 
36 34 41 22 37 43 39 38 2 42 4 12 48 1 13 45 23 
19 51 24 5 54 60 56 21 15 25 21 5 31 16 30 28 40 
66 4 71 52 7 13 9 68 32 72 26 42 78 31 17 75 7 
22 48 27 8 51 57 53 24 12 28 18 2 34 13 27 31 37 

22 17 41 32 17 51 10 42 17 48 67 30 19 27 12 10 40 
74 35 11 20 69 1 62 10 35 4 15 82 33 79 40 62 12 
82 43 19 28 77 9 70 18 43 12 7 90 41 87 48 70 20 
35 4 28 19 30 38 23 29 4 35 54 43 6 40 1 23 27 
13 26 50 41 8 60 1 51 26 57 76 21 28 18 21 1 49 
83 44 20 29 78 10 71 19 44 13 6 91 42 88 49 71 21 
74 35 11 20 69 1 62 10 35 4 15 82 33 79 40 62 12 
19 20 44 35 14 54 7 45 20 51 70 27 22 24 15 7 43 
80 41 17 26 75 7 68 16 41 10 9 88 39 85 46 68 18 
8 47 71 62 13 81 20 72 47 78 97 0 49 3 42 20 70 
55 16 8 1 50 18 43 9 16 15 34 63 14 60 21 43 7 
4 43 67 58 9 77 16 68 43 74 93 4 45 1 38 16 66 
2 37 61 52 3 71 10 62 37 68 87 10 39 7 32 10 60 
38 1 25 16 33 35 26 26 1 32 51 46 3 43 4 26 24 
55 16 8 1 50 18 43 9 16 15 34 63 14 60 21 43 7 
8 31 55 46 3 65 4 56 31 62 81 16 33 13 26 4 54 
52 13 11 2 47 21 40 12 13 18 37 60 11 57 18 40 10 

23 24 49 22 26 57 26 17 3 3 67 57 2 19 4 50 9 
75 76 3 30 26 5 26 69 55 55 15 5 50 33 48 2 43 
83 84 11 38 34 3 34 77 63 63 7 3 58 41 56 10 51 
36 37 36 9 13 44 13 30 16 16 54 44 11 6 9 37 4 
14 15 58 31 35 66 35 8 6 6 76 66 11 28 13 59 18 
84 85 12 39 35 4 35 78 64 64 6 4 59 42 57 11 52 
75 76 3 30 26 5 26 69 55 55 15 5 50 33 48 2 43 
20 21 52 25 29 60 29 14 0 0 70 60 5 22 7 53 12 
81 82 9 36 32 1 32 75 61 61 9 1 56 39 54 8 49 
7 6 79 52 56 87 56 13 27 27 97 87 32 49 34 80 39 
56 57 16 11 7 24 7 50 36 36 34 24 31 14 29 17 24 
3 2 75 48 52 83 52 9 23 23 93 83 28 45 30 76 35 
3 4 69 42 46 77 46 3 17 17 87 77 22 39 24 70 29 
39 40 33 6 10 41 10 33 19 19 51 41 14 3 12 34 7 
56 57 16 11 7 24 7 50 36 36 34 24 31 14 29 17 24 
9 10 63 36 40 71 40 3 11 11 81 71 16 33 18 64 23 
53 54 19 8 4 27 4 47 33 33 37 27 28 11 26 20 21 

37 46 66 11 5 23 1 1 55 9 57 4 59 18 27 9 20 
15 6 14 41 47 75 53 53 3 43 5 56 7 70 79 61 32 
23 14 6 49 55 83 61 61 5 51 3 64 1 78 87 69 40 
24 33 53 2 8 36 14 14 42 4 44 17 46 31 40 22 7 
46 55 75 20 14 14 8 8 64 18 66 5 68 9 18 0 29 
24 15 5 50 56 84 62 62 6 52 4 65 2 79 88 70 41 
15 6 14 41 47 75 53 53 3 43 5 56 7 70 79 61 32 
40 49 69 14 8 20 2 2 58 12 60 1 62 15 24 6 23 
21 12 8 47 53 81 59 59 3 49 1 62 1 76 85 67 38 
67 76 96 41 35 7 29 29 85 39 87 26 89 12 3 21 50 
4 13 33 22 28 56 34 34 22 24 24 37 26 51 60 42 13 
63 72 92 37 31 3 25 25 81 35 83 22 85 8 1 17 46 
57 66 86 31 25 3 19 19 75 29 77 16 79 2 7 11 40 
21 30 50 5 11 39 17 17 39 7 41 20 43 34 43 25 4 
4 13 33 22 28 56 34 34 22 24 24 37 26 51 60 42 13 
51 60 80 25 19 9 13 13 69 23 71 10 73 4 13 5 34 
7 16 36 19 25 53 31 31 25 21 27 34 29 48 57 39 10 

21 8 6 53 48 17 13 22 19 56 10 32 9 31 49 56 11 
73 60 46 1 4 69 65 74 71 4 62 20 61 21 3 4 41 
81 68 54 7 12 77 73 82 79 4 70 28 69 29 11 4 49 
34 21 7 40 35 30 26 35 32 43 23 19 22 18 36 43 2 
12 1 15 62 57 8 4 13 10 65 1 41 0 40 58 65 20 
82 69 55 8 13 78 74 83 80 5 71 29 70 30 12 5 50 
73 60 46 1 4 69 65 74 71 4 62 20 61 21 3 4 41 
18 5 9 56 51 14 10 19 16 59 7 35 6 34 52 59 14 
79 66 52 5 10 75 71 80 77 2 68 26 67 27 9 2 47 
9 22 36 83 78 13 17 8 11 86 20 62 21 61 79 86 41 
54 41 27 20 15 50 46 55 52 23 43 1 42 2 16 23 22 
5 18 32 79 74 9 13 4 7 82 16 58 17 57 75 82 37 
1 12 26 73 68 3 7 2 1 76 10 52 11 51 69 76 31 
37 24 10 37 32 33 29 38 35 40 26 16 25 15 33 40 5 
54 41 27 20 15 50 46 55 52 23 43 1 42 2 16 23 22 
7 6 20 67 62 3 1 8 5 70 4 46 5 45 63 70 25 
51 38 24 23 18 47 43 52 49 26 40 2 39 1 19 26 19 

47 30 30 28 35 44 9 64 52 8 15 62 8 63 11 19 66 
5 22 22 80 17 8 61 12 0 60 37 10 44 11 63 33 14 
13 30 30 88 25 16 69 4 8 68 45 2 52 3 71 41 6 
34 17 17 41 22 31 22 51 39 21 2 49 5 50 24 6 53 
56 39 39 19 44 53 0 73 61 1 24 71 17 72 2 28 75 
14 31 31 89 26 17 70 3 9 69 46 1 53 2 72 42 5 
5 22 22 80 17 8 61 12 0 60 37 10 44 11 63 33 14 
50 33 33 25 38 47 6 67 55 5 18 65 11 66 8 22 69 
11 28 28 86 23 14 67 6 6 66 43 4 50 5 69 39 8 
77 60 60 2 65 74 21 94 82 22 45 92 38 93 19 49 96 
14 3 3 61 2 11 42 31 19 41 18 29 25 30 44 14 33 
73 56 56 2 61 70 17 90 78 18 41 88 34 89 15 45 92 
67 50 50 8 55 64 11 84 72 12 35 82 28 83 9 39 86 
31 14 14 44 19 28 25 48 36 24 1 46 8 47 27 3 50 
14 3 3 61 2 11 42 31 19 41 18 29 25 30 44 14 33 
61 44 44 14 49 58 5 78 66 6 29 76 22 77 3 33 80 
17 0 0 58 5 14 39 34 22 38 15 32 22 33 41 11 36 

59 23 9 34 30 62 7 24 55 19 64 67 55 17 22 31 4 
7 29 61 18 82 10 45 28 3 33 12 15 3 69 74 21 56 
1 37 69 26 90 2 53 36 5 41 4 7 5 77 82 29 64 
46 10 22 21 43 49 6 11 42 6 51 54 42 30 35 18 17 
68 32 0 43 21 71 16 33 64 28 73 76 64 8 13 40 5 
2 38 70 27 91 1 54 37 6 42 3 6 6 78 83 30 65 
7 29 61 18 82 10 45 28 3 33 12 15 3 69 74 21 56 
62 26 6 37 27 65 10 27 58 22 67 70 58 14 19 34 1 
1 35 67 24 88 4 51 34 3 39 6 9 3 75 80 27 62 
89 53 21 64 0 92 37 54 85 49 94 97 85 13 8 61 26 
26 10 42 1 63 29 26 9 22 14 31 34 22 50 55 2 37 
85 49 17 60 4 88 33 50 81 45 90 93 81 9 4 57 22 
79 43 11 54 10 82 27 44 75 39 84 87 75 3 2 51 16 
43 7 25 18 46 46 9 8 39 3 48 51 39 33 38 15 20 
26 10 42 1 63 29 26 9 22 14 31 34 22 50 55 2 37 
73 37 5 48 16 76 21 38 69 33 78 81 69 3 8 45 10 
29 7 39 4 60 32 23 6 25 11 34 37 25 47 52 1 34 

34 9 14 26 15 18 1 56 44 47 5 55 46 9 9 2 62 
18 43 38 78 67 70 53 4 8 5 57 3 6 43 61 50 10 
26 51 46 86 75 78 61 4 16 13 65 5 14 51 69 58 2 
21 4 1 39 28 31 14 43 31 34 18 42 33 4 22 11 49 
43 18 23 17 6 9 8 65 53 56 4 64 55 18 0 11 71 
27 52 47 87 76 79 62 5 17 14 66 6 15 52 70 59 1 
18 43 38 78 67 70 53 4 8 5 57 3 6 43 61 50 10 
37 12 17 23 12 15 2 59 47 50 2 58 49 12 6 5 65 
24 49 44 84 73 76 59 2 14 11 63 3 12 49 67 56 4 
64 39 44 4 15 12 29 86 74 77 25 85 76 39 21 32 92 
1 24 19 59 48 51 34 23 11 14 38 22 13 24 42 31 29 
60 35 40 0 11 8 25 82 70 73 21 81 72 35 17 28 88 
54 29 34 6 5 2 19 76 64 67 15 75 66 29 11 22 82 
18 7 2 42 31 34 17 40 28 31 21 39 30 7 25 14 46 
1 24 19 59 48 51 34 23 11 14 38 22 13 24 42 31 29 
48 23 28 12 1 4 13 70 58 61 9 69 60 23 5 16 76 
4 21 16 56 45 48 31 26 14 17 35 25 16 21 39 28 32 

15 36 8 43 34 4 30 42 38 30 24 11 34 22 17 67 19 
67 16 60 9 18 56 82 10 14 22 76 63 18 74 69 15 33 
75 24 68 17 26 64 90 18 22 30 84 71 26 82 77 7 41 
28 23 21 30 21 17 43 29 25 17 37 24 21 35 30 54 6 
6 45 1 52 43 5 21 51 47 39 15 2 43 13 8 76 28 
76 25 69 18 27 65 91 19 23 31 85 72 27 83 78 6 42 
67 16 60 9 18 56 82 10 14 22 76 63 18 74 69 15 33 
12 39 5 46 37 1 27 45 41 33 21 8 37 19 14 70 22 
73 22 66 15 24 62 88 16 20 28 82 69 24 80 75 9 39 
15 66 22 73 64 26 0 72 68 60 6 19 64 8 13 97 49 
48 3 41 10 1 37 63 9 5 3 57 44 1 55 50 34 14 
11 62 18 69 60 22 4 68 64 56 2 15 60 4 9 93 45 
5 56 12 63 54 16 10 62 58 50 4 9 54 2 3 87 39 
31 20 24 27 18 20 46 26 22 14 40 27 18 38 33 51 3 
48 3 41 10 1 37 63 9 5 3 57 44 1 55 50 34 14 
1 50 6 57 48 10 16 56 52 44 10 3 48 8 3 81 33 
45 6 38 13 4 34 60 12 8 0 54 41 4 52 47 37 11 

14 11 28 31 8 29 34 4 25 47 67 3 33 28 20 28 27 
66 63 80 21 60 81 18 56 27 5 15 49 19 24 72 80 25 
74 71 88 29 68 89 26 64 35 13 7 57 27 32 80 88 33 
27 24 41 18 21 42 21 17 12 34 54 10 20 15 33 41 14 
5 2 19 40 1 20 43 5 34 56 76 12 42 37 11 19 36 
75 72 89 30 69 90 27 65 36 14 6 58 28 33 81 89 34 
66 63 80 21 60 81 18 56 27 5 15 49 19 24 72 80 25 
11 8 25 34 5 26 37 1 28 50 70 6 36 31 17 25 30 
72 69 86 27 66 87 24 62 33 11 9 55 25 30 78 86 31 
16 19 2 61 22 1 64 26 55 77 97 33 63 58 10 2 57 
47 44 61 2 41 62 1 37 8 14 34 30 0 5 53 61 6 
12 15 2 57 18 3 60 22 51 73 93 29 59 54 6 2 53 
6 9 8 51 12 9 54 16 45 67 87 23 53 48 0 8 47 
30 27 44 15 24 45 18 20 9 31 51 13 17 12 36 44 11 
47 44 61 2 41 62 1 37 8 14 34 30 0 5 53 61 6 
0 3 14 45 6 15 48 10 39 61 81 17 47 42 6 14 41 
44 41 58 1 38 59 4 34 5 17 37 27 3 2 50 58 3 

51 18 29 7 40 63 14 12 20 39 19 39 12 50 51 41 42 
1 70 81 59 12 11 66 40 32 13 71 13 40 2 1 11 10 
9 78 89 67 20 3 74 48 40 21 79 21 48 10 9 19 18 
38 31 42 20 27 50 27 1 7 26 32 26 1 37 38 28 29 
60 9 20 2 49 72 5 21 29 48 10 48 21 59 60 50 51 
10 79 90 68 21 2 75 49 41 22 80 22 49 11 10 20 19 
1 70 81 59 12 11 66 40 32 13 71 13 40 2 1 11 10 
54 15 26 4 43 66 11 15 23 42 16 42 15 53 54 44 45 
7 76 87 65 18 5 72 46 38 19 77 19 46 8 7 17 16 
81 12 1 23 70 93 16 42 50 69 11 69 42 80 81 71 72 
18 51 62 40 7 30 47 21 13 6 52 6 21 17 18 8 9 
77 8 3 19 66 89 12 38 46 65 7 65 38 76 77 67 68 
71 2 9 13 60 83 6 32 40 59 1 59 32 70 71 61 62 
35 34 45 23 24 47 30 4 4 23 35 23 4 34 35 25 26 
18 51 62 40 7 30 47 21 13 6 52 6 21 17 18 8 9 
65 4 15 7 54 77 0 26 34 53 5 53 26 64 65 55 56 
21 48 59 37 10 33 44 18 10 9 49 9 18 20 21 11 12 

39 10 31 12 34 48 8 20 14 40 43 17 40 48 7 13 58 
13 62 21 40 18 4 44 32 66 12 9 69 12 4 59 65 6 
21 70 29 48 26 12 52 40 74 20 17 77 20 12 67 73 2 
26 23 18 1 21 35 5 7 27 27 30 30 27 35 20 26 45 
48 1 40 21 43 57 17 29 5 49 52 8 49 57 2 4 67 
22 71 30 49 27 13 53 41 75 21 18 78 21 13 68 74 3 
13 62 21 40 18 4 44 32 66 12 9 69 12 4 59 65 6 
42 7 34 15 37 51 11 23 11 43 46 14 43 51 4 10 61 
19 68 27 46 24 10 50 38 72 18 15 75 18 10 65 71 0 
69 20 61 42 64 78 38 50 16 70 73 13 70 78 23 17 88 
6 43 2 21 1 15 25 13 47 7 10 50 7 15 40 46 25 
65 16 57 38 60 74 34 46 12 66 69 9 66 74 19 13 84 
59 10 51 32 54 68 28 40 6 60 63 3 60 68 13 7 78 
23 26 15 4 18 32 8 4 30 24 27 33 24 32 23 29 42 
6 43 2 21 1 15 25 13 47 7 10 50 7 15 40 46 25 
53 4 45 26 48 62 22 34 0 54 57 3 54 62 7 1 72 
9 40 1 18 4 18 22 10 44 10 13 47 10 18 37 43 28 

8 23 13 55 17 44 19 50 25 28 20 45 68 61 32 23 35 
60 75 65 3 69 8 71 2 77 80 32 7 16 9 20 29 17 
68 83 73 5 77 16 79 10 85 88 40 15 8 1 28 37 25 
21 36 26 42 30 31 32 37 38 41 7 32 55 48 19 10 22 
1 14 4 64 8 53 10 59 16 19 29 54 77 70 41 32 44 
69 84 74 6 78 17 80 11 86 89 41 16 7 0 29 38 26 
60 75 65 3 69 8 71 2 77 80 32 7 16 9 20 29 17 
5 20 10 58 14 47 16 53 22 25 23 48 71 64 35 26 38 
66 81 71 3 75 14 77 8 83 86 38 13 10 3 26 35 23 
22 7 17 85 13 74 11 80 5 2 50 75 98 91 62 53 65 
41 56 46 22 50 11 52 17 58 61 13 12 35 28 1 10 2 
18 3 13 81 9 70 7 76 1 2 46 71 94 87 58 49 61 
12 3 7 75 3 64 1 70 5 8 40 65 88 81 52 43 55 
24 39 29 39 33 28 35 34 41 44 4 29 52 45 16 7 19 
41 56 46 22 50 11 52 17 58 61 13 12 35 28 1 10 2 
6 9 1 69 3 58 5 64 11 14 34 59 82 75 46 37 49 
38 53 43 25 47 14 49 20 55 58 10 15 38 31 2 7 5 

59 58 27 53 2 57 20 31 51 13 6 57 10 64 1 1 32 
7 6 79 1 50 5 72 21 1 65 46 5 42 12 51 51 20 
1 2 87 7 58 3 80 29 9 73 54 3 50 4 59 59 28 
46 45 40 40 11 44 33 18 38 26 7 44 3 51 12 12 19 
68 67 18 62 11 66 11 40 60 4 15 66 19 73 10 10 41 
2 3 88 8 59 4 81 30 10 74 55 4 51 3 60 60 29 
7 6 79 1 50 5 72 21 1 65 46 5 42 12 51 51 20 
62 61 24 56 5 60 17 34 54 10 9 60 13 67 4 4 35 
1 0 85 5 56 1 78 27 7 71 52 1 48 6 57 57 26 
89 88 3 83 32 87 10 61 81 17 36 87 40 94 31 31 62 
26 25 60 20 31 24 53 2 18 46 27 24 23 31 32 32 1 
85 84 1 79 28 83 6 57 77 13 32 83 36 90 27 27 58 
79 78 7 73 22 77 0 51 71 7 26 77 30 84 21 21 52 
43 42 43 37 14 41 36 15 35 29 10 41 6 48 15 15 16 
26 25 60 20 31 24 53 2 18 46 27 24 23 31 32 32 1 
73 72 13 67 16 71 6 45 65 1 20 71 24 78 15 15 46 
29 28 57 23 28 27 50 1 21 43 24 27 20 34 29 29 2 

69 1 74 55 4 10 6 71 35 75 29 45 81 34 20 78 10 
58 12 63 44 15 21 17 60 24 64 18 34 70 23 9 67 1 
5 75 0 19 78 84 80 3 39 1 45 29 7 40 54 4 64 
52 18 57 38 21 27 23 54 18 58 12 28 64 17 3 61 7 
18 52 23 4 55 61 57 20 16 24 22 6 30 17 31 27 41 
51 19 56 37 22 28 24 53 17 57 11 27 63 16 2 60 8 
52 18 57 38 21 27 23 54 18 58 12 28 64 17 3 61 7 
75 5 80 61 2 4 0 77 41 81 35 51 87 40 26 84 16 
77 7 82 63 4 2 2 79 43 83 37 53 89 42 28 86 18 
6 76 1 20 79 85 81 4 40 0 46 30 6 41 55 3 65 
6 76 1 20 79 85 81 4 40 0 46 30 6 41 55 3 65 
80 10 85 66 7 1 5 82 46 86 40 56 92 45 31 89 21 
7 63 12 7 66 72 68 9 27 13 33 17 19 28 42 16 52 
47 23 52 33 26 32 28 49 13 53 7 23 59 12 2 56 12 
49 21 54 35 24 30 26 51 15 55 9 25 61 14 0 58 10 
15 55 20 1 58 64 60 17 19 21 25 9 27 20 34 24 44 
6 76 1 20 79 85 81 4 40 0 46 30 6 41 55 3 65 

5 34 58 49 0 68 7 59 34 65 84 13 36 10 29 7 57 
16 23 47 38 11 57 4 48 23 54 73 24 25 21 18 4 46 
79 40 16 25 74 6 67 15 40 9 10 87 38 84 45 67 17 
22 17 41 32 17 51 10 42 17 48 67 30 19 27 12 10 40 
56 17 7 2 51 17 44 8 17 14 33 64 15 61 22 44 6 
23 16 40 31 18 50 11 41 16 47 66 31 18 28 11 11 39 
22 17 41 32 17 51 10 42 17 48 67 30 19 27 12 10 40 
1 40 64 55 6 74 13 65 40 71 90 7 42 4 35 13 63 
3 42 66 57 8 76 15 67 42 73 92 5 44 2 37 15 65 
80 41 17 26 75 7 68 16 41 10 9 88 39 85 46 68 18 
80 41 17 26 75 7 68 16 41 10 9 88 39 85 46 68 18 
6 45 69 60 11 79 18 70 45 76 95 2 47 1 40 18 68 
67 28 4 13 62 6 55 3 28 3 22 75 26 72 33 55 5 
27 12 36 27 22 46 15 37 12 43 62 35 14 32 7 15 35 
25 14 38 29 20 48 13 39 14 45 64 33 16 30 9 13 37 
59 20 4 5 54 14 47 5 20 11 30 67 18 64 25 47 3 
80 41 17 26 75 7 68 16 41 10 9 88 39 85 46 68 18 

6 7 66 39 43 74 43 0 14 14 84 74 19 36 21 67 26 
17 18 55 28 32 63 32 11 3 3 73 63 8 25 10 56 15 
80 81 8 35 31 0 31 74 60 60 10 0 55 38 53 7 48 
23 24 49 22 26 57 26 17 3 3 67 57 2 19 4 50 9 
57 58 15 12 8 23 8 51 37 37 33 23 32 15 30 16 25 
24 25 48 21 25 56 25 18 4 4 66 56 1 18 3 49 8 
23 24 49 22 26 57 26 17 3 3 67 57 2 19 4 50 9 
0 1 72 45 49 80 49 6 20 20 90 80 25 42 27 73 32 
2 1 74 47 51 82 51 8 22 22 92 82 27 44 29 75 34 
81 82 9 36 32 1 32 75 61 61 9 1 56 39 54 8 49 
81 82 9 36 32 1 32 75 61 61 9 1 56 39 54 8 49 
5 4 77 50 54 85 54 11 25 25 95 85 30 47 32 78 37 
68 69 4 23 19 12 19 62 48 48 22 12 43 26 41 5 36 
28 29 44 17 21 52 21 22 8 8 62 52 3 14 1 45 4 
26 27 46 19 23 54 23 20 6 6 64 54 1 16 1 47 6 
60 61 12 15 11 20 11 54 40 40 30 20 35 18 33 13 28 
81 82 9 36 32 1 32 75 61 61 9 1 56 39 54 8 49 

54 63 83 28 22 6 16 16 72 26 74 13 76 1 10 8 37 
43 52 72 17 11 17 5 5 61 15 63 2 65 12 21 3 26 
20 11 9 46 52 80 58 58 2 48 0 61 2 75 84 66 37 
37 46 66 11 5 23 1 1 55 9 57 4 59 18 27 9 20 
3 12 32 23 29 57 35 35 21 25 23 38 25 52 61 43 14 
36 45 65 10 4 24 2 2 54 8 56 5 58 19 28 10 19 
37 46 66 11 5 23 1 1 55 9 57 4 59 18 27 9 20 
60 69 89 34 28 0 22 22 78 32 80 19 82 5 4 14 43 
62 71 91 36 30 2 24 24 80 34 82 21 84 7 2 16 45 
21 12 8 47 53 81 59 59 3 49 1 62 1 76 85 67 38 
21 12 8 47 53 81 59 59 3 49 1 62 1 76 85 67 38 
65 74 94 39 33 5 27 27 83 37 85 24 87 10 1 19 48 
8 1 21 34 40 68 46 46 10 36 12 49 14 63 72 54 25 
32 41 61 6 0 28 6 6 50 4 52 9 54 23 32 14 15 
34 43 63 8 2 26 4 4 52 6 54 7 56 21 30 12 17 
0 9 29 26 32 60 38 38 18 28 20 41 22 55 64 46 17 
21 12 8 47 53 81 59 59 3 49 1 62 1 76 85 67 38 

4 9 23 70 65 0 4 5 2 73 7 49 8 48 66 73 28 
15 2 12 59 54 11 7 16 13 62 4 38 3 37 55 62 17 
78 65 51 4 9 74 70 79 76 1 67 25 66 26 8 1 46 
21 8 6 53 48 17 13 22 19 56 10 32 9 31 49 56 11 
55 42 28 19 14 51 47 56 53 22 44 2 43 3 15 22 23 
22 9 5 52 47 18 14 23 20 55 11 31 10 30 48 55 10 
21 8 6 53 48 17 13 22 19 56 10 32 9 31 49 56 11 
2 15 29 76 71 6 10 1 4 79 13 55 14 54 72 79 34 
4 17 31 78 73 8 12 3 6 81 15 57 16 56 74 81 36 
79 66 52 5 10 75 71 80 77 2 68 26 67 27 9 2 47 
79 66 52 5 10 75 71 80 77 2 68 26 67 27 9 2 47 
7 20 34 81 76 11 15 6 9 84 18 60 19 59 77 84 39 
66 53 39 8 3 62 58 67 64 11 55 13 54 14 4 11 34 
26 13 1 48 43 22 18 27 24 51 15 27 14 26 44 51 6 
24 11 3 50 45 20 16 25 22 53 13 29 12 28 46 53 8 
58 45 31 16 11 54 50 59 56 19 47 5 46 6 12 19 26 
79 66 52 5 10 75 71 80 77 2 68 26 67 27 9 2 47 

64 47 47 11 52 61 8 81 69 9 32 79 25 80 6 36 83 
53 36 36 22 41 50 3 70 58 2 21 68 14 69 5 25 72 
10 27 27 85 22 13 66 7 5 65 42 5 49 6 68 38 9 
47 30 30 28 35 44 9 64 52 8 15 62 8 63 11 19 66 
13 4 4 62 1 10 43 30 18 42 19 28 26 29 45 15 32 
46 29 29 29 34 43 10 63 51 9 14 61 7 62 12 18 65 
47 30 30 28 35 44 9 64 52 8 15 62 8 63 11 19 66 
70 53 53 5 58 67 14 87 75 15 38 85 31 86 12 42 89 
72 55 55 3 60 69 16 89 77 17 40 87 33 88 14 44 91 
11 28 28 86 23 14 67 6 6 66 43 4 50 5 69 39 8 
11 28 28 86 23 14 67 6 6 66 43 4 50 5 69 39 8 
75 58 58 0 63 72 19 92 80 20 43 90 36 91 17 47 94 
2 15 15 73 10 1 54 19 7 53 30 17 37 18 56 26 21 
42 25 25 33 30 39 14 59 47 13 10 57 3 58 16 14 61 
44 27 27 31 32 41 12 61 49 11 12 59 5 60 14 16 63 
10 7 7 65 2 7 46 27 15 45 22 25 29 26 48 18 29 
11 28 28 86 23 14 67 6 6 66 43 4 50 5 69 39 8 

76 40 8 51 13 79 24 41 72 36 81 84 72 0 5 48 13 
65 29 3 40 24 68 13 30 61 25 70 73 61 11 16 37 2 
2 34 66 23 87 5 50 33 2 38 7 10 2 74 79 26 61 
59 23 9 34 30 62 7 24 55 19 64 67 55 17 22 31 4 
25 11 43 0 64 28 27 10 21 15 30 33 21 51 56 3 38 
58 22 10 33 31 61 6 23 54 18 63 66 54 18 23 30 5 
59 23 9 34 30 62 7 24 55 19 64 67 55 17 22 31 4 
82 46 14 57 7 85 30 47 78 42 87 90 78 6 1 54 19 
84 48 16 59 5 87 32 49 80 44 89 92 80 8 3 56 21 
1 35 67 24 88 4 51 34 3 39 6 9 3 75 80 27 62 
1 35 67 24 88 4 51 34 3 39 6 9 3 75 80 27 62 
87 51 19 62 2 90 35 52 83 47 92 95 83 11 6 59 24 
14 22 54 11 75 17 38 21 10 26 19 22 10 62 67 14 49 
54 18 14 29 35 57 2 19 50 14 59 62 50 22 27 26 9 
56 20 12 31 33 59 4 21 52 16 61 64 52 20 25 28 7 
22 14 46 3 67 25 30 13 18 18 27 30 18 54 59 6 41 
1 35 67 24 88 4 51 34 3 39 6 9 3 75 80 27 62 

51 26 31 9 2 1 16 73 61 64 12 72 63 26 8 19 79 
40 15 20 20 9 12 5 62 50 53 1 61 52 15 3 8 68 
23 48 43 83 72 75 58 1 13 10 62 2 11 48 66 55 5 
34 9 14 26 15 18 1 56 44 47 5 55 46 9 9 2 62 
0 25 20 60 49 52 35 22 10 13 39 21 12 25 43 32 28 
33 8 13 27 16 19 2 55 43 46 6 54 45 8 10 1 61 
34 9 14 26 15 18 1 56 44 47 5 55 46 9 9 2 62 
57 32 37 3 8 5 22 79 67 70 18 78 69 32 14 25 85 
59 34 39 1 10 7 24 81 69 72 20 80 71 34 16 27 87 
24 49 44 84 73 76 59 2 14 11 63 3 12 49 67 56 4 
24 49 44 84 73 76 59 2 14 11 63 3 12 49 67 56 4 
62 37 42 2 13 10 27 84 72 75 23 83 74 37 19 30 90 
11 36 31 71 60 63 46 11 1 2 50 10 1 36 54 43 17 
29 4 9 31 20 23 6 51 39 42 10 50 41 4 14 3 57 
31 6 11 29 18 21 4 53 41 44 8 52 43 6 12 1 59 
3 28 23 63 52 55 38 19 7 10 42 18 9 28 46 35 25 
24 49 44 84 73 76 59 2 14 11 63 3 12 49 67 56 4 

2 53 9 60 51 13 13 59 55 47 7 6 51 5 0 84 36 
9 42 2 49 40 2 24 48 44 36 18 5 40 16 11 73 25 
72 21 65 14 23 61 87 15 19 27 81 68 23 79 74 10 38 
15 36 8 43 34 4 30 42 38 30 24 11 34 22 17 67 19 
49 2 42 9 0 38 64 8 4 4 58 45 0 56 51 33 15 
16 35 9 42 33 5 31 41 37 29 25 12 33 23 18 66 18 
15 36 8 43 34 4 30 42 38 30 24 11 34 22 17 67 19 
8 59 15 66 57 19 7 65 61 53 1 12 57 1 6 90 42 
10 61 17 68 59 21 5 67 63 55 1 14 59 3 8 92 44 
73 22 66 15 24 62 88 16 20 28 82 69 24 80 75 9 39 
73 22 66 15 24 62 88 16 20 28 82 69 24 80 75 9 39 
13 64 20 71 62 24 2 70 66 58 4 17 62 6 11 95 47 
60 9 53 2 11 49 75 3 7 15 69 56 11 67 62 22 26 
20 31 13 38 29 9 35 37 33 25 29 16 29 27 22 62 14 
18 33 11 40 31 7 33 39 35 27 27 14 31 25 20 64 16 
52 1 45 6 3 41 67 5 1 7 61 48 3 59 54 30 18 
73 22 66 15 24 62 88 16 20 28 82 69 24 80 75 9 39 

3 6 11 48 9 12 51 13 42 64 84 20 50 45 3 11 44 
8 5 22 37 2 23 40 2 31 53 73 9 39 34 14 22 33 
71 68 85 26 65 86 23 61 32 10 10 54 24 29 77 85 30 
14 11 28 31 8 29 34 4 25 47 67 3 33 28 20 28 27 
48 45 62 3 42 63 0 38 9 13 33 31 1 6 54 62 7 
15 12 29 30 9 30 33 5 24 46 66 2 32 27 21 29 26 
14 11 28 31 8 29 34 4 25 47 67 3 33 28 20 28 27 
9 12 5 54 15 6 57 19 48 70 90 26 56 51 3 5 50 
11 14 3 56 17 4 59 21 50 72 92 28 58 53 5 3 52 
72 69 86 27 66 87 24 62 33 11 9 55 25 30 78 86 31 
72 69 86 27 66 87 24 62 33 11 9 55 25 30 78 86 31 
14 17 0 59 20 1 62 24 53 75 95 31 61 56 8 0 55 
59 56 73 14 53 74 11 49 20 2 22 42 12 17 65 73 18 
19 16 33 26 13 34 29 9 20 42 62 2 28 23 25 33 22 
17 14 31 28 11 32 31 7 22 44 64 0 30 25 23 31 24 
51 48 65 6 45 66 3 41 12 10 30 34 4 9 57 65 10 
72 69 86 27 66 87 24 62 33 11 9 55 25 30 78 86 31 

68 1 12 10 57 80 3 29 37 56 2 56 29 67 68 58 59 
57 12 23 1 46 69 8 18 26 45 13 45 18 56 57 47 48 
6 75 86 64 17 6 71 45 37 18 76 18 45 7 6 16 15 
51 18 29 7 40 63 14 12 20 39 19 39 12 50 51 41 42 
17 52 63 41 6 29 48 22 14 5 53 5 22 16 17 7 8 
50 19 30 8 39 62 15 11 19 38 20 38 11 49 50 40 41 
51 18 29 7 40 63 14 12 20 39 19 39 12 50 51 41 42 
74 5 6 16 63 86 9 35 43 62 4 62 35 73 74 64 65 
76 7 4 18 65 88 11 37 45 64 6 64 37 75 76 66 67 
7 76 87 65 18 5 72 46 38 19 77 19 46 8 7 17 16 
7 76 87 65 18 5 72 46 38 19 77 19 46 8 7 17 16 
79 10 1 21 68 91 14 40 48 67 9 67 40 78 79 69 70 
6 63 74 52 5 18 59 33 25 6 64 6 33 5 6 4 3 
46 23 34 12 35 58 19 7 15 34 24 34 7 45 46 36 37 
48 21 32 10 37 60 17 9 17 36 22 36 9 47 48 38 39 
14 55 66 44 3 26 51 25 17 2 56 2 25 13 14 4 5 
7 76 87 65 18 5 72 46 38 19 77 19 46 8 7 17 16 

56 7 48 29 51 65 25 37 3 57 60 0 57 65 10 4 75 
45 4 37 18 40 54 14 26 8 46 49 11 46 54 1 7 64 
18 67 26 45 23 9 49 37 71 17 14 74 17 9 64 70 1 
39 10 31 12 34 48 8 20 14 40 43 17 40 48 7 13 58 
5 44 3 22 0 14 26 14 48 6 9 51 6 14 41 47 24 
38 11 30 11 33 47 7 19 15 39 42 18 39 47 8 14 57 
39 10 31 12 34 48 8 20 14 40 43 17 40 48 7 13 58 
62 13 54 35 57 71 31 43 9 63 66 6 63 71 16 10 81 
64 15 56 37 59 73 33 45 11 65 68 8 65 73 18 12 83 
19 68 27 46 24 10 50 38 72 18 15 75 18 10 65 71 0 
19 68 27 46 24 10 50 38 72 18 15 75 18 10 65 71 0 
67 18 59 40 62 76 36 48 14 68 71 11 68 76 21 15 86 
6 55 14 33 11 3 37 25 59 5 2 62 5 3 52 58 13 
34 15 26 7 29 43 3 15 19 35 38 22 35 43 12 18 53 
36 13 28 9 31 45 5 17 17 37 40 20 37 45 10 16 55 
2 47 6 25 3 11 29 17 51 3 6 54 3 11 44 50 21 
19 68 27 46 24 10 50 38 72 18 15 75 18 10 65 71 0 

9 6 4 72 0 61 2 67 8 11 37 62 85 78 49 40 52 
2 17 7 61 11 50 13 56 19 22 26 51 74 67 38 29 41 
65 80 70 2 74 13 76 7 82 85 37 12 11 4 25 34 22 
8 23 13 55 17 44 19 50 25 28 20 45 68 61 32 23 35 
42 57 47 21 51 10 53 16 59 62 14 11 34 27 2 11 1 
9 24 14 54 18 43 20 49 26 29 19 44 67 60 31 22 34 
8 23 13 55 17 44 19 50 25 28 20 45 68 61 32 23 35 
15 0 10 78 6 67 4 73 2 5 43 68 91 84 55 46 58 
17 2 12 80 8 69 6 75 0 3 45 70 93 86 57 48 60 
66 81 71 3 75 14 77 8 83 86 38 13 10 3 26 35 23 
66 81 71 3 75 14 77 8 83 86 38 13 10 3 26 35 23 
20 5 15 83 11 72 9 78 3 0 48 73 96 89 60 51 63 
53 68 58 10 62 1 64 5 70 73 25 0 23 16 13 22 10 
13 28 18 50 22 39 24 45 30 33 15 40 63 56 27 18 30 
11 26 16 52 20 41 22 47 28 31 17 42 65 58 29 20 32 
45 60 50 18 54 7 56 13 62 65 17 8 31 24 5 14 2 
66 81 71 3 75 14 77 8 83 86 38 13 10 3 26 35 23 

76 75 10 70 19 74 3 48 68 4 23 74 27 81 18 18 49 
65 64 21 59 8 63 14 37 57 7 12 63 16 70 7 7 38 
2 1 84 4 55 0 77 26 6 70 51 0 47 7 56 56 25 
59 58 27 53 2 57 20 31 51 13 6 57 10 64 1 1 32 
25 24 61 19 32 23 54 3 17 47 28 23 24 30 33 33 2 
58 57 28 52 1 56 21 30 50 14 5 56 9 63 0 0 31 
59 58 27 53 2 57 20 31 51 13 6 57 10 64 1 1 32 
82 81 4 76 25 80 3 54 74 10 29 80 33 87 24 24 55 
84 83 2 78 27 82 5 56 76 12 31 82 35 89 26 26 57 
1 0 85 5 56 1 78 27 7 71 52 1 48 6 57 57 26 
1 0 85 5 56 1 78 27 7 71 52 1 48 6 57 57 26 
87 86 1 81 30 85 8 59 79 15 34 85 38 92 29 29 60 
14 13 72 8 43 12 65 14 6 58 39 12 35 19 44 44 13 
54 53 32 48 3 52 25 26 46 18 1 52 5 59 4 4 27 
56 55 30 50 1 54 23 28 48 16 3 54 7 61 2 2 29 
22 21 64 16 35 20 57 6 14 50 31 20 27 27 36 36 5 
1 0 85 5 56 1 78 27 7 71 52 1 48 6 57 57 26 

74 35 11 20 69 1 62 10 35 4 15 82 33 79 40 62 12 
4 35 59 50 1 69 8 60 35 66 85 12 37 9 30 8 58 
79 40 16 25 74 6 67 15 40 9 10 87 38 84 45 67 17 
60 21 3 6 55 13 48 4 21 10 29 68 19 65 26 48 2 
1 38 62 53 4 72 11 63 38 69 88 9 40 6 33 11 61 
5 44 68 59 10 78 17 69 44 75 94 3 46 0 39 17 67 
1 40 64 55 6 74 13 65 40 71 90 7 42 4 35 13 63 
76 37 13 22 71 3 64 12 37 6 13 84 35 81 42 64 14 
40 1 23 14 35 33 28 24 1 30 49 48 1 45 6 28 22 
80 41 17 26 75 7 68 16 41 10 9 88 39 85 46 68 18 
34 5 29 20 29 39 22 30 5 36 55 42 7 39 0 22 28 
50 11 13 4 45 23 38 14 11 20 39 58 9 55 16 38 12 
86 47 23 32 81 13 74 22 47 16 3 94 45 91 52 74 24 
39 0 24 15 34 34 27 25 0 31 50 47 2 44 5 27 23 
25 14 38 29 20 48 13 39 14 45 64 33 16 30 9 13 37 
83 44 20 29 78 10 71 19 44 13 6 91 42 88 49 71 21 
15 24 48 39 10 58 3 49 24 55 74 23 26 20 19 3 47 

75 76 3 30 26 5 26 69 55 55 15 5 50 33 48 2 43 
5 6 67 40 44 75 44 1 15 15 85 75 20 37 22 68 27 
80 81 8 35 31 0 31 74 60 60 10 0 55 38 53 7 48 
61 62 11 16 12 19 12 55 41 41 29 19 36 19 34 12 29 
2 3 70 43 47 78 47 4 18 18 88 78 23 40 25 71 30 
4 3 76 49 53 84 53 10 24 24 94 84 29 46 31 77 36 
0 1 72 45 49 80 49 6 20 20 90 80 25 42 27 73 32 
77 78 5 32 28 3 28 71 57 57 13 3 52 35 50 4 45 
41 42 31 4 8 39 8 35 21 21 49 39 16 1 14 32 9 
81 82 9 36 32 1 32 75 61 61 9 1 56 39 54 8 49 
35 36 37 10 14 45 14 29 15 15 55 45 10 7 8 38 3 
51 52 21 6 2 29 2 45 31 31 39 29 26 9 24 22 19 
87 88 15 42 38 7 38 81 67 67 3 7 62 45 60 14 55 
40 41 32 5 9 40 9 34 20 20 50 40 15 2 13 33 8 
26 27 46 19 23 54 23 20 6 6 64 54 1 16 1 47 6 
84 85 12 39 35 4 35 78 64 64 6 4 59 42 57 11 52 
16 17 56 29 33 64 33 10 4 4 74 64 9 26 11 57 16 

15 6 14 41 47 75 53 53 3 43 5 56 7 70 79 61 32 
55 64 84 29 23 5 17 17 73 27 75 14 77 0 9 9 38 
20 11 9 46 52 80 58 58 2 48 0 61 2 75 84 66 37 
1 8 28 27 33 61 39 39 17 29 19 42 21 56 65 47 18 
58 67 87 32 26 2 20 20 76 30 78 17 80 3 6 12 41 
64 73 93 38 32 4 26 26 82 36 84 23 86 9 0 18 47 
60 69 89 34 28 0 22 22 78 32 80 19 82 5 4 14 43 
17 8 12 43 49 77 55 55 1 45 3 58 5 72 81 63 34 
19 28 48 7 13 41 19 19 37 9 39 22 41 36 45 27 2 
21 12 8 47 53 81 59 59 3 49 1 62 1 76 85 67 38 
25 34 54 1 7 35 13 13 43 3 45 16 47 30 39 21 8 
9 18 38 17 23 51 29 29 27 19 29 32 31 46 55 37 8 
27 18 2 53 59 87 65 65 9 55 7 68 5 82 91 73 44 
20 29 49 6 12 40 18 18 38 8 40 21 42 35 44 26 3 
34 43 63 8 2 26 4 4 52 6 54 7 56 21 30 12 17 
24 15 5 50 56 84 62 62 6 52 4 65 2 79 88 70 41 
44 53 73 18 12 16 6 6 62 16 64 3 66 11 20 2 27 

73 60 46 1 4 69 65 74 71 4 62 20 61 21 3 4 41 
3 10 24 71 66 1 5 4 1 74 8 50 9 49 67 74 29 
78 65 51 4 9 74 70 79 76 1 67 25 66 26 8 1 46 
59 46 32 15 10 55 51 60 57 18 48 6 47 7 11 18 27 
0 13 27 74 69 4 8 1 2 77 11 53 12 52 70 77 32 
6 19 33 80 75 10 14 5 8 83 17 59 18 58 76 83 38 
2 15 29 76 71 6 10 1 4 79 13 55 14 54 72 79 34 
75 62 48 1 6 71 67 76 73 2 64 22 63 23 5 2 43 
39 26 12 35 30 35 31 40 37 38 28 14 27 13 31 38 7 
79 66 52 5 10 75 71 80 77 2 68 26 67 27 9 2 47 
33 20 6 41 36 29 25 34 31 44 22 20 21 19 37 44 1 
49 36 22 25 20 45 41 50 47 28 38 4 37 3 21 28 17 
85 72 58 11 16 81 77 86 83 8 74 32 73 33 15 8 53 
38 25 11 36 31 34 30 39 36 39 27 15 26 14 32 39 6 
24 11 3 50 45 20 16 25 22 53 13 29 12 28 46 53 8 
82 69 55 8 13 78 74 83 80 5 71 29 70 30 12 5 50 
14 1 13 60 55 10 6 15 12 63 3 39 2 38 56 63 18 

5 22 22 80 17 8 61 12 0 60 37 10 44 11 63 33 14 
65 48 48 10 53 62 9 82 70 10 33 80 26 81 7 37 84 
10 27 27 85 22 13 66 7 5 65 42 5 49 6 68 38 9 
9 8 8 66 3 6 47 26 14 46 23 24 30 25 49 19 28 
68 51 51 7 56 65 12 85 73 13 36 83 29 84 10 40 87 
74 57 57 1 62 71 18 91 79 19 42 89 35 90 16 46 93 
70 53 53 5 58 67 14 87 75 15 38 85 31 86 12 42 89 
7 24 24 82 19 10 63 10 2 62 39 8 46 9 65 35 12 
29 12 12 46 17 26 27 46 34 26 3 44 10 45 29 1 48 
11 28 28 86 23 14 67 6 6 66 43 4 50 5 69 39 8 
35 18 18 40 23 32 21 52 40 20 3 50 4 51 23 7 54 
19 2 2 56 7 16 37 36 24 36 13 34 20 35 39 9 38 
17 34 34 92 29 20 73 0 12 72 49 2 56 1 75 45 2 
30 13 13 45 18 27 26 47 35 25 2 45 9 46 28 2 49 
44 27 27 31 32 41 12 61 49 11 12 59 5 60 14 16 63 
14 31 31 89 26 17 70 3 9 69 46 1 53 2 72 42 5 
54 37 37 21 42 51 2 71 59 1 22 69 15 70 4 26 73 

7 29 61 18 82 10 45 28 3 33 12 15 3 69 74 21 56 
77 41 9 52 12 80 25 42 73 37 82 85 73 1 4 49 14 
2 34 66 23 87 5 50 33 2 38 7 10 2 74 79 26 61 
21 15 47 4 68 24 31 14 17 19 26 29 17 55 60 7 42 
80 44 12 55 9 83 28 45 76 40 85 88 76 4 1 52 17 
86 50 18 61 3 89 34 51 82 46 91 94 82 10 5 58 23 
82 46 14 57 7 85 30 47 78 42 87 90 78 6 1 54 19 
5 31 63 20 84 8 47 30 1 35 10 13 1 71 76 23 58 
41 5 27 16 48 44 11 6 37 1 46 49 37 35 40 13 22 
1 35 67 24 88 4 51 34 3 39 6 9 3 75 80 27 62 
47 11 21 22 42 50 5 12 43 7 52 55 43 29 34 19 16 
31 5 37 6 58 34 21 4 27 9 36 39 27 45 50 3 32 
5 41 73 30 94 2 57 40 9 45 0 3 9 81 86 33 68 
42 6 26 17 47 45 10 7 38 2 47 50 38 34 39 14 21 
56 20 12 31 33 59 4 21 52 16 61 64 52 20 25 28 7 
2 38 70 27 91 1 54 37 6 42 3 6 6 78 83 30 65 
66 30 2 41 23 69 14 31 62 26 71 74 62 10 15 38 3 

18 43 38 78 67 70 53 4 8 5 57 3 6 43 61 50 10 
52 27 32 8 3 0 17 74 62 65 13 73 64 27 9 20 80 
23 48 43 83 72 75 58 1 13 10 62 2 11 48 66 55 5 
4 29 24 64 53 56 39 18 6 9 43 17 8 29 47 36 24 
55 30 35 5 6 3 20 77 65 68 16 76 67 30 12 23 83 
61 36 41 1 12 9 26 83 71 74 22 82 73 36 18 29 89 
57 32 37 3 8 5 22 79 67 70 18 78 69 32 14 25 85 
20 45 40 80 69 72 55 2 10 7 59 1 8 45 63 52 8 
16 9 4 44 33 36 19 38 26 29 23 37 28 9 27 16 44 
24 49 44 84 73 76 59 2 14 11 63 3 12 49 67 56 4 
22 3 2 38 27 30 13 44 32 35 17 43 34 3 21 10 50 
6 19 14 54 43 46 29 28 16 19 33 27 18 19 37 26 34 
30 55 50 90 79 82 65 8 20 17 69 9 18 55 73 62 2 
17 8 3 43 32 35 18 39 27 30 22 38 29 8 26 15 45 
31 6 11 29 18 21 4 53 41 44 8 52 43 6 12 1 59 
27 52 47 87 76 79 62 5 17 14 66 6 15 52 70 59 1 
41 16 21 19 8 11 6 63 51 54 2 62 53 16 2 9 69 

67 16 60 9 18 56 82 10 14 22 76 63 18 74 69 15 33 
3 54 10 61 52 14 12 60 56 48 6 7 52 4 1 85 37 
72 21 65 14 23 61 87 15 19 27 81 68 23 79 74 10 38 
53 2 46 5 4 42 68 4 0 8 62 49 4 60 55 29 19 
6 57 13 64 55 17 9 63 59 51 3 10 55 1 4 88 40 
12 63 19 70 61 23 3 69 65 57 3 16 61 5 10 94 46 
8 59 15 66 57 19 7 65 61 53 1 12 57 1 6 90 42 
69 18 62 11 20 58 84 12 16 24 78 65 20 76 71 13 35 
33 18 26 25 16 22 48 24 20 12 42 29 16 40 35 49 1 
73 22 66 15 24 62 88 16 20 28 82 69 24 80 75 9 39 
27 24 20 31 22 16 42 30 26 18 36 23 22 34 29 55 7 
43 8 36 15 6 32 58 14 10 2 52 39 6 50 45 39 9 
79 28 72 21 30 68 94 22 26 34 88 75 30 86 81 3 45 
32 19 25 26 17 21 47 25 21 13 41 28 17 39 34 50 2 
18 33 11 40 31 7 33 39 35 27 27 14 31 25 20 64 16 
76 25 69 18 27 65 91 19 23 31 85 72 27 83 78 6 42 
8 43 1 50 41 3 23 49 45 37 17 4 41 15 10 74 26 

66 63 80 21 60 81 18 56 27 5 15 49 19 24 72 80 25 
4 7 10 49 10 11 52 14 43 65 85 21 51 46 2 10 45 
71 68 85 26 65 86 23 61 32 10 10 54 24 29 77 85 30 
52 49 66 7 46 67 4 42 13 9 29 35 5 10 58 66 11 
7 10 7 52 13 8 55 17 46 68 88 24 54 49 1 7 48 
13 16 1 58 19 2 61 23 52 74 94 30 60 55 7 1 54 
9 12 5 54 15 6 57 19 48 70 90 26 56 51 3 5 50 
68 65 82 23 62 83 20 58 29 7 13 51 21 26 74 82 27 
32 29 46 13 26 47 16 22 7 29 49 15 15 10 38 46 9 
72 69 86 27 66 87 24 62 33 11 9 55 25 30 78 86 31 
26 23 40 19 20 41 22 16 13 35 55 9 21 16 32 40 15 
42 39 56 3 36 57 6 32 3 19 39 25 5 0 48 56 1 
78 75 92 33 72 93 30 68 39 17 3 61 31 36 84 92 37 
31 28 45 14 25 46 17 21 8 30 50 14 16 11 37 45 10 
17 14 31 28 11 32 31 7 22 44 64 0 30 25 23 31 24 
75 72 89 30 69 90 27 65 36 14 6 58 28 33 81 89 34 
7 4 21 38 1 22 41 3 32 54 74 10 40 35 13 21 34 

1 70 81 59 12 11 66 40 32 13 71 13 40 2 1 11 10 
69 0 11 11 58 81 4 30 38 57 1 57 30 68 69 59 60 
6 75 86 64 17 6 71 45 37 18 76 18 45 7 6 16 15 
13 56 67 45 2 25 52 26 18 1 57 1 26 12 13 3 4 
72 3 8 14 61 84 7 33 41 60 2 60 33 71 72 62 63 
78 9 2 20 67 90 13 39 47 66 8 66 39 77 78 68 69 
74 5 6 16 63 86 9 35 43 62 4 62 35 73 74 64 65 
3 72 83 61 14 9 68 42 34 15 73 15 42 4 3 13 12 
33 36 47 25 22 45 32 6 2 21 37 21 6 32 33 23 24 
7 76 87 65 18 5 72 46 38 19 77 19 46 8 7 17 16 
39 30 41 19 28 51 26 0 8 27 31 27 0 38 39 29 30 
23 46 57 35 12 35 42 16 8 11 47 11 16 22 23 13 14 
13 82 93 71 24 1 78 52 44 25 83 25 52 14 13 23 22 
34 35 46 24 23 46 31 5 3 22 36 22 5 33 34 24 25 
48 21 32 10 37 60 17 9 17 36 22 36 9 47 48 38 39 
10 79 90 68 21 2 75 49 41 22 80 22 49 11 10 20 19 
58 11 22 0 47 70 7 19 27 46 12 46 19 57 58 48 49 

13 62 21 40 18 4 44 32 66 12 9 69 12 4 59 65 6 
57 8 49 30 52 66 26 38 4 58 61 1 58 66 11 5 76 
18 67 26 45 23 9 49 37 71 17 14 74 17 9 64 70 1 
1 48 7 26 4 10 30 18 52 2 5 55 2 10 45 51 20 
60 11 52 33 55 69 29 41 7 61 64 4 61 69 14 8 79 
66 17 58 39 61 75 35 47 13 67 70 10 67 75 20 14 85 
62 13 54 35 57 71 31 43 9 63 66 6 63 71 16 10 81 
15 64 23 42 20 6 46 34 68 14 11 71 14 6 61 67 4 
21 28 13 6 16 30 10 2 32 22 25 35 22 30 25 31 40 
19 68 27 46 24 10 50 38 72 18 15 75 18 10 65 71 0 
27 22 19 0 22 36 4 8 26 28 31 29 28 36 19 25 46 
11 38 3 16 6 20 20 8 42 12 15 45 12 20 35 41 30 
25 74 33 52 30 16 56 44 78 24 21 81 24 16 71 77 6 
22 27 14 5 17 31 9 3 31 23 26 34 23 31 24 30 41 
36 13 28 9 31 45 5 17 17 37 40 20 37 45 10 16 55 
22 71 30 49 27 13 53 41 75 21 18 78 21 13 68 74 3 
46 3 38 19 41 55 15 27 7 47 50 10 47 55 0 6 65 

60 75 65 3 69 8 71 2 77 80 32 7 16 9 20 29 17 
10 5 5 73 1 62 1 68 7 10 38 63 86 79 50 41 53 
65 80 70 2 74 13 76 7 82 85 37 12 11 4 25 34 22 
46 61 51 17 55 6 57 12 63 66 18 7 30 23 6 15 3 
13 2 8 76 4 65 2 71 4 7 41 66 89 82 53 44 56 
19 4 14 82 10 71 8 77 2 1 47 72 95 88 59 50 62 
15 0 10 78 6 67 4 73 2 5 43 68 91 84 55 46 58 
62 77 67 1 71 10 73 4 79 82 34 9 14 7 22 31 19 
26 41 31 37 35 26 37 32 43 46 2 27 50 43 14 5 17 
66 81 71 3 75 14 77 8 83 86 38 13 10 3 26 35 23 
20 35 25 43 29 32 31 38 37 40 8 33 56 49 20 11 23 
36 51 41 27 45 16 47 22 53 56 8 17 40 33 4 5 7 
72 87 77 9 81 20 83 14 89 92 44 19 4 3 32 41 29 
25 40 30 38 34 27 36 33 42 45 3 28 51 44 15 6 18 
11 26 16 52 20 41 22 47 28 31 17 42 65 58 29 20 32 
69 84 74 6 78 17 80 11 86 89 41 16 7 0 29 38 26 
1 16 6 62 10 51 12 57 18 21 27 52 75 68 39 30 42 

7 6 79 1 50 5 72 21 1 65 46 5 42 12 51 51 20 
77 76 9 71 20 75 2 49 69 5 24 75 28 82 19 19 50 
2 1 84 4 55 0 77 26 6 70 51 0 47 7 56 56 25 
21 20 65 15 36 19 58 7 13 51 32 19 28 26 37 37 6 
80 79 6 74 23 78 1 52 72 8 27 78 31 85 22 22 53 
86 85 0 80 29 84 7 58 78 14 33 84 37 91 28 28 59 
82 81 4 76 25 80 3 54 74 10 29 80 33 87 24 24 55 
5 4 81 1 52 3 74 23 3 67 48 3 44 10 53 53 22 
41 40 45 35 16 39 38 13 33 31 12 39 8 46 17 17 14 
1 0 85 5 56 1 78 27 7 71 52 1 48 6 57 57 26 
47 46 39 41 10 45 32 19 39 25 6 45 2 52 11 11 20 
31 30 55 25 26 29 48 3 23 41 22 29 18 36 27 27 4 
5 6 91 11 62 7 84 33 13 77 58 7 54 0 63 63 32 
42 41 44 36 15 40 37 14 34 30 11 40 7 47 16 16 15 
56 55 30 50 1 54 23 28 48 16 3 54 7 61 2 2 29 
2 3 88 8 59 4 81 30 10 74 55 4 51 3 60 60 29 
66 65 20 60 9 64 13 38 58 6 13 64 17 71 8 8 39 

1 2 71 44 48 79 48 5 19 19 89 79 24 41 26 72 31 
40 41 32 5 9 40 9 34 20 20 50 40 15 2 13 33 8 
64 65 8 19 15 16 15 58 44 44 26 16 39 22 37 9 32 
55 56 17 10 6 25 6 49 35 35 35 25 30 13 28 18 23 
6 7 66 39 43 74 43 0 14 14 84 74 19 36 21 67 26 
74 75 2 29 25 6 25 68 54 54 16 6 49 32 47 1 42 
13 14 59 32 36 67 36 7 7 7 77 67 12 29 14 60 19 
65 66 7 20 16 15 16 59 45 45 25 15 40 23 38 8 33 
40 41 32 5 9 40 9 34 20 20 50 40 15 2 13 33 8 
71 72 1 26 22 9 22 65 51 51 19 9 46 29 44 2 39 
90 91 18 45 41 10 41 84 70 70 0 10 65 48 63 17 58 
7 6 79 52 56 87 56 13 27 27 97 87 32 49 34 80 39 
42 43 30 3 7 38 7 36 22 22 48 38 17 0 15 31 10 
4 3 76 49 53 84 53 10 24 24 94 84 29 46 31 77 36 
35 36 37 10 14 45 14 29 15 15 55 45 10 7 8 38 3 
13 14 59 32 36 67 36 7 7 7 77 67 12 29 14 60 19 
63 64 9 18 14 17 14 57 43 43 27 17 38 21 36 10 31 

59 68 88 33 27 1 21 21 77 31 79 18 81 4 5 13 42 
20 29 49 6 12 40 18 18 38 8 40 21 42 35 44 26 3 
4 5 25 30 36 64 42 42 14 32 16 45 18 59 68 50 21 
5 14 34 21 27 55 33 33 23 23 25 36 27 50 59 41 12 
54 63 83 28 22 6 16 16 72 26 74 13 76 1 10 8 37 
14 5 15 40 46 74 52 52 4 42 6 55 8 69 78 60 31 
47 56 76 21 15 13 9 9 65 19 67 6 69 8 17 1 30 
5 4 24 31 37 65 43 43 13 33 15 46 17 60 69 51 22 
20 29 49 6 12 40 18 18 38 8 40 21 42 35 44 26 3 
11 2 18 37 43 71 49 49 7 39 9 52 11 66 75 57 28 
30 21 1 56 62 90 68 68 12 58 10 71 8 85 94 76 47 
67 76 96 41 35 7 29 29 85 39 87 26 89 12 3 21 50 
18 27 47 8 14 42 20 20 36 10 38 23 40 37 46 28 1 
64 73 93 38 32 4 26 26 82 36 84 23 86 9 0 18 47 
25 34 54 1 7 35 13 13 43 3 45 16 47 30 39 21 8 
47 56 76 21 15 13 9 9 65 19 67 6 69 8 17 1 30 
3 6 26 29 35 63 41 41 15 31 17 44 19 58 67 49 20 

1 14 28 75 70 5 9 0 3 78 12 54 13 53 71 78 33 
38 25 11 36 31 34 30 39 36 39 27 15 26 14 32 39 6 
62 49 35 12 7 58 54 63 60 15 51 9 50 10 8 15 30 
53 40 26 21 16 49 45 54 51 24 42 0 41 1 17 24 21 
4 9 23 70 65 0 4 5 2 73 7 49 8 48 66 73 28 
72 59 45 2 3 68 64 73 70 5 61 19 60 20 2 5 40 
11 2 16 63 58 7 3 12 9 66 0 42 1 41 59 66 21 
63 50 36 11 6 59 55 64 61 14 52 10 51 11 7 14 31 
38 25 11 36 31 34 30 39 36 39 27 15 26 14 32 39 6 
69 56 42 5 0 65 61 70 67 8 58 16 57 17 1 8 37 
88 75 61 14 19 84 80 89 86 11 77 35 76 36 18 11 56 
9 22 36 83 78 13 17 8 11 86 20 62 21 61 79 86 41 
40 27 13 34 29 36 32 41 38 37 29 13 28 12 30 37 8 
6 19 33 80 75 10 14 5 8 83 17 59 18 58 76 83 38 
33 20 6 41 36 29 25 34 31 44 22 20 21 19 37 44 1 
11 2 16 63 58 7 3 12 9 66 0 42 1 41 59 66 21 
61 48 34 13 8 57 53 62 59 16 50 8 49 9 9 16 29 

69 52 52 6 57 66 13 86 74 14 37 84 30 85 11 41 88 
30 13 13 45 18 27 26 47 35 25 2 45 9 46 28 2 49 
6 11 11 69 6 3 50 23 11 49 26 21 33 22 52 22 25 
15 2 2 60 3 12 41 32 20 40 17 30 24 31 43 13 34 
64 47 47 11 52 61 8 81 69 9 32 79 25 80 6 36 83 
4 21 21 79 16 7 60 13 1 59 36 11 43 12 62 32 15 
57 40 40 18 45 54 1 74 62 2 25 72 18 73 1 29 76 
5 12 12 70 7 2 51 22 10 50 27 20 34 21 53 23 24 
30 13 13 45 18 27 26 47 35 25 2 45 9 46 28 2 49 
1 18 18 76 13 4 57 16 4 56 33 14 40 15 59 29 18 
20 37 37 95 32 23 76 3 15 75 52 5 59 4 78 48 1 
77 60 60 2 65 74 21 94 82 22 45 92 38 93 19 49 96 
28 11 11 47 16 25 28 45 33 27 4 43 11 44 30 0 47 
74 57 57 1 62 71 18 91 79 19 42 89 35 90 16 46 93 
35 18 18 40 23 32 21 52 40 20 3 50 4 51 23 7 54 
57 40 40 18 45 54 1 74 62 2 25 72 18 73 1 29 76 
7 10 10 68 5 4 49 24 12 48 25 22 32 23 51 21 26 

81 45 13 56 8 84 29 46 77 41 86 89 77 5 0 53 18 
42 6 26 17 47 45 10 7 38 2 47 50 38 34 39 14 21 
18 18 50 7 71 21 34 17 14 22 23 26 14 58 63 10 45 
27 9 41 2 62 30 25 8 23 13 32 35 23 49 54 1 36 
76 40 8 51 13 79 24 41 72 36 81 84 72 0 5 48 13 
8 28 60 17 81 11 44 27 4 32 13 16 4 68 73 20 55 
69 33 1 44 20 72 17 34 65 29 74 77 65 7 12 41 6 
17 19 51 8 72 20 35 18 13 23 22 25 13 59 64 11 46 
42 6 26 17 47 45 10 7 38 2 47 50 38 34 39 14 21 
11 25 57 14 78 14 41 24 7 29 16 19 7 65 70 17 52 
8 44 76 33 97 5 60 43 12 48 3 0 12 84 89 36 71 
89 53 21 64 0 92 37 54 85 49 94 97 85 13 8 61 26 
40 4 28 15 49 43 12 5 36 0 45 48 36 36 41 12 23 
86 50 18 61 3 89 34 51 82 46 91 94 82 10 5 58 23 
47 11 21 22 42 50 5 12 43 7 52 55 43 29 34 19 16 
69 33 1 44 20 72 17 34 65 29 74 77 65 7 12 41 6 
19 17 49 6 70 22 33 16 15 21 24 27 15 57 62 9 44 

56 31 36 4 7 4 21 78 66 69 17 77 68 31 13 24 84 
17 8 3 43 32 35 18 39 27 30 22 38 29 8 26 15 45 
7 32 27 67 56 59 42 15 3 6 46 14 5 32 50 39 21 
2 23 18 58 47 50 33 24 12 15 37 23 14 23 41 30 30 
51 26 31 9 2 1 16 73 61 64 12 72 63 26 8 19 79 
17 42 37 77 66 69 52 5 7 4 56 4 5 42 60 49 11 
44 19 24 16 5 8 9 66 54 57 5 65 56 19 1 12 72 
8 33 28 68 57 60 43 14 2 5 47 13 4 33 51 40 20 
17 8 3 43 32 35 18 39 27 30 22 38 29 8 26 15 45 
14 39 34 74 63 66 49 8 4 1 53 7 2 39 57 46 14 
33 58 53 93 82 85 68 11 23 20 72 12 21 58 76 65 5 
64 39 44 4 15 12 29 86 74 77 25 85 76 39 21 32 92 
15 10 5 45 34 37 20 37 25 28 24 36 27 10 28 17 43 
61 36 41 1 12 9 26 83 71 74 22 82 73 36 18 29 89 
22 3 2 38 27 30 13 44 32 35 17 43 34 3 21 10 50 
44 19 24 16 5 8 9 66 54 57 5 65 56 19 1 12 72 
6 31 26 66 55 58 41 16 4 7 45 15 6 31 49 38 22 

7 58 14 65 56 18 8 64 60 52 2 11 56 0 5 89 41 
32 19 25 26 17 21 47 25 21 13 41 28 17 39 34 50 2 
56 5 49 2 7 45 71 1 3 11 65 52 7 63 58 26 22 
47 4 40 11 2 36 62 10 6 2 56 43 2 54 49 35 13 
2 53 9 60 51 13 13 59 55 47 7 6 51 5 0 84 36 
66 15 59 8 17 55 81 9 13 21 75 62 17 73 68 16 32 
5 46 2 53 44 6 20 52 48 40 14 1 44 12 7 77 29 
57 6 50 1 8 46 72 0 4 12 66 53 8 64 59 25 23 
32 19 25 26 17 21 47 25 21 13 41 28 17 39 34 50 2 
63 12 56 5 14 52 78 6 10 18 72 59 14 70 65 19 29 
82 31 75 24 33 71 97 25 29 37 91 78 33 89 84 0 48 
15 66 22 73 64 26 0 72 68 60 6 19 64 8 13 97 49 
34 17 27 24 15 23 49 23 19 11 43 30 15 41 36 48 0 
12 63 19 70 61 23 3 69 65 57 3 16 61 5 10 94 46 
27 24 20 31 22 16 42 30 26 18 36 23 22 34 29 55 7 
5 46 2 53 44 6 20 52 48 40 14 1 44 12 7 77 29 
55 4 48 3 6 44 70 2 2 10 64 51 6 62 57 27 21 

8 11 6 53 14 7 56 18 47 69 89 25 55 50 2 6 49 
31 28 45 14 25 46 17 21 8 30 50 14 16 11 37 45 10 
55 52 69 10 49 70 7 45 16 6 26 38 8 13 61 69 14 
46 43 60 1 40 61 2 36 7 15 35 29 1 4 52 60 5 
3 6 11 48 9 12 51 13 42 64 84 20 50 45 3 11 44 
65 62 79 20 59 80 17 55 26 4 16 48 18 23 71 79 24 
4 1 18 41 2 19 44 6 35 57 77 13 43 38 10 18 37 
56 53 70 11 50 71 8 46 17 5 25 39 9 14 62 70 15 
31 28 45 14 25 46 17 21 8 30 50 14 16 11 37 45 10 
62 59 76 17 56 77 14 52 23 1 19 45 15 20 68 76 21 
81 78 95 36 75 96 33 71 42 20 0 64 34 39 87 95 40 
16 19 2 61 22 1 64 26 55 77 97 33 63 58 10 2 57 
33 30 47 12 27 48 15 23 6 28 48 16 14 9 39 47 8 
13 16 1 58 19 2 61 23 52 74 94 30 60 55 7 1 54 
26 23 40 19 20 41 22 16 13 35 55 9 21 16 32 40 15 
4 1 18 41 2 19 44 6 35 57 77 13 43 38 10 18 37 
54 51 68 9 48 69 6 44 15 7 27 37 7 12 60 68 13 

73 4 7 15 62 85 8 34 42 61 3 61 34 72 73 63 64 
34 35 46 24 23 46 31 5 3 22 36 22 5 33 34 24 25 
10 59 70 48 1 22 55 29 21 2 60 2 29 9 10 0 1 
19 50 61 39 8 31 46 20 12 7 51 7 20 18 19 9 10 
68 1 12 10 57 80 3 29 37 56 2 56 29 67 68 58 59 
0 69 80 58 11 12 65 39 31 12 70 12 39 1 0 10 9 
61 8 19 3 50 73 4 22 30 49 9 49 22 60 61 51 52 
9 60 71 49 2 21 56 30 22 3 61 3 30 8 9 1 0 
34 35 46 24 23 46 31 5 3 22 36 22 5 33 34 24 25 
3 66 77 55 8 15 62 36 28 9 67 9 36 2 3 7 6 
16 85 96 74 27 4 81 55 47 28 86 28 55 17 16 26 25 
81 12 1 23 70 93 16 42 50 69 11 69 42 80 81 71 72 
32 37 48 26 21 44 33 7 1 20 38 20 7 31 32 22 23 
78 9 2 20 67 90 13 39 47 66 8 66 39 77 78 68 69 
39 30 41 19 28 51 26 0 8 27 31 27 0 38 39 29 30 
61 8 19 3 50 73 4 22 30 49 9 49 22 60 61 51 52 
11 58 69 47 0 23 54 28 20 1 59 1 28 10 11 1 2 

61 12 53 34 56 70 30 42 8 62 65 5 62 70 15 9 80 
22 27 14 5 17 31 9 3 31 23 26 34 23 31 24 30 41 
2 51 10 29 7 7 33 21 55 1 2 58 1 7 48 54 17 
7 42 1 20 2 16 24 12 46 8 11 49 8 16 39 45 26 
56 7 48 29 51 65 25 37 3 57 60 0 57 65 10 4 75 
12 61 20 39 17 3 43 31 65 11 8 68 11 3 58 64 7 
49 0 41 22 44 58 18 30 4 50 53 7 50 58 3 3 68 
3 52 11 30 8 6 34 22 56 2 1 59 2 6 49 55 16 
22 27 14 5 17 31 9 3 31 23 26 34 23 31 24 30 41 
9 58 17 36 14 0 40 28 62 8 5 65 8 0 55 61 10 
28 77 36 55 33 19 59 47 81 27 24 84 27 19 74 80 9 
69 20 61 42 64 78 38 50 16 70 73 13 70 78 23 17 88 
20 29 12 7 15 29 11 1 33 21 24 36 21 29 26 32 39 
66 17 58 39 61 75 35 47 13 67 70 10 67 75 20 14 85 
27 22 19 0 22 36 4 8 26 28 31 29 28 36 19 25 46 
49 0 41 22 44 58 18 30 4 50 53 7 50 58 3 3 68 
1 50 9 28 6 8 32 20 54 0 3 57 0 8 47 53 18 

14 1 9 77 5 66 3 72 3 6 42 67 90 83 54 45 57 
25 40 30 38 34 27 36 33 42 45 3 28 51 44 15 6 18 
49 64 54 14 58 3 60 9 66 69 21 4 27 20 9 18 6 
40 55 45 23 49 12 51 18 57 60 12 13 36 29 0 9 3 
9 6 4 72 0 61 2 67 8 11 37 62 85 78 49 40 52 
59 74 64 4 68 7 70 1 76 79 31 6 17 10 19 28 16 
2 13 3 65 7 54 9 60 15 18 30 55 78 71 42 33 45 
50 65 55 13 59 2 61 8 67 70 22 3 26 19 10 19 7 
25 40 30 38 34 27 36 33 42 45 3 28 51 44 15 6 18 
56 71 61 7 65 4 67 2 73 76 28 3 20 13 16 25 13 
75 90 80 12 84 23 86 17 92 95 47 22 1 6 35 44 32 
22 7 17 85 13 74 11 80 5 2 50 75 98 91 62 53 65 
27 42 32 36 36 25 38 31 44 47 1 26 49 42 13 4 16 
19 4 14 82 10 71 8 77 2 1 47 72 95 88 59 50 62 
20 35 25 43 29 32 31 38 37 40 8 33 56 49 20 11 23 
2 13 3 65 7 54 9 60 15 18 30 55 78 71 42 33 45 
48 63 53 15 57 4 59 10 65 68 20 5 28 21 8 17 5 

81 80 5 75 24 79 2 53 73 9 28 79 32 86 23 23 54 
42 41 44 36 15 40 37 14 34 30 11 40 7 47 16 16 15 
18 17 68 12 39 16 61 10 10 54 35 16 31 23 40 40 9 
27 26 59 21 30 25 52 1 19 45 26 25 22 32 31 31 0 
76 75 10 70 19 74 3 48 68 4 23 74 27 81 18 18 49 
8 7 78 2 49 6 71 20 0 64 45 6 41 13 50 50 19 
69 68 17 63 12 67 10 41 61 3 16 67 20 74 11 11 42 
17 16 69 11 40 15 62 11 9 55 36 15 32 22 41 41 10 
42 41 44 36 15 40 37 14 34 30 11 40 7 47 16 16 15 
11 10 75 5 46 9 68 17 3 61 42 9 38 16 47 47 16 
8 9 94 14 65 10 87 36 16 80 61 10 57 3 66 66 35 
89 88 3 83 32 87 10 61 81 17 36 87 40 94 31 31 62 
40 39 46 34 17 38 39 12 32 32 13 38 9 45 18 18 13 
86 85 0 80 29 84 7 58 78 14 33 84 37 91 28 28 59 
47 46 39 41 10 45 32 19 39 25 6 45 2 52 11 11 20 
69 68 17 63 12 67 10 41 61 3 16 67 20 74 11 11 42 
19 18 67 13 38 17 60 9 11 53 34 17 30 24 39 39 8 

60 69 89 34 28 0 22 22 78 32 80 19 82 5 4 14 43 
61 70 90 35 29 1 23 23 79 33 81 20 83 6 3 15 44 
12 3 17 38 44 72 50 50 6 40 8 53 10 67 76 58 29 
15 24 44 11 17 45 23 23 33 13 35 26 37 40 49 31 2 
11 20 40 15 21 49 27 27 29 17 31 30 33 44 53 35 6 
20 11 9 46 52 80 58 58 2 48 0 61 2 75 84 66 37 
11 20 40 15 21 49 27 27 29 17 31 30 33 44 53 35 6 
54 63 83 28 22 6 16 16 72 26 74 13 76 1 10 8 37 
40 49 69 14 8 20 2 2 58 12 60 1 62 15 24 6 23 
40 49 69 14 8 20 2 2 58 12 60 1 62 15 24 6 23 
30 21 1 56 62 90 68 68 12 58 10 71 8 85 94 76 47 
20 11 9 46 52 80 58 58 2 48 0 61 2 75 84 66 37 
35 44 64 9 3 25 3 3 53 7 55 6 57 20 29 11 18 
18 27 47 8 14 42 20 20 36 10 38 23 40 37 46 28 1 
33 42 62 7 1 27 5 5 51 5 53 8 55 22 31 13 16 
13 4 16 39 45 73 51 51 5 41 7 54 9 68 77 59 30 
28 37 57 2 4 32 10 10 46 0 48 13 50 27 36 18 11 

2 15 29 76 71 6 10 1 4 79 13 55 14 54 72 79 34 
3 16 30 77 72 7 11 2 5 80 14 56 15 55 73 80 35 
70 57 43 4 1 66 62 71 68 7 59 17 58 18 0 7 38 
43 30 16 31 26 39 35 44 41 34 32 10 31 9 27 34 11 
47 34 20 27 22 43 39 48 45 30 36 6 35 5 23 30 15 
78 65 51 4 9 74 70 79 76 1 67 25 66 26 8 1 46 
47 34 20 27 22 43 39 48 45 30 36 6 35 5 23 30 15 
4 9 23 70 65 0 4 5 2 73 7 49 8 48 66 73 28 
18 5 9 56 51 14 10 19 16 59 7 35 6 34 52 59 14 
18 5 9 56 51 14 10 19 16 59 7 35 6 34 52 59 14 
88 75 61 14 19 84 80 89 86 11 77 35 76 36 18 11 56 
78 65 51 4 9 74 70 79 76 1 67 25 66 26 8 1 46 
23 10 4 51 46 19 15 24 21 54 12 30 11 29 47 54 9 
40 27 13 34 29 36 32 41 38 37 29 13 28 12 30 37 8 
25 12 2 49 44 21 17 26 23 52 14 28 13 27 45 52 7 
71 58 44 3 2 67 63 72 69 6 60 18 59 19 1 6 39 
30 17 3 44 39 26 22 31 28 47 19 23 18 22 40 47 2 

70 53 53 5 58 67 14 87 75 15 38 85 31 86 12 42 89 
71 54 54 4 59 68 15 88 76 16 39 86 32 87 13 43 90 
2 19 19 77 14 5 58 15 3 57 34 13 41 14 60 30 17 
25 8 8 50 13 22 31 42 30 30 7 40 14 41 33 3 44 
21 4 4 54 9 18 35 38 26 34 11 36 18 37 37 7 40 
10 27 27 85 22 13 66 7 5 65 42 5 49 6 68 38 9 
21 4 4 54 9 18 35 38 26 34 11 36 18 37 37 7 40 
64 47 47 11 52 61 8 81 69 9 32 79 25 80 6 36 83 
50 33 33 25 38 47 6 67 55 5 18 65 11 66 8 22 69 
50 33 33 25 38 47 6 67 55 5 18 65 11 66 8 22 69 
20 37 37 95 32 23 76 3 15 75 52 5 59 4 78 48 1 
10 27 27 85 22 13 66 7 5 65 42 5 49 6 68 38 9 
45 28 28 30 33 42 11 62 50 10 13 60 6 61 13 17 64 
28 11 11 47 16 25 28 45 33 27 4 43 11 44 30 0 47 
43 26 26 32 31 40 13 60 48 12 11 58 4 59 15 15 62 
3 20 20 78 15 6 59 14 2 58 35 12 42 13 61 31 16 
38 21 21 37 26 35 18 55 43 17 6 53 1 54 20 10 57 

82 46 14 57 7 85 30 47 78 42 87 90 78 6 1 54 19 
83 47 15 58 6 86 31 48 79 43 88 91 79 7 2 55 20 
10 26 58 15 79 13 42 25 6 30 15 18 6 66 71 18 53 
37 1 31 12 52 40 15 2 33 3 42 45 33 39 44 9 26 
33 3 35 8 56 36 19 2 29 7 38 41 29 43 48 5 30 
2 34 66 23 87 5 50 33 2 38 7 10 2 74 79 26 61 
33 3 35 8 56 36 19 2 29 7 38 41 29 43 48 5 30 
76 40 8 51 13 79 24 41 72 36 81 84 72 0 5 48 13 
62 26 6 37 27 65 10 27 58 22 67 70 58 14 19 34 1 
62 26 6 37 27 65 10 27 58 22 67 70 58 14 19 34 1 
8 44 76 33 97 5 60 43 12 48 3 0 12 84 89 36 71 
2 34 66 23 87 5 50 33 2 38 7 10 2 74 79 26 61 
57 21 11 32 32 60 5 22 53 17 62 65 53 19 24 29 6 
40 4 28 15 49 43 12 5 36 0 45 48 36 36 41 12 23 
55 19 13 30 34 58 3 20 51 15 60 63 51 21 26 27 8 
9 27 59 16 80 12 43 26 5 31 14 17 5 67 72 19 54 
50 14 18 25 39 53 2 15 46 10 55 58 46 26 31 22 13 

57 32 37 3 8 5 22 79 67 70 18 78 69 32 14 25 85 
58 33 38 2 9 6 23 80 68 71 19 79 70 33 15 26 86 
15 40 35 75 64 67 50 7 5 2 54 6 3 40 58 47 13 
12 13 8 48 37 40 23 34 22 25 27 33 24 13 31 20 40 
8 17 12 52 41 44 27 30 18 21 31 29 20 17 35 24 36 
23 48 43 83 72 75 58 1 13 10 62 2 11 48 66 55 5 
8 17 12 52 41 44 27 30 18 21 31 29 20 17 35 24 36 
51 26 31 9 2 1 16 73 61 64 12 72 63 26 8 19 79 
37 12 17 23 12 15 2 59 47 50 2 58 49 12 6 5 65 
37 12 17 23 12 15 2 59 47 50 2 58 49 12 6 5 65 
33 58 53 93 82 85 68 11 23 20 72 12 21 58 76 65 5 
23 48 43 83 72 75 58 1 13 10 62 2 11 48 66 55 5 
32 7 12 28 17 20 3 54 42 45 7 53 44 7 11 0 60 
15 10 5 45 34 37 20 37 25 28 24 36 27 10 28 17 43 
30 5 10 30 19 22 5 52 40 43 9 51 42 5 13 2 58 
16 41 36 76 65 68 51 6 6 3 55 5 4 41 59 48 12 
25 0 5 35 24 27 10 47 35 38 14 46 37 0 18 7 53 

8 59 15 66 57 19 7 65 61 53 1 12 57 1 6 90 42 
9 60 16 67 58 20 6 66 62 54 0 13 58 2 7 91 43 
64 13 57 6 15 53 79 7 11 19 73 60 15 71 66 18 30 
37 14 30 21 12 26 52 20 16 8 46 33 12 44 39 45 3 
41 10 34 17 8 30 56 16 12 4 50 37 8 48 43 41 7 
72 21 65 14 23 61 87 15 19 27 81 68 23 79 74 10 38 
41 10 34 17 8 30 56 16 12 4 50 37 8 48 43 41 7 
2 53 9 60 51 13 13 59 55 47 7 6 51 5 0 84 36 
12 39 5 46 37 1 27 45 41 33 21 8 37 19 14 70 22 
12 39 5 46 37 1 27 45 41 33 21 8 37 19 14 70 22 
82 31 75 24 33 71 97 25 29 37 91 78 33 89 84 0 48 
72 21 65 14 23 61 87 15 19 27 81 68 23 79 74 10 38 
17 34 10 41 32 6 32 40 36 28 26 13 32 24 19 65 17 
34 17 27 24 15 23 49 23 19 11 43 30 15 41 36 48 0 
19 32 12 39 30 8 34 38 34 26 28 15 30 26 21 63 15 
65 14 58 7 16 54 80 8 12 20 74 61 16 72 67 17 31 
24 27 17 34 25 13 39 33 29 21 33 20 25 31 26 58 10 

9 12 5 54 15 6 57 19 48 70 90 26 56 51 3 5 50 
10 13 4 55 16 5 58 20 49 71 91 27 57 52 4 4 51 
63 60 77 18 57 78 15 53 24 2 18 46 16 21 69 77 22 
36 33 50 9 30 51 12 26 3 25 45 19 11 6 42 50 5 
40 37 54 5 34 55 8 30 1 21 41 23 7 2 46 54 1 
71 68 85 26 65 86 23 61 32 10 10 54 24 29 77 85 30 
40 37 54 5 34 55 8 30 1 21 41 23 7 2 46 54 1 
3 6 11 48 9 12 51 13 42 64 84 20 50 45 3 11 44 
11 8 25 34 5 26 37 1 28 50 70 6 36 31 17 25 30 
11 8 25 34 5 26 37 1 28 50 70 6 36 31 17 25 30 
81 78 95 36 75 96 33 71 42 20 0 64 34 39 87 95 40 
71 68 85 26 65 86 23 61 32 10 10 54 24 29 77 85 30 
16 13 30 29 10 31 32 6 23 45 65 1 31 26 22 30 25 
33 30 47 12 27 48 15 23 6 28 48 16 14 9 39 47 8 
18 15 32 27 12 33 30 8 21 43 63 1 29 24 24 32 23 
64 61 78 19 58 79 16 54 25 3 17 47 17 22 70 78 23 
23 20 37 22 17 38 25 13 16 38 58 6 24 19 29 37 18 

74 5 6 16 63 86 9 35 43 62 4 62 35 73 74 64 65 
75 6 5 17 64 87 10 36 44 63 5 63 36 74 75 65 66 
2 67 78 56 9 14 63 37 29 10 68 10 37 1 2 8 7 
29 40 51 29 18 41 36 10 2 17 41 17 10 28 29 19 20 
25 44 55 33 14 37 40 14 6 13 45 13 14 24 25 15 16 
6 75 86 64 17 6 71 45 37 18 76 18 45 7 6 16 15 
25 44 55 33 14 37 40 14 6 13 45 13 14 24 25 15 16 
68 1 12 10 57 80 3 29 37 56 2 56 29 67 68 58 59 
54 15 26 4 43 66 11 15 23 42 16 42 15 53 54 44 45 
54 15 26 4 43 66 11 15 23 42 16 42 15 53 54 44 45 
16 85 96 74 27 4 81 55 47 28 86 28 55 17 16 26 25 
6 75 86 64 17 6 71 45 37 18 76 18 45 7 6 16 15 
49 20 31 9 38 61 16 10 18 37 21 37 10 48 49 39 40 
32 37 48 26 21 44 33 7 1 20 38 20 7 31 32 22 23 
47 22 33 11 36 59 18 8 16 35 23 35 8 46 47 37 38 
1 68 79 57 10 13 64 38 30 11 69 11 38 0 1 9 8 
42 27 38 16 31 54 23 3 11 30 28 30 3 41 42 32 33 

62 13 54 35 57 71 31 43 9 63 66 6 63 71 16 10 81 
63 14 55 36 58 72 32 44 10 64 67 7 64 72 17 11 82 
10 59 18 37 15 1 41 29 63 9 6 66 9 1 56 62 9 
17 32 9 10 12 26 14 2 36 18 21 39 18 26 29 35 36 
13 36 5 14 8 22 18 6 40 14 17 43 14 22 33 39 32 
18 67 26 45 23 9 49 37 71 17 14 74 17 9 64 70 1 
13 36 5 14 8 22 18 6 40 14 17 43 14 22 33 39 32 
56 7 48 29 51 65 25 37 3 57 60 0 57 65 10 4 75 
42 7 34 15 37 51 11 23 11 43 46 14 43 51 4 10 61 
42 7 34 15 37 51 11 23 11 43 46 14 43 51 4 10 61 
28 77 36 55 33 19 59 47 81 27 24 84 27 19 74 80 9 
18 67 26 45 23 9 49 37 71 17 14 74 17 9 64 70 1 
37 12 29 10 32 46 6 18 16 38 41 19 38 46 9 15 56 
20 29 12 7 15 29 11 1 33 21 24 36 21 29 26 32 39 
35 14 27 8 30 44 4 16 18 36 39 21 36 44 11 17 54 
11 60 19 38 16 2 42 30 64 10 7 67 10 2 57 63 8 
30 19 22 3 25 39 1 11 23 31 34 26 31 39 16 22 49 

15 0 10 78 6 67 4 73 2 5 43 68 91 84 55 46 58 
16 1 11 79 7 68 5 74 1 4 44 69 92 85 56 47 59 
57 72 62 6 66 5 68 1 74 77 29 4 19 12 17 26 14 
30 45 35 33 39 22 41 28 47 50 2 23 46 39 10 1 13 
34 49 39 29 43 18 45 24 51 54 6 19 42 35 6 3 9 
65 80 70 2 74 13 76 7 82 85 37 12 11 4 25 34 22 
34 49 39 29 43 18 45 24 51 54 6 19 42 35 6 3 9 
9 6 4 72 0 61 2 67 8 11 37 62 85 78 49 40 52 
5 20 10 58 14 47 16 53 22 25 23 48 71 64 35 26 38 
5 20 10 58 14 47 16 53 22 25 23 48 71 64 35 26 38 
75 90 80 12 84 23 86 17 92 95 47 22 1 6 35 44 32 
65 80 70 2 74 13 76 7 82 85 37 12 11 4 25 34 22 
10 25 15 53 19 42 21 48 27 30 18 43 66 59 30 21 33 
27 42 32 36 36 25 38 31 44 47 1 26 49 42 13 4 16 
12 27 17 51 21 40 23 46 29 32 16 41 64 57 28 19 31 
58 73 63 5 67 6 69 0 75 78 30 5 18 11 18 27 15 
17 32 22 46 26 35 28 41 34 37 11 36 59 52 23 14 26 

82 81 4 76 25 80 3 54 74 10 29 80 33 87 24 24 55 
83 82 3 77 26 81 4 55 75 11 30 81 34 88 25 25 56 
10 9 76 4 47 8 69 18 2 62 43 8 39 15 48 48 17 
37 36 49 31 20 35 42 9 29 35 16 35 12 42 21 21 10 
33 32 53 27 24 31 46 5 25 39 20 31 16 38 25 25 6 
2 1 84 4 55 0 77 26 6 70 51 0 47 7 56 56 25 
33 32 53 27 24 31 46 5 25 39 20 31 16 38 25 25 6 
76 75 10 70 19 74 3 48 68 4 23 74 27 81 18 18 49 
62 61 24 56 5 60 17 34 54 10 9 60 13 67 4 4 35 
62 61 24 56 5 60 17 34 54 10 9 60 13 67 4 4 35 
8 9 94 14 65 10 87 36 16 80 61 10 57 3 66 66 35 
2 1 84 4 55 0 77 26 6 70 51 0 47 7 56 56 25 
57 56 29 51 0 55 22 29 49 15 4 55 8 62 1 1 30 
40 39 46 34 17 38 39 12 32 32 13 38 9 45 18 18 13 
55 54 31 49 2 53 24 27 47 17 2 53 6 60 3 3 28 
9 8 77 3 48 7 70 19 1 63 44 7 40 14 49 49 18 
50 49 36 44 7 48 29 22 42 22 3 48 1 55 8 8 23 

58 45 31 16 11 54 50 59 56 19 47 5 46 6 12 19 26 
67 54 40 7 2 63 59 68 65 10 56 14 55 15 3 10 35 
87 74 60 13 18 83 79 88 85 10 76 34 75 35 17 10 55 
32 19 5 42 37 28 24 33 30 45 21 21 20 20 38 45 0 
26 13 1 48 43 22 18 27 24 51 15 27 14 26 44 51 6 
2 15 29 76 71 6 10 1 4 79 13 55 14 54 72 79 34 
20 7 7 54 49 16 12 21 18 57 9 33 8 32 50 57 12 
20 7 7 54 49 16 12 21 18 57 9 33 8 32 50 57 12 
76 63 49 2 7 72 68 77 74 1 65 23 64 24 6 1 44 
30 17 3 44 39 26 22 31 28 47 19 23 18 22 40 47 2 
78 65 51 4 9 74 70 79 76 1 67 25 66 26 8 1 46 
17 4 10 57 52 13 9 18 15 60 6 36 5 35 53 60 15 
80 67 53 6 11 76 72 81 78 3 69 27 68 28 10 3 48 
3 10 24 71 66 1 5 4 1 74 8 50 9 49 67 74 29 
6 19 33 80 75 10 14 5 8 83 17 59 18 58 76 83 38 
12 1 15 62 57 8 4 13 10 65 1 41 0 40 58 65 20 
41 28 14 33 28 37 33 42 39 36 30 12 29 11 29 36 9 

10 7 7 65 2 7 46 27 15 45 22 25 29 26 48 18 29 
1 16 16 74 11 2 55 18 6 54 31 16 38 17 57 27 20 
19 36 36 94 31 22 75 2 14 74 51 4 58 3 77 47 0 
36 19 19 39 24 33 20 53 41 19 4 51 3 52 22 8 55 
42 25 25 33 30 39 14 59 47 13 10 57 3 58 16 14 61 
70 53 53 5 58 67 14 87 75 15 38 85 31 86 12 42 89 
48 31 31 27 36 45 8 65 53 7 16 63 9 64 10 20 67 
48 31 31 27 36 45 8 65 53 7 16 63 9 64 10 20 67 
8 25 25 83 20 11 64 9 3 63 40 7 47 8 66 36 11 
38 21 21 37 26 35 18 55 43 17 6 53 1 54 20 10 57 
10 27 27 85 22 13 66 7 5 65 42 5 49 6 68 38 9 
51 34 34 24 39 48 5 68 56 4 19 66 12 67 7 23 70 
12 29 29 87 24 15 68 5 7 67 44 3 51 4 70 40 7 
65 48 48 10 53 62 9 82 70 10 33 80 26 81 7 37 84 
74 57 57 1 62 71 18 91 79 19 42 89 35 90 16 46 93 
56 39 39 19 44 53 0 73 61 1 24 71 17 72 2 28 75 
27 10 10 48 15 24 29 44 32 28 5 42 12 43 31 1 46 

22 14 46 3 67 25 30 13 18 18 27 30 18 54 59 6 41 
13 23 55 12 76 16 39 22 9 27 18 21 9 63 68 15 50 
7 43 75 32 96 4 59 42 11 47 2 1 11 83 88 35 70 
48 12 20 23 41 51 4 13 44 8 53 56 44 28 33 20 15 
54 18 14 29 35 57 2 19 50 14 59 62 50 22 27 26 9 
82 46 14 57 7 85 30 47 78 42 87 90 78 6 1 54 19 
60 24 8 35 29 63 8 25 56 20 65 68 56 16 21 32 3 
60 24 8 35 29 63 8 25 56 20 65 68 56 16 21 32 3 
4 32 64 21 85 7 48 31 0 36 9 12 0 72 77 24 59 
50 14 18 25 39 53 2 15 46 10 55 58 46 26 31 22 13 
2 34 66 23 87 5 50 33 2 38 7 10 2 74 79 26 61 
63 27 5 38 26 66 11 28 59 23 68 71 59 13 18 35 0 
0 36 68 25 89 3 52 35 4 40 5 8 4 76 81 28 63 
77 41 9 52 12 80 25 42 73 37 82 85 73 1 4 49 14 
86 50 18 61 3 89 34 51 82 46 91 94 82 10 5 58 23 
68 32 0 43 21 71 16 33 64 28 73 76 64 8 13 40 5 
39 3 29 14 50 42 13 4 35 1 44 47 35 37 42 11 24 

3 28 23 63 52 55 38 19 7 10 42 18 9 28 46 35 25 
12 37 32 72 61 64 47 10 2 1 51 9 0 37 55 44 16 
32 57 52 92 81 84 67 10 22 19 71 11 20 57 75 64 4 
23 2 3 37 26 29 12 45 33 36 16 44 35 2 20 9 51 
29 4 9 31 20 23 6 51 39 42 10 50 41 4 14 3 57 
57 32 37 3 8 5 22 79 67 70 18 78 69 32 14 25 85 
35 10 15 25 14 17 0 57 45 48 4 56 47 10 8 3 63 
35 10 15 25 14 17 0 57 45 48 4 56 47 10 8 3 63 
21 46 41 81 70 73 56 1 11 8 60 0 9 46 64 53 7 
25 0 5 35 24 27 10 47 35 38 14 46 37 0 18 7 53 
23 48 43 83 72 75 58 1 13 10 62 2 11 48 66 55 5 
38 13 18 22 11 14 3 60 48 51 1 59 50 13 5 6 66 
25 50 45 85 74 77 60 3 15 12 64 4 13 50 68 57 3 
52 27 32 8 3 0 17 74 62 65 13 73 64 27 9 20 80 
61 36 41 1 12 9 26 83 71 74 22 82 73 36 18 29 89 
43 18 23 17 6 9 8 65 53 56 4 64 55 18 0 11 71 
14 11 6 46 35 38 21 36 24 27 25 35 26 11 29 18 42 

52 1 45 6 3 41 67 5 1 7 61 48 3 59 54 30 18 
61 10 54 3 12 50 76 4 8 16 70 57 12 68 63 21 27 
81 30 74 23 32 70 96 24 28 36 90 77 32 88 83 1 47 
26 25 19 32 23 15 41 31 27 19 35 22 23 33 28 56 8 
20 31 13 38 29 9 35 37 33 25 29 16 29 27 22 62 14 
8 59 15 66 57 19 7 65 61 53 1 12 57 1 6 90 42 
14 37 7 44 35 3 29 43 39 31 23 10 35 21 16 68 20 
14 37 7 44 35 3 29 43 39 31 23 10 35 21 16 68 20 
70 19 63 12 21 59 85 13 17 25 79 66 21 77 72 12 36 
24 27 17 34 25 13 39 33 29 21 33 20 25 31 26 58 10 
72 21 65 14 23 61 87 15 19 27 81 68 23 79 74 10 38 
11 40 4 47 38 0 26 46 42 34 20 7 38 18 13 71 23 
74 23 67 16 25 63 89 17 21 29 83 70 25 81 76 8 40 
3 54 10 61 52 14 12 60 56 48 6 7 52 4 1 85 37 
12 63 19 70 61 23 3 69 65 57 3 16 61 5 10 94 46 
6 45 1 52 43 5 21 51 47 39 15 2 43 13 8 76 28 
35 16 28 23 14 24 50 22 18 10 44 31 14 42 37 47 1 

51 48 65 6 45 66 3 41 12 10 30 34 4 9 57 65 10 
60 57 74 15 54 75 12 50 21 1 21 43 13 18 66 74 19 
80 77 94 35 74 95 32 70 41 19 1 63 33 38 86 94 39 
25 22 39 20 19 40 23 15 14 36 56 8 22 17 31 39 16 
19 16 33 26 13 34 29 9 20 42 62 2 28 23 25 33 22 
9 12 5 54 15 6 57 19 48 70 90 26 56 51 3 5 50 
13 10 27 32 7 28 35 3 26 48 68 4 34 29 19 27 28 
13 10 27 32 7 28 35 3 26 48 68 4 34 29 19 27 28 
69 66 83 24 63 84 21 59 30 8 12 52 22 27 75 83 28 
23 20 37 22 17 38 25 13 16 38 58 6 24 19 29 37 18 
71 68 85 26 65 86 23 61 32 10 10 54 24 29 77 85 30 
10 7 24 35 4 25 38 0 29 51 71 7 37 32 16 24 31 
73 70 87 28 67 88 25 63 34 12 8 56 26 31 79 87 32 
4 7 10 49 10 11 52 14 43 65 85 21 51 46 2 10 45 
13 16 1 58 19 2 61 23 52 74 94 30 60 55 7 1 54 
5 2 19 40 1 20 43 5 34 56 76 12 42 37 11 19 36 
34 31 48 11 28 49 14 24 5 27 47 17 13 8 40 48 7 

14 55 66 44 3 26 51 25 17 2 56 2 25 13 14 4 5 
5 64 75 53 6 17 60 34 26 7 65 7 34 4 5 5 4 
15 84 95 73 26 3 80 54 46 27 85 27 54 16 15 25 24 
40 29 40 18 29 52 25 1 9 28 30 28 1 39 40 30 31 
46 23 34 12 35 58 19 7 15 34 24 34 7 45 46 36 37 
74 5 6 16 63 86 9 35 43 62 4 62 35 73 74 64 65 
52 17 28 6 41 64 13 13 21 40 18 40 13 51 52 42 43 
52 17 28 6 41 64 13 13 21 40 18 40 13 51 52 42 43 
4 73 84 62 15 8 69 43 35 16 74 16 43 5 4 14 13 
42 27 38 16 31 54 23 3 11 30 28 30 3 41 42 32 33 
6 75 86 64 17 6 71 45 37 18 76 18 45 7 6 16 15 
55 14 25 3 44 67 10 16 24 43 15 43 16 54 55 45 46 
8 77 88 66 19 4 73 47 39 20 78 20 47 9 8 18 17 
69 0 11 11 58 81 4 30 38 57 1 57 30 68 69 59 60 
78 9 2 20 67 90 13 39 47 66 8 66 39 77 78 68 69 
60 9 20 2 49 72 5 21 29 48 10 48 21 59 60 50 51 
31 38 49 27 20 43 34 8 0 19 39 19 8 30 31 21 22 

2 47 6 25 3 11 29 17 51 3 6 54 3 11 44 50 21 
7 56 15 34 12 2 38 26 60 6 3 63 6 2 53 59 12 
27 76 35 54 32 18 58 46 80 26 23 83 26 18 73 79 8 
28 21 20 1 23 37 3 9 25 29 32 28 29 37 18 24 47 
34 15 26 7 29 43 3 15 19 35 38 22 35 43 12 18 53 
62 13 54 35 57 71 31 43 9 63 66 6 63 71 16 10 81 
40 9 32 13 35 49 9 21 13 41 44 16 41 49 6 12 59 
40 9 32 13 35 49 9 21 13 41 44 16 41 49 6 12 59 
16 65 24 43 21 7 47 35 69 15 12 72 15 7 62 68 3 
30 19 22 3 25 39 1 11 23 31 34 26 31 39 16 22 49 
18 67 26 45 23 9 49 37 71 17 14 74 17 9 64 70 1 
43 6 35 16 38 52 12 24 10 44 47 13 44 52 3 9 62 
20 69 28 47 25 11 51 39 73 19 16 76 19 11 66 72 1 
57 8 49 30 52 66 26 38 4 58 61 1 58 66 11 5 76 
66 17 58 39 61 75 35 47 13 67 70 10 67 75 20 14 85 
48 1 40 21 43 57 17 29 5 49 52 8 49 57 2 4 67 
19 30 11 8 14 28 12 0 34 20 23 37 20 28 27 33 38 

45 60 50 18 54 7 56 13 62 65 17 8 31 24 5 14 2 
54 69 59 9 63 2 65 4 71 74 26 1 22 15 14 23 11 
74 89 79 11 83 22 85 16 91 94 46 21 2 5 34 43 31 
19 34 24 44 28 33 30 39 36 39 9 34 57 50 21 12 24 
13 28 18 50 22 39 24 45 30 33 15 40 63 56 27 18 30 
15 0 10 78 6 67 4 73 2 5 43 68 91 84 55 46 58 
7 22 12 56 16 45 18 51 24 27 21 46 69 62 33 24 36 
7 22 12 56 16 45 18 51 24 27 21 46 69 62 33 24 36 
63 78 68 0 72 11 74 5 80 83 35 10 13 6 23 32 20 
17 32 22 46 26 35 28 41 34 37 11 36 59 52 23 14 26 
65 80 70 2 74 13 76 7 82 85 37 12 11 4 25 34 22 
4 19 9 59 13 48 15 54 21 24 24 49 72 65 36 27 39 
67 82 72 4 76 15 78 9 84 87 39 14 9 2 27 36 24 
10 5 5 73 1 62 1 68 7 10 38 63 86 79 50 41 53 
19 4 14 82 10 71 8 77 2 1 47 72 95 88 59 50 62 
1 14 4 64 8 53 10 59 16 19 29 54 77 70 41 32 44 
28 43 33 35 37 24 39 30 45 48 0 25 48 41 12 3 15 

22 21 64 16 35 20 57 6 14 50 31 20 27 27 36 36 5 
13 12 73 7 44 11 66 15 5 59 40 11 36 18 45 45 14 
7 8 93 13 64 9 86 35 15 79 60 9 56 2 65 65 34 
48 47 38 42 9 46 31 20 40 24 5 46 1 53 10 10 21 
54 53 32 48 3 52 25 26 46 18 1 52 5 59 4 4 27 
82 81 4 76 25 80 3 54 74 10 29 80 33 87 24 24 55 
60 59 26 54 3 58 19 32 52 12 7 58 11 65 2 2 33 
60 59 26 54 3 58 19 32 52 12 7 58 11 65 2 2 33 
4 3 82 2 53 2 75 24 4 68 49 2 45 9 54 54 23 
50 49 36 44 7 48 29 22 42 22 3 48 1 55 8 8 23 
2 1 84 4 55 0 77 26 6 70 51 0 47 7 56 56 25 
63 62 23 57 6 61 16 35 55 9 10 61 14 68 5 5 36 
0 1 86 6 57 2 79 28 8 72 53 2 49 5 58 58 27 
77 76 9 71 20 75 2 49 69 5 24 75 28 82 19 19 50 
86 85 0 80 29 84 7 58 78 14 33 84 37 91 28 28 59 
68 67 18 62 11 66 11 40 60 4 15 66 19 73 10 10 41 
39 38 47 33 18 37 40 11 31 33 14 37 10 44 19 19 12 

68 51 51 7 56 65 12 85 73 13 36 83 29 84 10 40 87 
55 38 38 20 43 52 1 72 60 0 23 70 16 71 3 27 74 
41 24 24 34 29 38 15 58 46 14 9 56 2 57 17 13 60 
6 23 23 81 18 9 62 11 1 61 38 9 45 10 64 34 13 
1 18 18 76 13 4 57 16 4 56 33 14 40 15 59 29 18 
64 47 47 11 52 61 8 81 69 9 32 79 25 80 6 36 83 
60 43 43 15 48 57 4 77 65 5 28 75 21 76 2 32 79 
69 52 52 6 57 66 13 86 74 14 37 84 30 85 11 41 88 
66 49 49 9 54 63 10 83 71 11 34 81 27 82 8 38 85 
9 26 26 84 21 12 65 8 4 64 41 6 48 7 67 37 10 
57 40 40 18 45 54 1 74 62 2 25 72 18 73 1 29 76 
15 2 2 60 3 12 41 32 20 40 17 30 24 31 43 13 34 
56 39 39 19 44 53 0 73 61 1 24 71 17 72 2 28 75 
16 1 1 59 4 13 40 33 21 39 16 31 23 32 42 12 35 
2 19 19 77 14 5 58 15 3 57 34 13 41 14 60 30 17 
9 26 26 84 21 12 65 8 4 64 41 6 48 7 67 37 10 
36 19 19 39 24 33 20 53 41 19 4 51 3 52 22 8 55 

80 44 12 55 9 83 28 45 76 40 85 88 76 4 1 52 17 
67 31 1 42 22 70 15 32 63 27 72 75 63 9 14 39 4 
53 17 15 28 36 56 1 18 49 13 58 61 49 23 28 25 10 
6 30 62 19 83 9 46 29 2 34 11 14 2 70 75 22 57 
11 25 57 14 78 14 41 24 7 29 16 19 7 65 70 17 52 
76 40 8 51 13 79 24 41 72 36 81 84 72 0 5 48 13 
72 36 4 47 17 75 20 37 68 32 77 80 68 4 9 44 9 
81 45 13 56 8 84 29 46 77 41 86 89 77 5 0 53 18 
78 42 10 53 11 81 26 43 74 38 83 86 74 2 3 50 15 
3 33 65 22 86 6 49 32 1 37 8 11 1 73 78 25 60 
69 33 1 44 20 72 17 34 65 29 74 77 65 7 12 41 6 
27 9 41 2 62 30 25 8 23 13 32 35 23 49 54 1 36 
68 32 0 43 21 71 16 33 64 28 73 76 64 8 13 40 5 
28 8 40 3 61 31 24 7 24 12 33 36 24 48 53 0 35 
10 26 58 15 79 13 42 25 6 30 15 18 6 66 71 18 53 
3 33 65 22 86 6 49 32 1 37 8 11 1 73 78 25 60 
48 12 20 23 41 51 4 13 44 8 53 56 44 28 33 20 15 

55 30 35 5 6 3 20 77 65 68 16 76 67 30 12 23 83 
42 17 22 18 7 10 7 64 52 55 3 63 54 17 1 10 70 
28 3 8 32 21 24 7 50 38 41 11 49 40 3 15 4 56 
19 44 39 79 68 71 54 3 9 6 58 2 7 44 62 51 9 
14 39 34 74 63 66 49 8 4 1 53 7 2 39 57 46 14 
51 26 31 9 2 1 16 73 61 64 12 72 63 26 8 19 79 
47 22 27 13 2 5 12 69 57 60 8 68 59 22 4 15 75 
56 31 36 4 7 4 21 78 66 69 17 77 68 31 13 24 84 
53 28 33 7 4 1 18 75 63 66 14 74 65 28 10 21 81 
22 47 42 82 71 74 57 0 12 9 61 1 10 47 65 54 6 
44 19 24 16 5 8 9 66 54 57 5 65 56 19 1 12 72 
2 23 18 58 47 50 33 24 12 15 37 23 14 23 41 30 30 
43 18 23 17 6 9 8 65 53 56 4 64 55 18 0 11 71 
3 22 17 57 46 49 32 25 13 16 36 24 15 22 40 29 31 
15 40 35 75 64 67 50 7 5 2 54 6 3 40 58 47 13 
22 47 42 82 71 74 57 0 12 9 61 1 10 47 65 54 6 
23 2 3 37 26 29 12 45 33 36 16 44 35 2 20 9 51 

6 57 13 64 55 17 9 63 59 51 3 10 55 1 4 88 40 
7 44 0 51 42 4 22 50 46 38 16 3 42 14 9 75 27 
21 30 14 37 28 10 36 36 32 24 30 17 28 28 23 61 13 
68 17 61 10 19 57 83 11 15 23 77 64 19 75 70 14 34 
63 12 56 5 14 52 78 6 10 18 72 59 14 70 65 19 29 
2 53 9 60 51 13 13 59 55 47 7 6 51 5 0 84 36 
2 49 5 56 47 9 17 55 51 43 11 2 47 9 4 80 32 
7 58 14 65 56 18 8 64 60 52 2 11 56 0 5 89 41 
4 55 11 62 53 15 11 61 57 49 5 8 53 3 2 86 38 
71 20 64 13 22 60 86 14 18 26 80 67 22 78 73 11 37 
5 46 2 53 44 6 20 52 48 40 14 1 44 12 7 77 29 
47 4 40 11 2 36 62 10 6 2 56 43 2 54 49 35 13 
6 45 1 52 43 5 21 51 47 39 15 2 43 13 8 76 28 
46 5 39 12 3 35 61 11 7 1 55 42 3 53 48 36 12 
64 13 57 6 15 53 79 7 11 19 73 60 15 71 66 18 30 
71 20 64 13 22 60 86 14 18 26 80 67 22 78 73 11 37 
26 25 19 32 23 15 41 31 27 19 35 22 23 33 28 56 8 

7 10 7 52 13 8 55 17 46 68 88 24 54 49 1 7 48 
6 3 20 39 0 21 42 4 33 55 75 11 41 36 12 20 35 
20 17 34 25 14 35 28 10 19 41 61 3 27 22 26 34 21 
67 64 81 22 61 82 19 57 28 6 14 50 20 25 73 81 26 
62 59 76 17 56 77 14 52 23 1 19 45 15 20 68 76 21 
3 6 11 48 9 12 51 13 42 64 84 20 50 45 3 11 44 
1 2 15 44 5 16 47 9 38 60 80 16 46 41 7 15 40 
8 11 6 53 14 7 56 18 47 69 89 25 55 50 2 6 49 
5 8 9 50 11 10 53 15 44 66 86 22 52 47 1 9 46 
70 67 84 25 64 85 22 60 31 9 11 53 23 28 76 84 29 
4 1 18 41 2 19 44 6 35 57 77 13 43 38 10 18 37 
46 43 60 1 40 61 2 36 7 15 35 29 1 4 52 60 5 
5 2 19 40 1 20 43 5 34 56 76 12 42 37 11 19 36 
45 42 59 0 39 60 3 35 6 16 36 28 2 3 51 59 4 
63 60 77 18 57 78 15 53 24 2 18 46 16 21 69 77 22 
70 67 84 25 64 85 22 60 31 9 11 53 23 28 76 84 29 
25 22 39 20 19 40 23 15 14 36 56 8 22 17 31 39 16 

72 3 8 14 61 84 7 33 41 60 2 60 33 71 72 62 63 
59 10 21 1 48 71 6 20 28 47 11 47 20 58 59 49 50 
45 24 35 13 34 57 20 6 14 33 25 33 6 44 45 35 36 
2 71 82 60 13 10 67 41 33 14 72 14 41 3 2 12 11 
3 66 77 55 8 15 62 36 28 9 67 9 36 2 3 7 6 
68 1 12 10 57 80 3 29 37 56 2 56 29 67 68 58 59 
64 5 16 6 53 76 1 25 33 52 6 52 25 63 64 54 55 
73 4 7 15 62 85 8 34 42 61 3 61 34 72 73 63 64 
70 1 10 12 59 82 5 31 39 58 0 58 31 69 70 60 61 
5 74 85 63 16 7 70 44 36 17 75 17 44 6 5 15 14 
61 8 19 3 50 73 4 22 30 49 9 49 22 60 61 51 52 
19 50 61 39 8 31 46 20 12 7 51 7 20 18 19 9 10 
60 9 20 2 49 72 5 21 29 48 10 48 21 59 60 50 51 
20 49 60 38 9 32 45 19 11 8 50 8 19 19 20 10 11 
2 67 78 56 9 14 63 37 29 10 68 10 37 1 2 8 7 
5 74 85 63 16 7 70 44 36 17 75 17 44 6 5 15 14 
40 29 40 18 29 52 25 1 9 28 30 28 1 39 40 30 31 

60 11 52 33 55 69 29 41 7 61 64 4 61 69 14 8 79 
47 2 39 20 42 56 16 28 6 48 51 9 48 56 1 5 66 
33 16 25 6 28 42 2 14 20 34 37 23 34 42 13 19 52 
14 63 22 41 19 5 45 33 67 13 10 70 13 5 60 66 5 
9 58 17 36 14 0 40 28 62 8 5 65 8 0 55 61 10 
56 7 48 29 51 65 25 37 3 57 60 0 57 65 10 4 75 
52 3 44 25 47 61 21 33 1 53 56 4 53 61 6 0 71 
61 12 53 34 56 70 30 42 8 62 65 5 62 70 15 9 80 
58 9 50 31 53 67 27 39 5 59 62 2 59 67 12 6 77 
17 66 25 44 22 8 48 36 70 16 13 73 16 8 63 69 2 
49 0 41 22 44 58 18 30 4 50 53 7 50 58 3 3 68 
7 42 1 20 2 16 24 12 46 8 11 49 8 16 39 45 26 
48 1 40 21 43 57 17 29 5 49 52 8 49 57 2 4 67 
8 41 0 19 3 17 23 11 45 9 12 48 9 17 38 44 27 
10 59 18 37 15 1 41 29 63 9 6 66 9 1 56 62 9 
17 66 25 44 22 8 48 36 70 16 13 73 16 8 63 69 2 
28 21 20 1 23 37 3 9 25 29 32 28 29 37 18 24 47 

13 2 8 76 4 65 2 71 4 7 41 66 89 82 53 44 56 
0 15 5 63 9 52 11 58 17 20 28 53 76 69 40 31 43 
14 29 19 49 23 38 25 44 31 34 14 39 62 55 26 17 29 
61 76 66 2 70 9 72 3 78 81 33 8 15 8 21 30 18 
56 71 61 7 65 4 67 2 73 76 28 3 20 13 16 25 13 
9 6 4 72 0 61 2 67 8 11 37 62 85 78 49 40 52 
5 10 0 68 4 57 6 63 12 15 33 58 81 74 45 36 48 
14 1 9 77 5 66 3 72 3 6 42 67 90 83 54 45 57 
11 4 6 74 2 63 0 69 6 9 39 64 87 80 51 42 54 
64 79 69 1 73 12 75 6 81 84 36 11 12 5 24 33 21 
2 13 3 65 7 54 9 60 15 18 30 55 78 71 42 33 45 
40 55 45 23 49 12 51 18 57 60 12 13 36 29 0 9 3 
1 14 4 64 8 53 10 59 16 19 29 54 77 70 41 32 44 
39 54 44 24 48 13 50 19 56 59 11 14 37 30 1 8 4 
57 72 62 6 66 5 68 1 74 77 29 4 19 12 17 26 14 
64 79 69 1 73 12 75 6 81 84 36 11 12 5 24 33 21 
19 34 24 44 28 33 30 39 36 39 9 34 57 50 21 12 24 

80 79 6 74 23 78 1 52 72 8 27 78 31 85 22 22 53 
67 66 19 61 10 65 12 39 59 5 14 65 18 72 9 9 40 
53 52 33 47 4 51 26 25 45 19 0 51 4 58 5 5 26 
6 5 80 0 51 4 73 22 2 66 47 4 43 11 52 52 21 
11 10 75 5 46 9 68 17 3 61 42 9 38 16 47 47 16 
76 75 10 70 19 74 3 48 68 4 23 74 27 81 18 18 49 
72 71 14 66 15 70 7 44 64 0 19 70 23 77 14 14 45 
81 80 5 75 24 79 2 53 73 9 28 79 32 86 23 23 54 
78 77 8 72 21 76 1 50 70 6 25 76 29 83 20 20 51 
3 2 83 3 54 1 76 25 5 69 50 1 46 8 55 55 24 
69 68 17 63 12 67 10 41 61 3 16 67 20 74 11 11 42 
27 26 59 21 30 25 52 1 19 45 26 25 22 32 31 31 0 
68 67 18 62 11 66 11 40 60 4 15 66 19 73 10 10 41 
28 27 58 22 29 26 51 0 20 44 25 26 21 33 30 30 1 
10 9 76 4 47 8 69 18 2 62 43 8 39 15 48 48 17 
3 2 83 3 54 1 76 25 5 69 50 1 46 8 55 55 24 
48 47 38 42 9 46 31 20 40 24 5 46 1 53 10 10 21 

12 24 56 13 77 15 40 23 8 28 17 20 8 64 69 16 51 
29 7 39 4 60 32 23 6 25 11 34 37 25 47 52 1 34 
29 7 39 4 60 32 23 6 25 11 34 37 25 47 52 1 34 
87 51 19 62 2 90 35 52 83 47 92 95 83 11 6 59 24 
24 12 44 1 65 27 28 11 20 16 29 32 20 52 57 4 39 
15 21 53 10 74 18 37 20 11 25 20 23 11 61 66 13 48 
68 32 0 43 21 71 16 33 64 28 73 76 64 8 13 40 5 
5 41 73 30 94 2 57 40 9 45 0 3 9 81 86 33 68 
7 29 61 18 82 10 45 28 3 33 12 15 3 69 74 21 56 
67 31 1 42 22 70 15 32 63 27 72 75 63 9 14 39 4 
44 8 24 19 45 47 8 9 40 4 49 52 40 32 37 16 19 
3 39 71 28 92 0 55 38 7 43 2 5 7 79 84 31 66 
51 15 17 26 38 54 1 16 47 11 56 59 47 25 30 23 12 
4 40 72 29 93 1 56 39 8 44 1 4 8 80 85 32 67 
70 34 2 45 19 73 18 35 66 30 75 78 66 6 11 42 7 
40 4 28 15 49 43 12 5 36 0 45 48 36 36 41 12 23 
7 43 75 32 96 4 59 42 11 47 2 1 11 83 88 35 70 

13 38 33 73 62 65 48 9 3 0 52 8 1 38 56 45 15 
4 21 16 56 45 48 31 26 14 17 35 25 16 21 39 28 32 
4 21 16 56 45 48 31 26 14 17 35 25 16 21 39 28 32 
62 37 42 2 13 10 27 84 72 75 23 83 74 37 19 30 90 
1 26 21 61 50 53 36 21 9 12 40 20 11 26 44 33 27 
10 35 30 70 59 62 45 12 0 3 49 11 2 35 53 42 18 
43 18 23 17 6 9 8 65 53 56 4 64 55 18 0 11 71 
30 55 50 90 79 82 65 8 20 17 69 9 18 55 73 62 2 
18 43 38 78 67 70 53 4 8 5 57 3 6 43 61 50 10 
42 17 22 18 7 10 7 64 52 55 3 63 54 17 1 10 70 
19 6 1 41 30 33 16 41 29 32 20 40 31 6 24 13 47 
28 53 48 88 77 80 63 6 18 15 67 7 16 53 71 60 0 
26 1 6 34 23 26 9 48 36 39 13 47 38 1 17 6 54 
29 54 49 89 78 81 64 7 19 16 68 8 17 54 72 61 1 
45 20 25 15 4 7 10 67 55 58 6 66 57 20 2 13 73 
15 10 5 45 34 37 20 37 25 28 24 36 27 10 28 17 43 
32 57 52 92 81 84 67 10 22 19 71 11 20 57 75 64 4 

62 11 55 4 13 51 77 5 9 17 71 58 13 69 64 20 28 
45 6 38 13 4 34 60 12 8 0 54 41 4 52 47 37 11 
45 6 38 13 4 34 60 12 8 0 54 41 4 52 47 37 11 
13 64 20 71 62 24 2 70 66 58 4 17 62 6 11 95 47 
50 1 43 8 1 39 65 7 3 5 59 46 1 57 52 32 16 
59 8 52 1 10 48 74 2 6 14 68 55 10 66 61 23 25 
6 45 1 52 43 5 21 51 47 39 15 2 43 13 8 76 28 
79 28 72 21 30 68 94 22 26 34 88 75 30 86 81 3 45 
67 16 60 9 18 56 82 10 14 22 76 63 18 74 69 15 33 
7 44 0 51 42 4 22 50 46 38 16 3 42 14 9 75 27 
30 21 23 28 19 19 45 27 23 15 39 26 19 37 32 52 4 
77 26 70 19 28 66 92 20 24 32 86 73 28 84 79 5 43 
23 28 16 35 26 12 38 34 30 22 32 19 26 30 25 59 11 
78 27 71 20 29 67 93 21 25 33 87 74 29 85 80 4 44 
4 47 3 54 45 7 19 53 49 41 13 0 45 11 6 78 30 
34 17 27 24 15 23 49 23 19 11 43 30 15 41 36 48 0 
81 30 74 23 32 70 96 24 28 36 90 77 32 88 83 1 47 

61 58 75 16 55 76 13 51 22 0 20 44 14 19 67 75 20 
44 41 58 1 38 59 4 34 5 17 37 27 3 2 50 58 3 
44 41 58 1 38 59 4 34 5 17 37 27 3 2 50 58 3 
14 17 0 59 20 1 62 24 53 75 95 31 61 56 8 0 55 
49 46 63 4 43 64 1 39 10 12 32 32 2 7 55 63 8 
58 55 72 13 52 73 10 48 19 3 23 41 11 16 64 72 17 
5 2 19 40 1 20 43 5 34 56 76 12 42 37 11 19 36 
78 75 92 33 72 93 30 68 39 17 3 61 31 36 84 92 37 
66 63 80 21 60 81 18 56 27 5 15 49 19 24 72 80 25 
6 3 20 39 0 21 42 4 33 55 75 11 41 36 12 20 35 
29 26 43 16 23 44 19 19 10 32 52 12 18 13 35 43 12 
76 73 90 31 70 91 28 66 37 15 5 59 29 34 82 90 35 
22 19 36 23 16 37 26 12 17 39 59 5 25 20 28 36 19 
77 74 91 32 71 92 29 67 38 16 4 60 30 35 83 91 36 
3 0 17 42 3 18 45 7 36 58 78 14 44 39 9 17 38 
33 30 47 12 27 48 15 23 6 28 48 16 14 9 39 47 8 
80 77 94 35 74 95 32 70 41 19 1 63 33 38 86 94 39 

4 65 76 54 7 16 61 35 27 8 66 8 35 3 4 6 5 
21 48 59 37 10 33 44 18 10 9 49 9 18 20 21 11 12 
21 48 59 37 10 33 44 18 10 9 49 9 18 20 21 11 12 
79 10 1 21 68 91 14 40 48 67 9 67 40 78 79 69 70 
16 53 64 42 5 28 49 23 15 4 54 4 23 15 16 6 7 
7 62 73 51 4 19 58 32 24 5 63 5 32 6 7 3 2 
60 9 20 2 49 72 5 21 29 48 10 48 21 59 60 50 51 
13 82 93 71 24 1 78 52 44 25 83 25 52 14 13 23 22 
1 70 81 59 12 11 66 40 32 13 71 13 40 2 1 11 10 
59 10 21 1 48 71 6 20 28 47 11 47 20 58 59 49 50 
36 33 44 22 25 48 29 3 5 24 34 24 3 35 36 26 27 
11 80 91 69 22 1 76 50 42 23 81 23 50 12 11 21 20 
43 26 37 15 32 55 22 4 12 31 27 31 4 42 43 33 34 
12 81 92 70 23 0 77 51 43 24 82 24 51 13 12 22 21 
62 7 18 4 51 74 3 23 31 50 8 50 23 61 62 52 53 
32 37 48 26 21 44 33 7 1 20 38 20 7 31 32 22 23 
15 84 95 73 26 3 80 54 46 27 85 27 54 16 15 25 24 

8 57 16 35 13 1 39 27 61 7 4 64 7 1 54 60 11 
9 40 1 18 4 18 22 10 44 10 13 47 10 18 37 43 28 
9 40 1 18 4 18 22 10 44 10 13 47 10 18 37 43 28 
67 18 59 40 62 76 36 48 14 68 71 11 68 76 21 15 86 
4 45 4 23 1 13 27 15 49 5 8 52 5 13 42 48 23 
5 54 13 32 10 4 36 24 58 4 1 61 4 4 51 57 14 
48 1 40 21 43 57 17 29 5 49 52 8 49 57 2 4 67 
25 74 33 52 30 16 56 44 78 24 21 81 24 16 71 77 6 
13 62 21 40 18 4 44 32 66 12 9 69 12 4 59 65 6 
47 2 39 20 42 56 16 28 6 48 51 9 48 56 1 5 66 
24 25 16 3 19 33 7 5 29 25 28 32 25 33 22 28 43 
23 72 31 50 28 14 54 42 76 22 19 79 22 14 69 75 4 
31 18 23 4 26 40 0 12 22 32 35 25 32 40 15 21 50 
24 73 32 51 29 15 55 43 77 23 20 80 23 15 70 76 5 
50 1 42 23 45 59 19 31 3 51 54 6 51 59 4 2 69 
20 29 12 7 15 29 11 1 33 21 24 36 21 29 26 32 39 
27 76 35 54 32 18 58 46 80 26 23 83 26 18 73 79 8 

55 70 60 8 64 3 66 3 72 75 27 2 21 14 15 24 12 
38 53 43 25 47 14 49 20 55 58 10 15 38 31 2 7 5 
38 53 43 25 47 14 49 20 55 58 10 15 38 31 2 7 5 
20 5 15 83 11 72 9 78 3 0 48 73 96 89 60 51 63 
43 58 48 20 52 9 54 15 60 63 15 10 33 26 3 12 0 
52 67 57 11 61 0 63 6 69 72 24 1 24 17 12 21 9 
1 14 4 64 8 53 10 59 16 19 29 54 77 70 41 32 44 
72 87 77 9 81 20 83 14 89 92 44 19 4 3 32 41 29 
60 75 65 3 69 8 71 2 77 80 32 7 16 9 20 29 17 
0 15 5 63 9 52 11 58 17 20 28 53 76 69 40 31 43 
23 38 28 40 32 29 34 35 40 43 5 30 53 46 17 8 20 
70 85 75 7 79 18 81 12 87 90 42 17 6 1 30 39 27 
16 31 21 47 25 36 27 42 33 36 12 37 60 53 24 15 27 
71 86 76 8 80 19 82 13 88 91 43 18 5 2 31 40 28 
3 12 2 66 6 55 8 61 14 17 31 56 79 72 43 34 46 
27 42 32 36 36 25 38 31 44 47 1 26 49 42 13 4 16 
74 89 79 11 83 22 85 16 91 94 46 21 2 5 34 43 31 

12 11 74 6 45 10 67 16 4 60 41 10 37 17 46 46 15 
29 28 57 23 28 27 50 1 21 43 24 27 20 34 29 29 2 
29 28 57 23 28 27 50 1 21 43 24 27 20 34 29 29 2 
87 86 1 81 30 85 8 59 79 15 34 85 38 92 29 29 60 
24 23 62 18 33 22 55 4 16 48 29 22 25 29 34 34 3 
15 14 71 9 42 13 64 13 7 57 38 13 34 20 43 43 12 
68 67 18 62 11 66 11 40 60 4 15 66 19 73 10 10 41 
5 6 91 11 62 7 84 33 13 77 58 7 54 0 63 63 32 
7 6 79 1 50 5 72 21 1 65 46 5 42 12 51 51 20 
67 66 19 61 10 65 12 39 59 5 14 65 18 72 9 9 40 
44 43 42 38 13 42 35 16 36 28 9 42 5 49 14 14 17 
3 4 89 9 60 5 82 31 11 75 56 5 52 2 61 61 30 
51 50 35 45 6 49 28 23 43 21 2 49 2 56 7 7 24 
4 5 90 10 61 6 83 32 12 76 57 6 53 1 62 62 31 
70 69 16 64 13 68 9 42 62 2 17 68 21 75 12 12 43 
40 39 46 34 17 38 39 12 32 32 13 38 9 45 18 18 13 
7 8 93 13 64 9 86 35 15 79 60 9 56 2 65 65 34 

25 50 45 85 74 77 60 3 15 12 64 4 13 50 68 57 3 
11 14 9 49 38 41 24 33 21 24 28 32 23 14 32 21 39 
43 18 23 17 6 9 8 65 53 56 4 64 55 18 0 11 71 
0 25 20 60 49 52 35 22 10 13 39 21 12 25 43 32 28 
64 39 44 4 15 12 29 86 74 77 25 85 76 39 21 32 92 
28 53 48 88 77 80 63 6 18 15 67 7 16 53 71 60 0 
27 2 7 33 22 25 8 49 37 40 12 48 39 2 16 5 55 
10 15 10 50 39 42 25 32 20 23 29 31 22 15 33 22 38 
21 46 41 81 70 73 56 1 11 8 60 0 9 46 64 53 7 
15 10 5 45 34 37 20 37 25 28 24 36 27 10 28 17 43 
30 55 50 90 79 82 65 8 20 17 69 9 18 55 73 62 2 
33 58 53 93 82 85 68 11 23 20 72 12 21 58 76 65 5 
21 46 41 81 70 73 56 1 11 8 60 0 9 46 64 53 7 
51 26 31 9 2 1 16 73 61 64 12 72 63 26 8 19 79 
56 31 36 4 7 4 21 78 66 69 17 77 68 31 13 24 84 
3 22 17 57 46 49 32 25 13 16 36 24 15 22 40 29 31 
38 13 18 22 11 14 3 60 48 51 1 59 50 13 5 6 66 

74 23 67 16 25 63 89 17 21 29 83 70 25 81 76 8 40 
38 13 31 20 11 27 53 19 15 7 47 34 11 45 40 44 4 
6 45 1 52 43 5 21 51 47 39 15 2 43 13 8 76 28 
49 2 42 9 0 38 64 8 4 4 58 45 0 56 51 33 15 
15 66 22 73 64 26 0 72 68 60 6 19 64 8 13 97 49 
77 26 70 19 28 66 92 20 24 32 86 73 28 84 79 5 43 
22 29 15 36 27 11 37 35 31 23 31 18 27 29 24 60 12 
39 12 32 19 10 28 54 18 14 6 48 35 10 46 41 43 5 
70 19 63 12 21 59 85 13 17 25 79 66 21 77 72 12 36 
34 17 27 24 15 23 49 23 19 11 43 30 15 41 36 48 0 
79 28 72 21 30 68 94 22 26 34 88 75 30 86 81 3 45 
82 31 75 24 33 71 97 25 29 37 91 78 33 89 84 0 48 
70 19 63 12 21 59 85 13 17 25 79 66 21 77 72 12 36 
2 53 9 60 51 13 13 59 55 47 7 6 51 5 0 84 36 
7 58 14 65 56 18 8 64 60 52 2 11 56 0 5 89 41 
46 5 39 12 3 35 61 11 7 1 55 42 3 53 48 36 12 
11 40 4 47 38 0 26 46 42 34 20 7 38 18 13 71 23 

73 70 87 28 67 88 25 63 34 12 8 56 26 31 79 87 32 
37 34 51 8 31 52 11 27 2 24 44 20 10 5 43 51 4 
5 2 19 40 1 20 43 5 34 56 76 12 42 37 11 19 36 
48 45 62 3 42 63 0 38 9 13 33 31 1 6 54 62 7 
16 19 2 61 22 1 64 26 55 77 97 33 63 58 10 2 57 
76 73 90 31 70 91 28 66 37 15 5 59 29 34 82 90 35 
21 18 35 24 15 36 27 11 18 40 60 4 26 21 27 35 20 
38 35 52 7 32 53 10 28 1 23 43 21 9 4 44 52 3 
69 66 83 24 63 84 21 59 30 8 12 52 22 27 75 83 28 
33 30 47 12 27 48 15 23 6 28 48 16 14 9 39 47 8 
78 75 92 33 72 93 30 68 39 17 3 61 31 36 84 92 37 
81 78 95 36 75 96 33 71 42 20 0 64 34 39 87 95 40 
69 66 83 24 63 84 21 59 30 8 12 52 22 27 75 83 28 
3 6 11 48 9 12 51 13 42 64 84 20 50 45 3 11 44 
8 11 6 53 14 7 56 18 47 69 89 25 55 50 2 6 49 
45 42 59 0 39 60 3 35 6 16 36 28 2 3 51 59 4 
10 7 24 35 4 25 38 0 29 51 71 7 37 32 16 24 31 

8 77 88 66 19 4 73 47 39 20 78 20 47 9 8 18 17 
28 41 52 30 17 40 37 11 3 16 42 16 11 27 28 18 19 
60 9 20 2 49 72 5 21 29 48 10 48 21 59 60 50 51 
17 52 63 41 6 29 48 22 14 5 53 5 22 16 17 7 8 
81 12 1 23 70 93 16 42 50 69 11 69 42 80 81 71 72 
11 80 91 69 22 1 76 50 42 23 81 23 50 12 11 21 20 
44 25 36 14 33 56 21 5 13 32 26 32 5 43 44 34 35 
27 42 53 31 16 39 38 12 4 15 43 15 12 26 27 17 18 
4 73 84 62 15 8 69 43 35 16 74 16 43 5 4 14 13 
32 37 48 26 21 44 33 7 1 20 38 20 7 31 32 22 23 
13 82 93 71 24 1 78 52 44 25 83 25 52 14 13 23 22 
16 85 96 74 27 4 81 55 47 28 86 28 55 17 16 26 25 
4 73 84 62 15 8 69 43 35 16 74 16 43 5 4 14 13 
68 1 12 10 57 80 3 29 37 56 2 56 29 67 68 58 59 
73 4 7 15 62 85 8 34 42 61 3 61 34 72 73 63 64 
20 49 60 38 9 32 45 19 11 8 50 8 19 19 20 10 11 
55 14 25 3 44 67 10 16 24 43 15 43 16 54 55 45 46 

20 69 28 47 25 11 51 39 73 19 16 76 19 11 66 72 1 
16 33 8 11 11 25 15 3 37 17 20 40 17 25 30 36 35 
48 1 40 21 43 57 17 29 5 49 52 8 49 57 2 4 67 
5 44 3 22 0 14 26 14 48 6 9 51 6 14 41 47 24 
69 20 61 42 64 78 38 50 16 70 73 13 70 78 23 17 88 
23 72 31 50 28 14 54 42 76 22 19 79 22 14 69 75 4 
32 17 24 5 27 41 1 13 21 33 36 24 33 41 14 20 51 
15 34 7 12 10 24 16 4 38 16 19 41 16 24 31 37 34 
16 65 24 43 21 7 47 35 69 15 12 72 15 7 62 68 3 
20 29 12 7 15 29 11 1 33 21 24 36 21 29 26 32 39 
25 74 33 52 30 16 56 44 78 24 21 81 24 16 71 77 6 
28 77 36 55 33 19 59 47 81 27 24 84 27 19 74 80 9 
16 65 24 43 21 7 47 35 69 15 12 72 15 7 62 68 3 
56 7 48 29 51 65 25 37 3 57 60 0 57 65 10 4 75 
61 12 53 34 56 70 30 42 8 62 65 5 62 70 15 9 80 
8 41 0 19 3 17 23 11 45 9 12 48 9 17 38 44 27 
43 6 35 16 38 52 12 24 10 44 47 13 44 52 3 9 62 

67 82 72 4 76 15 78 9 84 87 39 14 9 2 27 36 24 
31 46 36 32 40 21 42 27 48 51 3 22 45 38 9 0 12 
1 14 4 64 8 53 10 59 16 19 29 54 77 70 41 32 44 
42 57 47 21 51 10 53 16 59 62 14 11 34 27 2 11 1 
22 7 17 85 13 74 11 80 5 2 50 75 98 91 62 53 65 
70 85 75 7 79 18 81 12 87 90 42 17 6 1 30 39 27 
15 30 20 48 24 37 26 43 32 35 13 38 61 54 25 16 28 
32 47 37 31 41 20 43 26 49 52 4 21 44 37 8 1 11 
63 78 68 0 72 11 74 5 80 83 35 10 13 6 23 32 20 
27 42 32 36 36 25 38 31 44 47 1 26 49 42 13 4 16 
72 87 77 9 81 20 83 14 89 92 44 19 4 3 32 41 29 
75 90 80 12 84 23 86 17 92 95 47 22 1 6 35 44 32 
63 78 68 0 72 11 74 5 80 83 35 10 13 6 23 32 20 
9 6 4 72 0 61 2 67 8 11 37 62 85 78 49 40 52 
14 1 9 77 5 66 3 72 3 6 42 67 90 83 54 45 57 
39 54 44 24 48 13 50 19 56 59 11 14 37 30 1 8 4 
4 19 9 59 13 48 15 54 21 24 24 49 72 65 36 27 39 

0 1 86 6 57 2 79 28 8 72 53 2 49 5 58 58 27 
36 35 50 30 21 34 43 8 28 36 17 34 13 41 22 22 9 
68 67 18 62 11 66 11 40 60 4 15 66 19 73 10 10 41 
25 24 61 19 32 23 54 3 17 47 28 23 24 30 33 33 2 
89 88 3 83 32 87 10 61 81 17 36 87 40 94 31 31 62 
3 4 89 9 60 5 82 31 11 75 56 5 52 2 61 61 30 
52 51 34 46 5 50 27 24 44 20 1 50 3 57 6 6 25 
35 34 51 29 22 33 44 7 27 37 18 33 14 40 23 23 8 
4 3 82 2 53 2 75 24 4 68 49 2 45 9 54 54 23 
40 39 46 34 17 38 39 12 32 32 13 38 9 45 18 18 13 
5 6 91 11 62 7 84 33 13 77 58 7 54 0 63 63 32 
8 9 94 14 65 10 87 36 16 80 61 10 57 3 66 66 35 
4 3 82 2 53 2 75 24 4 68 49 2 45 9 54 54 23 
76 75 10 70 19 74 3 48 68 4 23 74 27 81 18 18 49 
81 80 5 75 24 79 2 53 73 9 28 79 32 86 23 23 54 
28 27 58 22 29 26 51 0 20 44 25 26 21 33 30 30 1 
63 62 23 57 6 61 16 35 55 9 10 61 14 68 5 5 36 

49 2 42 9 0 38 64 8 4 4 58 45 0 56 51 33 15 
24 27 17 34 25 13 39 33 29 21 33 20 25 31 26 58 10 
29 22 22 29 20 18 44 28 24 16 38 25 20 36 31 53 5 
11 62 18 69 60 22 4 68 64 56 2 15 60 4 9 93 45 
0 51 7 58 49 11 15 57 53 45 9 4 49 7 2 82 34 
3 54 10 61 52 14 12 60 56 48 6 7 52 4 1 85 37 
14 37 7 44 35 3 29 43 39 31 23 10 35 21 16 68 20 
71 20 64 13 22 60 86 14 18 26 80 67 22 78 73 11 37 
59 8 52 1 10 48 74 2 6 14 68 55 10 66 61 23 25 
62 11 55 4 13 51 77 5 9 17 71 58 13 69 64 20 28 
10 41 3 48 39 1 25 47 43 35 19 6 39 17 12 72 24 
70 19 63 12 21 59 85 13 17 25 79 66 21 77 72 12 36 
61 10 54 3 12 50 76 4 8 16 70 57 12 68 63 21 27 
24 27 17 34 25 13 39 33 29 21 33 20 25 31 26 58 10 
6 45 1 52 43 5 21 51 47 39 15 2 43 13 8 76 28 
17 34 10 41 32 6 32 40 36 28 26 13 32 24 19 65 17 
77 26 70 19 28 66 92 20 24 32 86 73 28 84 79 5 43 

48 45 62 3 42 63 0 38 9 13 33 31 1 6 54 62 7 
23 20 37 22 17 38 25 13 16 38 58 6 24 19 29 37 18 
28 25 42 17 22 43 20 18 11 33 53 11 19 14 34 42 13 
12 15 2 57 18 3 60 22 51 73 93 29 59 54 6 2 53 
1 4 13 46 7 14 49 11 40 62 82 18 48 43 5 13 42 
4 7 10 49 10 11 52 14 43 65 85 21 51 46 2 10 45 
13 10 27 32 7 28 35 3 26 48 68 4 34 29 19 27 28 
70 67 84 25 64 85 22 60 31 9 11 53 23 28 76 84 29 
58 55 72 13 52 73 10 48 19 3 23 41 11 16 64 72 17 
61 58 75 16 55 76 13 51 22 0 20 44 14 19 67 75 20 
9 6 23 36 3 24 39 1 30 52 72 8 38 33 15 23 32 
69 66 83 24 63 84 21 59 30 8 12 52 22 27 75 83 28 
60 57 74 15 54 75 12 50 21 1 21 43 13 18 66 74 19 
23 20 37 22 17 38 25 13 16 38 58 6 24 19 29 37 18 
5 2 19 40 1 20 43 5 34 56 76 12 42 37 11 19 36 
16 13 30 29 10 31 32 6 23 45 65 1 31 26 22 30 25 
76 73 90 31 70 91 28 66 37 15 5 59 29 34 82 90 35 

17 52 63 41 6 29 48 22 14 5 53 5 22 16 17 7 8 
42 27 38 16 31 54 23 3 11 30 28 30 3 41 42 32 33 
37 32 43 21 26 49 28 2 6 25 33 25 2 36 37 27 28 
77 8 3 19 66 89 12 38 46 65 7 65 38 76 77 67 68 
66 3 14 8 55 78 1 27 35 54 4 54 27 65 66 56 57 
69 0 11 11 58 81 4 30 38 57 1 57 30 68 69 59 60 
52 17 28 6 41 64 13 13 21 40 18 40 13 51 52 42 43 
5 74 85 63 16 7 70 44 36 17 75 17 44 6 5 15 14 
7 62 73 51 4 19 58 32 24 5 63 5 32 6 7 3 2 
4 65 76 54 7 16 61 35 27 8 66 8 35 3 4 6 5 
56 13 24 2 45 68 9 17 25 44 14 44 17 55 56 46 47 
4 73 84 62 15 8 69 43 35 16 74 16 43 5 4 14 13 
5 64 75 53 6 17 60 34 26 7 65 7 34 4 5 5 4 
42 27 38 16 31 54 23 3 11 30 28 30 3 41 42 32 33 
60 9 20 2 49 72 5 21 29 48 10 48 21 59 60 50 51 
49 20 31 9 38 61 16 10 18 37 21 37 10 48 49 39 40 
11 80 91 69 22 1 76 50 42 23 81 23 50 12 11 21 20 

5 44 3 22 0 14 26 14 48 6 9 51 6 14 41 47 24 
30 19 22 3 25 39 1 11 23 31 34 26 31 39 16 22 49 
25 24 17 2 20 34 6 6 28 26 29 31 26 34 21 27 44 
65 16 57 38 60 74 34 46 12 66 69 9 66 74 19 13 84 
54 5 46 27 49 63 23 35 1 55 58 2 55 63 8 2 73 
57 8 49 30 52 66 26 38 4 58 61 1 58 66 11 5 76 
40 9 32 13 35 49 9 21 13 41 44 16 41 49 6 12 59 
17 66 25 44 22 8 48 36 70 16 13 73 16 8 63 69 2 
5 54 13 32 10 4 36 24 58 4 1 61 4 4 51 57 14 
8 57 16 35 13 1 39 27 61 7 4 64 7 1 54 60 11 
44 5 36 17 39 53 13 25 9 45 48 12 45 53 2 8 63 
16 65 24 43 21 7 47 35 69 15 12 72 15 7 62 68 3 
7 56 15 34 12 2 38 26 60 6 3 63 6 2 53 59 12 
30 19 22 3 25 39 1 11 23 31 34 26 31 39 16 22 49 
48 1 40 21 43 57 17 29 5 49 52 8 49 57 2 4 67 
37 12 29 10 32 46 6 18 16 38 41 19 38 46 9 15 56 
23 72 31 50 28 14 54 42 76 22 19 79 22 14 69 75 4 

42 57 47 21 51 10 53 16 59 62 14 11 34 27 2 11 1 
17 32 22 46 26 35 28 41 34 37 11 36 59 52 23 14 26 
22 37 27 41 31 30 33 36 39 42 6 31 54 47 18 9 21 
18 3 13 81 9 70 7 76 1 2 46 71 94 87 58 49 61 
7 8 2 70 2 59 4 65 10 13 35 60 83 76 47 38 50 
10 5 5 73 1 62 1 68 7 10 38 63 86 79 50 41 53 
7 22 12 56 16 45 18 51 24 27 21 46 69 62 33 24 36 
64 79 69 1 73 12 75 6 81 84 36 11 12 5 24 33 21 
52 67 57 11 61 0 63 6 69 72 24 1 24 17 12 21 9 
55 70 60 8 64 3 66 3 72 75 27 2 21 14 15 24 12 
3 18 8 60 12 49 14 55 20 23 25 50 73 66 37 28 40 
63 78 68 0 72 11 74 5 80 83 35 10 13 6 23 32 20 
54 69 59 9 63 2 65 4 71 74 26 1 22 15 14 23 11 
17 32 22 46 26 35 28 41 34 37 11 36 59 52 23 14 26 
1 14 4 64 8 53 10 59 16 19 29 54 77 70 41 32 44 
10 25 15 53 19 42 21 48 27 30 18 43 66 59 30 21 33 
70 85 75 7 79 18 81 12 87 90 42 17 6 1 30 39 27 

25 24 61 19 32 23 54 3 17 47 28 23 24 30 33 33 2 
50 49 36 44 7 48 29 22 42 22 3 48 1 55 8 8 23 
45 44 41 39 12 43 34 17 37 27 8 43 4 50 13 13 18 
85 84 1 79 28 83 6 57 77 13 32 83 36 90 27 27 58 
74 73 12 68 17 72 5 46 66 2 21 72 25 79 16 16 47 
77 76 9 71 20 75 2 49 69 5 24 75 28 82 19 19 50 
60 59 26 54 3 58 19 32 52 12 7 58 11 65 2 2 33 
3 2 83 3 54 1 76 25 5 69 50 1 46 8 55 55 24 
15 14 71 9 42 13 64 13 7 57 38 13 34 20 43 43 12 
12 11 74 6 45 10 67 16 4 60 41 10 37 17 46 46 15 
64 63 22 58 7 62 15 36 56 8 11 62 15 69 6 6 37 
4 3 82 2 53 2 75 24 4 68 49 2 45 9 54 54 23 
13 12 73 7 44 11 66 15 5 59 40 11 36 18 45 45 14 
50 49 36 44 7 48 29 22 42 22 3 48 1 55 8 8 23 
68 67 18 62 11 66 11 40 60 4 15 66 19 73 10 10 41 
57 56 29 51 0 55 22 29 49 15 4 55 8 62 1 1 30 
3 4 89 9 60 5 82 31 11 75 56 5 52 2 61 61 30 

1 4 13 46 7 14 49 11 40 62 82 18 48 43 5 13 42 
50 47 64 5 44 65 2 40 11 11 31 33 3 8 56 64 9 
6 3 20 39 0 21 42 4 33 55 75 11 41 36 12 20 35 
57 54 71 12 51 72 9 47 18 4 24 40 10 15 63 71 16 
48 45 62 3 42 63 0 38 9 13 33 31 1 6 54 62 7 
10 7 24 35 4 25 38 0 29 51 71 7 37 32 16 24 31 
16 19 2 61 22 1 64 26 55 77 97 33 63 58 10 2 57 
56 53 70 11 50 71 8 46 17 5 25 39 9 14 62 70 15 
52 49 66 7 46 67 4 42 13 9 29 35 5 10 58 66 11 
44 41 58 1 38 59 4 34 5 17 37 27 3 2 50 58 3 
10 13 4 55 16 5 58 20 49 71 91 27 57 52 4 4 51 
3 0 17 42 3 18 45 7 36 58 78 14 44 39 9 17 38 
48 45 62 3 42 63 0 38 9 13 33 31 1 6 54 62 7 
8 11 6 53 14 7 56 18 47 69 89 25 55 50 2 6 49 
3 6 11 48 9 12 51 13 42 64 84 20 50 45 3 11 44 
81 78 95 36 75 96 33 71 42 20 0 64 34 39 87 95 40 
33 30 47 12 27 48 15 23 6 28 48 16 14 9 39 47 8 

66 3 14 8 55 78 1 27 35 54 4 54 27 65 66 56 57 
15 54 65 43 4 27 50 24 16 3 55 3 24 14 15 5 6 
59 10 21 1 48 71 6 20 28 47 11 47 20 58 59 49 50 
8 61 72 50 3 20 57 31 23 4 62 4 31 7 8 2 1 
17 52 63 41 6 29 48 22 14 5 53 5 22 16 17 7 8 
55 14 25 3 44 67 10 16 24 43 15 43 16 54 55 45 46 
81 12 1 23 70 93 16 42 50 69 11 69 42 80 81 71 72 
9 60 71 49 2 21 56 30 22 3 61 3 30 8 9 1 0 
13 56 67 45 2 25 52 26 18 1 57 1 26 12 13 3 4 
21 48 59 37 10 33 44 18 10 9 49 9 18 20 21 11 12 
75 6 5 17 64 87 10 36 44 63 5 63 36 74 75 65 66 
62 7 18 4 51 74 3 23 31 50 8 50 23 61 62 52 53 
17 52 63 41 6 29 48 22 14 5 53 5 22 16 17 7 8 
73 4 7 15 62 85 8 34 42 61 3 61 34 72 73 63 64 
68 1 12 10 57 80 3 29 37 56 2 56 29 67 68 58 59 
16 85 96 74 27 4 81 55 47 28 86 28 55 17 16 26 25 
32 37 48 26 21 44 33 7 1 20 38 20 7 31 32 22 23 

54 5 46 27 49 63 23 35 1 55 58 2 55 63 8 2 73 
3 46 5 24 2 12 28 16 50 4 7 53 4 12 43 49 22 
47 2 39 20 42 56 16 28 6 48 51 9 48 56 1 5 66 
4 53 12 31 9 5 35 23 57 3 0 60 3 5 50 56 15 
5 44 3 22 0 14 26 14 48 6 9 51 6 14 41 47 24 
43 6 35 16 38 52 12 24 10 44 47 13 44 52 3 9 62 
69 20 61 42 64 78 38 50 16 70 73 13 70 78 23 17 88 
3 52 11 30 8 6 34 22 56 2 1 59 2 6 49 55 16 
1 48 7 26 4 10 30 18 52 2 5 55 2 10 45 51 20 
9 40 1 18 4 18 22 10 44 10 13 47 10 18 37 43 28 
63 14 55 36 58 72 32 44 10 64 67 7 64 72 17 11 82 
50 1 42 23 45 59 19 31 3 51 54 6 51 59 4 2 69 
5 44 3 22 0 14 26 14 48 6 9 51 6 14 41 47 24 
61 12 53 34 56 70 30 42 8 62 65 5 62 70 15 9 80 
56 7 48 29 51 65 25 37 3 57 60 0 57 65 10 4 75 
28 77 36 55 33 19 59 47 81 27 24 84 27 19 74 80 9 
20 29 12 7 15 29 11 1 33 21 24 36 21 29 26 32 39 

7 8 2 70 2 59 4 65 10 13 35 60 83 76 47 38 50 
44 59 49 19 53 8 55 14 61 64 16 9 32 25 4 13 1 
0 15 5 63 9 52 11 58 17 20 28 53 76 69 40 31 43 
51 66 56 12 60 1 62 7 68 71 23 2 25 18 11 20 8 
42 57 47 21 51 10 53 16 59 62 14 11 34 27 2 11 1 
4 19 9 59 13 48 15 54 21 24 24 49 72 65 36 27 39 
22 7 17 85 13 74 11 80 5 2 50 75 98 91 62 53 65 
50 65 55 13 59 2 61 8 67 70 22 3 26 19 10 19 7 
46 61 51 17 55 6 57 12 63 66 18 7 30 23 6 15 3 
38 53 43 25 47 14 49 20 55 58 10 15 38 31 2 7 5 
16 1 11 79 7 68 5 74 1 4 44 69 92 85 56 47 59 
3 12 2 66 6 55 8 61 14 17 31 56 79 72 43 34 46 
42 57 47 21 51 10 53 16 59 62 14 11 34 27 2 11 1 
14 1 9 77 5 66 3 72 3 6 42 67 90 83 54 45 57 
9 6 4 72 0 61 2 67 8 11 37 62 85 78 49 40 52 
75 90 80 12 84 23 86 17 92 95 47 22 1 6 35 44 32 
27 42 32 36 36 25 38 31 44 47 1 26 49 42 13 4 16 

74 73 12 68 17 72 5 46 66 2 21 72 25 79 16 16 47 
23 22 63 17 34 21 56 5 15 49 30 21 26 28 35 35 4 
67 66 19 61 10 65 12 39 59 5 14 65 18 72 9 9 40 
16 15 70 10 41 14 63 12 8 56 37 14 33 21 42 42 11 
25 24 61 19 32 23 54 3 17 47 28 23 24 30 33 33 2 
63 62 23 57 6 61 16 35 55 9 10 61 14 68 5 5 36 
89 88 3 83 32 87 10 61 81 17 36 87 40 94 31 31 62 
17 16 69 11 40 15 62 11 9 55 36 15 32 22 41 41 10 
21 20 65 15 36 19 58 7 13 51 32 19 28 26 37 37 6 
29 28 57 23 28 27 50 1 21 43 24 27 20 34 29 29 2 
83 82 3 77 26 81 4 55 75 11 30 81 34 88 25 25 56 
70 69 16 64 13 68 9 42 62 2 17 68 21 75 12 12 43 
25 24 61 19 32 23 54 3 17 47 28 23 24 30 33 33 2 
81 80 5 75 24 79 2 53 73 9 28 79 32 86 23 23 54 
76 75 10 70 19 74 3 48 68 4 23 74 27 81 18 18 49 
8 9 94 14 65 10 87 36 16 80 61 10 57 3 66 66 35 
40 39 46 34 17 38 39 12 32 32 13 38 9 45 18 18 13 

65 4 15 7 54 77 0 26 34 53 5 53 26 64 65 55 56 
62 7 18 4 51 74 3 23 31 50 8 50 23 61 62 52 53 
79 10 1 21 68 91 14 40 48 67 9 67 40 78 79 69 70 
20 49 60 38 9 32 45 19 11 8 50 8 19 19 20 10 11 
59 10 21 1 48 71 6 20 28 47 11 47 20 58 59 49 50 
80 11 0 22 69 92 15 41 49 68 10 68 41 79 80 70 71 
17 52 63 41 6 29 48 22 14 5 53 5 22 16 17 7 8 
55 14 25 3 44 67 10 16 24 43 15 43 16 54 55 45 46 
26 43 54 32 15 38 39 13 5 14 44 14 13 25 26 16 17 
4 65 76 54 7 16 61 35 27 8 66 8 35 3 4 6 5 
16 85 96 74 27 4 81 55 47 28 86 28 55 17 16 26 25 
48 21 32 10 37 60 17 9 17 36 22 36 9 47 48 38 39 
18 51 62 40 7 30 47 21 13 6 52 6 21 17 18 8 9 
23 46 57 35 12 35 42 16 8 11 47 11 16 22 23 13 14 
71 2 9 13 60 83 6 32 40 59 1 59 32 70 71 61 62 
79 10 1 21 68 91 14 40 48 67 9 67 40 78 79 69 70 
24 45 56 34 13 36 41 15 7 12 46 12 15 23 24 14 15 

53 4 45 26 48 62 22 34 0 54 57 3 54 62 7 1 72 
50 1 42 23 45 59 19 31 3 51 54 6 51 59 4 2 69 
67 18 59 40 62 76 36 48 14 68 71 11 68 76 21 15 86 
8 41 0 19 3 17 23 11 45 9 12 48 9 17 38 44 27 
47 2 39 20 42 56 16 28 6 48 51 9 48 56 1 5 66 
68 19 60 41 63 77 37 49 15 69 72 12 69 77 22 16 87 
5 44 3 22 0 14 26 14 48 6 9 51 6 14 41 47 24 
43 6 35 16 38 52 12 24 10 44 47 13 44 52 3 9 62 
14 35 6 13 9 23 17 5 39 15 18 42 15 23 32 38 33 
8 57 16 35 13 1 39 27 61 7 4 64 7 1 54 60 11 
28 77 36 55 33 19 59 47 81 27 24 84 27 19 74 80 9 
36 13 28 9 31 45 5 17 17 37 40 20 37 45 10 16 55 
6 43 2 21 1 15 25 13 47 7 10 50 7 15 40 46 25 
11 38 3 16 6 20 20 8 42 12 15 45 12 20 35 41 30 
59 10 51 32 54 68 28 40 6 60 63 3 60 68 13 7 78 
67 18 59 40 62 76 36 48 14 68 71 11 68 76 21 15 86 
12 37 4 15 7 21 19 7 41 13 16 44 13 21 34 40 31 

6 9 1 69 3 58 5 64 11 14 34 59 82 75 46 37 49 
3 12 2 66 6 55 8 61 14 17 31 56 79 72 43 34 46 
20 5 15 83 11 72 9 78 3 0 48 73 96 89 60 51 63 
39 54 44 24 48 13 50 19 56 59 11 14 37 30 1 8 4 
0 15 5 63 9 52 11 58 17 20 28 53 76 69 40 31 43 
21 6 16 84 12 73 10 79 4 1 49 74 97 90 61 52 64 
42 57 47 21 51 10 53 16 59 62 14 11 34 27 2 11 1 
4 19 9 59 13 48 15 54 21 24 24 49 72 65 36 27 39 
33 48 38 30 42 19 44 25 50 53 5 20 43 36 7 2 10 
55 70 60 8 64 3 66 3 72 75 27 2 21 14 15 24 12 
75 90 80 12 84 23 86 17 92 95 47 22 1 6 35 44 32 
11 26 16 52 20 41 22 47 28 31 17 42 65 58 29 20 32 
41 56 46 22 50 11 52 17 58 61 13 12 35 28 1 10 2 
36 51 41 27 45 16 47 22 53 56 8 17 40 33 4 5 7 
12 3 7 75 3 64 1 70 5 8 40 65 88 81 52 43 55 
20 5 15 83 11 72 9 78 3 0 48 73 96 89 60 51 63 
35 50 40 28 44 17 46 23 52 55 7 18 41 34 5 4 8 

73 72 13 67 16 71 6 45 65 1 20 71 24 78 15 15 46 
70 69 16 64 13 68 9 42 62 2 17 68 21 75 12 12 43 
87 86 1 81 30 85 8 59 79 15 34 85 38 92 29 29 60 
28 27 58 22 29 26 51 0 20 44 25 26 21 33 30 30 1 
67 66 19 61 10 65 12 39 59 5 14 65 18 72 9 9 40 
88 87 2 82 31 86 9 60 80 16 35 86 39 93 30 30 61 
25 24 61 19 32 23 54 3 17 47 28 23 24 30 33 33 2 
63 62 23 57 6 61 16 35 55 9 10 61 14 68 5 5 36 
34 33 52 28 23 32 45 6 26 38 19 32 15 39 24 24 7 
12 11 74 6 45 10 67 16 4 60 41 10 37 17 46 46 15 
8 9 94 14 65 10 87 36 16 80 61 10 57 3 66 66 35 
56 55 30 50 1 54 23 28 48 16 3 54 7 61 2 2 29 
26 25 60 20 31 24 53 2 18 46 27 24 23 31 32 32 1 
31 30 55 25 26 29 48 3 23 41 22 29 18 36 27 27 4 
79 78 7 73 22 77 0 51 71 7 26 77 30 84 21 21 52 
87 86 1 81 30 85 8 59 79 15 34 85 38 92 29 29 60 
32 31 54 26 25 30 47 4 24 40 21 30 17 37 26 26 5 

12 61 20 39 17 3 43 31 65 11 8 68 11 3 58 64 7 
57 8 49 30 52 66 26 38 4 58 61 1 58 66 11 5 76 
68 19 60 41 63 77 37 49 15 69 72 12 69 77 22 16 87 
46 3 38 19 41 55 15 27 7 47 50 10 47 55 0 6 65 
1 50 9 28 6 8 32 20 54 0 3 57 0 8 47 53 18 
24 73 32 51 29 15 55 43 77 23 20 80 23 15 70 76 5 
53 4 45 26 48 62 22 34 0 54 57 3 54 62 7 1 72 
27 22 19 0 22 36 4 8 26 28 31 29 28 36 19 25 46 
19 30 11 8 14 28 12 0 34 20 23 37 20 28 27 33 38 
0 49 8 27 5 9 31 19 53 1 4 56 1 9 46 52 19 
58 9 50 31 53 67 27 39 5 59 62 2 59 67 12 6 77 
0 49 8 27 5 9 31 19 53 1 4 56 1 9 46 52 19 
27 22 19 0 22 36 4 8 26 28 31 29 28 36 19 25 46 
11 60 19 38 16 2 42 30 64 10 7 67 10 2 57 63 8 
12 61 20 39 17 3 43 31 65 11 8 68 11 3 58 64 7 
2 51 10 29 7 7 33 21 55 1 2 58 1 7 48 54 17 
3 52 11 30 8 6 34 22 56 2 1 59 2 6 49 55 16 

59 74 64 4 68 7 70 1 76 79 31 6 17 10 19 28 16 
10 5 5 73 1 62 1 68 7 10 38 63 86 79 50 41 53 
21 6 16 84 12 73 10 79 4 1 49 74 97 90 61 52 64 
1 16 6 62 10 51 12 57 18 21 27 52 75 68 39 30 42 
48 63 53 15 57 4 59 10 65 68 20 5 28 21 8 17 5 
71 86 76 8 80 19 82 13 88 91 43 18 5 2 31 40 28 
6 9 1 69 3 58 5 64 11 14 34 59 82 75 46 37 49 
20 35 25 43 29 32 31 38 37 40 8 33 56 49 20 11 23 
28 43 33 35 37 24 39 30 45 48 0 25 48 41 12 3 15 
47 62 52 16 56 5 58 11 64 67 19 6 29 22 7 16 4 
11 4 6 74 2 63 0 69 6 9 39 64 87 80 51 42 54 
47 62 52 16 56 5 58 11 64 67 19 6 29 22 7 16 4 
20 35 25 43 29 32 31 38 37 40 8 33 56 49 20 11 23 
58 73 63 5 67 6 69 0 75 78 30 5 18 11 18 27 15 
59 74 64 4 68 7 70 1 76 79 31 6 17 10 19 28 16 
49 64 54 14 58 3 60 9 66 69 21 4 27 20 9 18 6 
50 65 55 13 59 2 61 8 67 70 22 3 26 19 10 19 7 

8 7 78 2 49 6 71 20 0 64 45 6 41 13 50 50 19 
77 76 9 71 20 75 2 49 69 5 24 75 28 82 19 19 50 
88 87 2 82 31 86 9 60 80 16 35 86 39 93 30 30 61 
66 65 20 60 9 64 13 38 58 6 13 64 17 71 8 8 39 
19 18 67 13 38 17 60 9 11 53 34 17 30 24 39 39 8 
4 5 90 10 61 6 83 32 12 76 57 6 53 1 62 62 31 
73 72 13 67 16 71 6 45 65 1 20 71 24 78 15 15 46 
47 46 39 41 10 45 32 19 39 25 6 45 2 52 11 11 20 
39 38 47 33 18 37 40 11 31 33 14 37 10 44 19 19 12 
20 19 66 14 37 18 59 8 12 52 33 18 29 25 38 38 7 
78 77 8 72 21 76 1 50 70 6 25 76 29 83 20 20 51 
20 19 66 14 37 18 59 8 12 52 33 18 29 25 38 38 7 
47 46 39 41 10 45 32 19 39 25 6 45 2 52 11 11 20 
9 8 77 3 48 7 70 19 1 63 44 7 40 14 49 49 18 
8 7 78 2 49 6 71 20 0 64 45 6 41 13 50 50 19 
18 17 68 12 39 16 61 10 10 54 35 16 31 23 40 40 9 
17 16 69 11 40 15 62 11 9 55 36 15 32 22 41 41 10 

47 62 52 16 56 5 58 11 64 67 19 6 29 22 7 16 4 
2 13 3 65 7 54 9 60 15 18 30 55 78 71 42 33 45 
39 54 44 24 48 13 50 19 56 59 11 14 37 30 1 8 4 
20 35 25 43 29 32 31 38 37 40 8 33 56 49 20 11 23 
42 57 47 21 51 10 53 16 59 62 14 11 34 27 2 11 1 
56 71 61 7 65 4 67 2 73 76 28 3 20 13 16 25 13 
16 31 21 47 25 36 27 42 33 36 12 37 60 53 24 15 27 
28 43 33 35 37 24 39 30 45 48 0 25 48 41 12 3 15 
6 9 1 69 3 58 5 64 11 14 34 59 82 75 46 37 49 
48 63 53 15 57 4 59 10 65 68 20 5 28 21 8 17 5 
51 66 56 12 60 1 62 7 68 71 23 2 25 18 11 20 8 
9 6 4 72 0 61 2 67 8 11 37 62 85 78 49 40 52 
48 63 53 15 57 4 59 10 65 68 20 5 28 21 8 17 5 
56 71 61 7 65 4 67 2 73 76 28 3 20 13 16 25 13 
1 16 6 62 10 51 12 57 18 21 27 52 75 68 39 30 42 
5 10 0 68 4 57 6 63 12 15 33 58 81 74 45 36 48 
66 81 71 3 75 14 77 8 83 86 38 13 10 3 26 35 23 

20 19 66 14 37 18 59 8 12 52 33 18 29 25 38 38 7 
69 68 17 63 12 67 10 41 61 3 16 67 20 74 11 11 42 
28 27 58 22 29 26 51 0 20 44 25 26 21 33 30 30 1 
47 46 39 41 10 45 32 19 39 25 6 45 2 52 11 11 20 
25 24 61 19 32 23 54 3 17 47 28 23 24 30 33 33 2 
11 10 75 5 46 9 68 17 3 61 42 9 38 16 47 47 16 
51 50 35 45 6 49 28 23 43 21 2 49 2 56 7 7 24 
39 38 47 33 18 37 40 11 31 33 14 37 10 44 19 19 12 
73 72 13 67 16 71 6 45 65 1 20 71 24 78 15 15 46 
19 18 67 13 38 17 60 9 11 53 34 17 30 24 39 39 8 
16 15 70 10 41 14 63 12 8 56 37 14 33 21 42 42 11 
76 75 10 70 19 74 3 48 68 4 23 74 27 81 18 18 49 
19 18 67 13 38 17 60 9 11 53 34 17 30 24 39 39 8 
11 10 75 5 46 9 68 17 3 61 42 9 38 16 47 47 16 
66 65 20 60 9 64 13 38 58 6 13 64 17 71 8 8 39 
72 71 14 66 15 70 7 44 64 0 19 70 23 77 14 14 45 
1 0 85 5 56 1 78 27 7 71 52 1 48 6 57 57 26 

67 66 19 61 10 65 12 39 59 5 14 65 18 72 9 9 40 
82 81 4 76 25 80 3 54 74 10 29 80 33 87 24 24 55 
72 71 14 66 15 70 7 44 64 0 19 70 23 77 14 14 45 
4 3 82 2 53 2 75 24 4 68 49 2 45 9 54 54 23 
76 75 10 70 19 74 3 48 68 4 23 74 27 81 18 18 49 
15 14 71 9 42 13 64 13 7 57 38 13 34 20 43 43 12 
78 77 8 72 21 76 1 50 70 6 25 76 29 83 20 20 51 
9 8 77 3 48 7 70 19 1 63 44 7 40 14 49 49 18 
84 83 2 78 27 82 5 56 76 12 31 82 35 89 26 26 57 
87 86 1 81 30 85 8 59 79 15 34 85 38 92 29 29 60 
39 38 47 33 18 37 40 11 31 33 14 37 10 44 19 19 12 
14 13 72 8 43 12 65 14 6 58 39 12 35 19 44 44 13 
9 10 95 15 66 11 88 37 17 81 62 11 58 4 67 67 36 
2 3 88 8 59 4 81 30 10 74 55 4 51 3 60 60 29 
27 26 59 21 30 25 52 1 19 45 26 25 22 32 31 31 0 
36 35 50 30 21 34 43 8 28 36 17 34 13 41 22 22 9 
24 23 62 18 33 22 55 4 16 48 29 22 25 29 34 34 3 

