12 16 

48 34 26 41 46 26 15 47 26 37 43 41 
86 4 64 3 8 64 53 85 12 1 81 79 
0 82 22 89 94 22 33 1 74 85 5 7 
33 49 11 56 61 11 0 32 41 52 28 26 
13 69 9 76 81 9 20 12 61 72 8 6 
62 20 40 27 32 40 29 61 12 23 57 55 
20 62 2 69 74 2 13 19 54 65 15 13 
9 73 13 80 85 13 24 8 65 76 4 2 
25 57 3 64 69 3 8 24 49 60 20 18 
1 81 21 88 93 21 32 0 73 84 4 6 
47 35 25 42 47 25 14 46 27 38 42 40 
12 70 10 77 82 10 21 11 62 73 7 5 

14 25 10 4 47 5 34 35 1 44 30 48 
52 13 28 34 9 43 72 73 39 6 68 86 
34 73 58 52 95 43 14 13 47 92 18 0 
1 40 25 19 62 10 19 20 14 59 15 33 
21 60 45 39 82 30 1 0 34 79 5 13 
28 11 4 10 33 19 48 49 15 30 44 62 
14 53 38 32 75 23 6 7 27 72 2 20 
25 64 49 43 86 34 5 4 38 83 9 9 
9 48 33 27 70 18 11 12 22 67 7 25 
33 72 57 51 94 42 13 12 46 91 17 1 
13 26 11 5 48 4 33 34 0 45 29 47 
22 61 46 40 83 31 2 1 35 80 6 12 

19 52 37 33 23 1 43 21 9 19 18 32 
57 90 75 71 61 37 5 59 29 57 20 6 
29 4 11 15 25 49 91 27 57 29 66 80 
4 37 22 18 8 16 58 6 24 4 33 47 
16 17 2 2 12 36 78 14 44 16 53 67 
33 66 51 47 37 13 29 35 5 33 4 18 
9 24 9 5 5 29 71 7 37 9 46 60 
20 13 2 6 16 40 82 18 48 20 57 71 
4 29 14 10 0 24 66 2 32 4 41 55 
28 5 10 14 24 48 90 26 56 28 65 79 
18 51 36 32 22 2 44 20 10 18 19 33 
17 16 1 3 13 37 79 15 45 17 54 68 

28 23 8 4 51 38 13 18 17 14 30 11 
10 61 46 42 89 76 25 56 21 24 8 49 
76 25 40 44 3 10 61 30 65 62 78 37 
43 8 7 11 36 23 28 3 32 29 45 4 
63 12 27 31 16 3 48 17 52 49 65 24 
14 37 22 18 65 52 1 32 3 0 16 25 
56 5 20 24 23 10 41 10 45 42 58 17 
67 16 31 35 12 1 52 21 56 53 69 28 
51 0 15 19 28 15 36 5 40 37 53 12 
75 24 39 43 4 9 60 29 64 61 77 36 
29 22 7 3 50 37 14 17 18 15 31 10 
64 13 28 32 15 2 49 18 53 50 66 25 

15 10 48 8 24 32 36 12 27 18 2 40 
23 28 86 30 14 70 74 26 65 20 36 2 
63 58 0 56 72 16 12 60 21 66 50 88 
30 25 33 23 39 17 21 27 12 33 17 55 
50 45 13 43 59 3 1 47 8 53 37 75 
1 4 62 6 10 46 50 2 41 4 12 26 
43 38 20 36 52 4 8 40 1 46 30 68 
54 49 9 47 63 7 3 51 12 57 41 79 
38 33 25 31 47 9 13 35 4 41 25 63 
62 57 1 55 71 15 11 59 20 65 49 87 
16 11 47 9 25 31 35 13 26 19 3 41 
51 46 12 44 60 4 0 48 9 54 38 76 

45 21 47 5 32 18 29 4 44 40 10 5 
7 59 9 33 6 20 9 42 6 2 48 33 
93 27 95 53 80 66 77 44 92 88 38 53 
60 6 62 20 47 33 44 11 59 55 5 20 
80 14 82 40 67 53 64 31 79 75 25 40 
31 35 33 9 18 4 15 18 30 26 24 9 
73 7 75 33 60 46 57 24 72 68 18 33 
84 18 86 44 71 57 68 35 83 79 29 44 
68 2 70 28 55 41 52 19 67 63 13 28 
92 26 94 52 79 65 76 43 91 87 37 52 
46 20 48 6 33 19 30 3 45 41 9 6 
81 15 83 41 68 54 65 32 80 76 26 41 

20 17 8 19 36 21 47 18 46 51 38 40 
58 55 46 19 2 59 9 20 84 89 0 2 
28 31 40 67 84 27 95 66 2 3 86 88 
5 2 7 34 51 6 62 33 31 36 53 55 
15 18 27 54 71 14 82 53 11 16 73 75 
34 31 22 5 22 35 33 4 60 65 24 26 
8 11 20 47 64 7 75 46 18 23 66 68 
19 22 31 58 75 18 86 57 7 12 77 79 
3 6 15 42 59 2 70 41 23 28 61 63 
27 30 39 66 83 26 94 65 1 4 85 87 
19 16 7 20 37 20 48 19 45 50 39 41 
16 19 28 55 72 15 83 54 10 15 74 76 

51 24 45 6 22 51 38 24 43 1 36 36 
89 14 7 44 60 89 76 62 81 39 2 2 
3 72 93 42 26 3 10 24 5 47 84 84 
36 39 60 9 7 36 23 9 28 14 51 51 
16 59 80 29 13 16 3 11 8 34 71 71 
65 10 31 20 36 65 52 38 57 15 22 22 
23 52 73 22 6 23 10 4 15 27 64 64 
12 63 84 33 17 12 1 15 4 38 75 75 
28 47 68 17 1 28 15 1 20 22 59 59 
4 71 92 41 25 4 9 23 4 46 83 83 
50 25 46 5 21 50 37 23 42 0 37 37 
15 60 81 30 14 15 2 12 7 35 72 72 

47 42 28 26 30 32 16 5 32 19 7 34 
85 4 66 12 68 70 54 43 6 19 45 72 
1 90 20 74 18 16 32 43 80 67 41 14 
32 57 13 41 15 17 1 10 47 34 8 19 
12 77 7 61 5 3 19 30 67 54 28 1 
61 28 42 12 44 46 30 19 18 5 21 48 
19 70 0 54 2 4 12 23 60 47 21 6 
8 81 11 65 9 7 23 34 71 58 32 5 
24 65 5 49 7 9 7 18 55 42 16 11 
0 89 19 73 17 15 31 42 79 66 40 13 
46 43 27 27 29 31 15 4 33 20 6 33 
11 78 8 62 6 4 20 31 68 55 29 2 

3 16 23 33 45 10 34 3 51 18 13 9 
35 54 61 71 83 28 72 41 89 56 25 29 
51 32 25 15 3 58 14 45 3 30 61 57 
18 1 8 18 30 25 19 12 36 3 28 24 
38 19 12 2 10 45 1 32 16 17 48 44 
11 30 37 47 59 4 48 17 65 32 1 5 
31 12 5 5 17 38 6 25 23 10 41 37 
42 23 16 6 6 49 5 36 12 21 52 48 
26 7 0 10 22 33 11 20 28 5 36 32 
50 31 24 14 2 57 13 44 4 29 60 56 
4 15 22 32 44 11 33 2 50 17 14 10 
39 20 13 3 9 46 2 33 15 18 49 45 

37 42 19 31 14 46 48 6 7 28 7 49 
75 80 19 69 52 8 86 44 45 10 31 87 
11 6 67 17 34 94 0 42 41 76 55 1 
22 27 34 16 1 61 33 9 8 43 22 34 
2 7 54 4 21 81 13 29 28 63 42 14 
51 56 5 45 28 32 62 20 21 14 7 63 
9 14 47 3 14 74 20 22 21 56 35 21 
2 3 58 8 25 85 9 33 32 67 46 10 
14 19 42 8 9 69 25 17 16 51 30 26 
10 5 66 16 33 93 1 41 40 75 54 2 
36 41 20 30 13 47 47 5 6 29 8 48 
1 6 55 5 22 82 12 30 29 64 43 13 

19 12 21 45 44 2 10 8 11 47 29 14 
57 50 59 7 6 36 48 46 49 9 9 24 
29 36 27 93 92 50 38 40 37 95 77 62 
4 3 6 60 59 17 5 7 4 62 44 29 
16 23 14 80 79 37 25 27 24 82 64 49 
33 26 35 31 30 12 24 22 25 33 15 0 
9 16 7 73 72 30 18 20 17 75 57 42 
20 27 18 84 83 41 29 31 28 86 68 53 
4 11 2 68 67 25 13 15 12 70 52 37 
28 35 26 92 91 49 37 39 36 94 76 61 
18 11 20 46 45 3 9 7 10 48 30 15 
17 24 15 81 80 38 26 28 25 83 65 50 

17 5 42 15 41 45 9 49 11 14 45 7 
21 43 4 53 3 83 29 87 49 24 83 45 
65 43 90 33 89 3 57 1 37 62 3 41 
32 10 57 0 56 30 24 34 4 29 30 8 
52 30 77 20 76 10 44 14 24 49 10 28 
3 19 28 29 27 59 5 63 25 0 59 21 
45 23 70 13 69 17 37 21 17 42 17 21 
56 34 81 24 80 6 48 10 28 53 6 32 
40 18 65 8 64 22 32 26 12 37 22 16 
64 42 89 32 88 2 56 2 36 61 2 40 
18 4 43 14 42 44 10 48 10 15 44 6 
53 31 78 21 77 9 45 13 25 50 9 29 

39 24 5 18 41 11 51 47 17 30 8 12 
1 62 43 56 79 49 89 85 21 8 30 26 
87 24 43 30 7 37 3 1 65 78 56 60 
54 9 10 3 26 4 36 32 32 45 23 27 
74 11 30 17 6 24 16 12 52 65 43 47 
25 38 19 32 55 25 65 61 3 16 6 2 
67 4 23 10 13 17 23 19 45 58 36 40 
78 15 34 21 2 28 12 8 56 69 47 51 
62 1 18 5 18 12 28 24 40 53 31 35 
86 23 42 29 6 36 4 0 64 77 55 59 
40 23 4 17 40 10 50 46 18 31 9 13 
75 12 31 18 5 25 15 11 53 66 44 48 

0 43 5 5 7 15 48 39 15 33 38 42 
38 81 43 43 45 53 86 77 53 71 76 4 
48 5 43 43 41 33 0 9 33 15 10 90 
15 28 10 10 8 0 33 24 0 18 23 57 
35 8 30 30 28 20 13 4 20 2 3 77 
14 57 19 19 21 29 62 53 29 47 52 28 
28 15 23 23 21 13 20 11 13 5 10 70 
39 4 34 34 32 24 9 0 24 6 1 81 
23 20 18 18 16 8 25 16 8 10 15 65 
47 4 42 42 40 32 1 8 32 14 9 89 
1 42 4 4 6 14 47 38 14 32 37 43 
36 7 31 31 29 21 12 3 21 3 2 78 

34 73 58 52 95 43 14 13 47 92 18 0 
48 9 24 30 13 39 68 69 35 10 64 82 
12 51 36 30 73 21 8 9 25 70 4 22 
55 16 31 37 6 46 75 76 42 3 71 89 
60 21 36 42 1 51 80 81 47 2 76 94 
12 51 36 30 73 21 8 9 25 70 4 22 
1 40 25 19 62 10 19 20 14 59 15 33 
33 72 57 51 94 42 13 12 46 91 17 1 
40 1 16 22 21 31 60 61 27 18 56 74 
51 12 27 33 10 42 71 72 38 7 67 85 
29 68 53 47 90 38 9 8 42 87 13 5 
27 66 51 45 88 36 7 6 40 85 11 7 

29 4 11 15 25 49 91 27 57 29 66 80 
53 86 71 67 57 33 9 55 25 53 16 2 
7 26 11 7 3 27 69 5 35 7 44 58 
60 93 78 74 64 40 2 62 32 60 23 9 
65 98 83 79 69 45 3 67 37 65 28 14 
7 26 11 7 3 27 69 5 35 7 44 58 
4 37 22 18 8 16 58 6 24 4 33 47 
28 5 10 14 24 48 90 26 56 28 65 79 
45 78 63 59 49 25 17 47 17 45 8 6 
56 89 74 70 60 36 6 58 28 56 19 5 
24 9 6 10 20 44 86 22 52 24 61 75 
22 11 4 8 18 42 84 20 50 22 59 73 

76 25 40 44 3 10 61 30 65 62 78 37 
6 57 42 38 85 72 21 52 17 20 4 45 
54 3 18 22 25 12 39 8 43 40 56 15 
13 64 49 45 92 79 28 59 24 27 11 52 
18 69 54 50 97 84 33 64 29 32 16 57 
54 3 18 22 25 12 39 8 43 40 56 15 
43 8 7 11 36 23 28 3 32 29 45 4 
75 24 39 43 4 9 60 29 64 61 77 36 
2 49 34 30 77 64 13 44 9 12 4 37 
9 60 45 41 88 75 24 55 20 23 7 48 
71 20 35 39 8 5 56 25 60 57 73 32 
69 18 33 37 10 3 54 23 58 55 71 30 

63 58 0 56 72 16 12 60 21 66 50 88 
19 24 82 26 10 66 70 22 61 16 32 6 
41 36 22 34 50 6 10 38 1 44 28 66 
26 31 89 33 17 73 77 29 68 23 39 1 
31 36 94 38 22 78 82 34 73 28 44 6 
41 36 22 34 50 6 10 38 1 44 28 66 
30 25 33 23 39 17 21 27 12 33 17 55 
62 57 1 55 71 15 11 59 20 65 49 87 
11 16 74 18 2 58 62 14 53 8 24 14 
22 27 85 29 13 69 73 25 64 19 35 3 
58 53 5 51 67 11 7 55 16 61 45 83 
56 51 7 49 65 9 5 53 14 59 43 81 

93 27 95 53 80 66 77 44 92 88 38 53 
11 55 13 29 2 16 5 38 10 6 44 29 
71 5 73 31 58 44 55 22 70 66 16 31 
4 62 6 36 9 23 12 45 3 1 51 36 
1 67 1 41 14 28 17 50 2 6 56 41 
71 5 73 31 58 44 55 22 70 66 16 31 
60 6 62 20 47 33 44 11 59 55 5 20 
92 26 94 52 79 65 76 43 91 87 37 52 
19 47 21 21 6 8 3 30 18 14 36 21 
8 58 10 32 5 19 8 41 7 3 47 32 
88 22 90 48 75 61 72 39 87 83 33 48 
86 20 88 46 73 59 70 37 85 81 31 46 

28 31 40 67 84 27 95 66 2 3 86 88 
54 51 42 15 2 55 13 16 80 85 4 6 
6 9 18 45 62 5 73 44 20 25 64 66 
61 58 49 22 5 62 6 23 87 92 3 1 
66 63 54 27 10 67 1 28 92 97 8 6 
6 9 18 45 62 5 73 44 20 25 64 66 
5 2 7 34 51 6 62 33 31 36 53 55 
27 30 39 66 83 26 94 65 1 4 85 87 
46 43 34 7 10 47 21 8 72 77 12 14 
57 54 45 18 1 58 10 19 83 88 1 3 
23 26 35 62 79 22 90 61 3 8 81 83 
21 24 33 60 77 20 88 59 5 10 79 81 

3 72 93 42 26 3 10 24 5 47 84 84 
85 10 11 40 56 85 72 58 77 35 2 2 
25 50 71 20 4 25 12 2 17 25 62 62 
92 17 4 47 63 92 79 65 84 42 5 5 
97 22 1 52 68 97 84 70 89 47 10 10 
25 50 71 20 4 25 12 2 17 25 62 62 
36 39 60 9 7 36 23 9 28 14 51 51 
4 71 92 41 25 4 9 23 4 46 83 83 
77 2 19 32 48 77 64 50 69 27 10 10 
88 13 8 43 59 88 75 61 80 38 1 1 
8 67 88 37 21 8 5 19 0 42 79 79 
10 65 86 35 19 10 3 17 2 40 77 77 

1 90 20 74 18 16 32 43 80 67 41 14 
81 8 62 8 64 66 50 39 2 15 41 68 
21 68 2 52 4 6 10 21 58 45 19 8 
88 1 69 15 71 73 57 46 9 22 48 75 
93 4 74 20 76 78 62 51 14 27 53 80 
21 68 2 52 4 6 10 21 58 45 19 8 
32 57 13 41 15 17 1 10 47 34 8 19 
0 89 19 73 17 15 31 42 79 66 40 13 
73 16 54 0 56 58 42 31 6 7 33 60 
84 5 65 11 67 69 53 42 5 18 44 71 
4 85 15 69 13 11 27 38 75 62 36 9 
6 83 13 67 11 9 25 36 73 60 34 7 

51 32 25 15 3 58 14 45 3 30 61 57 
31 50 57 67 79 24 68 37 85 52 21 25 
29 10 3 7 19 36 8 23 25 8 39 35 
38 57 64 74 86 31 75 44 92 59 28 32 
43 62 69 79 91 36 80 49 97 64 33 37 
29 10 3 7 19 36 8 23 25 8 39 35 
18 1 8 18 30 25 19 12 36 3 28 24 
50 31 24 14 2 57 13 44 4 29 60 56 
23 42 49 59 71 16 60 29 77 44 13 17 
34 53 60 70 82 27 71 40 88 55 24 28 
46 27 20 10 2 53 9 40 8 25 56 52 
44 25 18 8 4 51 7 38 10 23 54 50 

11 6 67 17 34 94 0 42 41 76 55 1 
71 76 15 65 48 12 82 40 41 6 27 83 
11 16 45 5 12 72 22 20 19 54 33 23 
78 83 22 72 55 5 89 47 48 13 34 90 
83 88 27 77 60 0 94 52 53 18 39 95 
11 16 45 5 12 72 22 20 19 54 33 23 
22 27 34 16 1 61 33 9 8 43 22 34 
10 5 66 16 33 93 1 41 40 75 54 2 
63 68 7 57 40 20 74 32 33 2 19 75 
74 79 18 68 51 9 85 43 44 9 30 86 
6 1 62 12 29 89 5 37 36 71 50 6 
4 1 60 10 27 87 7 35 34 69 48 8 

29 36 27 93 92 50 38 40 37 95 77 62 
53 46 55 11 10 32 44 42 45 13 5 20 
7 14 5 71 70 28 16 18 15 73 55 40 
60 53 62 4 3 39 51 49 52 6 12 27 
65 58 67 1 2 44 56 54 57 1 17 32 
7 14 5 71 70 28 16 18 15 73 55 40 
4 3 6 60 59 17 5 7 4 62 44 29 
28 35 26 92 91 49 37 39 36 94 76 61 
45 38 47 19 18 24 36 34 37 21 3 12 
56 49 58 8 7 35 47 45 48 10 8 23 
24 31 22 88 87 45 33 35 32 90 72 57 
22 29 20 86 85 43 31 33 30 88 70 55 

65 43 90 33 89 3 57 1 37 62 3 41 
17 39 8 49 7 79 25 83 45 20 79 41 
43 21 68 11 67 19 35 23 15 40 19 19 
24 46 1 56 0 86 32 90 52 27 86 48 
29 51 4 61 5 91 37 95 57 32 91 53 
43 21 68 11 67 19 35 23 15 40 19 19 
32 10 57 0 56 30 24 34 4 29 30 8 
64 42 89 32 88 2 56 2 36 61 2 40 
9 31 16 41 15 71 17 75 37 12 71 33 
20 42 5 52 4 82 28 86 48 23 82 44 
60 38 85 28 84 2 52 6 32 57 2 36 
58 36 83 26 82 4 50 8 30 55 4 34 

87 24 43 30 7 37 3 1 65 78 56 60 
5 58 39 52 75 45 85 81 17 4 26 22 
65 2 21 8 15 15 25 21 43 56 34 38 
2 65 46 59 82 52 92 88 24 11 33 29 
7 70 51 64 87 57 97 93 29 16 38 34 
65 2 21 8 15 15 25 21 43 56 34 38 
54 9 10 3 26 4 36 32 32 45 23 27 
86 23 42 29 6 36 4 0 64 77 55 59 
13 50 31 44 67 37 77 73 9 4 18 14 
2 61 42 55 78 48 88 84 20 7 29 25 
82 19 38 25 2 32 8 4 60 73 51 55 
80 17 36 23 0 30 10 6 58 71 49 53 

48 5 43 43 41 33 0 9 33 15 10 90 
34 77 39 39 41 49 82 73 49 67 72 8 
26 17 21 21 19 11 22 13 11 7 12 68 
41 84 46 46 48 56 89 80 56 74 79 1 
46 89 51 51 53 61 94 85 61 79 84 4 
26 17 21 21 19 11 22 13 11 7 12 68 
15 28 10 10 8 0 33 24 0 18 23 57 
47 4 42 42 40 32 1 8 32 14 9 89 
26 69 31 31 33 41 74 65 41 59 64 16 
37 80 42 42 44 52 85 76 52 70 75 5 
43 0 38 38 36 28 5 4 28 10 5 85 
41 2 36 36 34 26 7 2 26 8 3 83 

5 38 23 19 9 15 57 7 23 5 32 46 
44 77 62 58 48 24 18 46 16 44 7 7 
29 62 47 43 33 9 33 31 1 29 8 22 
23 56 41 37 27 3 39 25 5 23 14 28 
66 99 84 80 70 46 4 68 38 66 29 15 
14 47 32 28 18 6 48 16 14 14 23 37 
15 18 3 1 11 35 77 13 43 15 52 66 
16 17 2 2 12 36 78 14 44 16 53 67 
18 51 36 32 22 2 44 20 10 18 19 33 
63 96 81 77 67 43 1 65 35 63 26 12 
11 22 7 3 7 31 73 9 39 11 48 62 
29 4 11 15 25 49 91 27 57 29 66 80 

42 9 6 10 37 24 27 4 31 28 44 3 
3 48 33 29 76 63 12 43 8 11 5 36 
18 33 18 14 61 48 3 28 7 4 20 21 
24 27 12 8 55 42 9 22 13 10 26 15 
19 70 55 51 98 85 34 65 30 33 17 58 
33 18 3 1 46 33 18 13 22 19 35 6 
62 11 26 30 17 4 47 16 51 48 64 23 
63 12 27 31 16 3 48 17 52 49 65 24 
29 22 7 3 50 37 14 17 18 15 31 10 
16 67 52 48 95 82 31 62 27 30 14 55 
58 7 22 26 21 8 43 12 47 44 60 19 
76 25 40 44 3 10 61 30 65 62 78 37 

29 24 34 22 38 18 22 26 13 32 16 54 
10 15 73 17 1 57 61 13 52 7 23 15 
5 0 58 2 14 42 46 2 37 8 8 30 
11 6 52 4 20 36 40 8 31 14 2 36 
32 37 95 39 23 79 83 35 74 29 45 7 
20 15 43 13 29 27 31 17 22 23 7 45 
49 44 14 42 58 2 2 46 7 52 36 74 
50 45 13 43 59 3 1 47 8 53 37 75 
16 11 47 9 25 31 35 13 26 19 3 41 
29 34 92 36 20 76 80 32 71 26 42 4 
45 40 18 38 54 2 6 42 3 48 32 70 
63 58 0 56 72 16 12 60 21 66 50 88 

59 7 61 19 46 32 43 10 58 54 4 19 
20 46 22 20 7 7 4 29 19 15 35 20 
35 31 37 5 22 8 19 14 34 30 20 5 
41 25 43 1 28 14 25 8 40 36 14 1 
2 68 0 42 15 29 18 51 3 7 57 42 
50 16 52 10 37 23 34 1 49 45 5 10 
79 13 81 39 66 52 63 30 78 74 24 39 
80 14 82 40 67 53 64 31 79 75 25 40 
46 20 48 6 33 19 30 3 45 41 9 6 
1 65 3 39 12 26 15 48 0 4 54 39 
75 9 77 35 62 48 59 26 74 70 20 35 
93 27 95 53 80 66 77 44 92 88 38 53 

6 3 6 33 50 7 61 32 32 37 52 54 
45 42 33 6 11 46 22 7 71 76 13 15 
30 27 18 9 26 31 37 8 56 61 28 30 
24 21 12 15 32 25 43 14 50 55 34 36 
67 64 55 28 11 68 0 29 93 98 9 7 
15 12 3 24 41 16 52 23 41 46 43 45 
14 17 26 53 70 13 81 52 12 17 72 74 
15 18 27 54 71 14 82 53 11 16 73 75 
19 16 7 20 37 20 48 19 45 50 39 41 
64 61 52 25 8 65 3 26 90 95 6 4 
10 13 22 49 66 9 77 48 16 21 68 70 
28 31 40 67 84 27 95 66 2 3 86 88 

37 38 59 8 8 37 24 10 29 13 50 50 
76 1 20 31 47 76 63 49 68 26 11 11 
61 14 35 16 32 61 48 34 53 11 26 26 
55 20 41 10 26 55 42 28 47 5 32 32 
98 23 2 53 69 98 85 71 90 48 11 11 
46 29 50 1 17 46 33 19 38 4 41 41 
17 58 79 28 12 17 4 10 9 33 70 70 
16 59 80 29 13 16 3 11 8 34 71 71 
50 25 46 5 21 50 37 23 42 0 37 37 
95 20 1 50 66 95 82 68 87 45 8 8 
21 54 75 24 8 21 8 6 13 29 66 66 
3 72 93 42 26 3 10 24 5 47 84 84 

33 56 14 40 16 18 2 9 46 33 7 20 
72 17 53 1 55 57 41 30 7 6 32 59 
57 32 38 16 40 42 26 15 22 9 17 44 
51 38 32 22 34 36 20 9 28 15 11 38 
94 5 75 21 77 79 63 52 15 28 54 81 
42 47 23 31 25 27 11 0 37 24 2 29 
13 76 6 60 4 2 18 29 66 53 27 0 
12 77 7 61 5 3 19 30 67 54 28 1 
46 43 27 27 29 31 15 4 33 20 6 33 
91 2 72 18 74 76 60 49 12 25 51 78 
17 72 2 56 0 2 14 25 62 49 23 4 
1 90 20 74 18 16 32 43 80 67 41 14 

17 2 9 19 31 24 20 11 37 4 27 23 
22 41 48 58 70 15 59 28 76 43 12 16 
7 26 33 43 55 0 44 13 61 28 3 1 
1 20 27 37 49 6 38 7 55 22 9 5 
44 63 70 80 92 37 81 50 98 65 34 38 
8 11 18 28 40 15 29 2 46 13 18 14 
37 18 11 1 11 44 0 31 17 16 47 43 
38 19 12 2 10 45 1 32 16 17 48 44 
4 15 22 32 44 11 33 2 50 17 14 10 
41 60 67 77 89 34 78 47 95 62 31 35 
33 14 7 3 15 40 4 27 21 12 43 39 
51 32 25 15 3 58 14 45 3 30 61 57 

23 28 33 17 0 60 34 8 7 42 21 35 
62 67 6 56 39 21 73 31 32 3 18 74 
47 52 9 41 24 36 58 16 17 18 3 59 
41 46 15 35 18 42 52 10 11 24 3 53 
84 89 28 78 61 1 95 53 54 19 40 96 
32 37 24 26 9 51 43 1 2 33 12 44 
3 8 53 3 20 80 14 28 27 62 41 15 
2 7 54 4 21 81 13 29 28 63 42 14 
36 41 20 30 13 47 47 5 6 29 8 48 
81 86 25 75 58 2 92 50 51 16 37 93 
7 12 49 1 16 76 18 24 23 58 37 19 
11 6 67 17 34 94 0 42 41 76 55 1 

5 2 7 59 58 16 4 6 3 61 43 28 
44 37 46 20 19 23 35 33 36 22 4 11 
29 22 31 35 34 8 20 18 21 37 19 4 
23 16 25 41 40 2 14 12 15 43 25 10 
66 59 68 2 3 45 57 55 58 0 18 33 
14 7 16 50 49 7 5 3 6 52 34 19 
15 22 13 79 78 36 24 26 23 81 63 48 
16 23 14 80 79 37 25 27 24 82 64 49 
18 11 20 46 45 3 9 7 10 48 30 15 
63 56 65 1 0 42 54 52 55 3 15 30 
11 18 9 75 74 32 20 22 19 77 59 44 
29 36 27 93 92 50 38 40 37 95 77 62 

31 9 56 1 55 31 23 35 3 28 31 7 
8 30 17 40 16 70 16 74 36 11 70 32 
7 15 32 25 31 55 1 59 21 4 55 17 
13 9 38 19 37 49 5 53 15 10 49 11 
30 52 5 62 6 92 38 96 58 33 92 54 
22 0 47 10 46 40 14 44 6 19 40 2 
51 29 76 19 75 11 43 15 23 48 11 27 
52 30 77 20 76 10 44 14 24 49 10 28 
18 4 43 14 42 44 10 48 10 15 44 6 
27 49 2 59 3 89 35 93 55 30 89 51 
47 25 72 15 71 15 39 19 19 44 15 23 
65 43 90 33 89 3 57 1 37 62 3 41 

53 10 9 4 27 3 37 33 31 44 22 26 
14 49 30 43 66 36 76 72 8 5 17 13 
29 34 15 28 51 21 61 57 7 20 2 2 
35 28 9 22 45 15 55 51 13 26 4 8 
8 71 52 65 88 58 98 94 30 17 39 35 
44 19 0 13 36 6 46 42 22 35 13 17 
73 10 29 16 7 23 17 13 51 64 42 46 
74 11 30 17 6 24 16 12 52 65 43 47 
40 23 4 17 40 10 50 46 18 31 9 13 
5 68 49 62 85 55 95 91 27 14 36 32 
69 6 25 12 11 19 21 17 47 60 38 42 
87 24 43 30 7 37 3 1 65 78 56 60 

14 29 9 9 7 1 34 25 1 19 24 56 
25 68 30 30 32 40 73 64 40 58 63 17 
10 53 15 15 17 25 58 49 25 43 48 32 
4 47 9 9 11 19 52 43 19 37 42 38 
47 90 52 52 54 62 95 86 62 80 85 5 
5 38 0 0 2 10 43 34 10 28 33 47 
34 9 29 29 27 19 14 5 19 1 4 76 
35 8 30 30 28 20 13 4 20 2 3 77 
1 42 4 4 6 14 47 38 14 32 37 43 
44 87 49 49 51 59 92 83 59 77 82 2 
30 13 25 25 23 15 18 9 15 3 8 72 
48 5 43 43 41 33 0 9 33 15 10 90 

47 4 11 15 32 19 32 1 36 33 49 8 
80 29 44 48 1 14 65 34 69 66 82 41 
65 14 29 33 14 1 50 19 54 51 67 26 
61 10 25 29 18 5 46 15 50 47 63 22 
51 0 15 19 28 15 36 5 40 37 53 12 
27 24 9 5 52 39 12 19 16 13 29 12 
15 66 51 47 94 81 30 61 26 29 13 54 
49 2 13 17 30 17 34 3 38 35 51 10 
19 32 17 13 60 47 4 27 8 5 21 20 
47 4 11 15 32 19 32 1 36 33 49 8 
10 41 26 22 69 56 5 36 1 4 12 29 
4 55 40 36 83 70 19 50 15 18 2 43 

34 29 29 27 43 13 17 31 8 37 21 59 
67 62 4 60 76 20 16 64 25 70 54 92 
52 47 11 45 61 5 1 49 10 55 39 77 
48 43 15 41 57 1 3 45 6 51 35 73 
38 33 25 31 47 9 13 35 4 41 25 63 
14 9 49 7 23 33 37 11 28 17 1 39 
28 33 91 35 19 75 79 31 70 25 41 3 
36 31 27 29 45 11 15 33 6 39 23 61 
6 1 57 1 15 41 45 3 36 9 7 31 
34 29 29 27 43 13 17 31 8 37 21 59 
3 8 66 10 6 50 54 6 45 0 16 22 
17 22 80 24 8 64 68 20 59 14 30 8 

64 2 66 24 51 37 48 15 63 59 9 24 
97 31 99 57 84 70 81 48 96 92 42 57 
82 16 84 42 69 55 66 33 81 77 27 42 
78 12 80 38 65 51 62 29 77 73 23 38 
68 2 70 28 55 41 52 19 67 63 13 28 
44 22 46 4 31 17 28 5 43 39 11 4 
2 64 4 38 11 25 14 47 1 3 53 38 
66 0 68 26 53 39 50 17 65 61 11 26 
36 30 38 4 23 9 20 13 35 31 19 4 
64 2 66 24 51 37 48 15 63 59 9 24 
27 39 29 13 14 0 11 22 26 22 28 13 
13 53 15 27 0 14 3 36 12 8 42 27 

1 2 11 38 55 2 66 37 27 32 57 59 
32 35 44 71 88 31 99 70 6 1 90 92 
17 20 29 56 73 16 84 55 9 14 75 77 
13 16 25 52 69 12 80 51 13 18 71 73 
3 6 15 42 59 2 70 41 23 28 61 63 
21 18 9 18 35 22 46 17 47 52 37 39 
63 60 51 24 7 64 4 25 89 94 5 3 
1 4 13 40 57 0 68 39 25 30 59 61 
29 26 17 10 27 30 38 9 55 60 29 31 
1 2 11 38 55 2 66 37 27 32 57 59 
38 35 26 1 18 39 29 0 64 69 20 22 
52 49 40 13 4 53 15 14 78 83 6 8 

32 43 64 13 3 32 19 5 24 18 55 55 
1 76 97 46 30 1 14 28 9 51 88 88 
14 61 82 31 15 14 1 13 6 36 73 73 
18 57 78 27 11 18 5 9 10 32 69 69 
28 47 68 17 1 28 15 1 20 22 59 59 
52 23 44 7 23 52 39 25 44 2 35 35 
94 19 2 49 65 94 81 67 86 44 7 7 
30 45 66 15 1 30 17 3 22 20 57 57 
60 15 36 15 31 60 47 33 52 10 27 27 
32 43 64 13 3 32 19 5 24 18 55 55 
69 6 27 24 40 69 56 42 61 19 18 18 
83 8 13 38 54 83 70 56 75 33 4 4 

28 61 9 45 11 13 3 14 51 38 12 15 
5 94 24 78 22 20 36 47 84 71 45 18 
10 79 9 63 7 5 21 32 69 56 30 3 
14 75 5 59 3 1 17 28 65 52 26 1 
24 65 5 49 7 9 7 18 55 42 16 11 
48 41 29 25 31 33 17 6 31 18 8 35 
90 1 71 17 73 75 59 48 11 24 50 77 
26 63 7 47 9 11 5 16 53 40 14 13 
56 33 37 17 39 41 25 14 23 10 16 43 
28 61 9 45 11 13 3 14 51 38 12 15 
65 24 46 8 48 50 34 23 14 1 25 52 
79 10 60 6 62 64 48 37 0 13 39 66 

22 3 4 14 26 29 15 16 32 1 32 28 
55 36 29 19 7 62 18 49 1 34 65 61 
40 21 14 4 8 47 3 34 14 19 50 46 
36 17 10 0 12 43 1 30 18 15 46 42 
26 7 0 10 22 33 11 20 28 5 36 32 
2 17 24 34 46 9 35 4 52 19 12 8 
40 59 66 76 88 33 77 46 94 61 30 34 
24 5 2 12 24 31 13 18 30 3 34 30 
6 25 32 42 54 1 43 12 60 27 4 0 
22 3 4 14 26 29 15 16 32 1 32 28 
15 34 41 51 63 8 52 21 69 36 5 9 
29 48 55 65 77 22 66 35 83 50 19 23 

18 23 38 12 5 65 29 13 12 47 26 30 
15 10 71 21 38 98 4 46 45 80 59 3 
0 5 56 6 23 83 11 31 30 65 44 12 
4 9 52 2 19 79 15 27 26 61 40 16 
14 19 42 8 9 69 25 17 16 51 30 26 
38 43 18 32 15 45 49 7 8 27 6 50 
80 85 24 74 57 3 91 49 50 15 36 92 
16 21 40 10 7 67 27 15 14 49 28 28 
46 51 10 40 23 37 57 15 16 19 2 58 
18 23 38 12 5 65 29 13 12 47 26 30 
55 60 1 49 32 28 66 24 25 10 11 67 
69 74 13 63 46 14 80 38 39 4 25 81 

0 7 2 64 63 21 9 11 8 66 48 33 
33 40 31 97 96 54 42 44 41 99 81 66 
18 25 16 82 81 39 27 29 26 84 66 51 
14 21 12 78 77 35 23 25 22 80 62 47 
4 11 2 68 67 25 13 15 12 70 52 37 
20 13 22 44 43 1 11 9 12 46 28 13 
62 55 64 2 1 41 53 51 54 4 14 29 
2 9 0 66 65 23 11 13 10 68 50 35 
28 21 30 36 35 7 19 17 20 38 20 5 
0 7 2 64 63 21 9 11 8 66 48 33 
37 30 39 27 26 16 28 26 29 29 11 4 
51 44 53 13 12 30 42 40 43 15 3 18 

36 14 61 4 60 26 28 30 8 33 26 12 
69 47 94 37 93 7 61 3 41 66 7 45 
54 32 79 22 78 8 46 12 26 51 8 30 
50 28 75 18 74 12 42 16 22 47 12 26 
40 18 65 8 64 22 32 26 12 37 22 16 
16 6 41 16 40 46 8 50 12 13 46 8 
26 48 1 58 2 88 34 92 54 29 88 50 
38 16 63 6 62 24 30 28 10 35 24 14 
8 14 33 24 32 54 0 58 20 5 54 16 
36 14 61 4 60 26 28 30 8 33 26 12 
1 23 24 33 23 63 9 67 29 4 63 25 
15 37 10 47 9 77 23 81 43 18 77 39 

58 5 14 1 22 8 32 28 36 49 27 31 
91 28 47 34 11 41 1 5 69 82 60 64 
76 13 32 19 4 26 14 10 54 67 45 49 
72 9 28 15 8 22 18 14 50 63 41 45 
62 1 18 5 18 12 28 24 40 53 31 35 
38 25 6 19 42 12 52 48 16 29 7 11 
4 67 48 61 84 54 94 90 26 13 35 31 
60 3 16 3 20 10 30 26 38 51 29 33 
30 33 14 27 50 20 60 56 8 21 1 3 
58 5 14 1 22 8 32 28 36 49 27 31 
21 42 23 36 59 29 69 65 1 12 10 6 
7 56 37 50 73 43 83 79 15 2 24 20 

19 24 14 14 12 4 29 20 4 14 19 61 
52 9 47 47 45 37 4 13 37 19 14 94 
37 6 32 32 30 22 11 2 22 4 1 79 
33 10 28 28 26 18 15 6 18 0 5 75 
23 20 18 18 16 8 25 16 8 10 15 65 
1 44 6 6 8 16 49 40 16 34 39 41 
43 86 48 48 50 58 91 82 58 76 81 1 
21 22 16 16 14 6 27 18 6 12 17 63 
9 52 14 14 16 24 57 48 24 42 47 33 
19 24 14 14 12 4 29 20 4 14 19 61 
18 61 23 23 25 33 66 57 33 51 56 24 
32 75 37 37 39 47 80 71 47 65 70 10 

13 18 76 20 4 60 64 16 55 10 26 12 
38 33 25 31 47 9 13 35 4 41 25 63 
23 18 40 16 32 24 28 20 19 26 10 48 
19 14 44 12 28 28 32 16 23 22 6 44 
66 61 3 59 75 19 15 63 24 69 53 91 
53 48 10 46 62 6 2 50 11 56 40 78 
2 3 61 5 11 45 49 1 40 5 11 27 
33 28 30 26 42 14 18 30 9 36 20 58 
2 7 65 9 7 49 53 5 44 1 15 23 
1 4 62 6 10 46 50 2 41 4 12 26 
15 20 78 22 6 62 66 18 57 12 28 10 
26 21 37 19 35 21 25 23 16 29 13 51 

17 49 19 23 4 10 1 32 16 12 38 23 
68 2 70 28 55 41 52 19 67 63 13 28 
53 13 55 13 40 26 37 4 52 48 2 13 
49 17 51 9 36 22 33 0 48 44 6 9 
96 30 98 56 83 69 80 47 95 91 41 56 
83 17 85 43 70 56 67 34 82 78 28 43 
32 34 34 8 19 5 16 17 31 27 23 8 
63 3 65 23 50 36 47 14 62 58 8 23 
28 38 30 12 15 1 12 21 27 23 27 12 
31 35 33 9 18 4 15 18 30 26 24 9 
15 51 17 25 2 12 1 34 14 10 40 25 
56 10 58 16 43 29 40 7 55 51 1 16 

48 45 36 9 8 49 19 10 74 79 10 12 
3 6 15 42 59 2 70 41 23 28 61 63 
12 9 0 27 44 13 55 26 38 43 46 48 
16 13 4 23 40 17 51 22 42 47 42 44 
31 34 43 70 87 30 98 69 5 0 89 91 
18 21 30 57 74 17 85 56 8 13 76 78 
33 30 21 6 23 34 34 5 59 64 25 27 
2 1 10 37 54 3 65 36 28 33 56 58 
37 34 25 2 19 38 30 1 63 68 21 23 
34 31 22 5 22 35 33 4 60 65 24 26 
50 47 38 11 6 51 17 12 76 81 8 10 
9 6 3 30 47 10 58 29 35 40 49 51 

79 4 17 34 50 79 66 52 71 29 8 8 
28 47 68 17 1 28 15 1 20 22 59 59 
43 32 53 2 14 43 30 16 35 7 44 44 
47 28 49 2 18 47 34 20 39 3 40 40 
0 75 96 45 29 0 13 27 8 50 87 87 
13 62 83 32 16 13 0 14 5 37 74 74 
64 11 32 19 35 64 51 37 56 14 23 23 
33 42 63 12 4 33 20 6 25 17 54 54 
68 7 28 23 39 68 55 41 60 18 19 19 
65 10 31 20 36 65 52 38 57 15 22 22 
81 6 15 36 52 81 68 54 73 31 6 6 
40 35 56 5 11 40 27 13 32 10 47 47 

75 14 56 2 58 60 44 33 4 9 35 62 
24 65 5 49 7 9 7 18 55 42 16 11 
39 50 20 34 22 24 8 3 40 27 1 26 
43 46 24 30 26 28 12 1 36 23 3 30 
4 93 23 77 21 19 35 46 83 70 44 17 
9 80 10 64 8 6 22 33 70 57 31 4 
60 29 41 13 43 45 29 18 19 6 20 47 
29 60 10 44 12 14 2 13 50 37 11 16 
64 25 45 9 47 49 33 22 15 2 24 51 
61 28 42 12 44 46 30 19 18 5 21 48 
77 12 58 4 60 62 46 35 2 11 37 64 
36 53 17 37 19 21 5 6 43 30 4 23 

25 44 51 61 73 18 62 31 79 46 15 19 
26 7 0 10 22 33 11 20 28 5 36 32 
11 8 15 25 37 18 26 5 43 10 21 17 
7 12 19 29 41 14 30 1 47 14 17 13 
54 35 28 18 6 61 17 48 0 33 64 60 
41 22 15 5 7 48 4 35 13 20 51 47 
10 29 36 46 58 3 47 16 64 31 0 4 
21 2 5 15 27 28 16 15 33 0 31 27 
14 33 40 50 62 7 51 20 68 35 4 8 
11 30 37 47 59 4 48 17 65 32 1 5 
27 46 53 63 75 20 64 33 81 48 17 21 
14 5 12 22 34 21 23 8 40 7 24 20 

65 70 9 59 42 18 76 34 35 0 21 77 
14 19 42 8 9 69 25 17 16 51 30 26 
29 34 27 23 6 54 40 2 1 36 15 41 
33 38 23 27 10 50 44 2 3 32 11 45 
14 9 70 20 37 97 3 45 44 79 58 2 
1 4 57 7 24 84 10 32 31 66 45 11 
50 55 6 44 27 33 61 19 20 15 6 62 
19 24 37 13 4 64 30 12 11 46 25 31 
54 59 2 48 31 29 65 23 24 11 10 66 
51 56 5 45 28 32 62 20 21 14 7 63 
67 72 11 61 44 16 78 36 37 2 23 79 
26 31 30 20 3 57 37 5 4 39 18 38 

47 40 49 17 16 26 38 36 39 19 1 14 
4 11 2 68 67 25 13 15 12 70 52 37 
11 4 13 53 52 10 2 0 3 55 37 22 
15 8 17 49 48 6 6 4 7 51 33 18 
32 39 30 96 95 53 41 43 40 98 80 65 
19 26 17 83 82 40 28 30 27 85 67 52 
32 25 34 32 31 11 23 21 24 34 16 1 
1 6 3 63 62 20 8 10 7 65 47 32 
36 29 38 28 27 15 27 25 28 30 12 3 
33 26 35 31 30 12 24 22 25 33 15 0 
49 42 51 15 14 28 40 38 41 17 1 16 
8 1 10 56 55 13 1 3 0 58 40 25 

11 33 14 43 13 73 19 77 39 14 73 35 
40 18 65 8 64 22 32 26 12 37 22 16 
25 3 50 7 49 37 17 41 3 22 37 1 
21 1 46 11 45 41 13 45 7 18 41 3 
68 46 93 36 92 6 60 2 40 65 6 44 
55 33 80 23 79 7 47 11 27 52 7 31 
4 18 29 28 28 58 4 62 24 1 58 20 
35 13 60 3 59 27 27 31 7 32 27 11 
0 22 25 32 24 62 8 66 28 3 62 24 
3 19 28 29 27 59 5 63 25 0 59 21 
13 35 12 45 11 75 21 79 41 16 75 37 
28 6 53 4 52 34 20 38 0 25 34 4 

11 52 33 46 69 39 79 75 11 2 20 16 
62 1 18 5 18 12 28 24 40 53 31 35 
47 16 3 10 33 3 43 39 25 38 16 20 
43 20 1 14 37 7 47 43 21 34 12 16 
90 27 46 33 10 40 0 4 68 81 59 63 
77 14 33 20 3 27 13 9 55 68 46 50 
26 37 18 31 54 24 64 60 4 17 5 1 
57 6 13 0 23 7 33 29 35 48 26 30 
22 41 22 35 58 28 68 64 0 13 9 5 
25 38 19 32 55 25 65 61 3 16 6 2 
9 54 35 48 71 41 81 77 13 0 22 18 
50 13 6 7 30 0 40 36 28 41 19 23 

28 71 33 33 35 43 76 67 43 61 66 14 
23 20 18 18 16 8 25 16 8 10 15 65 
8 35 3 3 1 7 40 31 7 25 30 50 
4 39 1 1 3 11 44 35 11 29 34 46 
51 8 46 46 44 36 3 12 36 18 13 93 
38 5 33 33 31 23 10 1 23 5 0 80 
13 56 18 18 20 28 61 52 28 46 51 29 
18 25 13 13 11 3 30 21 3 15 20 60 
17 60 22 22 24 32 65 56 32 50 55 25 
14 57 19 19 21 29 62 53 29 47 52 28 
30 73 35 35 37 45 78 69 45 63 68 12 
11 32 6 6 4 4 37 28 4 22 27 53 

30 36 32 10 17 3 14 19 29 25 25 10 
35 31 37 5 22 8 19 14 34 30 20 5 
93 27 95 53 80 66 77 44 92 88 38 53 
37 29 39 3 24 10 21 12 36 32 18 3 
21 45 23 19 8 6 5 28 20 16 34 19 
77 11 79 37 64 50 61 28 76 72 22 37 
81 15 83 41 68 54 65 32 80 76 26 41 
33 33 35 7 20 6 17 16 32 28 22 7 
72 6 74 32 59 45 56 23 71 67 17 32 
27 39 29 13 14 0 11 22 26 22 28 13 
43 23 45 3 30 16 27 6 42 38 12 3 
5 61 7 35 8 22 11 44 4 0 50 35 

35 32 23 4 21 36 32 3 61 66 23 25 
30 27 18 9 26 31 37 8 56 61 28 30 
28 31 40 67 84 27 95 66 2 3 86 88 
28 25 16 11 28 29 39 10 54 59 30 32 
44 41 32 5 12 45 23 6 70 75 14 16 
12 15 24 51 68 11 79 50 14 19 70 72 
16 19 28 55 72 15 83 54 10 15 74 76 
32 29 20 7 24 33 35 6 58 63 26 28 
7 10 19 46 63 6 74 45 19 24 65 67 
38 35 26 1 18 39 29 0 64 69 20 22 
22 19 10 17 34 23 45 16 48 53 36 38 
60 57 48 21 4 61 7 22 86 91 2 0 

66 9 30 21 37 66 53 39 58 16 21 21 
61 14 35 16 32 61 48 34 53 11 26 26 
3 72 93 42 26 3 10 24 5 47 84 84 
59 16 37 14 30 59 46 32 51 9 28 28 
75 0 21 30 46 75 62 48 67 25 12 12 
19 56 77 26 10 19 6 8 11 31 68 68 
15 60 81 30 14 15 2 12 7 35 72 72 
63 12 33 18 34 63 50 36 55 13 24 24 
24 51 72 21 5 24 11 3 16 26 63 63 
69 6 27 24 40 69 56 42 61 19 18 18 
53 22 43 8 24 53 40 26 45 3 34 34 
91 16 5 46 62 91 78 64 83 41 4 4 

62 27 43 11 45 47 31 20 17 4 22 49 
57 32 38 16 40 42 26 15 22 9 17 44 
1 90 20 74 18 16 32 43 80 67 41 14 
55 34 36 18 38 40 24 13 24 11 15 42 
71 18 52 2 54 56 40 29 8 5 31 58 
15 74 4 58 2 0 16 27 64 51 25 2 
11 78 8 62 6 4 20 31 68 55 29 2 
59 30 40 14 42 44 28 17 20 7 19 46 
20 69 1 53 3 5 11 22 59 46 20 7 
65 24 46 8 48 50 34 23 14 1 25 52 
49 40 30 24 32 34 18 7 30 17 9 36 
87 2 68 14 70 72 56 45 8 21 47 74 

12 31 38 48 60 5 49 18 66 33 2 6 
7 26 33 43 55 0 44 13 61 28 3 1 
51 32 25 15 3 58 14 45 3 30 61 57 
5 24 31 41 53 2 42 11 59 26 5 1 
21 40 47 57 69 14 58 27 75 42 11 15 
35 16 9 1 13 42 2 29 19 14 45 41 
39 20 13 3 9 46 2 33 15 18 49 45 
9 28 35 45 57 2 46 15 63 30 1 3 
30 11 4 6 18 37 7 24 24 9 40 36 
15 34 41 51 63 8 52 21 69 36 5 9 
1 18 25 35 47 8 36 5 53 20 11 7 
37 56 63 73 85 30 74 43 91 58 27 31 

52 57 4 46 29 31 63 21 22 13 8 64 
47 52 9 41 24 36 58 16 17 18 3 59 
11 6 67 17 34 94 0 42 41 76 55 1 
45 50 11 39 22 38 56 14 15 20 1 57 
61 66 5 55 38 22 72 30 31 4 17 73 
5 10 51 1 18 78 16 26 25 60 39 17 
1 6 55 5 22 82 12 30 29 64 43 13 
49 54 7 43 26 34 60 18 19 16 5 61 
10 15 46 4 13 73 21 21 20 55 34 22 
55 60 1 49 32 28 66 24 25 10 11 67 
39 44 17 33 16 44 50 8 9 26 5 51 
77 82 21 71 54 6 88 46 47 12 33 89 

34 27 36 30 29 13 25 23 26 32 14 1 
29 22 31 35 34 8 20 18 21 37 19 4 
29 36 27 93 92 50 38 40 37 95 77 62 
27 20 29 37 36 6 18 16 19 39 21 6 
43 36 45 21 20 22 34 32 35 23 5 10 
13 20 11 77 76 34 22 24 21 79 61 46 
17 24 15 81 80 38 26 28 25 83 65 50 
31 24 33 33 32 10 22 20 23 35 17 2 
8 15 6 72 71 29 17 19 16 74 56 41 
37 30 39 27 26 16 28 26 29 29 11 4 
21 14 23 43 42 0 12 10 13 45 27 12 
59 52 61 5 4 38 50 48 51 7 11 26 

2 20 27 30 26 60 6 64 26 1 60 22 
7 15 32 25 31 55 1 59 21 4 55 17 
65 43 90 33 89 3 57 1 37 62 3 41 
9 13 34 23 33 53 1 57 19 6 53 15 
7 29 18 39 17 69 15 73 35 10 69 31 
49 27 74 17 73 13 41 17 21 46 13 25 
53 31 78 21 77 9 45 13 25 50 9 29 
5 17 30 27 29 57 3 61 23 2 57 19 
44 22 69 12 68 18 36 22 16 41 18 20 
1 23 24 33 23 63 9 67 29 4 63 25 
15 7 40 17 39 47 7 51 13 12 47 9 
23 45 2 55 1 85 31 89 51 26 85 47 

24 39 20 33 56 26 66 62 2 15 7 3 
29 34 15 28 51 21 61 57 7 20 2 2 
87 24 43 30 7 37 3 1 65 78 56 60 
31 32 13 26 49 19 59 55 9 22 0 4 
15 48 29 42 65 35 75 71 7 6 16 12 
71 8 27 14 9 21 19 15 49 62 40 44 
75 12 31 18 5 25 15 11 53 66 44 48 
27 36 17 30 53 23 63 59 5 18 4 0 
66 3 22 9 14 16 24 20 44 57 35 39 
21 42 23 36 59 29 69 65 1 12 10 6 
37 26 7 20 43 13 53 49 15 28 6 10 
1 64 45 58 81 51 91 87 23 10 32 28 

15 58 20 20 22 30 63 54 30 48 53 27 
10 53 15 15 17 25 58 49 25 43 48 32 
48 5 43 43 41 33 0 9 33 15 10 90 
8 51 13 13 15 23 56 47 23 41 46 34 
24 67 29 29 31 39 72 63 39 57 62 18 
32 11 27 27 25 17 16 7 17 1 6 74 
36 7 31 31 29 21 12 3 21 3 2 78 
12 55 17 17 19 27 60 51 27 45 50 30 
27 16 22 22 20 12 21 12 12 6 11 69 
18 61 23 23 25 33 66 57 33 51 56 24 
2 45 7 7 9 17 50 41 17 35 40 40 
40 83 45 45 47 55 88 79 55 73 78 2 

65 62 53 26 9 66 2 27 91 96 7 5 
1 4 13 40 57 0 68 39 25 30 59 61 
67 64 55 28 11 68 0 29 93 98 9 7 
25 22 13 14 31 26 42 13 51 56 33 35 
52 49 40 13 4 53 15 14 78 83 6 8 
38 35 26 1 18 39 29 0 64 69 20 22 
49 46 37 10 7 50 18 11 75 80 9 11 
16 13 4 23 40 17 51 22 42 47 42 44 
64 61 52 25 8 65 3 26 90 95 6 4 
60 57 48 21 4 61 7 22 86 91 2 0 
10 7 2 29 46 11 57 28 36 41 48 50 
25 22 13 14 31 26 42 13 51 56 33 35 

96 21 0 51 67 96 83 69 88 46 9 9 
30 45 66 15 1 30 17 3 22 20 57 57 
98 23 2 53 69 98 85 71 90 48 11 11 
56 19 40 11 27 56 43 29 48 6 31 31 
83 8 13 38 54 83 70 56 75 33 4 4 
69 6 27 24 40 69 56 42 61 19 18 18 
80 5 16 35 51 80 67 53 72 30 7 7 
47 28 49 2 18 47 34 20 39 3 40 40 
95 20 1 50 66 95 82 68 87 45 8 8 
91 16 5 46 62 91 78 64 83 41 4 4 
41 34 55 4 12 41 28 14 33 9 46 46 
56 19 40 11 27 56 43 29 48 6 31 31 

92 3 73 19 75 77 61 50 13 26 52 79 
26 63 7 47 9 11 5 16 53 40 14 13 
94 5 75 21 77 79 63 52 15 28 54 81 
52 37 33 21 35 37 21 10 27 14 12 39 
79 10 60 6 62 64 48 37 0 13 39 66 
65 24 46 8 48 50 34 23 14 1 25 52 
76 13 57 3 59 61 45 34 3 10 36 63 
43 46 24 30 26 28 12 1 36 23 3 30 
91 2 72 18 74 76 60 49 12 25 51 78 
87 2 68 14 70 72 56 45 8 21 47 74 
37 52 18 36 20 22 6 5 42 29 3 24 
52 37 33 21 35 37 21 10 27 14 12 39 

42 61 68 78 90 35 79 48 96 63 32 36 
24 5 2 12 24 31 13 18 30 3 34 30 
44 63 70 80 92 37 81 50 98 65 34 38 
2 21 28 38 50 5 39 8 56 23 8 4 
29 48 55 65 77 22 66 35 83 50 19 23 
15 34 41 51 63 8 52 21 69 36 5 9 
26 45 52 62 74 19 63 32 80 47 16 20 
7 12 19 29 41 14 30 1 47 14 17 13 
41 60 67 77 89 34 78 47 95 62 31 35 
37 56 63 73 85 30 74 43 91 58 27 31 
13 6 13 23 35 20 24 7 41 8 23 19 
2 21 28 38 50 5 39 8 56 23 8 4 

82 87 26 76 59 1 93 51 52 17 38 94 
16 21 40 10 7 67 27 15 14 49 28 28 
84 89 28 78 61 1 95 53 54 19 40 96 
42 47 14 36 19 41 53 11 12 23 2 54 
69 74 13 63 46 14 80 38 39 4 25 81 
55 60 1 49 32 28 66 24 25 10 11 67 
66 71 10 60 43 17 77 35 36 1 22 78 
33 38 23 27 10 50 44 2 3 32 11 45 
81 86 25 75 58 2 92 50 51 16 37 93 
77 82 21 71 54 6 88 46 47 12 33 89 
27 32 29 21 4 56 38 4 3 38 17 39 
42 47 14 36 19 41 53 11 12 23 2 54 

64 57 66 0 1 43 55 53 56 2 16 31 
2 9 0 66 65 23 11 13 10 68 50 35 
66 59 68 2 3 45 57 55 58 0 18 33 
24 17 26 40 39 3 15 13 16 42 24 9 
51 44 53 13 12 30 42 40 43 15 3 18 
37 30 39 27 26 16 28 26 29 29 11 4 
48 41 50 16 15 27 39 37 40 18 0 15 
15 8 17 49 48 6 6 4 7 51 33 18 
63 56 65 1 0 42 54 52 55 3 15 30 
59 52 61 5 4 38 50 48 51 7 11 26 
9 2 11 55 54 12 0 2 1 57 39 24 
24 17 26 40 39 3 15 13 16 42 24 9 

28 50 3 60 4 90 36 94 56 31 90 52 
38 16 63 6 62 24 30 28 10 35 24 14 
30 52 5 62 6 92 38 96 58 33 92 54 
12 10 37 20 36 50 4 54 16 9 50 12 
15 37 10 47 9 77 23 81 43 18 77 39 
1 23 24 33 23 63 9 67 29 4 63 25 
12 34 13 44 12 74 20 78 40 15 74 36 
21 1 46 11 45 41 13 45 7 18 41 3 
27 49 2 59 3 89 35 93 55 30 89 51 
23 45 2 55 1 85 31 89 51 26 85 47 
27 5 52 5 51 35 19 39 1 24 35 3 
12 10 37 20 36 50 4 54 16 9 50 12 

6 69 50 63 86 56 96 92 28 15 37 33 
60 3 16 3 20 10 30 26 38 51 29 33 
8 71 52 65 88 58 98 94 30 17 39 35 
34 29 10 23 46 16 56 52 12 25 3 7 
7 56 37 50 73 43 83 79 15 2 24 20 
21 42 23 36 59 29 69 65 1 12 10 6 
10 53 34 47 70 40 80 76 12 1 21 17 
43 20 1 14 37 7 47 43 21 34 12 16 
5 68 49 62 85 55 95 91 27 14 36 32 
1 64 45 58 81 51 91 87 23 10 32 28 
49 14 5 8 31 1 41 37 27 40 18 22 
34 29 10 23 46 16 56 52 12 25 3 7 

45 88 50 50 52 60 93 84 60 78 83 3 
21 22 16 16 14 6 27 18 6 12 17 63 
47 90 52 52 54 62 95 86 62 80 85 5 
5 48 10 10 12 20 53 44 20 38 43 37 
32 75 37 37 39 47 80 71 47 65 70 10 
18 61 23 23 25 33 66 57 33 51 56 24 
29 72 34 34 36 44 77 68 44 62 67 13 
4 39 1 1 3 11 44 35 11 29 34 46 
44 87 49 49 51 59 92 83 59 77 82 2 
40 83 45 45 47 55 88 79 55 73 78 2 
10 33 5 5 3 5 38 29 5 23 28 52 
5 48 10 10 12 20 53 44 20 38 43 37 

31 44 65 14 2 31 18 4 23 19 56 56 
34 41 62 11 5 34 21 7 26 16 53 53 
43 32 53 2 14 43 30 16 35 7 44 44 
70 5 26 25 41 70 57 43 62 20 17 17 
87 12 9 42 58 87 74 60 79 37 0 0 
30 45 66 15 1 30 17 3 22 20 57 57 
98 23 2 53 69 98 85 71 90 48 11 11 
69 6 27 24 40 69 56 42 61 19 18 18 
5 70 91 40 24 5 8 22 3 45 82 82 
0 75 96 45 29 0 13 27 8 50 87 87 
89 14 7 44 60 89 76 62 81 39 2 2 
91 16 5 46 62 91 78 64 83 41 4 4 

27 62 8 46 10 12 4 15 52 39 13 14 
30 59 11 43 13 15 1 12 49 36 10 17 
39 50 20 34 22 24 8 3 40 27 1 26 
66 23 47 7 49 51 35 24 13 0 26 53 
83 6 64 10 66 68 52 41 4 17 43 70 
26 63 7 47 9 11 5 16 53 40 14 13 
94 5 75 21 77 79 63 52 15 28 54 81 
65 24 46 8 48 50 34 23 14 1 25 52 
1 88 18 72 16 14 30 41 78 65 39 12 
4 93 23 77 21 19 35 46 83 70 44 17 
85 4 66 12 68 70 54 43 6 19 45 72 
87 2 68 14 70 72 56 45 8 21 47 74 

23 4 3 13 25 30 14 17 31 2 33 29 
20 1 6 16 28 27 17 14 34 1 30 26 
11 8 15 25 37 18 26 5 43 10 21 17 
16 35 42 52 64 9 53 22 70 37 6 10 
33 52 59 69 81 26 70 39 87 54 23 27 
24 5 2 12 24 31 13 18 30 3 34 30 
44 63 70 80 92 37 81 50 98 65 34 38 
15 34 41 51 63 8 52 21 69 36 5 9 
49 30 23 13 1 56 12 43 5 28 59 55 
54 35 28 18 6 61 17 48 0 33 64 60 
35 54 61 71 83 28 72 41 89 56 25 29 
37 56 63 73 85 30 74 43 91 58 27 31 

17 22 39 11 6 66 28 14 13 48 27 29 
20 25 36 14 3 63 31 11 10 45 24 32 
29 34 27 23 6 54 40 2 1 36 15 41 
56 61 0 50 33 27 67 25 26 9 12 68 
73 78 17 67 50 10 84 42 43 8 29 85 
16 21 40 10 7 67 27 15 14 49 28 28 
84 89 28 78 61 1 95 53 54 19 40 96 
55 60 1 49 32 28 66 24 25 10 11 67 
9 4 65 15 32 92 2 40 39 74 53 3 
14 9 70 20 37 97 3 45 44 79 58 2 
75 80 19 69 52 8 86 44 45 10 31 87 
77 82 21 71 54 6 88 46 47 12 33 89 

1 8 1 65 64 22 10 12 9 67 49 34 
2 5 4 62 61 19 7 9 6 64 46 31 
11 4 13 53 52 10 2 0 3 55 37 22 
38 31 40 26 25 17 29 27 30 28 10 5 
55 48 57 9 8 34 46 44 47 11 7 22 
2 9 0 66 65 23 11 13 10 68 50 35 
66 59 68 2 3 45 57 55 58 0 18 33 
37 30 39 27 26 16 28 26 29 29 11 4 
27 34 25 91 90 48 36 38 35 93 75 60 
32 39 30 96 95 53 41 43 40 98 80 65 
57 50 59 7 6 36 48 46 49 9 9 24 
59 52 61 5 4 38 50 48 51 7 11 26 

37 15 62 5 61 25 29 29 9 34 25 13 
34 12 59 2 58 28 26 32 6 31 28 10 
25 3 50 7 49 37 17 41 3 22 37 1 
2 24 23 34 22 64 10 68 30 5 64 26 
19 41 6 51 5 81 27 85 47 22 81 43 
38 16 63 6 62 24 30 28 10 35 24 14 
30 52 5 62 6 92 38 96 58 33 92 54 
1 23 24 33 23 63 9 67 29 4 63 25 
63 41 88 31 87 1 55 3 35 60 1 39 
68 46 93 36 92 6 60 2 40 65 6 44 
21 43 4 53 3 83 29 87 49 24 83 45 
23 45 2 55 1 85 31 89 51 26 85 47 

59 4 15 2 21 9 31 27 37 50 28 32 
56 7 12 1 24 6 34 30 34 47 25 29 
47 16 3 10 33 3 43 39 25 38 16 20 
20 43 24 37 60 30 70 66 2 11 11 7 
3 60 41 54 77 47 87 83 19 6 28 24 
60 3 16 3 20 10 30 26 38 51 29 33 
8 71 52 65 88 58 98 94 30 17 39 35 
21 42 23 36 59 29 69 65 1 12 10 6 
85 22 41 28 5 35 5 1 63 76 54 58 
90 27 46 33 10 40 0 4 68 81 59 63 
1 62 43 56 79 49 89 85 21 8 30 26 
1 64 45 58 81 51 91 87 23 10 32 28 

20 23 15 15 13 5 28 19 5 13 18 62 
17 26 12 12 10 2 31 22 2 16 21 59 
8 35 3 3 1 7 40 31 7 25 30 50 
19 62 24 24 26 34 67 58 34 52 57 23 
36 79 41 41 43 51 84 75 51 69 74 6 
21 22 16 16 14 6 27 18 6 12 17 63 
47 90 52 52 54 62 95 86 62 80 85 5 
18 61 23 23 25 33 66 57 33 51 56 24 
46 3 41 41 39 31 2 7 31 13 8 88 
51 8 46 46 44 36 3 12 36 18 13 93 
38 81 43 43 45 53 86 77 53 71 76 4 
40 83 45 45 47 55 88 79 55 73 78 2 

4 93 23 77 21 19 35 46 83 70 44 17 
71 18 52 2 54 56 40 29 8 5 31 58 
92 3 73 19 75 77 61 50 13 26 52 79 
41 48 22 32 24 26 10 1 38 25 1 28 
25 64 6 48 8 10 6 17 54 41 15 12 
4 93 23 77 21 19 35 46 83 70 44 17 
9 80 10 64 8 6 22 33 70 57 31 4 
23 66 4 50 6 8 8 19 56 43 17 10 
4 85 15 69 13 11 27 38 75 62 36 9 
46 43 27 27 29 31 15 4 33 20 6 33 
83 6 64 10 66 68 52 41 4 17 43 70 
83 6 64 10 66 68 52 41 4 17 43 70 

54 35 28 18 6 61 17 48 0 33 64 60 
21 40 47 57 69 14 58 27 75 42 11 15 
42 61 68 78 90 35 79 48 96 63 32 36 
9 10 17 27 39 16 28 3 45 12 19 15 
25 6 1 11 23 32 12 19 29 4 35 31 
54 35 28 18 6 61 17 48 0 33 64 60 
41 22 15 5 7 48 4 35 13 20 51 47 
27 8 1 9 21 34 10 21 27 6 37 33 
46 27 20 10 2 53 9 40 8 25 56 52 
4 15 22 32 44 11 33 2 50 17 14 10 
33 52 59 69 81 26 70 39 87 54 23 27 
33 52 59 69 81 26 70 39 87 54 23 27 

14 9 70 20 37 97 3 45 44 79 58 2 
61 66 5 55 38 22 72 30 31 4 17 73 
82 87 26 76 59 1 93 51 52 17 38 94 
31 36 25 25 8 52 42 0 1 34 13 43 
15 20 41 9 8 68 26 16 15 50 29 27 
14 9 70 20 37 97 3 45 44 79 58 2 
1 4 57 7 24 84 10 32 31 66 45 11 
13 18 43 7 10 70 24 18 17 52 31 25 
6 1 62 12 29 89 5 37 36 71 50 6 
36 41 20 30 13 47 47 5 6 29 8 48 
73 78 17 67 50 10 84 42 43 8 29 85 
73 78 17 67 50 10 84 42 43 8 29 85 

32 39 30 96 95 53 41 43 40 98 80 65 
43 36 45 21 20 22 34 32 35 23 5 10 
64 57 66 0 1 43 55 53 56 2 16 31 
13 6 15 51 50 8 4 2 5 53 35 20 
3 10 1 67 66 24 12 14 11 69 51 36 
32 39 30 96 95 53 41 43 40 98 80 65 
19 26 17 83 82 40 28 30 27 85 67 52 
5 12 3 69 68 26 14 16 13 71 53 38 
24 31 22 88 87 45 33 35 32 90 72 57 
18 11 20 46 45 3 9 7 10 48 30 15 
55 48 57 9 8 34 46 44 47 11 7 22 
55 48 57 9 8 34 46 44 47 11 7 22 

68 46 93 36 92 6 60 2 40 65 6 44 
7 29 18 39 17 69 15 73 35 10 69 31 
28 50 3 60 4 90 36 94 56 31 90 52 
23 1 48 9 47 39 15 43 5 20 39 1 
39 17 64 7 63 23 31 27 11 36 23 15 
68 46 93 36 92 6 60 2 40 65 6 44 
55 33 80 23 79 7 47 11 27 52 7 31 
41 19 66 9 65 21 33 25 13 38 21 17 
60 38 85 28 84 2 52 6 32 57 2 36 
18 4 43 14 42 44 10 48 10 15 44 6 
19 41 6 51 5 81 27 85 47 22 81 43 
19 41 6 51 5 81 27 85 47 22 81 43 

90 27 46 33 10 40 0 4 68 81 59 63 
15 48 29 42 65 35 75 71 7 6 16 12 
6 69 50 63 86 56 96 92 28 15 37 33 
45 18 1 12 35 5 45 41 23 36 14 18 
61 2 17 4 19 11 29 25 39 52 30 34 
90 27 46 33 10 40 0 4 68 81 59 63 
77 14 33 20 3 27 13 9 55 68 46 50 
63 0 19 6 17 13 27 23 41 54 32 36 
82 19 38 25 2 32 8 4 60 73 51 55 
40 23 4 17 40 10 50 46 18 31 9 13 
3 60 41 54 77 47 87 83 19 6 28 24 
3 60 41 54 77 47 87 83 19 6 28 24 

51 8 46 46 44 36 3 12 36 18 13 93 
24 67 29 29 31 39 72 63 39 57 62 18 
45 88 50 50 52 60 93 84 60 78 83 3 
6 37 1 1 1 9 42 33 9 27 32 48 
22 21 17 17 15 7 26 17 7 11 16 64 
51 8 46 46 44 36 3 12 36 18 13 93 
38 5 33 33 31 23 10 1 23 5 0 80 
24 19 19 19 17 9 24 15 9 9 14 66 
43 0 38 38 36 28 5 4 28 10 5 85 
1 42 4 4 6 14 47 38 14 32 37 43 
36 79 41 41 43 51 84 75 51 69 74 6 
36 79 41 41 43 51 84 75 51 69 74 6 

50 31 24 14 2 57 13 44 4 29 60 56 
39 58 65 75 87 32 76 45 93 60 29 33 
31 12 5 5 17 38 6 25 23 10 41 37 
23 42 49 59 71 16 60 29 77 44 13 17 
33 14 7 3 15 40 4 27 21 12 43 39 
35 16 9 1 13 42 2 29 19 14 45 41 
19 0 7 17 29 26 18 13 35 2 29 25 
8 11 18 28 40 15 29 2 46 13 18 14 
29 48 55 65 77 22 66 35 83 50 19 23 
16 35 42 52 64 9 53 22 70 37 6 10 
10 9 16 26 38 17 27 4 44 11 20 16 
37 18 11 1 11 44 0 31 17 16 47 43 

10 5 66 16 33 93 1 41 40 75 54 2 
79 84 23 73 56 4 90 48 49 14 35 91 
9 14 47 3 14 74 20 22 21 56 35 21 
63 68 7 57 40 20 74 32 33 2 19 75 
7 12 49 1 16 76 18 24 23 58 37 19 
5 10 51 1 18 78 16 26 25 60 39 17 
21 26 35 15 2 62 32 10 9 44 23 33 
32 37 24 26 9 51 43 1 2 33 12 44 
69 74 13 63 46 14 80 38 39 4 25 81 
56 61 0 50 33 27 67 25 26 9 12 68 
30 35 26 24 7 53 41 1 0 35 14 42 
3 8 53 3 20 80 14 28 27 62 41 15 

28 35 26 92 91 49 37 39 36 94 76 61 
61 54 63 3 2 40 52 50 53 5 13 28 
9 16 7 73 72 30 18 20 17 75 57 42 
45 38 47 19 18 24 36 34 37 21 3 12 
11 18 9 75 74 32 20 22 19 77 59 44 
13 20 11 77 76 34 22 24 21 79 61 46 
3 4 5 61 60 18 6 8 5 63 45 30 
14 7 16 50 49 7 5 3 6 52 34 19 
51 44 53 13 12 30 42 40 43 15 3 18 
38 31 40 26 25 17 29 27 30 28 10 5 
12 5 14 52 51 9 3 1 4 54 36 21 
15 22 13 79 78 36 24 26 23 81 63 48 

64 42 89 32 88 2 56 2 36 61 2 40 
25 47 0 57 1 87 33 91 53 28 87 49 
45 23 70 13 69 17 37 21 17 42 17 21 
9 31 16 41 15 71 17 75 37 12 71 33 
47 25 72 15 71 15 39 19 19 44 15 23 
49 27 74 17 73 13 41 17 21 46 13 25 
33 11 58 1 57 29 25 33 5 30 29 9 
22 0 47 10 46 40 14 44 6 19 40 2 
15 37 10 47 9 77 23 81 43 18 77 39 
2 24 23 34 22 64 10 68 30 5 64 26 
24 2 49 8 48 38 16 42 4 21 38 0 
51 29 76 19 75 11 43 15 23 48 11 27 

86 23 42 29 6 36 4 0 64 77 55 59 
3 66 47 60 83 53 93 89 25 12 34 30 
67 4 23 10 13 17 23 19 45 58 36 40 
13 50 31 44 67 37 77 73 9 4 18 14 
69 6 25 12 11 19 21 17 47 60 38 42 
71 8 27 14 9 21 19 15 49 62 40 44 
55 8 11 2 25 5 35 31 33 46 24 28 
44 19 0 13 36 6 46 42 22 35 13 17 
7 56 37 50 73 43 83 79 15 2 24 20 
20 43 24 37 60 30 70 66 2 11 11 7 
46 17 2 11 34 4 44 40 24 37 15 19 
73 10 29 16 7 23 17 13 51 64 42 46 

47 4 42 42 40 32 1 8 32 14 9 89 
42 85 47 47 49 57 90 81 57 75 80 0 
28 15 23 23 21 13 20 11 13 5 10 70 
26 69 31 31 33 41 74 65 41 59 64 16 
30 13 25 25 23 15 18 9 15 3 8 72 
32 11 27 27 25 17 16 7 17 1 6 74 
16 27 11 11 9 1 32 23 1 17 22 58 
5 38 0 0 2 10 43 34 10 28 33 47 
32 75 37 37 39 47 80 71 47 65 70 10 
19 62 24 24 26 34 67 58 34 52 57 23 
7 36 2 2 0 8 41 32 8 26 31 49 
34 9 29 29 27 19 14 5 19 1 4 76 

40 45 16 34 17 43 51 9 10 25 4 52 
21 26 35 15 2 62 32 10 9 44 23 33 
14 19 42 8 9 69 25 17 16 51 30 26 
4 9 52 2 19 79 15 27 26 61 40 16 
8 3 64 14 31 91 3 39 38 73 52 4 
47 52 9 41 24 36 58 16 17 18 3 59 
3 8 53 3 20 80 14 28 27 62 41 15 
34 39 22 28 11 49 45 3 4 31 10 46 
14 9 70 20 37 97 3 45 44 79 58 2 
19 24 37 13 4 64 30 12 11 46 25 31 
50 55 6 44 27 33 61 19 20 15 6 62 
46 51 10 40 23 37 57 15 16 19 2 58 

22 15 24 42 41 1 13 11 14 44 26 11 
3 4 5 61 60 18 6 8 5 63 45 30 
4 11 2 68 67 25 13 15 12 70 52 37 
14 21 12 78 77 35 23 25 22 80 62 47 
26 33 24 90 89 47 35 37 34 92 74 59 
29 22 31 35 34 8 20 18 21 37 19 4 
15 22 13 79 78 36 24 26 23 81 63 48 
16 9 18 48 47 5 7 5 8 50 32 17 
32 39 30 96 95 53 41 43 40 98 80 65 
1 6 3 63 62 20 8 10 7 65 47 32 
32 25 34 32 31 11 23 21 24 34 16 1 
28 21 30 36 35 7 19 17 20 38 20 5 

14 8 39 18 38 48 6 52 14 11 48 10 
33 11 58 1 57 29 25 33 5 30 29 9 
40 18 65 8 64 22 32 26 12 37 22 16 
50 28 75 18 74 12 42 16 22 47 12 26 
62 40 87 30 86 0 54 4 34 59 0 38 
7 15 32 25 31 55 1 59 21 4 55 17 
51 29 76 19 75 11 43 15 23 48 11 27 
20 2 45 12 44 42 12 46 8 17 42 4 
68 46 93 36 92 6 60 2 40 65 6 44 
35 13 60 3 59 27 27 31 7 32 27 11 
4 18 29 28 28 58 4 62 24 1 58 20 
8 14 33 24 32 54 0 58 20 5 54 16 

36 27 8 21 44 14 54 50 14 27 5 9 
55 8 11 2 25 5 35 31 33 46 24 28 
62 1 18 5 18 12 28 24 40 53 31 35 
72 9 28 15 8 22 18 14 50 63 41 45 
84 21 40 27 4 34 6 2 62 75 53 57 
29 34 15 28 51 21 61 57 7 20 2 2 
73 10 29 16 7 23 17 13 51 64 42 46 
42 21 2 15 38 8 48 44 20 33 11 15 
90 27 46 33 10 40 0 4 68 81 59 63 
57 6 13 0 23 7 33 29 35 48 26 30 
26 37 18 31 54 24 64 60 4 17 5 1 
30 33 14 27 50 20 60 56 8 21 1 3 

3 46 8 8 10 18 51 42 18 36 41 39 
16 27 11 11 9 1 32 23 1 17 22 58 
23 20 18 18 16 8 25 16 8 10 15 65 
33 10 28 28 26 18 15 6 18 0 5 75 
45 2 40 40 38 30 3 6 30 12 7 87 
10 53 15 15 17 25 58 49 25 43 48 32 
34 9 29 29 27 19 14 5 19 1 4 76 
3 40 2 2 4 12 45 36 12 30 35 45 
51 8 46 46 44 36 3 12 36 18 13 93 
18 25 13 13 11 3 30 21 3 15 20 60 
13 56 18 18 20 28 61 52 28 46 51 29 
9 52 14 14 16 24 57 48 24 42 47 33 

18 25 16 82 81 39 27 29 26 84 66 51 
23 30 21 87 86 44 32 34 31 89 71 56 
38 31 40 26 25 17 29 27 30 28 10 5 
12 19 10 76 75 33 21 23 20 78 60 45 
5 2 7 59 58 16 4 6 3 61 43 28 
65 58 67 1 2 44 56 54 57 1 17 32 
29 36 27 93 92 50 38 40 37 95 77 62 
13 6 15 51 50 8 4 2 5 53 35 20 
12 5 14 52 51 9 3 1 4 54 36 21 
47 40 49 17 16 26 38 36 39 19 1 14 
26 19 28 38 37 5 17 15 18 40 22 7 
30 37 28 94 93 51 39 41 38 96 78 63 

54 32 79 22 78 8 46 12 26 51 8 30 
59 37 84 27 83 3 51 7 31 56 3 35 
2 24 23 34 22 64 10 68 30 5 64 26 
48 26 73 16 72 14 40 18 20 45 14 24 
31 9 56 1 55 31 23 35 3 28 31 7 
29 51 4 61 5 91 37 95 57 32 91 53 
65 43 90 33 89 3 57 1 37 62 3 41 
23 1 48 9 47 39 15 43 5 20 39 1 
24 2 49 8 48 38 16 42 4 21 38 0 
11 33 14 43 13 73 19 77 39 14 73 35 
10 12 35 22 34 52 2 56 18 7 52 14 
66 44 91 34 90 4 58 0 38 63 4 42 

76 13 32 19 4 26 14 10 54 67 45 49 
81 18 37 24 1 31 9 5 59 72 50 54 
20 43 24 37 60 30 70 66 2 11 11 7 
70 7 26 13 10 20 20 16 48 61 39 43 
53 10 9 4 27 3 37 33 31 44 22 26 
7 70 51 64 87 57 97 93 29 16 38 34 
87 24 43 30 7 37 3 1 65 78 56 60 
45 18 1 12 35 5 45 41 23 36 14 18 
46 17 2 11 34 4 44 40 24 37 15 19 
11 52 33 46 69 39 79 75 11 2 20 16 
32 31 12 25 48 18 58 54 10 23 1 5 
88 25 44 31 8 38 2 2 66 79 57 61 

37 6 32 32 30 22 11 2 22 4 1 79 
42 1 37 37 35 27 6 3 27 9 4 84 
19 62 24 24 26 34 67 58 34 52 57 23 
31 12 26 26 24 16 17 8 16 2 7 73 
14 29 9 9 7 1 34 25 1 19 24 56 
46 89 51 51 53 61 94 85 61 79 84 4 
48 5 43 43 41 33 0 9 33 15 10 90 
6 37 1 1 1 9 42 33 9 27 32 48 
7 36 2 2 0 8 41 32 8 26 31 49 
28 71 33 33 35 43 76 67 43 61 66 14 
7 50 12 12 14 22 55 46 22 40 45 35 
49 6 44 44 42 34 1 10 34 16 11 91 

36 14 61 4 60 26 28 30 8 33 26 12 
29 7 54 3 53 33 21 37 1 26 33 5 
38 16 63 6 62 24 30 28 10 35 24 14 
28 50 3 60 4 90 36 94 56 31 90 52 
27 49 2 59 3 89 35 93 55 30 89 51 
15 7 40 17 39 47 7 51 13 12 47 9 
27 5 52 5 51 35 19 39 1 24 35 3 
25 3 50 7 49 37 17 41 3 22 37 1 
28 6 53 4 52 34 20 38 0 25 34 4 
30 52 5 62 6 92 38 96 58 33 92 54 
12 34 13 44 12 74 20 78 40 15 74 36 
3 19 28 29 27 59 5 63 25 0 59 21 

58 5 14 1 22 8 32 28 36 49 27 31 
51 12 7 6 29 1 39 35 29 42 20 24 
60 3 16 3 20 10 30 26 38 51 29 33 
6 69 50 63 86 56 96 92 28 15 37 33 
5 68 49 62 85 55 95 91 27 14 36 32 
37 26 7 20 43 13 53 49 15 28 6 10 
49 14 5 8 31 1 41 37 27 40 18 22 
47 16 3 10 33 3 43 39 25 38 16 20 
50 13 6 7 30 0 40 36 28 41 19 23 
8 71 52 65 88 58 98 94 30 17 39 35 
10 53 34 47 70 40 80 76 12 1 21 17 
25 38 19 32 55 25 65 61 3 16 6 2 

19 24 14 14 12 4 29 20 4 14 19 61 
12 31 7 7 5 3 36 27 3 21 26 54 
21 22 16 16 14 6 27 18 6 12 17 63 
45 88 50 50 52 60 93 84 60 78 83 3 
44 87 49 49 51 59 92 83 59 77 82 2 
2 45 7 7 9 17 50 41 17 35 40 40 
10 33 5 5 3 5 38 29 5 23 28 52 
8 35 3 3 1 7 40 31 7 25 30 50 
11 32 6 6 4 4 37 28 4 22 27 53 
47 90 52 52 54 62 95 86 62 80 85 5 
29 72 34 34 36 44 77 68 44 62 67 13 
14 57 19 19 21 29 62 53 29 47 52 28 

22 41 22 35 58 28 68 64 0 13 9 5 
44 19 0 13 36 6 46 42 22 35 13 17 
3 66 47 60 83 53 93 89 25 12 34 30 
54 9 10 3 26 4 36 32 32 45 23 27 
2 65 46 59 82 52 92 88 24 11 33 29 
84 21 40 27 4 34 6 2 62 75 53 57 
30 33 14 27 50 20 60 56 8 21 1 3 
88 25 44 31 8 38 2 2 66 79 57 61 
50 13 6 7 30 0 40 36 28 41 19 23 
25 38 19 32 55 25 65 61 3 16 6 2 
84 21 40 27 4 34 6 2 62 75 53 57 
46 17 2 11 34 4 44 40 24 37 15 19 

17 60 22 22 24 32 65 56 32 50 55 25 
5 38 0 0 2 10 43 34 10 28 33 47 
42 85 47 47 49 57 90 81 57 75 80 0 
15 28 10 10 8 0 33 24 0 18 23 57 
41 84 46 46 48 56 89 80 56 74 79 1 
45 2 40 40 38 30 3 6 30 12 7 87 
9 52 14 14 16 24 57 48 24 42 47 33 
49 6 44 44 42 34 1 10 34 16 11 91 
11 32 6 6 4 4 37 28 4 22 27 53 
14 57 19 19 21 29 62 53 29 47 52 28 
45 2 40 40 38 30 3 6 30 12 7 87 
7 36 2 2 0 8 41 32 8 26 31 49 

39 82 44 44 46 54 87 78 54 72 77 3 
24 19 19 19 17 9 24 15 9 9 14 66 
5 38 0 0 2 10 43 34 10 28 33 47 
18 25 13 13 11 3 30 21 3 15 20 60 
41 2 36 36 34 26 7 2 26 8 3 83 
11 32 6 6 4 4 37 28 4 22 27 53 
51 8 46 46 44 36 3 12 36 18 13 93 
47 4 42 42 40 32 1 8 32 14 9 89 
17 60 22 22 24 32 65 56 32 50 55 25 
30 73 35 35 37 45 78 69 45 63 68 12 
8 51 13 13 15 23 56 47 23 41 46 34 
12 55 17 17 19 27 60 51 27 45 50 30 

