12 16 

23 35 41 15 39 36 13 16 46 49 52 11 
51 63 69 13 67 64 15 12 18 21 24 39 
17 5 1 55 1 4 53 56 86 89 92 29 
17 5 1 55 1 4 53 56 86 89 92 29 
7 5 11 45 9 6 43 46 76 79 82 19 
18 6 0 56 2 5 54 57 87 90 93 30 
67 79 85 29 83 80 31 28 2 5 8 55 
29 41 47 9 45 42 7 10 40 43 46 17 
21 33 39 17 37 34 15 18 48 51 54 9 
8 4 10 46 8 5 44 47 77 80 83 20 
40 52 58 2 56 53 4 1 29 32 35 28 
12 0 6 50 4 1 48 51 81 84 87 24 

26 1 16 25 45 21 55 16 41 36 5 17 
2 29 12 3 17 49 27 12 69 64 33 11 
66 39 56 65 85 19 95 56 1 4 35 57 
66 39 56 65 85 19 95 56 1 4 35 57 
56 29 46 55 75 9 85 46 11 6 25 47 
67 40 57 66 86 20 96 57 0 5 36 58 
18 45 28 19 1 65 11 28 85 80 49 27 
20 7 10 19 39 27 49 10 47 42 11 11 
28 1 18 27 47 19 57 18 39 34 3 19 
57 30 47 56 76 10 86 47 10 5 26 48 
9 18 1 8 28 38 38 1 58 53 22 0 
61 34 51 60 80 14 90 51 6 1 30 52 

42 35 28 13 43 8 3 53 26 6 13 15 
70 63 56 41 15 36 31 25 2 22 41 43 
2 5 12 27 83 32 37 93 66 46 27 25 
2 5 12 27 83 32 37 93 66 46 27 25 
12 5 2 17 73 22 27 83 56 36 17 15 
1 6 13 28 84 33 38 94 67 47 28 26 
86 79 72 57 1 52 47 9 18 38 57 59 
48 41 34 19 37 14 9 47 20 0 19 21 
40 33 26 11 45 6 1 55 28 8 11 13 
11 4 3 18 74 23 28 84 57 37 18 16 
59 52 45 30 26 25 20 36 9 11 30 32 
7 0 7 22 78 27 32 88 61 41 22 20 

48 51 47 27 21 4 9 52 56 19 41 40 
20 23 19 1 49 24 19 24 28 9 13 68 
88 91 87 67 19 44 49 92 96 59 81 0 
88 91 87 67 19 44 49 92 96 59 81 0 
78 81 77 57 9 34 39 82 86 49 71 10 
89 92 88 68 20 45 50 93 97 60 82 1 
4 7 3 17 65 40 35 8 12 25 3 84 
42 45 41 21 27 2 3 46 50 13 35 46 
50 53 49 29 19 6 11 54 58 21 43 38 
79 82 78 58 10 35 40 83 87 50 72 9 
31 34 30 10 38 13 8 35 39 2 24 57 
83 86 82 62 14 39 44 87 91 54 76 5 

35 25 2 8 34 3 40 31 33 40 13 35 
63 53 26 36 62 31 12 59 61 12 15 63 
5 15 42 32 6 37 80 9 7 80 53 5 
5 15 42 32 6 37 80 9 7 80 53 5 
5 5 32 22 4 27 70 1 3 70 43 5 
6 16 43 33 7 38 81 10 8 81 54 6 
79 69 42 52 78 47 4 75 77 4 31 79 
41 31 4 14 40 9 34 37 39 34 7 41 
33 23 4 6 32 1 42 29 31 42 15 33 
4 6 33 23 3 28 71 0 2 71 44 4 
52 42 15 25 51 20 23 48 50 23 4 52 
0 10 37 27 1 32 75 4 2 75 48 0 

9 18 38 47 19 3 37 32 48 53 5 46 
37 46 10 19 9 25 9 60 20 25 33 18 
31 22 78 87 59 43 77 8 88 93 35 86 
31 22 78 87 59 43 77 8 88 93 35 86 
21 12 68 77 49 33 67 2 78 83 25 76 
32 23 79 88 60 44 78 9 89 94 36 87 
53 62 6 3 25 41 7 76 4 9 49 2 
15 24 32 41 13 3 31 38 42 47 11 40 
7 16 40 49 21 5 39 30 50 55 3 48 
22 13 69 78 50 34 68 1 79 84 26 77 
26 35 21 30 2 14 20 49 31 36 22 29 
26 17 73 82 54 38 72 3 83 88 30 81 

41 14 42 36 5 9 56 39 2 37 35 39 
69 42 14 8 23 19 28 67 26 9 63 67 
1 26 82 76 45 49 96 1 42 77 5 1 
1 26 82 76 45 49 96 1 42 77 5 1 
11 16 72 66 35 39 86 9 32 67 5 9 
0 27 83 77 46 50 97 2 43 78 6 2 
85 58 2 8 39 35 12 83 42 7 79 83 
47 20 36 30 1 3 50 45 4 31 41 45 
39 12 44 38 7 11 58 37 4 39 33 37 
10 17 73 67 36 40 87 8 33 68 4 8 
58 31 25 19 12 8 39 56 15 20 52 56 
6 21 77 71 40 44 91 4 37 72 0 4 

48 18 8 26 26 7 43 10 33 14 4 51 
20 46 36 2 2 35 71 38 5 42 24 23 
88 22 32 66 66 33 3 30 73 26 44 91 
88 22 32 66 66 33 3 30 73 26 44 91 
78 12 22 56 56 23 13 20 63 16 34 81 
89 23 33 67 67 34 2 31 74 27 45 92 
4 62 52 18 18 51 87 54 11 58 40 7 
42 24 14 20 20 13 49 16 27 20 2 45 
50 16 6 28 28 5 41 8 35 12 6 53 
79 13 23 57 57 24 12 21 64 17 35 82 
31 35 25 9 9 24 60 27 16 31 13 34 
83 17 27 61 61 28 8 25 68 21 39 86 

22 17 53 11 27 5 5 12 12 28 46 0 
6 45 25 17 1 33 23 16 40 56 18 28 
62 23 93 51 67 35 45 52 28 12 86 40 
62 23 93 51 67 35 45 52 28 12 86 40 
52 13 83 41 57 25 35 42 18 2 76 30 
63 24 94 52 68 36 46 53 29 13 87 41 
22 61 9 33 17 49 39 32 56 72 2 44 
16 23 47 5 21 11 1 6 18 34 40 6 
24 15 55 13 29 3 7 14 10 26 48 2 
53 14 84 42 58 26 36 43 19 3 77 31 
5 34 36 6 10 22 12 5 29 45 29 17 
57 18 88 46 62 30 40 47 23 7 81 35 

13 24 25 35 23 47 37 54 37 53 22 9 
15 4 53 63 51 19 65 26 9 25 50 19 
53 64 15 5 17 87 3 94 77 93 18 49 
53 64 15 5 17 87 3 94 77 93 18 49 
43 54 5 5 7 77 7 84 67 83 8 39 
54 65 16 6 18 88 4 95 78 94 19 50 
31 20 69 79 67 3 81 10 7 9 66 35 
7 18 31 41 29 41 43 48 31 47 28 3 
15 26 23 33 21 49 35 56 39 55 20 11 
44 55 6 4 8 78 6 85 68 84 9 40 
4 7 42 52 40 30 54 37 20 36 39 8 
48 59 10 0 12 82 2 89 72 88 13 44 

34 43 2 19 9 45 40 18 13 25 50 30 
62 15 26 9 19 17 12 10 15 53 22 58 
6 83 42 59 49 85 80 58 53 15 90 10 
6 83 42 59 49 85 80 58 53 15 90 10 
4 73 32 49 39 75 70 48 43 5 80 0 
7 84 43 60 50 86 81 59 54 16 91 11 
78 1 42 25 35 1 4 26 31 69 6 74 
40 37 4 13 3 39 34 12 7 31 44 36 
32 45 4 21 11 47 42 20 15 23 52 28 
3 74 33 50 40 76 71 49 44 6 81 1 
51 26 15 2 8 28 23 1 4 42 33 47 
1 78 37 54 44 80 75 53 48 10 85 5 

5 10 11 19 28 54 11 16 36 26 36 28 
33 38 39 9 56 26 39 44 8 54 64 0 
35 30 29 59 12 94 29 24 76 14 4 68 
35 30 29 59 12 94 29 24 76 14 4 68 
25 20 19 49 2 84 19 14 66 4 6 58 
36 31 30 60 13 95 30 25 77 15 5 69 
49 54 55 25 72 10 55 60 8 70 80 16 
11 16 17 13 34 48 17 22 30 32 42 22 
3 8 9 21 26 56 9 14 38 24 34 30 
26 21 20 50 3 85 20 15 67 5 5 59 
22 27 28 2 45 37 28 33 19 43 53 11 
30 25 24 54 7 89 24 19 71 9 1 63 

24 19 8 48 28 49 12 6 47 16 7 22 
4 9 20 20 56 21 40 22 19 44 21 50 
64 59 48 88 12 89 28 46 87 24 47 18 
64 59 48 88 12 89 28 46 87 24 47 18 
54 49 38 78 2 79 18 36 77 14 37 8 
65 60 49 89 13 90 29 47 88 25 48 19 
20 25 36 4 72 5 56 38 3 60 37 66 
18 13 2 42 34 43 18 0 41 22 1 28 
26 21 10 50 26 51 10 8 49 14 9 20 
55 50 39 79 3 80 19 37 78 15 38 9 
7 2 9 31 45 32 29 11 30 33 10 39 
59 54 43 83 7 84 23 41 82 19 42 13 

4 1 16 53 36 9 0 30 43 6 35 8 
24 27 44 25 64 19 28 58 71 34 7 36 
44 41 24 93 4 49 40 10 3 34 75 32 
44 41 24 93 4 49 40 10 3 34 75 32 
34 31 14 83 6 39 30 0 13 24 65 22 
45 42 25 94 5 50 41 11 2 35 76 33 
40 43 60 9 80 35 44 74 87 50 9 52 
2 5 22 47 42 3 6 36 49 12 29 14 
6 3 14 55 34 11 2 28 41 4 37 6 
35 32 15 84 5 40 31 1 12 25 66 23 
13 16 33 36 53 8 17 47 60 23 18 25 
39 36 19 88 1 44 35 5 8 29 70 27 

5 15 50 8 37 2 6 30 42 11 9 27 
23 13 22 36 65 26 22 58 14 39 37 55 
45 55 90 32 3 42 46 10 82 29 31 13 
45 55 90 32 3 42 46 10 82 29 31 13 
35 45 80 22 7 32 36 0 72 19 21 3 
46 56 91 33 4 43 47 11 83 30 32 14 
39 29 6 52 81 42 38 74 2 55 53 71 
1 9 44 14 43 4 0 36 36 17 15 33 
7 17 52 6 35 4 8 28 44 9 7 25 
36 46 81 23 6 33 37 1 73 20 22 4 
12 2 33 25 54 15 11 47 25 28 26 44 
40 50 85 27 2 37 41 5 77 24 26 8 

49 22 39 48 68 2 78 39 18 13 18 40 
61 34 51 60 80 14 90 51 6 1 30 52 
67 40 57 66 86 20 96 57 0 5 36 58 
11 16 1 10 30 36 40 1 56 51 20 2 
65 38 55 64 84 18 94 55 2 3 34 56 
62 35 52 61 81 15 91 52 5 0 31 53 
13 14 3 12 32 34 42 3 54 49 18 4 
10 17 0 9 29 37 39 0 57 52 21 1 
20 47 30 21 1 67 9 30 87 82 51 29 
23 50 33 24 4 70 6 33 90 85 54 32 
26 53 36 27 7 73 3 36 93 88 57 35 
37 10 27 36 56 10 66 27 30 25 6 28 

19 12 5 10 66 15 20 76 49 29 10 8 
7 0 7 22 78 27 32 88 61 41 22 20 
1 6 13 28 84 33 38 94 67 47 28 26 
57 50 43 28 28 23 18 38 11 9 28 30 
3 4 11 26 82 31 36 92 65 45 26 24 
6 1 8 23 79 28 33 89 62 42 23 21 
55 48 41 26 30 21 16 40 13 7 26 28 
58 51 44 29 27 24 19 37 10 10 29 31 
88 81 74 59 3 54 49 7 20 40 59 61 
91 84 77 62 6 57 52 4 23 43 62 64 
94 87 80 65 9 60 55 1 26 46 65 67 
31 24 17 2 54 3 8 64 37 17 2 4 

71 74 70 50 2 27 32 75 79 42 64 17 
83 86 82 62 14 39 44 87 91 54 76 5 
89 92 88 68 20 45 50 93 97 60 82 1 
33 36 32 12 36 11 6 37 41 4 26 55 
87 90 86 66 18 43 48 91 95 58 80 1 
84 87 83 63 15 40 45 88 92 55 77 4 
35 38 34 14 34 9 4 39 43 6 28 53 
32 35 31 11 37 12 7 36 40 3 25 56 
2 5 1 19 67 42 37 6 10 27 5 86 
1 2 2 22 70 45 40 3 7 30 8 89 
4 1 5 25 73 48 43 0 4 33 11 92 
59 62 58 38 10 15 20 63 67 30 52 29 

12 2 25 15 11 20 63 8 10 63 36 12 
0 10 37 27 1 32 75 4 2 75 48 0 
6 16 43 33 7 38 81 10 8 81 54 6 
50 40 13 23 49 18 25 46 48 25 2 50 
4 14 41 31 5 36 79 8 6 79 52 4 
1 11 38 28 2 33 76 5 3 76 49 1 
48 38 11 21 47 16 27 44 46 27 0 48 
51 41 14 24 50 19 24 47 49 24 3 51 
81 71 44 54 80 49 6 77 79 6 33 81 
84 74 47 57 83 52 9 80 82 9 36 84 
87 77 50 60 86 55 12 83 85 12 39 87 
24 14 13 3 23 8 51 20 22 51 24 24 

14 5 61 70 42 26 60 9 71 76 18 69 
26 17 73 82 54 38 72 3 83 88 30 81 
32 23 79 88 60 44 78 9 89 94 36 87 
24 33 23 32 4 12 22 47 33 38 20 31 
30 21 77 86 58 42 76 7 87 92 34 85 
27 18 74 83 55 39 73 4 84 89 31 82 
22 31 25 34 6 10 24 45 35 40 18 33 
25 34 22 31 3 13 21 48 32 37 21 30 
55 64 8 1 27 43 9 78 2 7 51 0 
58 67 11 2 30 46 12 81 1 4 54 3 
61 70 14 5 33 49 15 84 4 1 57 6 
2 7 49 58 30 14 48 21 59 64 6 57 

18 9 65 59 28 32 79 16 25 60 12 16 
6 21 77 71 40 44 91 4 37 72 0 4 
0 27 83 77 46 50 97 2 43 78 6 2 
56 29 27 21 10 6 41 54 13 22 50 54 
2 25 81 75 44 48 95 0 41 76 4 0 
5 22 78 72 41 45 92 3 38 73 1 3 
54 27 29 23 8 4 43 52 11 24 48 52 
57 30 26 20 11 7 40 55 14 21 51 55 
87 60 4 10 41 37 10 85 44 9 81 85 
90 63 7 13 44 40 7 88 47 12 84 88 
93 66 10 16 47 43 4 91 50 15 87 91 
30 3 53 47 16 20 67 28 13 48 24 28 

71 5 15 49 49 16 20 13 56 9 27 74 
83 17 27 61 61 28 8 25 68 21 39 86 
89 23 33 67 67 34 2 31 74 27 45 92 
33 33 23 11 11 22 58 25 18 29 11 36 
87 21 31 65 65 32 4 29 72 25 43 90 
84 18 28 62 62 29 7 26 69 22 40 87 
35 31 21 13 13 20 56 23 20 27 9 38 
32 34 24 10 10 23 59 26 17 30 12 35 
2 64 54 20 20 53 89 56 13 60 42 5 
1 67 57 23 23 56 92 59 16 63 45 2 
4 70 60 26 26 59 95 62 19 66 48 1 
59 7 3 37 37 4 32 1 44 3 15 62 

45 6 76 34 50 18 28 35 11 5 69 23 
57 18 88 46 62 30 40 47 23 7 81 35 
63 24 94 52 68 36 46 53 29 13 87 41 
7 32 38 4 12 20 10 3 27 43 31 15 
61 22 92 50 66 34 44 51 27 11 85 39 
58 19 89 47 63 31 41 48 24 8 82 36 
9 30 40 2 14 18 8 1 25 41 33 13 
6 33 37 5 11 21 11 4 28 44 30 16 
24 63 7 35 19 51 41 34 58 74 0 46 
27 66 4 38 22 54 44 37 61 77 3 49 
30 69 1 41 25 57 47 40 64 80 6 52 
33 6 64 22 38 6 16 23 1 17 57 11 

36 47 2 12 0 70 14 77 60 76 1 32 
48 59 10 0 12 82 2 89 72 88 13 44 
54 65 16 6 18 88 4 95 78 94 19 50 
2 9 40 50 38 32 52 39 22 38 37 6 
52 63 14 4 16 86 2 93 76 92 17 48 
49 60 11 1 13 83 1 90 73 89 14 45 
0 11 38 48 36 34 50 41 24 40 35 4 
3 8 41 51 39 31 53 38 21 37 38 7 
33 22 71 81 69 1 83 8 9 7 68 37 
36 25 74 84 72 2 86 5 12 4 71 40 
39 28 77 87 75 5 89 2 15 1 74 43 
24 35 14 24 12 58 26 65 48 64 11 20 

11 66 25 42 32 68 63 41 36 2 73 7 
1 78 37 54 44 80 75 53 48 10 85 5 
7 84 43 60 50 86 81 59 54 16 91 11 
49 28 13 4 6 30 25 3 2 40 35 45 
5 82 41 58 48 84 79 57 52 14 89 9 
2 79 38 55 45 81 76 54 49 11 86 6 
47 30 11 6 4 32 27 5 0 38 37 43 
50 27 14 3 7 29 24 2 3 41 34 46 
80 3 44 27 37 1 6 28 33 71 4 76 
83 6 47 30 40 4 9 31 36 74 1 79 
86 9 50 33 43 7 12 34 39 77 2 82 
23 54 13 30 20 56 51 29 24 14 61 19 

18 13 12 42 5 77 12 7 59 3 13 51 
30 25 24 54 7 89 24 19 71 9 1 63 
36 31 30 60 13 95 30 25 77 15 5 69 
20 25 26 4 43 39 26 31 21 41 51 13 
34 29 28 58 11 93 28 23 75 13 3 67 
31 26 25 55 8 90 25 20 72 10 0 64 
18 23 24 6 41 41 24 29 23 39 49 15 
21 26 27 3 44 38 27 32 20 42 52 12 
51 56 57 27 74 8 57 62 10 72 82 18 
54 59 60 30 77 5 60 65 13 75 85 21 
57 62 63 33 80 2 63 68 16 78 88 24 
6 1 0 30 17 65 0 5 47 15 25 39 

47 42 31 71 5 72 11 29 70 7 30 1 
59 54 43 83 7 84 23 41 82 19 42 13 
65 60 49 89 13 90 29 47 88 25 48 19 
9 4 7 33 43 34 27 9 32 31 8 37 
63 58 47 87 11 88 27 45 86 23 46 17 
60 55 44 84 8 85 24 42 83 20 43 14 
11 6 5 35 41 36 25 7 34 29 6 35 
8 3 8 32 44 33 28 10 31 32 9 38 
22 27 38 2 74 3 58 40 1 62 39 68 
25 30 41 1 77 0 61 43 2 65 42 71 
28 33 44 4 80 3 64 46 5 68 45 74 
35 30 19 59 17 60 1 17 58 5 18 11 

27 24 7 76 13 32 23 7 20 17 58 15 
39 36 19 88 1 44 35 5 8 29 70 27 
45 42 25 94 5 50 41 11 2 35 76 33 
11 14 31 38 51 6 15 45 58 21 20 23 
43 40 23 92 3 48 39 9 4 33 74 31 
40 37 20 89 0 45 36 6 7 30 71 28 
9 12 29 40 49 4 13 43 56 19 22 21 
12 15 32 37 52 7 16 46 59 22 19 24 
42 45 62 7 82 37 46 76 89 52 11 54 
45 48 65 4 85 40 49 79 92 55 14 57 
48 51 68 1 88 43 52 82 95 58 17 60 
15 12 5 64 25 20 11 19 32 5 46 3 

28 38 73 15 14 25 29 7 65 12 14 4 
40 50 85 27 2 37 41 5 77 24 26 8 
46 56 91 33 4 43 47 11 83 30 32 14 
10 0 35 23 52 13 9 45 27 26 24 42 
44 54 89 31 2 41 45 9 81 28 30 12 
41 51 86 28 1 38 42 6 78 25 27 9 
8 2 37 21 50 11 7 43 29 24 22 40 
11 1 34 24 53 14 10 46 26 27 25 43 
41 31 4 54 83 44 40 76 4 57 55 73 
44 34 1 57 86 47 43 79 7 60 58 76 
47 37 2 60 89 50 46 82 10 63 61 79 
16 26 61 3 26 13 17 19 53 0 2 16 

68 61 54 39 17 34 29 27 0 20 39 41 
41 34 27 12 44 7 2 54 27 7 12 14 
58 51 44 29 27 24 19 37 10 10 29 31 
67 60 53 38 18 33 28 28 1 19 38 40 
87 80 73 58 2 53 48 8 19 39 58 60 
21 14 7 8 64 13 18 74 47 27 8 6 
97 90 83 68 12 63 58 2 29 49 68 70 
58 51 44 29 27 24 19 37 10 10 29 31 
1 6 13 28 84 33 38 94 67 47 28 26 
6 1 8 23 79 28 33 89 62 42 23 21 
37 30 23 8 48 3 2 58 31 11 8 10 
59 52 45 30 26 25 20 36 9 11 30 32 

22 25 21 1 47 22 17 26 30 7 15 66 
49 52 48 28 20 5 10 53 57 20 42 39 
32 35 31 11 37 12 7 36 40 3 25 56 
23 26 22 2 46 21 16 27 31 6 16 65 
3 6 2 18 66 41 36 7 11 26 4 85 
69 72 68 48 0 25 30 73 77 40 62 19 
7 4 8 28 76 51 46 3 1 36 14 95 
32 35 31 11 37 12 7 36 40 3 25 56 
89 92 88 68 20 45 50 93 97 60 82 1 
84 87 83 63 15 40 45 88 92 55 77 4 
53 56 52 32 16 9 14 57 61 24 46 35 
31 34 30 10 38 13 8 35 39 2 24 57 

61 51 24 34 60 29 14 57 59 14 13 61 
34 24 3 7 33 2 41 30 32 41 14 34 
51 41 14 24 50 19 24 47 49 24 3 51 
60 50 23 33 59 28 15 56 58 15 12 60 
80 70 43 53 79 48 5 76 78 5 32 80 
14 4 23 13 13 18 61 10 12 61 34 14 
90 80 53 63 89 58 15 86 88 15 42 90 
51 41 14 24 50 19 24 47 49 24 3 51 
6 16 43 33 7 38 81 10 8 81 54 6 
1 11 38 28 2 33 76 5 3 76 49 1 
30 20 7 3 29 2 45 26 28 45 18 30 
52 42 15 25 51 20 23 48 50 23 4 52 

35 44 12 21 7 23 11 58 22 27 31 20 
8 17 39 48 20 4 38 31 49 54 4 47 
25 34 22 31 3 13 21 48 32 37 21 30 
34 43 13 22 6 22 12 57 23 28 30 21 
54 63 7 2 26 42 8 77 3 8 50 1 
12 3 59 68 40 24 58 11 69 74 16 67 
64 73 17 8 36 52 18 87 7 2 60 9 
25 34 22 31 3 13 21 48 32 37 21 30 
32 23 79 88 60 44 78 9 89 94 36 87 
27 18 74 83 55 39 73 4 84 89 31 82 
4 13 43 52 24 8 42 27 53 58 0 51 
26 35 21 30 2 14 20 49 31 36 22 29 

67 40 16 10 21 17 30 65 24 11 61 65 
40 13 43 37 6 10 57 38 3 38 34 38 
57 30 26 20 11 7 40 55 14 21 51 55 
66 39 17 11 20 16 31 64 23 12 60 64 
86 59 3 9 40 36 11 84 43 8 80 84 
20 7 63 57 26 30 77 18 23 58 14 18 
96 69 13 19 50 46 1 94 53 18 90 94 
57 30 26 20 11 7 40 55 14 21 51 55 
0 27 83 77 46 50 97 2 43 78 6 2 
5 22 78 72 41 45 92 3 38 73 1 3 
36 9 47 41 10 14 61 34 7 42 30 34 
58 31 25 19 12 8 39 56 15 20 52 56 

22 44 34 0 0 33 69 36 7 40 22 25 
49 17 7 27 27 6 42 9 34 13 5 52 
32 34 24 10 10 23 59 26 17 30 12 35 
23 43 33 1 1 32 68 35 8 39 21 26 
3 63 53 19 19 52 88 55 12 59 41 6 
69 3 13 47 47 14 22 11 54 7 25 72 
7 73 63 29 29 62 98 65 22 69 51 4 
32 34 24 10 10 23 59 26 17 30 12 35 
89 23 33 67 67 34 2 31 74 27 45 92 
84 18 28 62 62 29 7 26 69 22 40 87 
53 13 3 31 31 2 38 5 38 9 9 56 
31 35 25 9 9 24 60 27 16 31 13 34 

4 43 27 15 1 31 21 14 38 54 20 26 
23 16 54 12 28 4 6 13 11 27 47 1 
6 33 37 5 11 21 11 4 28 44 30 16 
3 42 28 14 2 30 20 13 37 53 21 25 
23 62 8 34 18 50 40 33 57 73 1 45 
43 4 74 32 48 16 26 33 9 7 67 21 
33 72 2 44 28 60 50 43 67 83 9 55 
6 33 37 5 11 21 11 4 28 44 30 16 
63 24 94 52 68 36 46 53 29 13 87 41 
58 19 89 47 63 31 41 48 24 8 82 36 
27 12 58 16 32 0 10 17 7 23 51 5 
5 34 36 6 10 22 12 5 29 45 29 17 

13 2 51 61 49 21 63 28 11 27 48 17 
14 25 24 34 22 48 36 55 38 54 21 10 
3 8 41 51 39 31 53 38 21 37 38 7 
12 1 50 60 48 22 62 29 12 28 47 16 
32 21 70 80 68 2 82 9 8 8 67 36 
34 45 4 14 2 68 16 75 58 74 1 30 
42 31 80 90 78 8 92 1 18 2 77 46 
3 8 41 51 39 31 53 38 21 37 38 7 
54 65 16 6 18 88 4 95 78 94 19 50 
49 60 11 1 13 83 1 90 73 89 14 45 
18 29 20 30 18 52 32 59 42 58 17 14 
4 7 42 52 40 30 54 37 20 36 39 8 

60 17 24 7 17 19 14 8 13 51 24 56 
33 44 3 20 10 46 41 19 14 24 51 29 
50 27 14 3 7 29 24 2 3 41 34 46 
59 18 23 6 16 20 15 7 12 50 25 55 
79 2 43 26 36 0 5 27 32 70 5 75 
13 64 23 40 30 66 61 39 34 4 71 9 
89 12 53 36 46 10 15 37 42 80 5 85 
50 27 14 3 7 29 24 2 3 41 34 46 
7 84 43 60 50 86 81 59 54 16 91 11 
2 79 38 55 45 81 76 54 49 11 86 6 
29 48 7 24 14 50 45 23 18 20 55 25 
51 26 15 2 8 28 23 1 4 42 33 47 

31 36 37 7 54 28 37 42 10 52 62 2 
4 9 10 20 27 55 10 15 37 25 35 29 
21 26 27 3 44 38 27 32 20 42 52 12 
30 35 36 6 53 29 36 41 11 51 61 3 
50 55 56 26 73 9 56 61 9 71 81 17 
16 11 10 40 7 75 10 5 57 5 15 49 
60 65 66 36 83 1 66 71 19 81 91 27 
21 26 27 3 44 38 27 32 20 42 52 12 
36 31 30 60 13 95 30 25 77 15 5 69 
31 26 25 55 8 90 25 20 72 10 0 64 
0 5 6 24 23 59 6 11 41 21 31 33 
22 27 28 2 45 37 28 33 19 43 53 11 

2 7 18 22 54 23 38 20 21 42 19 48 
25 20 9 49 27 50 11 7 48 15 8 21 
8 3 8 32 44 33 28 10 31 32 9 38 
1 6 17 23 53 24 37 19 22 41 18 47 
21 26 37 3 73 4 57 39 2 61 38 67 
45 40 29 69 7 70 9 27 68 5 28 1 
31 36 47 7 83 6 67 49 8 71 48 77 
8 3 8 32 44 33 28 10 31 32 9 38 
65 60 49 89 13 90 29 47 88 25 48 19 
60 55 44 84 8 85 24 42 83 20 43 14 
29 24 13 53 23 54 7 11 52 11 12 17 
7 2 9 31 45 32 29 11 30 33 10 39 

22 25 42 27 62 17 26 56 69 32 9 34 
5 2 15 54 35 10 1 29 42 5 36 7 
12 15 32 37 52 7 16 46 59 22 19 24 
21 24 41 28 61 16 25 55 68 31 10 33 
41 44 61 8 81 36 45 75 88 51 10 53 
25 22 5 74 15 30 21 9 22 15 56 13 
51 54 71 2 91 46 55 85 98 61 20 63 
12 15 32 37 52 7 16 46 59 22 19 24 
45 42 25 94 5 50 41 11 2 35 76 33 
40 37 20 89 0 45 36 6 7 30 71 28 
9 6 11 58 31 14 5 25 38 1 40 3 
13 16 33 36 53 8 17 47 60 23 18 25 

21 11 24 34 63 24 20 56 16 37 35 53 
6 16 51 7 36 3 7 29 43 10 8 26 
11 1 34 24 53 14 10 46 26 27 25 43 
20 10 25 33 62 23 19 55 17 36 34 52 
40 30 5 53 82 43 39 75 3 56 54 72 
26 36 71 13 16 23 27 9 63 10 12 6 
50 40 5 63 92 53 49 85 13 66 64 82 
11 1 34 24 53 14 10 46 26 27 25 43 
46 56 91 33 4 43 47 11 83 30 32 14 
41 51 86 28 1 38 42 6 78 25 27 9 
10 20 55 3 32 7 11 25 47 6 4 22 
12 2 33 25 54 15 11 47 25 28 26 44 

90 93 89 69 21 46 51 94 98 61 83 2 
83 86 82 62 14 39 44 87 91 54 76 5 
76 79 75 55 7 32 37 80 84 47 69 12 
61 64 60 40 8 17 22 65 69 32 54 27 
5 8 4 16 64 39 34 9 13 24 2 83 
56 59 55 35 13 12 17 60 64 27 49 32 
51 54 50 30 18 7 12 55 59 22 44 37 
5 2 6 26 74 49 44 1 3 34 12 93 
22 25 21 1 47 22 17 26 30 7 15 66 
42 45 41 21 27 2 3 46 50 13 35 46 
61 64 60 40 8 17 22 65 69 32 54 27 
63 66 62 42 6 19 24 67 71 34 56 25 

7 17 44 34 8 39 82 11 9 82 55 7 
0 10 37 27 1 32 75 4 2 75 48 0 
7 3 30 20 6 25 68 3 5 68 41 7 
22 12 15 5 21 10 53 18 20 53 26 22 
78 68 41 51 77 46 3 74 76 3 30 78 
27 17 10 0 26 5 48 23 25 48 21 27 
32 22 5 5 31 0 43 28 30 43 16 32 
88 78 51 61 87 56 13 84 86 13 40 88 
61 51 24 34 60 29 14 57 59 14 13 61 
41 31 4 14 40 9 34 37 39 34 7 41 
22 12 15 5 21 10 53 18 20 53 26 22 
20 10 17 7 19 12 55 16 18 55 28 20 

33 24 80 89 61 45 79 10 90 95 37 88 
26 17 73 82 54 38 72 3 83 88 30 81 
19 10 66 75 47 31 65 4 76 81 23 74 
4 5 51 60 32 16 50 19 61 66 8 59 
52 61 5 4 24 40 6 75 5 10 48 3 
1 10 46 55 27 11 45 24 56 61 3 54 
6 15 41 50 22 6 40 29 51 56 2 49 
62 71 15 6 34 50 16 85 5 0 58 7 
35 44 12 21 7 23 11 58 22 27 31 20 
15 24 32 41 13 3 31 38 42 47 11 40 
4 5 51 60 32 16 50 19 61 66 8 59 
6 3 53 62 34 18 52 17 63 68 10 61 

1 28 84 78 47 51 98 3 44 79 7 3 
6 21 77 71 40 44 91 4 37 72 0 4 
13 14 70 64 33 37 84 11 30 65 7 11 
28 1 55 49 18 22 69 26 15 50 22 26 
84 57 1 7 38 34 13 82 41 6 78 82 
33 6 50 44 13 17 64 31 10 45 27 31 
38 11 45 39 8 12 59 36 5 40 32 36 
94 67 11 17 48 44 3 92 51 16 88 92 
67 40 16 10 21 17 30 65 24 11 61 65 
47 20 36 30 1 3 50 45 4 31 41 45 
28 1 55 49 18 22 69 26 15 50 22 26 
26 1 57 51 20 24 71 24 17 52 20 24 

90 24 34 68 68 35 1 32 75 28 46 93 
83 17 27 61 61 28 8 25 68 21 39 86 
76 10 20 54 54 21 15 18 61 14 32 79 
61 5 5 39 39 6 30 3 46 1 17 64 
5 61 51 17 17 50 86 53 10 57 39 8 
56 10 0 34 34 1 35 2 41 6 12 59 
51 15 5 29 29 4 40 7 36 11 7 54 
5 71 61 27 27 60 96 63 20 67 49 2 
22 44 34 0 0 33 69 36 7 40 22 25 
42 24 14 20 20 13 49 16 27 20 2 45 
61 5 5 39 39 6 30 3 46 1 17 64 
63 3 7 41 41 8 28 5 48 1 19 66 

64 25 95 53 69 37 47 54 30 14 88 42 
57 18 88 46 62 30 40 47 23 7 81 35 
50 11 81 39 55 23 33 40 16 0 74 28 
35 4 66 24 40 8 18 25 1 15 59 13 
21 60 10 32 16 48 38 31 55 71 3 43 
30 9 61 19 35 3 13 20 4 20 54 8 
25 14 56 14 30 2 8 15 9 25 49 3 
31 70 0 42 26 58 48 41 65 81 7 53 
4 43 27 15 1 31 21 14 38 54 20 26 
16 23 47 5 21 11 1 6 18 34 40 6 
35 4 66 24 40 8 18 25 1 15 59 13 
37 2 68 26 42 10 20 27 3 13 61 15 

55 66 17 7 19 89 5 96 79 95 20 51 
48 59 10 0 12 82 2 89 72 88 13 44 
41 52 3 7 5 75 9 82 65 81 6 37 
26 37 12 22 10 60 24 67 50 66 9 22 
30 19 68 78 66 4 80 11 6 10 65 34 
21 32 17 27 15 55 29 62 45 61 14 17 
16 27 22 32 20 50 34 57 40 56 19 12 
40 29 78 88 76 6 90 1 16 0 75 44 
13 2 51 61 49 21 63 28 11 27 48 17 
7 18 31 41 29 41 43 48 31 47 28 3 
26 37 12 22 10 60 24 67 50 66 9 22 
28 39 10 20 8 62 22 69 52 68 7 24 

8 85 44 61 51 87 82 60 55 17 92 12 
1 78 37 54 44 80 75 53 48 10 85 5 
6 71 30 47 37 73 68 46 41 3 78 2 
21 56 15 32 22 58 53 31 26 12 63 17 
77 0 41 24 34 2 3 25 30 68 7 73 
26 51 10 27 17 53 48 26 21 17 58 22 
31 46 5 22 12 48 43 21 16 22 53 27 
87 10 51 34 44 8 13 35 40 78 3 83 
60 17 24 7 17 19 14 8 13 51 24 56 
40 37 4 13 3 39 34 12 7 31 44 36 
21 56 15 32 22 58 53 31 26 12 63 17 
19 58 17 34 24 60 55 33 28 10 65 15 

37 32 31 61 14 96 31 26 78 16 6 70 
30 25 24 54 7 89 24 19 71 9 1 63 
23 18 17 47 0 82 17 12 64 2 8 56 
8 3 2 32 15 67 2 3 49 13 23 41 
48 53 54 24 71 11 54 59 7 69 79 15 
3 2 3 27 20 62 3 8 44 18 28 36 
2 7 8 22 25 57 8 13 39 23 33 31 
58 63 64 34 81 1 64 69 17 79 89 25 
31 36 37 7 54 28 37 42 10 52 62 2 
11 16 17 13 34 48 17 22 30 32 42 22 
8 3 2 32 15 67 2 3 49 13 23 41 
10 5 4 34 13 69 4 1 51 11 21 43 

66 61 50 90 14 91 30 48 89 26 49 20 
59 54 43 83 7 84 23 41 82 19 42 13 
52 47 36 76 0 77 16 34 75 12 35 6 
37 32 21 61 15 62 1 19 60 3 20 9 
19 24 35 5 71 6 55 37 4 59 36 65 
32 27 16 56 20 57 4 14 55 8 15 14 
27 22 11 51 25 52 9 9 50 13 10 19 
29 34 45 5 81 4 65 47 6 69 46 75 
2 7 18 22 54 23 38 20 21 42 19 48 
18 13 2 42 34 43 18 0 41 22 1 28 
37 32 21 61 15 62 1 19 60 3 20 9 
39 34 23 63 13 64 3 21 62 1 22 7 

46 43 26 95 6 51 42 12 1 36 77 34 
39 36 19 88 1 44 35 5 8 29 70 27 
32 29 12 81 8 37 28 2 15 22 63 20 
17 14 3 66 23 22 13 17 30 7 48 5 
39 42 59 10 79 34 43 73 86 49 8 51 
12 9 8 61 28 17 8 22 35 2 43 0 
7 4 13 56 33 12 3 27 40 3 38 5 
49 52 69 0 89 44 53 83 96 59 18 61 
22 25 42 27 62 17 26 56 69 32 9 34 
2 5 22 47 42 3 6 36 49 12 29 14 
17 14 3 66 23 22 13 17 30 7 48 5 
19 16 1 68 21 24 15 15 28 9 50 7 

47 57 92 34 5 44 48 12 84 31 33 15 
40 50 85 27 2 37 41 5 77 24 26 8 
33 43 78 20 9 30 34 2 70 17 19 1 
18 28 63 5 24 15 19 17 55 2 4 14 
38 28 7 51 80 41 37 73 1 54 52 70 
13 23 58 0 29 10 14 22 50 3 1 19 
8 18 53 5 34 5 9 27 45 8 6 24 
48 38 3 61 90 51 47 83 11 64 62 80 
21 11 24 34 63 24 20 56 16 37 35 53 
1 9 44 14 43 4 0 36 36 17 15 33 
18 28 63 5 24 15 19 17 55 2 4 14 
20 30 65 7 22 17 21 15 57 4 6 12 

83 73 46 56 82 51 8 79 81 8 35 83 
86 76 49 59 85 54 11 82 84 11 38 86 
82 72 45 55 81 50 7 78 80 7 34 82 
62 52 25 35 61 30 13 58 60 13 14 62 
14 4 23 13 13 18 61 10 12 61 34 14 
39 29 2 12 38 7 36 35 37 36 9 39 
44 34 7 17 43 12 31 40 42 31 4 44 
87 77 50 60 86 55 12 83 85 12 39 87 
91 81 54 64 90 59 16 87 89 16 43 91 
54 44 17 27 53 22 21 50 52 21 6 54 
76 66 39 49 75 44 1 72 74 1 28 76 
5 15 42 32 6 37 80 9 7 80 53 5 

57 66 10 1 29 45 11 80 0 5 53 2 
60 69 13 4 32 48 14 83 3 2 56 5 
56 65 9 0 28 44 10 79 1 6 52 1 
36 45 11 20 8 24 10 59 21 26 32 19 
12 3 59 68 40 24 58 11 69 74 16 67 
13 22 34 43 15 1 33 36 44 49 9 42 
18 27 29 38 10 6 28 41 39 44 14 37 
61 70 14 5 33 49 15 84 4 1 57 6 
65 74 18 9 37 53 19 88 8 3 61 10 
28 37 19 28 0 16 18 51 29 34 24 27 
50 59 3 6 22 38 4 73 7 12 46 5 
31 22 78 87 59 43 77 8 88 93 35 86 

89 62 6 12 43 39 8 87 46 11 83 87 
92 65 9 15 46 42 5 90 49 14 86 90 
88 61 5 11 42 38 9 86 45 10 82 86 
68 41 15 9 22 18 29 66 25 10 62 66 
20 7 63 57 26 30 77 18 23 58 14 18 
45 18 38 32 1 5 52 43 2 33 39 43 
50 23 33 27 4 0 47 48 7 28 44 48 
93 66 10 16 47 43 4 91 50 15 87 91 
97 70 14 20 51 47 0 95 54 19 91 95 
60 33 23 17 14 10 37 58 17 18 54 58 
82 55 1 5 36 32 15 80 39 4 76 80 
1 26 82 76 45 49 96 1 42 77 5 1 

0 66 56 22 22 55 91 58 15 62 44 3 
3 69 59 25 25 58 94 61 18 65 47 0 
1 65 55 21 21 54 90 57 14 61 43 4 
21 45 35 1 1 34 70 37 6 41 23 24 
69 3 13 47 47 14 22 11 54 7 25 72 
44 22 12 22 22 11 47 14 29 18 0 47 
39 27 17 17 17 16 52 19 24 23 5 42 
4 70 60 26 26 59 95 62 19 66 48 1 
8 74 64 30 30 63 99 66 23 70 52 5 
29 37 27 7 7 26 62 29 14 33 15 32 
7 59 49 15 15 48 84 51 8 55 37 10 
88 22 32 66 66 33 3 30 73 26 44 91 

26 65 5 37 21 53 43 36 60 76 2 48 
29 68 2 40 24 56 46 39 63 79 5 51 
25 64 6 36 20 52 42 35 59 75 1 47 
5 44 26 16 0 32 22 15 39 55 19 27 
43 4 74 32 48 16 26 33 9 7 67 21 
18 21 49 7 23 9 1 8 16 32 42 4 
13 26 44 2 18 14 4 3 21 37 37 9 
30 69 1 41 25 57 47 40 64 80 6 52 
34 73 3 45 29 61 51 44 68 84 10 56 
3 36 34 8 8 24 14 7 31 47 27 19 
19 58 12 30 14 46 36 29 53 69 5 41 
62 23 93 51 67 35 45 52 28 12 86 40 

35 24 73 83 71 1 85 6 11 5 70 39 
38 27 76 86 74 4 88 3 14 2 73 42 
34 23 72 82 70 0 84 7 10 6 69 38 
14 3 52 62 50 20 64 27 10 26 49 18 
34 45 4 14 2 68 16 75 58 74 1 30 
9 20 29 39 27 43 41 50 33 49 26 5 
4 15 34 44 32 38 46 45 28 44 31 0 
39 28 77 87 75 5 89 2 15 1 74 43 
43 32 81 91 79 9 93 2 19 3 78 47 
6 5 44 54 42 28 56 35 18 34 41 10 
28 17 66 76 64 6 78 13 4 12 63 32 
53 64 15 5 17 87 3 94 77 93 18 49 

82 5 46 29 39 3 8 30 35 73 2 78 
85 8 49 32 42 6 11 33 38 76 1 81 
81 4 45 28 38 2 7 29 34 72 3 77 
61 16 25 8 18 18 13 9 14 52 23 57 
13 64 23 40 30 66 61 39 34 4 71 9 
38 39 2 15 5 41 36 14 9 29 46 34 
43 34 7 10 0 36 31 9 4 34 41 39 
86 9 50 33 43 7 12 34 39 77 2 82 
90 13 54 37 47 11 16 38 43 81 6 86 
53 24 17 0 10 26 21 1 6 44 31 49 
75 2 39 22 32 4 1 23 28 66 9 71 
6 83 42 59 49 85 80 58 53 15 90 10 

53 58 59 29 76 6 59 64 12 74 84 20 
56 61 62 32 79 3 62 67 15 77 87 23 
52 57 58 28 75 7 58 63 11 73 83 19 
32 37 38 8 55 27 38 43 9 53 63 1 
16 11 10 40 7 75 10 5 57 5 15 49 
9 14 15 15 32 50 15 20 32 30 40 24 
14 19 20 10 37 45 20 25 27 35 45 19 
57 62 63 33 80 2 63 68 16 78 88 24 
61 66 67 37 84 2 67 72 20 82 92 28 
24 29 30 0 47 35 30 35 17 45 55 9 
46 51 52 22 69 13 52 57 5 67 77 13 
35 30 29 59 12 94 29 24 76 14 4 68 

24 29 40 0 76 1 60 42 1 64 41 70 
27 32 43 3 79 2 63 45 4 67 44 73 
23 28 39 1 75 2 59 41 0 63 40 69 
3 8 19 21 55 22 39 21 20 43 20 49 
45 40 29 69 7 70 9 27 68 5 28 1 
20 15 4 44 32 45 16 2 43 20 3 26 
15 10 1 39 37 40 21 3 38 25 2 31 
28 33 44 4 80 3 64 46 5 68 45 74 
32 37 48 8 84 7 68 50 9 72 49 78 
5 0 11 29 47 30 31 13 28 35 12 41 
17 22 33 7 69 8 53 35 6 57 34 63 
64 59 48 88 12 89 28 46 87 24 47 18 

44 47 64 5 84 39 48 78 91 54 13 56 
47 50 67 2 87 42 51 81 94 57 16 59 
43 46 63 6 83 38 47 77 90 53 12 55 
23 26 43 26 63 18 27 57 70 33 8 35 
25 22 5 74 15 30 21 9 22 15 56 13 
0 3 20 49 40 5 4 34 47 10 31 12 
5 8 25 44 45 0 9 39 52 15 26 17 
48 51 68 1 88 43 52 82 95 58 17 60 
52 55 72 3 92 47 56 86 99 62 21 64 
15 18 35 34 55 10 19 49 62 25 16 27 
37 40 57 12 77 32 41 71 84 47 6 49 
44 41 24 93 4 49 40 10 3 34 75 32 

43 33 2 56 85 46 42 78 6 59 57 75 
46 36 1 59 88 49 45 81 9 62 60 78 
42 32 3 55 84 45 41 77 5 58 56 74 
22 12 23 35 64 25 21 57 15 38 36 54 
26 36 71 13 16 23 27 9 63 10 12 6 
1 11 46 12 41 2 2 34 38 15 13 31 
4 6 41 17 46 7 3 39 33 20 18 36 
47 37 2 60 89 50 46 82 10 63 61 79 
51 41 6 64 93 54 50 86 14 67 65 83 
14 4 31 27 56 17 13 49 23 30 28 46 
36 26 9 49 78 39 35 71 1 52 50 68 
45 55 90 32 3 42 46 10 82 29 31 13 

26 17 73 82 54 38 72 3 83 88 30 81 
16 7 63 72 44 28 62 7 73 78 20 71 
11 20 36 45 17 1 35 34 46 51 7 44 
1 10 46 55 27 11 45 24 56 61 3 54 
25 16 72 81 53 37 71 2 82 87 29 80 
6 15 41 50 22 6 40 29 51 56 2 49 
49 58 2 7 21 37 3 72 8 13 45 6 
22 13 69 78 50 34 68 1 79 84 26 77 
24 15 71 80 52 36 70 1 81 86 28 79 
49 58 2 7 21 37 3 72 8 13 45 6 
22 31 25 34 6 10 24 45 35 40 18 33 
26 17 73 82 54 38 72 3 83 88 30 81 

6 21 77 71 40 44 91 4 37 72 0 4 
16 11 67 61 30 34 81 14 27 62 10 14 
43 16 40 34 3 7 54 41 0 35 37 41 
33 6 50 44 13 17 64 31 10 45 27 31 
7 20 76 70 39 43 90 5 36 71 1 5 
38 11 45 39 8 12 59 36 5 40 32 36 
81 54 2 4 35 31 16 79 38 3 75 79 
10 17 73 67 36 40 87 8 33 68 4 8 
8 19 75 69 38 42 89 6 35 70 2 6 
81 54 2 4 35 31 16 79 38 3 75 79 
54 27 29 23 8 4 43 52 11 24 48 52 
6 21 77 71 40 44 91 4 37 72 0 4 

83 17 27 61 61 28 8 25 68 21 39 86 
73 7 17 51 51 18 18 15 58 11 29 76 
46 20 10 24 24 9 45 12 31 16 2 49 
56 10 0 34 34 1 35 2 41 6 12 59 
82 16 26 60 60 27 9 24 67 20 38 85 
51 15 5 29 29 4 40 7 36 11 7 54 
8 58 48 14 14 47 83 50 7 54 36 11 
79 13 23 57 57 24 12 21 64 17 35 82 
81 15 25 59 59 26 10 23 66 19 37 84 
8 58 48 14 14 47 83 50 7 54 36 11 
35 31 21 13 13 20 56 23 20 27 9 38 
83 17 27 61 61 28 8 25 68 21 39 86 

57 18 88 46 62 30 40 47 23 7 81 35 
47 8 78 36 52 20 30 37 13 3 71 25 
20 19 51 9 25 7 3 10 14 30 44 2 
30 9 61 19 35 3 13 20 4 20 54 8 
56 17 87 45 61 29 39 46 22 6 80 34 
25 14 56 14 30 2 8 15 9 25 49 3 
18 57 13 29 13 45 35 28 52 68 6 40 
53 14 84 42 58 26 36 43 19 3 77 31 
55 16 86 44 60 28 38 45 21 5 79 33 
18 57 13 29 13 45 35 28 52 68 6 40 
9 30 40 2 14 18 8 1 25 41 33 13 
57 18 88 46 62 30 40 47 23 7 81 35 

48 59 10 0 12 82 2 89 72 88 13 44 
38 49 0 10 2 72 12 79 62 78 3 34 
11 22 27 37 25 45 39 52 35 51 24 7 
21 32 17 27 15 55 29 62 45 61 14 17 
47 58 9 1 11 81 3 88 71 87 12 43 
16 27 22 32 20 50 34 57 40 56 19 12 
27 16 65 75 63 7 77 14 3 13 62 31 
44 55 6 4 8 78 6 85 68 84 9 40 
46 57 8 2 10 80 4 87 70 86 11 42 
27 16 65 75 63 7 77 14 3 13 62 31 
0 11 38 48 36 34 50 41 24 40 35 4 
48 59 10 0 12 82 2 89 72 88 13 44 

1 78 37 54 44 80 75 53 48 10 85 5 
9 68 27 44 34 70 65 43 38 0 75 5 
36 41 0 17 7 43 38 16 11 27 48 32 
26 51 10 27 17 53 48 26 21 17 58 22 
0 77 36 53 43 79 74 52 47 9 84 4 
31 46 5 22 12 48 43 21 16 22 53 27 
74 3 38 21 31 5 0 22 27 65 10 70 
3 74 33 50 40 76 71 49 44 6 81 1 
1 76 35 52 42 78 73 51 46 8 83 3 
74 3 38 21 31 5 0 22 27 65 10 70 
47 30 11 6 4 32 27 5 0 38 37 43 
1 78 37 54 44 80 75 53 48 10 85 5 

30 25 24 54 7 89 24 19 71 9 1 63 
20 15 14 44 3 79 14 9 61 1 11 53 
7 12 13 17 30 52 13 18 34 28 38 26 
3 2 3 27 20 62 3 8 44 18 28 36 
29 24 23 53 6 88 23 18 70 8 2 62 
2 7 8 22 25 57 8 13 39 23 33 31 
45 50 51 21 68 14 51 56 4 66 76 12 
26 21 20 50 3 85 20 15 67 5 5 59 
28 23 22 52 5 87 22 17 69 7 3 61 
45 50 51 21 68 14 51 56 4 66 76 12 
18 23 24 6 41 41 24 29 23 39 49 15 
30 25 24 54 7 89 24 19 71 9 1 63 

59 54 43 83 7 84 23 41 82 19 42 13 
49 44 33 73 3 74 13 31 72 9 32 3 
22 17 6 46 30 47 14 4 45 18 5 24 
32 27 16 56 20 57 4 14 55 8 15 14 
58 53 42 82 6 83 22 40 81 18 41 12 
27 22 11 51 25 52 9 9 50 13 10 19 
16 21 32 8 68 9 52 34 7 56 33 62 
55 50 39 79 3 80 19 37 78 15 38 9 
57 52 41 81 5 82 21 39 80 17 40 11 
16 21 32 8 68 9 52 34 7 56 33 62 
11 6 5 35 41 36 25 7 34 29 6 35 
59 54 43 83 7 84 23 41 82 19 42 13 

39 36 19 88 1 44 35 5 8 29 70 27 
29 26 9 78 11 34 25 5 18 19 60 17 
2 1 18 51 38 7 2 32 45 8 33 10 
12 9 8 61 28 17 8 22 35 2 43 0 
38 35 18 87 2 43 34 4 9 28 69 26 
7 4 13 56 33 12 3 27 40 3 38 5 
36 39 56 13 76 31 40 70 83 46 5 48 
35 32 15 84 5 40 31 1 12 25 66 23 
37 34 17 86 3 42 33 3 10 27 68 25 
36 39 56 13 76 31 40 70 83 46 5 48 
9 12 29 40 49 4 13 43 56 19 22 21 
39 36 19 88 1 44 35 5 8 29 70 27 

40 50 85 27 2 37 41 5 77 24 26 8 
30 40 75 17 12 27 31 5 67 14 16 2 
3 13 48 10 39 0 4 32 40 13 11 29 
13 23 58 0 29 10 14 22 50 3 1 19 
39 49 84 26 3 36 40 4 76 23 25 7 
8 18 53 5 34 5 9 27 45 8 6 24 
35 25 10 48 77 38 34 70 2 51 49 67 
36 46 81 23 6 33 37 1 73 20 22 4 
38 48 83 25 4 35 39 3 75 22 24 6 
35 25 10 48 77 38 34 70 2 51 49 67 
8 2 37 21 50 11 7 43 29 24 22 40 
40 50 85 27 2 37 41 5 77 24 26 8 

32 5 51 45 14 18 65 30 11 46 26 30 
23 4 60 54 23 27 74 21 20 55 17 21 
79 52 4 2 33 29 18 77 36 1 73 77 
88 61 5 11 42 38 9 86 45 10 82 86 
60 33 23 17 14 10 37 58 17 18 54 58 
44 17 39 33 2 6 53 42 1 34 38 42 
78 51 5 1 32 28 19 76 35 0 72 76 
9 18 74 68 37 41 88 7 34 69 3 7 
89 62 6 12 43 39 8 87 46 11 83 87 
94 67 11 17 48 44 3 92 51 16 88 92 
36 9 47 41 10 14 61 34 7 42 30 34 
87 60 4 10 41 37 10 85 44 9 81 85 

57 9 1 35 35 2 34 1 42 5 13 60 
66 0 10 44 44 11 25 8 51 4 22 69 
10 56 46 12 12 45 81 48 5 52 34 13 
1 65 55 21 21 54 90 57 14 61 43 4 
29 37 27 7 7 26 62 29 14 33 15 32 
45 21 11 23 23 10 46 13 30 17 1 48 
11 55 45 11 11 44 80 47 4 51 33 14 
80 14 24 58 58 25 11 22 65 18 36 83 
0 66 56 22 22 55 91 58 15 62 44 3 
5 71 61 27 27 60 96 63 20 67 49 2 
53 13 3 31 31 2 38 5 38 9 9 56 
2 64 54 20 20 53 89 56 13 60 42 5 

31 8 62 20 36 4 14 21 3 19 55 9 
40 1 71 29 45 13 23 30 6 10 64 18 
16 55 15 27 11 43 33 26 50 66 8 38 
25 64 6 36 20 52 42 35 59 75 1 47 
3 36 34 8 8 24 14 7 31 47 27 19 
19 20 50 8 24 8 2 9 15 31 43 3 
15 54 16 26 10 42 32 25 49 65 9 37 
54 15 85 43 59 27 37 44 20 4 78 32 
26 65 5 37 21 53 43 36 60 76 2 48 
31 70 0 42 26 58 48 41 65 81 7 53 
27 12 58 16 32 0 10 17 7 23 51 5 
24 63 7 35 19 51 41 34 58 74 0 46 

22 33 16 26 14 56 28 63 46 62 13 18 
31 42 7 17 5 65 19 72 55 71 4 27 
25 14 63 73 61 9 75 16 1 15 60 29 
34 23 72 82 70 0 84 7 10 6 69 38 
6 5 44 54 42 28 56 35 18 34 41 10 
10 21 28 38 26 44 40 51 34 50 25 6 
24 13 62 72 60 10 74 17 0 16 59 28 
45 56 7 3 9 79 5 86 69 85 10 41 
35 24 73 83 71 1 85 6 11 5 70 39 
40 29 78 88 76 6 90 1 16 0 75 44 
18 29 20 30 18 52 32 59 42 58 17 14 
33 22 71 81 69 1 83 8 9 7 68 37 

25 52 11 28 18 54 49 27 22 16 59 21 
16 61 20 37 27 63 58 36 31 7 68 12 
72 5 36 19 29 7 2 20 25 63 12 68 
81 4 45 28 38 2 7 29 34 72 3 77 
53 24 17 0 10 26 21 1 6 44 31 49 
37 40 1 16 6 42 37 15 10 28 47 33 
71 6 35 18 28 8 3 19 24 62 13 67 
2 75 34 51 41 77 72 50 45 7 82 2 
82 5 46 29 39 3 8 30 35 73 2 78 
87 10 51 34 44 8 13 35 40 78 3 83 
29 48 7 24 14 50 45 23 18 20 55 25 
80 3 44 27 37 1 6 28 33 71 4 76 

4 1 2 28 19 63 2 7 45 17 27 37 
13 8 7 37 10 72 7 2 54 8 18 46 
43 48 49 19 66 16 49 54 2 64 74 10 
52 57 58 28 75 7 58 63 11 73 83 19 
24 29 30 0 47 35 30 35 17 45 55 9 
8 13 14 16 31 51 14 19 33 29 39 25 
42 47 48 18 65 17 48 53 1 63 73 9 
27 22 21 51 4 86 21 16 68 6 4 60 
53 58 59 29 76 6 59 64 12 74 84 20 
58 63 64 34 81 1 64 69 17 79 89 25 
0 5 6 24 23 59 6 11 41 21 31 33 
51 56 57 27 74 8 57 62 10 72 82 18 

33 28 17 57 19 58 3 15 56 7 16 13 
42 37 26 66 10 67 6 24 65 2 25 4 
14 19 30 10 66 11 50 32 9 54 31 60 
23 28 39 1 75 2 59 41 0 63 40 69 
5 0 11 29 47 30 31 13 28 35 12 41 
21 16 5 45 31 46 15 3 44 19 4 25 
13 18 29 11 65 12 49 31 10 53 30 59 
56 51 40 80 4 81 20 38 79 16 39 10 
24 29 40 0 76 1 60 42 1 64 41 70 
29 34 45 5 81 4 65 47 6 69 46 75 
29 24 13 53 23 54 7 11 52 11 12 17 
22 27 38 2 74 3 58 40 1 62 39 68 

13 10 7 62 27 18 9 21 34 3 44 1 
22 19 2 71 18 27 18 12 25 12 53 10 
34 37 54 15 74 29 38 68 81 44 3 46 
43 46 63 6 83 38 47 77 90 53 12 55 
15 18 35 34 55 10 19 49 62 25 16 27 
1 2 19 50 39 6 3 33 46 9 32 11 
33 36 53 16 73 28 37 67 80 43 2 45 
36 33 16 85 4 41 32 2 11 26 67 24 
44 47 64 5 84 39 48 78 91 54 13 56 
49 52 69 0 89 44 53 83 96 59 18 61 
9 6 11 58 31 14 5 25 38 1 40 3 
42 45 62 7 82 37 46 76 89 52 11 54 

14 24 59 1 28 11 15 21 51 2 0 18 
23 33 68 10 19 20 24 12 60 7 9 9 
33 23 12 46 75 36 32 68 4 49 47 65 
42 32 3 55 84 45 41 77 5 58 56 74 
14 4 31 27 56 17 13 49 23 30 28 46 
2 12 47 11 40 1 3 33 39 14 12 30 
32 22 13 45 74 35 31 67 5 48 46 64 
37 47 82 24 5 34 38 2 74 21 23 5 
43 33 2 56 85 46 42 78 6 59 57 75 
48 38 3 61 90 51 47 83 11 64 62 80 
10 20 55 3 32 7 11 25 47 6 4 22 
41 31 4 54 83 44 40 76 4 57 55 73 

89 23 33 67 67 34 2 31 74 27 45 92 
62 4 6 40 40 7 29 4 47 0 18 65 
6 60 50 16 16 49 85 52 9 56 38 9 
12 54 44 10 10 43 79 46 3 50 32 15 
43 23 13 21 21 12 48 15 28 19 1 46 
39 27 17 17 17 16 52 19 24 23 5 42 
8 74 64 30 30 63 99 66 23 70 52 5 
87 21 31 65 65 32 4 29 72 25 43 90 
46 20 10 24 24 9 45 12 31 16 2 49 
11 55 45 11 11 44 80 47 4 51 33 14 
83 17 27 61 61 28 8 25 68 21 39 86 
87 21 31 65 65 32 4 29 72 25 43 90 

63 24 94 52 68 36 46 53 29 13 87 41 
36 3 67 25 41 9 19 26 2 14 60 14 
20 59 11 31 15 47 37 30 54 70 4 42 
14 53 17 25 9 41 31 24 48 64 10 36 
17 22 48 6 22 10 0 7 17 33 41 5 
13 26 44 2 18 14 4 3 21 37 37 9 
34 73 3 45 29 61 51 44 68 84 10 56 
61 22 92 50 66 34 44 51 27 11 85 39 
20 19 51 9 25 7 3 10 14 30 44 2 
15 54 16 26 10 42 32 25 49 65 9 37 
57 18 88 46 62 30 40 47 23 7 81 35 
61 22 92 50 66 34 44 51 27 11 85 39 

54 65 16 6 18 88 4 95 78 94 19 50 
27 38 11 21 9 61 23 68 51 67 8 23 
29 18 67 77 65 5 79 12 5 11 64 33 
23 12 61 71 59 11 73 18 1 17 58 27 
8 19 30 40 28 42 42 49 32 48 27 4 
4 15 34 44 32 38 46 45 28 44 31 0 
43 32 81 91 79 9 93 2 19 3 78 47 
52 63 14 4 16 86 2 93 76 92 17 48 
11 22 27 37 25 45 39 52 35 51 24 7 
24 13 62 72 60 10 74 17 0 16 59 28 
48 59 10 0 12 82 2 89 72 88 13 44 
52 63 14 4 16 86 2 93 76 92 17 48 

7 84 43 60 50 86 81 59 54 16 91 11 
20 57 16 33 23 59 54 32 27 11 64 16 
76 1 40 23 33 3 2 24 29 67 8 72 
70 7 34 17 27 9 4 18 23 61 14 66 
39 38 3 14 4 40 35 13 8 30 45 35 
43 34 7 10 0 36 31 9 4 34 41 39 
90 13 54 37 47 11 16 38 43 81 6 86 
5 82 41 58 48 84 79 57 52 14 89 9 
36 41 0 17 7 43 38 16 11 27 48 32 
71 6 35 18 28 8 3 19 24 62 13 67 
1 78 37 54 44 80 75 53 48 10 85 5 
5 82 41 58 48 84 79 57 52 14 89 9 

36 31 30 60 13 95 30 25 77 15 5 69 
9 4 3 33 14 68 3 2 50 12 22 42 
47 52 53 23 70 12 53 58 6 68 78 14 
41 46 47 17 64 18 47 52 0 62 72 8 
10 15 16 14 33 49 16 21 31 31 41 23 
14 19 20 10 37 45 20 25 27 35 45 19 
61 66 67 37 84 2 67 72 20 82 92 28 
34 29 28 58 11 93 28 23 75 13 3 67 
7 12 13 17 30 52 13 18 34 28 38 26 
42 47 48 18 65 17 48 53 1 63 73 9 
30 25 24 54 7 89 24 19 71 9 1 63 
34 29 28 58 11 93 28 23 75 13 3 67 

65 60 49 89 13 90 29 47 88 25 48 19 
38 33 22 62 14 63 2 20 61 2 21 8 
18 23 34 6 70 7 54 36 5 58 35 64 
12 17 28 12 64 13 48 30 11 52 29 58 
19 14 3 43 33 44 17 1 42 21 2 27 
15 10 1 39 37 40 21 3 38 25 2 31 
32 37 48 8 84 7 68 50 9 72 49 78 
63 58 47 87 11 88 27 45 86 23 46 17 
22 17 6 46 30 47 14 4 45 18 5 24 
13 18 29 11 65 12 49 31 10 53 30 59 
59 54 43 83 7 84 23 41 82 19 42 13 
63 58 47 87 11 88 27 45 86 23 46 17 

45 42 25 94 5 50 41 11 2 35 76 33 
18 15 2 67 22 23 14 16 29 8 49 6 
38 41 58 11 78 33 42 72 85 48 7 50 
32 35 52 17 72 27 36 66 79 42 1 44 
1 4 21 48 41 4 5 35 48 11 30 13 
5 8 25 44 45 0 9 39 52 15 26 17 
52 55 72 3 92 47 56 86 99 62 21 64 
43 40 23 92 3 48 39 9 4 33 74 31 
2 1 18 51 38 7 2 32 45 8 33 10 
33 36 53 16 73 28 37 67 80 43 2 45 
39 36 19 88 1 44 35 5 8 29 70 27 
43 40 23 92 3 48 39 9 4 33 74 31 

46 56 91 33 4 43 47 11 83 30 32 14 
19 29 64 6 23 16 20 16 56 3 5 13 
37 27 8 50 79 40 36 72 0 53 51 69 
31 21 14 44 73 34 30 66 6 47 45 63 
0 10 45 13 42 3 1 35 37 16 14 32 
4 6 41 17 46 7 3 39 33 20 18 36 
51 41 6 64 93 54 50 86 14 67 65 83 
44 54 89 31 2 41 45 9 81 28 30 12 
3 13 48 10 39 0 4 32 40 13 11 29 
32 22 13 45 74 35 31 67 5 48 46 64 
40 50 85 27 2 37 41 5 77 24 26 8 
44 54 89 31 2 41 45 9 81 28 30 12 

26 65 5 37 21 53 43 36 60 76 2 48 
40 1 71 29 45 13 23 30 6 10 64 18 
30 9 61 19 35 3 13 20 4 20 54 8 
4 43 27 15 1 31 21 14 38 54 20 26 
4 43 27 15 1 31 21 14 38 54 20 26 
29 10 60 18 34 2 12 19 5 21 53 7 
65 26 96 54 70 38 48 55 31 15 89 43 
32 7 63 21 37 5 15 22 2 18 56 10 
11 50 20 22 6 38 28 21 45 61 13 33 
36 3 67 25 41 9 19 26 2 14 60 14 
18 21 49 7 23 9 1 8 16 32 42 4 
29 68 2 40 24 56 46 39 63 79 5 51 

35 24 73 83 71 1 85 6 11 5 70 39 
31 42 7 17 5 65 19 72 55 71 4 27 
21 32 17 27 15 55 29 62 45 61 14 17 
13 2 51 61 49 21 63 28 11 27 48 17 
13 2 51 61 49 21 63 28 11 27 48 17 
20 31 18 28 16 54 30 61 44 60 15 16 
56 67 18 8 20 90 6 97 80 96 21 52 
23 34 15 25 13 57 27 64 47 63 12 19 
20 9 58 68 56 14 70 21 4 20 55 24 
27 38 11 21 9 61 23 68 51 67 8 23 
9 20 29 39 27 43 41 50 33 49 26 5 
38 27 76 86 74 4 88 3 14 2 73 42 

82 5 46 29 39 3 8 30 35 73 2 78 
16 61 20 37 27 63 58 36 31 7 68 12 
26 51 10 27 17 53 48 26 21 17 58 22 
60 17 24 7 17 19 14 8 13 51 24 56 
60 17 24 7 17 19 14 8 13 51 24 56 
27 50 9 26 16 52 47 25 20 18 57 23 
9 86 45 62 52 88 83 61 56 18 93 13 
24 53 12 29 19 55 50 28 23 15 60 20 
67 10 31 14 24 12 7 15 20 58 17 63 
20 57 16 33 23 59 54 32 27 11 64 16 
38 39 2 15 5 41 36 14 9 29 46 34 
85 8 49 32 42 6 11 33 38 76 1 81 

53 58 59 29 76 6 59 64 12 74 84 20 
13 8 7 37 10 72 7 2 54 8 18 46 
3 2 3 27 20 62 3 8 44 18 28 36 
31 36 37 7 54 28 37 42 10 52 62 2 
31 36 37 7 54 28 37 42 10 52 62 2 
2 3 4 26 21 61 4 9 43 19 29 35 
38 33 32 62 15 97 32 27 79 17 7 71 
5 0 1 29 18 64 1 6 46 16 26 38 
38 43 44 14 61 21 44 49 3 59 69 5 
9 4 3 33 14 68 3 2 50 12 22 42 
9 14 15 15 32 50 15 20 32 30 40 24 
56 61 62 32 79 3 62 67 15 77 87 23 

24 29 40 0 76 1 60 42 1 64 41 70 
42 37 26 66 10 67 6 24 65 2 25 4 
32 27 16 56 20 57 4 14 55 8 15 14 
2 7 18 22 54 23 38 20 21 42 19 48 
2 7 18 22 54 23 38 20 21 42 19 48 
31 26 15 55 21 56 5 13 54 9 14 15 
67 62 51 91 15 92 31 49 90 27 50 21 
34 29 18 58 18 59 2 16 57 6 17 12 
9 14 25 15 61 16 45 27 14 49 26 55 
38 33 22 62 14 63 2 20 61 2 21 8 
20 15 4 44 32 45 16 2 43 20 3 26 
27 32 43 3 79 2 63 45 4 67 44 73 

44 47 64 5 84 39 48 78 91 54 13 56 
22 19 2 71 18 27 18 12 25 12 53 10 
12 9 8 61 28 17 8 22 35 2 43 0 
22 25 42 27 62 17 26 56 69 32 9 34 
22 25 42 27 62 17 26 56 69 32 9 34 
11 8 9 60 29 16 7 23 36 1 42 1 
47 44 27 96 7 52 43 13 0 37 78 35 
14 11 6 63 26 19 10 20 33 4 45 2 
29 32 49 20 69 24 33 63 76 39 2 41 
18 15 2 67 22 23 14 16 29 8 49 6 
0 3 20 49 40 5 4 34 47 10 31 12 
47 50 67 2 87 42 51 81 94 57 16 59 

43 33 2 56 85 46 42 78 6 59 57 75 
23 33 68 10 19 20 24 12 60 7 9 9 
13 23 58 0 29 10 14 22 50 3 1 19 
21 11 24 34 63 24 20 56 16 37 35 53 
21 11 24 34 63 24 20 56 16 37 35 53 
12 22 57 1 30 9 13 23 49 4 2 20 
48 58 93 35 6 45 49 13 85 32 34 16 
15 25 60 2 27 12 16 20 52 1 1 17 
28 18 17 41 70 31 27 63 9 44 42 60 
19 29 64 6 23 16 20 16 56 3 5 13 
1 11 46 12 41 2 2 34 38 15 13 31 
46 36 1 59 88 49 45 81 9 62 60 78 

9 2 47 57 45 25 59 32 15 31 44 13 
30 41 8 18 6 64 20 71 54 70 5 26 
40 29 78 88 76 6 90 1 16 0 75 44 
2 13 36 46 34 36 48 43 26 42 33 2 
14 3 52 62 50 20 64 27 10 26 49 18 
18 29 20 30 18 52 32 59 42 58 17 14 
8 19 30 40 28 42 42 49 32 48 27 4 
1 12 37 47 35 35 49 42 25 41 34 3 
25 36 13 23 11 59 25 66 49 65 10 21 
41 52 3 7 5 75 9 82 65 81 6 37 
33 22 71 81 69 1 83 8 9 7 68 37 
13 24 25 35 23 47 37 54 37 53 22 9 

56 21 20 3 13 23 18 4 9 47 28 52 
17 60 19 36 26 62 57 35 30 8 67 13 
87 10 51 34 44 8 13 35 40 78 3 83 
45 32 9 8 2 34 29 7 2 36 39 41 
61 16 25 8 18 18 13 9 14 52 23 57 
29 48 7 24 14 50 45 23 18 20 55 25 
39 38 3 14 4 40 35 13 8 30 45 35 
46 31 10 7 3 33 28 6 1 37 38 42 
22 55 14 31 21 57 52 30 25 13 62 18 
6 71 30 47 37 73 68 46 41 3 78 2 
80 3 44 27 37 1 6 28 33 71 4 76 
34 43 2 19 9 45 40 18 13 25 50 30 

27 32 33 3 50 32 33 38 14 48 58 6 
12 7 6 36 11 71 6 1 53 9 19 45 
58 63 64 34 81 1 64 69 17 79 89 25 
16 21 22 8 39 43 22 27 25 37 47 17 
32 37 38 8 55 27 38 43 9 53 63 1 
0 5 6 24 23 59 6 11 41 21 31 33 
10 15 16 14 33 49 16 21 31 31 41 23 
17 22 23 7 40 42 23 28 24 38 48 16 
7 2 1 31 16 66 1 4 48 14 24 40 
23 18 17 47 0 82 17 12 64 2 8 56 
51 56 57 27 74 8 57 62 10 72 82 18 
5 10 11 19 28 54 11 16 36 26 36 28 

2 3 14 26 50 27 34 16 25 38 15 44 
41 36 25 65 11 66 5 23 64 1 24 5 
29 34 45 5 81 4 65 47 6 69 46 75 
13 8 3 37 39 38 23 5 36 27 4 33 
3 8 19 21 55 22 39 21 20 43 20 49 
29 24 13 53 23 54 7 11 52 11 12 17 
19 14 3 43 33 44 17 1 42 21 2 27 
12 7 4 36 40 37 24 6 35 28 5 34 
36 31 20 60 16 61 0 18 59 4 19 10 
52 47 36 76 0 77 16 34 75 12 35 6 
22 27 38 2 74 3 58 40 1 62 39 68 
24 19 8 48 28 49 12 6 47 16 7 22 

18 21 38 31 58 13 22 52 65 28 13 30 
21 18 1 70 19 26 17 13 26 11 52 9 
49 52 69 0 89 44 53 83 96 59 18 61 
7 10 27 42 47 2 11 41 54 17 24 19 
23 26 43 26 63 18 27 57 70 33 8 35 
9 6 11 58 31 14 5 25 38 1 40 3 
1 4 21 48 41 4 5 35 48 11 30 13 
8 11 28 41 48 3 12 42 55 18 23 20 
16 13 4 65 24 21 12 18 31 6 47 4 
32 29 12 81 8 37 28 2 15 22 63 20 
42 45 62 7 82 37 46 76 89 52 11 54 
4 1 16 53 36 9 0 30 43 6 35 8 

17 7 28 30 59 20 16 52 20 33 31 49 
22 32 67 9 20 19 23 13 59 6 8 10 
48 38 3 61 90 51 47 83 11 64 62 80 
6 4 39 19 48 9 5 41 31 22 20 38 
22 12 23 35 64 25 21 57 15 38 36 54 
10 20 55 3 32 7 11 25 47 6 4 22 
0 10 45 13 42 3 1 35 37 16 14 32 
7 3 38 20 49 10 6 42 30 23 21 39 
17 27 62 4 25 14 18 18 54 1 3 15 
33 43 78 20 9 30 34 2 70 17 19 1 
41 31 4 54 83 44 40 76 4 57 55 73 
5 15 50 8 37 2 6 30 42 11 9 27 

47 30 11 6 4 32 27 5 0 38 37 43 
58 19 22 5 15 21 16 6 11 49 26 54 
9 68 27 44 34 70 65 43 38 0 75 5 
1 78 37 54 44 80 75 53 48 10 85 5 
11 66 25 42 32 68 63 41 36 2 73 7 
81 4 45 28 38 2 7 29 34 72 3 77 
3 80 39 56 46 82 77 55 50 12 87 7 
88 11 52 35 45 9 14 36 41 79 4 84 
71 6 35 18 28 8 3 19 24 62 13 67 
87 10 51 34 44 8 13 35 40 78 3 83 
12 65 24 41 31 67 62 40 35 3 72 8 
43 34 7 10 0 36 31 9 4 34 41 39 

18 23 24 6 41 41 24 29 23 39 49 15 
29 34 35 5 52 30 35 40 12 50 60 4 
20 15 14 44 3 79 14 9 61 1 11 53 
30 25 24 54 7 89 24 19 71 9 1 63 
18 13 12 42 5 77 12 7 59 3 13 51 
52 57 58 28 75 7 58 63 11 73 83 19 
32 27 26 56 9 91 26 21 73 11 1 65 
59 64 65 35 82 0 65 70 18 80 90 26 
42 47 48 18 65 17 48 53 1 63 73 9 
58 63 64 34 81 1 64 69 17 79 89 25 
17 12 11 41 6 76 11 6 58 4 14 50 
14 19 20 10 37 45 20 25 27 35 45 19 

11 6 5 35 41 36 25 7 34 29 6 35 
0 5 16 24 52 25 36 18 23 40 17 46 
49 44 33 73 3 74 13 31 72 9 32 3 
59 54 43 83 7 84 23 41 82 19 42 13 
47 42 31 71 5 72 11 29 70 7 30 1 
23 28 39 1 75 2 59 41 0 63 40 69 
61 56 45 85 9 86 25 43 84 21 44 15 
30 35 46 6 82 5 66 48 7 70 47 76 
13 18 29 11 65 12 49 31 10 53 30 59 
29 34 45 5 81 4 65 47 6 69 46 75 
46 41 30 70 6 71 10 28 69 6 29 0 
15 10 1 39 37 40 21 3 38 25 2 31 

9 12 29 40 49 4 13 43 56 19 22 21 
20 23 40 29 60 15 24 54 67 30 11 32 
29 26 9 78 11 34 25 5 18 19 60 17 
39 36 19 88 1 44 35 5 8 29 70 27 
27 24 7 76 13 32 23 7 20 17 58 15 
43 46 63 6 83 38 47 77 90 53 12 55 
41 38 21 90 1 46 37 7 6 31 72 29 
50 53 70 1 90 45 54 84 97 60 19 62 
33 36 53 16 73 28 37 67 80 43 2 45 
49 52 69 0 89 44 53 83 96 59 18 61 
26 23 6 75 14 31 22 8 21 16 57 14 
5 8 25 44 45 0 9 39 52 15 26 17 

8 2 37 21 50 11 7 43 29 24 22 40 
19 9 26 32 61 22 18 54 18 35 33 51 
30 40 75 17 12 27 31 5 67 14 16 2 
40 50 85 27 2 37 41 5 77 24 26 8 
28 38 73 15 14 25 29 7 65 12 14 4 
42 32 3 55 84 45 41 77 5 58 56 74 
42 52 87 29 0 39 43 7 79 26 28 10 
49 39 4 62 91 52 48 84 12 65 63 81 
32 22 13 45 74 35 31 67 5 48 46 64 
48 38 3 61 90 51 47 83 11 64 62 80 
27 37 72 14 15 24 28 8 64 11 13 5 
4 6 41 17 46 7 3 39 33 20 18 36 

29 24 23 53 6 88 23 18 70 8 2 62 
48 53 54 24 71 11 54 59 7 69 79 15 
7 12 13 17 30 52 13 18 34 28 38 26 
24 29 30 0 47 35 30 35 17 45 55 9 
14 19 20 10 37 45 20 25 27 35 45 19 
50 55 56 26 73 9 56 61 9 71 81 17 
45 50 51 21 68 14 51 56 4 66 76 12 
23 28 29 1 46 36 29 34 18 44 54 10 
18 23 24 6 41 41 24 29 23 39 49 15 
20 15 14 44 3 79 14 9 61 1 11 53 
55 60 61 31 78 4 61 66 14 76 86 22 
25 20 19 49 2 84 19 14 66 4 6 58 

58 53 42 82 6 83 22 40 81 18 41 12 
19 24 35 5 71 6 55 37 4 59 36 65 
22 17 6 46 30 47 14 4 45 18 5 24 
5 0 11 29 47 30 31 13 28 35 12 41 
15 10 1 39 37 40 21 3 38 25 2 31 
21 26 37 3 73 4 57 39 2 61 38 67 
16 21 32 8 68 9 52 34 7 56 33 62 
6 1 10 30 46 31 30 12 29 34 11 40 
11 6 5 35 41 36 25 7 34 29 6 35 
49 44 33 73 3 74 13 31 72 9 32 3 
26 31 42 2 78 1 62 44 3 66 43 72 
54 49 38 78 2 79 18 36 77 14 37 8 

38 35 18 87 2 43 34 4 9 28 69 26 
39 42 59 10 79 34 43 73 86 49 8 51 
2 1 18 51 38 7 2 32 45 8 33 10 
15 18 35 34 55 10 19 49 62 25 16 27 
5 8 25 44 45 0 9 39 52 15 26 17 
41 44 61 8 81 36 45 75 88 51 10 53 
36 39 56 13 76 31 40 70 83 46 5 48 
14 17 34 35 54 9 18 48 61 24 17 26 
9 12 29 40 49 4 13 43 56 19 22 21 
29 26 9 78 11 34 25 5 18 19 60 17 
46 49 66 3 86 41 50 80 93 56 15 58 
34 31 14 83 6 39 30 0 13 24 65 22 

39 49 84 26 3 36 40 4 76 23 25 7 
38 28 7 51 80 41 37 73 1 54 52 70 
3 13 48 10 39 0 4 32 40 13 11 29 
14 4 31 27 56 17 13 49 23 30 28 46 
4 6 41 17 46 7 3 39 33 20 18 36 
40 30 5 53 82 43 39 75 3 56 54 72 
35 25 10 48 77 38 34 70 2 51 49 67 
13 3 32 26 55 16 12 48 24 29 27 45 
8 2 37 21 50 11 7 43 29 24 22 40 
30 40 75 17 12 27 31 5 67 14 16 2 
45 35 0 58 87 48 44 80 8 61 59 77 
35 45 80 22 7 32 36 0 72 19 21 3 

29 24 13 53 23 54 7 11 52 11 12 17 
34 29 18 58 18 59 2 16 57 6 17 12 
35 30 19 59 17 60 1 17 58 5 18 11 
5 0 11 29 47 30 31 13 28 35 12 41 
52 47 36 76 0 77 16 34 75 12 35 6 
30 35 46 6 82 5 66 48 7 70 47 76 
35 30 19 59 17 60 1 17 58 5 18 11 
40 35 24 64 12 65 4 22 63 0 23 6 
12 17 28 12 64 13 48 30 11 52 29 58 
50 45 34 74 2 75 14 32 73 10 33 4 
60 55 44 84 8 85 24 42 83 20 43 14 
4 9 20 20 56 21 40 22 19 44 21 50 

9 6 11 58 31 14 5 25 38 1 40 3 
14 11 6 63 26 19 10 20 33 4 45 2 
15 12 5 64 25 20 11 19 32 5 46 3 
15 18 35 34 55 10 19 49 62 25 16 27 
32 29 12 81 8 37 28 2 15 22 63 20 
50 53 70 1 90 45 54 84 97 60 19 62 
15 12 5 64 25 20 11 19 32 5 46 3 
20 17 0 69 20 25 16 14 27 10 51 8 
32 35 52 17 72 27 36 66 79 42 1 44 
30 27 10 79 10 35 26 4 17 20 61 18 
40 37 20 89 0 45 36 6 7 30 71 28 
24 27 44 25 64 19 28 58 71 34 7 36 

10 20 55 3 32 7 11 25 47 6 4 22 
15 25 60 2 27 12 16 20 52 1 1 17 
16 26 61 3 26 13 17 19 53 0 2 16 
14 4 31 27 56 17 13 49 23 30 28 46 
33 43 78 20 9 30 34 2 70 17 19 1 
49 39 4 62 91 52 48 84 12 65 63 81 
16 26 61 3 26 13 17 19 53 0 2 16 
21 31 66 8 21 18 22 14 58 5 7 11 
31 21 14 44 73 34 30 66 6 47 45 63 
31 41 76 18 11 28 32 4 68 15 17 1 
41 51 86 28 1 38 42 6 78 25 27 9 
23 13 22 36 65 26 22 58 14 39 37 55 

20 23 40 29 60 15 24 54 67 30 11 32 
15 18 35 34 55 10 19 49 62 25 16 27 
4 7 24 45 44 1 8 38 51 14 27 16 
44 47 64 5 84 39 48 78 91 54 13 56 
32 29 12 81 8 37 28 2 15 22 63 20 
45 48 65 4 85 40 49 79 92 55 14 57 
16 13 4 65 24 21 12 18 31 6 47 4 
2 5 22 47 42 3 6 36 49 12 29 14 
43 46 63 6 83 38 47 77 90 53 12 55 
20 17 0 69 20 25 16 14 27 10 51 8 
3 6 23 46 43 2 7 37 50 13 28 15 
26 23 6 75 14 31 22 8 21 16 57 14 

19 9 26 32 61 22 18 54 18 35 33 51 
14 4 31 27 56 17 13 49 23 30 28 46 
3 7 42 16 45 6 2 38 34 19 17 35 
43 33 2 56 85 46 42 78 6 59 57 75 
33 43 78 20 9 30 34 2 70 17 19 1 
44 34 1 57 86 47 43 79 7 60 58 76 
17 27 62 4 25 14 18 18 54 1 3 15 
1 9 44 14 43 4 0 36 36 17 15 33 
42 32 3 55 84 45 41 77 5 58 56 74 
21 31 66 8 21 18 22 14 58 5 7 11 
2 8 43 15 44 5 1 37 35 18 16 34 
27 37 72 14 15 24 28 8 64 11 13 5 

1 11 46 12 41 2 2 34 38 15 13 31 
4 14 49 9 38 1 5 31 41 12 10 28 
21 31 66 8 21 18 22 14 58 5 7 11 
48 38 3 61 90 51 47 83 11 64 62 80 
41 51 86 28 1 38 42 6 78 25 27 9 
4 6 41 17 46 7 3 39 33 20 18 36 
5 15 50 8 37 2 6 30 42 11 9 27 
35 45 80 22 7 32 36 0 72 19 21 3 
48 58 93 35 6 45 49 13 85 32 34 16 
11 21 56 2 31 8 12 24 48 5 3 21 
30 20 15 43 72 33 29 65 7 46 44 62 
13 23 58 0 29 10 14 22 50 3 1 19 

