15 17 

28 15 34 23 21 4 44 29 18 45 50 3 6 3 15 
15 28 9 20 22 47 87 14 61 88 93 40 49 40 58 
43 30 49 38 36 11 29 44 3 30 35 18 9 18 0 
78 65 84 73 71 46 6 79 32 5 0 53 44 53 35 
46 33 52 41 39 14 26 47 0 27 32 21 12 21 3 
19 6 25 14 12 13 53 20 27 54 59 6 15 6 24 
0 13 6 5 7 32 72 1 46 73 78 25 34 25 43 
50 37 56 45 43 18 22 51 4 23 28 25 16 25 7 
55 42 61 50 48 23 17 56 9 18 23 30 21 30 12 
9 22 3 14 16 41 81 8 55 82 87 34 43 34 52 
58 45 64 53 51 26 14 59 12 15 20 33 24 33 15 
27 14 33 22 20 5 45 28 19 46 51 2 7 2 16 
80 67 86 75 73 48 8 81 34 7 2 55 46 55 37 
39 26 45 34 32 7 33 40 7 34 39 14 5 14 4 
72 59 78 67 65 40 0 73 26 1 6 47 38 47 29 

4 13 3 43 1 53 13 41 12 30 14 4 12 25 0 
47 30 40 0 42 96 56 84 55 73 57 39 31 18 43 
11 28 18 58 16 38 2 26 3 15 1 19 27 40 15 
46 63 53 93 51 3 37 9 38 20 36 54 62 75 50 
14 31 21 61 19 35 5 23 6 12 4 22 30 43 18 
13 4 6 34 8 62 22 50 21 39 23 5 3 16 9 
32 15 25 15 27 81 41 69 40 58 42 24 16 3 28 
18 35 25 65 23 31 9 19 10 8 8 26 34 47 22 
23 40 30 70 28 26 14 14 15 3 13 31 39 52 27 
41 24 34 6 36 90 50 78 49 67 51 33 25 12 37 
26 43 33 73 31 23 17 11 18 0 16 34 42 55 30 
5 12 2 42 0 54 14 42 13 31 15 3 11 24 1 
48 65 55 95 53 1 39 11 40 22 38 56 64 77 52 
7 24 14 54 12 42 2 30 1 19 3 15 23 36 11 
40 57 47 87 45 9 31 3 32 14 30 48 56 69 44 

11 34 18 10 11 3 3 15 31 27 23 1 6 28 21 
54 9 61 33 54 46 40 58 74 16 20 44 49 15 22 
4 49 3 25 4 12 18 0 16 42 38 14 9 43 36 
39 84 32 60 39 47 53 35 19 77 73 49 44 78 71 
7 52 0 28 7 15 21 3 13 45 41 17 12 46 39 
20 25 27 1 20 12 6 24 40 18 14 10 15 19 12 
39 6 46 18 39 31 25 43 59 1 5 29 34 0 7 
11 56 4 32 11 19 25 7 9 49 45 21 16 50 43 
16 61 9 37 16 24 30 12 4 54 50 26 21 55 48 
48 3 55 27 48 40 34 52 68 10 14 38 43 9 16 
19 64 12 40 19 27 33 15 1 57 53 29 24 58 51 
12 33 19 9 12 4 2 16 32 26 22 2 7 27 20 
41 86 34 62 41 49 55 37 21 79 75 51 46 80 73 
0 45 7 21 0 8 14 4 20 38 34 10 5 39 32 
33 78 26 54 33 41 47 29 13 71 67 43 38 72 65 

17 29 20 8 36 54 47 10 31 31 18 54 15 33 51 
26 14 23 51 79 97 90 53 12 74 25 97 58 76 94 
32 44 35 7 21 39 32 5 46 16 33 39 0 18 36 
67 79 70 42 14 4 3 40 81 19 68 4 35 17 1 
35 47 38 10 18 36 29 8 49 13 36 36 3 15 33 
8 20 11 17 45 63 56 19 22 40 9 63 24 42 60 
11 1 8 36 64 82 75 38 3 59 10 82 43 61 79 
39 51 42 14 14 32 25 12 53 9 40 32 7 11 29 
44 56 47 19 9 27 20 17 58 4 45 27 12 6 24 
20 8 17 45 73 91 84 47 6 68 19 91 52 70 88 
47 59 50 22 6 24 17 20 61 1 48 24 15 3 21 
16 28 19 9 37 55 48 11 30 32 17 55 16 34 52 
69 81 72 44 16 2 5 42 83 21 70 2 37 19 1 
28 40 31 3 25 43 36 1 42 20 29 43 4 22 40 
61 73 64 36 8 10 3 34 75 13 62 10 29 11 7 

39 42 39 11 27 30 15 43 30 19 27 11 2 18 11 
4 1 4 54 16 73 28 0 73 62 70 54 45 61 32 
54 57 54 4 42 15 30 58 15 4 12 4 13 3 26 
89 92 89 39 77 20 65 93 20 31 23 39 48 32 61 
57 60 57 7 45 12 33 61 12 1 9 7 16 0 29 
30 33 30 20 18 39 6 34 39 28 36 20 11 27 2 
11 14 11 39 1 58 13 15 58 47 55 39 30 46 17 
61 64 61 11 49 8 37 65 8 3 5 11 20 4 33 
66 69 66 16 54 3 42 70 3 8 0 16 25 9 38 
2 5 2 48 10 67 22 6 67 56 64 48 39 55 26 
69 72 69 19 57 0 45 73 0 11 3 19 28 12 41 
38 41 38 12 26 31 14 42 31 20 28 12 3 19 10 
91 94 91 41 79 22 67 95 22 33 25 41 50 34 63 
50 53 50 0 38 19 26 54 19 8 16 0 9 7 22 
83 86 83 33 71 14 59 87 14 25 17 33 42 26 55 

5 41 26 30 53 5 19 4 29 6 41 31 56 55 3 
38 84 17 73 96 48 24 47 72 49 2 12 99 98 40 
20 26 41 15 38 10 34 11 14 9 56 46 41 40 18 
55 9 76 20 3 45 69 46 21 44 91 81 6 5 53 
23 23 44 12 35 13 37 14 11 12 59 49 38 37 21 
4 50 17 39 62 14 10 13 38 15 32 22 65 64 6 
23 69 2 58 81 33 9 32 57 34 13 3 84 83 25 
27 19 48 8 31 17 41 18 7 16 63 53 34 33 25 
32 14 53 3 26 22 46 23 2 21 68 58 29 28 30 
32 78 11 67 90 42 18 41 66 43 4 6 93 92 34 
35 11 56 0 23 25 49 26 1 24 71 61 26 25 33 
4 42 25 31 54 6 18 5 30 7 40 30 57 56 2 
57 11 78 22 1 47 71 48 23 46 93 83 4 3 55 
16 30 37 19 42 6 30 7 18 5 52 42 45 44 14 
49 3 70 14 9 39 63 40 15 38 85 75 12 11 47 

50 6 27 4 46 27 34 13 34 53 39 25 39 5 17 
93 49 70 39 89 70 77 30 77 96 4 18 4 48 26 
35 9 12 19 31 12 19 28 19 38 54 40 54 10 32 
0 44 23 54 4 23 16 63 16 3 89 75 89 45 67 
32 12 9 22 28 9 16 31 16 35 57 43 57 13 35 
59 15 36 5 55 36 43 4 43 62 30 16 30 14 8 
78 34 55 24 74 55 62 15 62 81 11 3 11 33 11 
28 16 5 26 24 5 12 35 12 31 61 47 61 17 39 
23 21 0 31 19 0 7 40 7 26 66 52 66 22 44 
87 43 64 33 83 64 71 24 71 90 2 12 2 42 20 
20 24 3 34 16 3 4 43 4 23 69 55 69 25 47 
51 7 28 3 47 28 35 12 35 54 38 24 38 6 16 
2 46 25 56 6 25 18 65 18 1 91 77 91 47 69 
39 5 16 15 35 16 23 24 23 42 50 36 50 6 28 
6 38 17 48 2 17 10 57 10 9 83 69 83 39 61 

49 29 7 27 51 30 33 11 20 41 26 37 26 1 40 
92 72 50 16 94 73 10 32 23 84 17 6 17 42 83 
34 14 8 42 36 15 48 26 35 26 41 52 41 16 25 
1 21 43 77 1 20 83 61 70 9 76 87 76 51 10 
31 11 11 45 33 12 51 29 38 23 44 55 44 19 22 
58 38 16 18 60 39 24 2 11 50 17 28 17 8 49 
77 57 35 1 79 58 5 17 8 69 2 9 2 27 68 
27 7 15 49 29 8 55 33 42 19 48 59 48 23 18 
22 2 20 54 24 3 60 38 47 14 53 64 53 28 13 
86 66 44 10 88 67 4 26 17 78 11 0 11 36 77 
19 1 23 57 21 0 63 41 50 11 56 67 56 31 10 
50 30 8 26 52 31 32 10 19 42 25 36 25 0 41 
3 23 45 79 1 22 85 63 72 11 78 89 78 53 12 
38 18 4 38 40 19 44 22 31 30 37 48 37 12 29 
5 15 37 71 7 14 77 55 64 3 70 81 70 45 4 

31 39 19 32 22 34 39 14 37 7 20 27 10 13 45 
74 82 24 75 21 9 4 29 6 50 63 70 33 56 88 
16 24 34 17 37 49 54 29 52 8 5 12 25 2 30 
19 11 69 18 72 84 89 64 87 43 30 23 60 37 5 
13 21 37 14 40 52 57 32 55 11 2 9 28 5 27 
40 48 10 41 13 25 30 5 28 16 29 36 1 22 54 
59 67 9 60 6 6 11 14 9 35 48 55 18 41 73 
9 17 41 10 44 56 61 36 59 15 2 5 32 9 23 
4 12 46 5 49 61 66 41 64 20 7 0 37 14 18 
68 76 18 69 15 3 2 23 0 44 57 64 27 50 82 
1 9 49 2 52 64 69 44 67 23 10 3 40 17 15 
32 40 18 33 21 33 38 13 36 8 21 28 9 14 46 
21 13 71 20 74 86 91 66 89 45 32 25 62 39 7 
20 28 30 21 33 45 50 25 48 4 9 16 21 2 34 
13 5 63 12 66 78 83 58 81 37 24 17 54 31 1 

37 44 12 16 19 9 52 50 18 5 19 23 23 28 38 
6 87 31 59 62 52 95 93 61 48 62 20 66 15 81 
52 29 27 1 4 6 37 35 3 10 4 38 8 43 23 
87 6 62 34 31 41 2 0 32 45 31 73 27 78 12 
55 26 30 2 1 9 34 32 0 13 1 41 5 46 20 
28 53 3 25 28 18 61 59 27 14 28 14 32 19 47 
9 72 16 44 47 37 80 78 46 33 47 5 51 0 66 
59 22 34 6 3 13 30 28 4 17 3 45 1 50 16 
64 17 39 11 8 18 25 23 9 22 8 50 4 55 11 
0 81 25 53 56 46 89 87 55 42 56 14 60 9 75 
67 14 42 14 11 21 22 20 12 25 11 53 7 58 8 
36 45 11 17 20 10 53 51 19 6 20 22 24 27 39 
89 8 64 36 33 43 0 2 34 47 33 75 29 80 14 
48 33 23 5 8 2 41 39 7 6 8 34 12 39 27 
81 0 56 28 25 35 8 6 26 39 25 67 21 72 6 

4 14 39 15 29 5 4 9 13 8 17 46 26 2 31 
39 29 82 58 14 48 39 52 56 51 60 89 17 45 12 
19 29 24 0 44 10 19 6 2 7 2 31 41 13 46 
54 64 11 35 79 45 54 41 37 42 33 4 76 48 81 
22 32 21 3 47 13 22 9 5 10 1 28 44 16 49 
5 5 48 24 20 14 5 18 22 17 26 55 17 11 22 
24 14 67 43 1 33 24 37 41 36 45 74 2 30 3 
26 36 17 7 51 17 26 13 9 14 5 24 48 20 53 
31 41 12 12 56 22 31 18 14 19 10 19 53 25 58 
33 23 76 52 8 42 33 46 50 45 54 83 11 39 6 
34 44 9 15 59 25 34 21 17 22 13 16 56 28 61 
3 13 40 16 28 6 3 10 14 9 18 47 25 3 30 
56 66 13 37 81 47 56 43 39 44 35 6 78 50 83 
15 25 28 4 40 6 15 2 2 3 6 35 37 9 42 
48 58 5 29 73 39 48 35 31 36 27 2 70 42 75 

34 13 32 2 9 37 10 31 37 13 25 46 11 32 27 
77 30 11 45 52 80 33 74 80 56 68 89 54 11 16 
19 28 47 13 6 22 25 16 22 2 10 31 4 47 42 
16 63 82 48 41 13 60 19 13 37 25 4 39 82 77 
16 31 50 16 9 19 28 13 19 5 7 28 7 50 45 
43 4 23 11 18 46 1 40 46 22 34 55 20 23 18 
62 15 4 30 37 65 18 59 65 41 53 74 39 4 1 
12 35 54 20 13 15 32 9 15 9 3 24 11 54 49 
7 40 59 25 18 10 37 4 10 14 2 19 16 59 54 
71 24 5 39 46 74 27 68 74 50 62 83 48 5 10 
4 43 62 28 21 7 40 1 7 17 5 16 19 62 57 
35 12 31 3 10 38 9 32 38 14 26 47 12 31 26 
18 65 84 50 43 15 62 21 15 39 27 6 41 84 79 
23 24 43 9 2 26 21 20 26 2 14 35 0 43 38 
10 57 76 42 35 7 54 13 7 31 19 2 33 76 71 

38 22 33 11 23 6 30 2 43 27 7 1 19 29 36 
81 65 10 32 66 49 13 45 0 70 50 42 24 72 79 
23 7 48 26 8 9 45 13 58 12 8 16 34 14 21 
12 28 83 61 27 44 80 48 93 23 43 51 69 21 14 
20 4 51 29 5 12 48 16 61 9 11 19 37 11 18 
47 31 24 2 32 15 21 11 34 36 16 8 10 38 45 
66 50 5 17 51 34 2 30 15 55 35 27 9 57 64 
16 0 55 33 1 16 52 20 65 5 15 23 41 7 14 
11 5 60 38 4 21 57 25 70 0 20 28 46 2 9 
75 59 4 26 60 43 7 39 6 64 44 36 18 66 73 
8 8 63 41 7 24 60 28 73 3 23 31 49 1 6 
39 23 32 10 24 7 29 3 42 28 8 0 18 30 37 
14 30 85 63 29 46 82 50 95 25 45 53 71 23 16 
27 11 44 22 12 5 41 9 54 16 4 12 30 18 25 
6 22 77 55 21 38 74 42 87 17 37 45 63 15 8 

43 31 10 12 12 10 32 27 24 41 34 28 16 13 41 
0 74 53 31 31 33 11 70 67 2 9 71 27 30 2 
58 16 5 27 27 25 47 12 9 56 49 13 31 28 56 
93 19 40 62 62 60 82 23 26 91 84 22 66 63 91 
61 13 8 30 30 28 50 9 6 59 52 10 34 31 59 
34 40 19 3 3 1 23 36 33 32 25 37 7 4 32 
15 59 38 16 16 18 4 55 52 13 6 56 12 15 13 
65 9 12 34 34 32 54 5 2 63 56 6 38 35 63 
70 4 17 39 39 37 59 0 3 68 61 1 43 40 68 
6 68 47 25 25 27 5 64 61 4 3 65 21 24 4 
73 1 20 42 42 40 62 3 6 71 64 2 46 43 71 
42 32 11 11 11 9 31 28 25 40 33 29 15 12 40 
95 21 42 64 64 62 84 25 28 93 86 24 68 65 93 
54 20 1 23 23 21 43 16 13 52 45 17 27 24 52 
87 13 34 56 56 54 76 17 20 85 78 16 60 57 85 

29 44 28 51 12 14 14 21 42 47 4 42 30 19 19 
14 87 15 94 31 29 29 64 85 90 47 1 13 24 24 
44 29 43 36 27 29 29 6 27 32 11 57 45 34 34 
79 6 78 1 62 64 64 29 8 3 46 92 80 69 69 
47 26 46 33 30 32 32 3 24 29 14 60 48 37 37 
20 53 19 60 3 5 5 30 51 56 13 33 21 10 10 
1 72 0 79 16 14 14 49 70 75 32 14 2 9 9 
51 22 50 29 34 36 36 1 20 25 18 64 52 41 41 
56 17 55 24 39 41 41 6 15 20 23 69 57 46 46 
8 81 9 88 25 23 23 58 79 84 41 5 7 18 18 
59 14 58 21 42 44 44 9 12 17 26 72 60 49 49 
28 45 27 52 11 13 13 22 43 48 5 41 29 18 18 
81 8 80 1 64 66 66 31 10 5 48 94 82 71 71 
40 33 39 40 23 25 25 10 31 36 7 53 41 30 30 
73 0 72 7 56 58 58 23 2 3 40 86 74 63 63 

29 43 14 11 8 38 11 45 24 15 21 4 3 28 32 
72 86 57 32 51 81 54 88 19 28 64 39 40 15 75 
14 28 1 26 7 23 4 30 39 30 6 19 18 43 17 
21 7 36 61 42 12 39 5 74 65 29 54 53 78 18 
11 25 4 29 10 20 7 27 42 33 3 22 21 46 14 
38 52 23 2 17 47 20 54 15 6 30 5 6 19 41 
57 71 42 17 36 66 39 73 4 13 49 24 25 0 60 
7 21 8 33 14 16 11 23 46 37 1 26 25 50 10 
2 16 13 38 19 11 16 18 51 42 6 31 30 55 5 
66 80 51 26 45 75 48 82 13 22 58 33 34 9 69 
1 13 16 41 22 8 19 15 54 45 9 34 33 58 2 
30 44 15 10 9 39 12 46 23 14 22 3 2 27 33 
23 9 38 63 44 14 41 7 76 67 31 56 55 80 20 
18 32 3 22 3 27 0 34 35 26 10 15 14 39 21 
15 1 30 55 36 6 33 1 68 59 23 48 47 72 12 

32 15 25 15 27 81 41 69 40 58 42 24 16 3 28 
19 2 12 28 14 68 28 56 27 45 29 11 3 10 15 
38 21 31 9 33 87 47 75 46 64 48 30 22 9 34 
27 10 20 20 22 76 36 64 35 53 37 19 11 2 23 
25 8 18 22 20 74 34 62 33 51 35 17 9 4 21 
0 17 7 47 5 49 9 37 8 26 10 8 16 29 4 
40 57 47 87 45 9 31 3 32 14 30 48 56 69 44 
33 16 26 14 28 82 42 70 41 59 43 25 17 4 29 
14 31 21 61 19 35 5 23 6 12 4 22 30 43 18 
41 58 48 88 46 8 32 4 33 15 31 49 57 70 45 
46 63 53 93 51 3 37 9 38 20 36 54 62 75 50 
7 10 0 40 2 56 16 44 15 33 17 1 9 22 3 
2 19 9 49 7 47 7 35 6 24 8 10 18 31 6 
7 10 0 40 2 56 16 44 15 33 17 1 9 22 3 
11 28 18 58 16 38 2 26 3 15 1 19 27 40 15 

39 6 46 18 39 31 25 43 59 1 5 29 34 0 7 
26 19 33 5 26 18 12 30 46 12 8 16 21 13 6 
45 0 52 24 45 37 31 49 65 7 11 35 40 6 13 
34 11 41 13 34 26 20 38 54 4 0 24 29 5 2 
32 13 39 11 32 24 18 36 52 6 2 22 27 7 0 
7 38 14 14 7 1 7 11 27 31 27 3 2 32 25 
33 78 26 54 33 41 47 29 13 71 67 43 38 72 65 
40 5 47 19 40 32 26 44 60 2 6 30 35 1 8 
7 52 0 28 7 15 21 3 13 45 41 17 12 46 39 
34 79 27 55 34 42 48 30 14 72 68 44 39 73 66 
39 84 32 60 39 47 53 35 19 77 73 49 44 78 71 
14 31 21 7 14 6 0 18 34 24 20 4 9 25 18 
5 40 12 16 5 3 9 9 25 33 29 5 0 34 27 
14 31 21 7 14 6 0 18 34 24 20 4 9 25 18 
4 49 3 25 4 12 18 0 16 42 38 14 9 43 36 

11 1 8 36 64 82 75 38 3 59 10 82 43 61 79 
2 14 5 23 51 69 62 25 16 46 3 69 30 48 66 
17 5 14 42 70 88 81 44 3 65 16 88 49 67 85 
6 6 3 31 59 77 70 33 8 54 5 77 38 56 74 
4 8 1 29 57 75 68 31 10 52 3 75 36 54 72 
21 33 24 4 32 50 43 6 35 27 22 50 11 29 47 
61 73 64 36 8 10 3 34 75 13 62 10 29 11 7 
12 0 9 37 65 83 76 39 2 60 11 83 44 62 80 
35 47 38 10 18 36 29 8 49 13 36 36 3 15 33 
62 74 65 37 9 9 2 35 76 14 63 9 30 12 6 
67 79 70 42 14 4 3 40 81 19 68 4 35 17 1 
14 26 17 11 39 57 50 13 28 34 15 57 18 36 54 
23 35 26 2 30 48 41 4 37 25 24 48 9 27 45 
14 26 17 11 39 57 50 13 28 34 15 57 18 36 54 
32 44 35 7 21 39 32 5 46 16 33 39 0 18 36 

11 14 11 39 1 58 13 15 58 47 55 39 30 46 17 
24 27 24 26 12 45 0 28 45 34 42 26 17 33 4 
5 8 5 45 7 64 19 9 64 53 61 45 36 52 23 
16 19 16 34 4 53 8 20 53 42 50 34 25 41 12 
18 21 18 32 6 51 6 22 51 40 48 32 23 39 10 
43 46 43 7 31 26 19 47 26 15 23 7 2 14 15 
83 86 83 33 71 14 59 87 14 25 17 33 42 26 55 
10 13 10 40 2 59 14 14 59 48 56 40 31 47 18 
57 60 57 7 45 12 33 61 12 1 9 7 16 0 29 
84 87 84 34 72 15 60 88 15 26 18 34 43 27 56 
89 92 89 39 77 20 65 93 20 31 23 39 48 32 61 
36 39 36 14 24 33 12 40 33 22 30 14 5 21 8 
45 48 45 5 33 24 21 49 24 13 21 5 4 12 17 
36 39 36 14 24 33 12 40 33 22 30 14 5 21 8 
54 57 54 4 42 15 30 58 15 4 12 4 13 3 26 

23 69 2 58 81 33 9 32 57 34 13 3 84 83 25 
10 56 11 45 68 20 4 19 44 21 26 16 71 70 12 
29 75 8 64 87 39 15 38 63 40 7 3 90 89 31 
18 64 3 53 76 28 4 27 52 29 18 8 79 78 20 
16 62 5 51 74 26 2 25 50 27 20 10 77 76 18 
9 37 30 26 49 1 23 0 25 2 45 35 52 51 7 
49 3 70 14 9 39 63 40 15 38 85 75 12 11 47 
24 70 3 59 82 34 10 33 58 35 12 2 85 84 26 
23 23 44 12 35 13 37 14 11 12 59 49 38 37 21 
50 4 71 15 8 40 64 41 16 39 86 76 11 10 48 
55 9 76 20 3 45 69 46 21 44 91 81 6 5 53 
2 44 23 33 56 8 16 7 32 9 38 28 59 58 0 
11 35 32 24 47 1 25 2 23 0 47 37 50 49 9 
2 44 23 33 56 8 16 7 32 9 38 28 59 58 0 
20 26 41 15 38 10 34 11 14 9 56 46 41 40 18 

78 34 55 24 74 55 62 15 62 81 11 3 11 33 11 
65 21 42 11 61 42 49 2 49 68 24 10 24 20 2 
84 40 61 30 80 61 68 21 68 87 5 9 5 39 17 
73 29 50 19 69 50 57 10 57 76 16 2 16 28 6 
71 27 48 17 67 48 55 8 55 74 18 4 18 26 4 
46 2 23 8 42 23 30 17 30 49 43 29 43 1 21 
6 38 17 48 2 17 10 57 10 9 83 69 83 39 61 
79 35 56 25 75 56 63 16 63 82 10 4 10 34 12 
32 12 9 22 28 9 16 31 16 35 57 43 57 13 35 
5 39 18 49 1 18 11 58 11 8 84 70 84 40 62 
0 44 23 54 4 23 16 63 16 3 89 75 89 45 67 
53 9 30 1 49 30 37 10 37 56 36 22 36 8 14 
44 0 21 10 40 21 28 19 28 47 45 31 45 1 23 
53 9 30 1 49 30 37 10 37 56 36 22 36 8 14 
35 9 12 19 31 12 19 28 19 38 54 40 54 10 32 

77 57 35 1 79 58 5 17 8 69 2 9 2 27 68 
64 44 22 12 66 45 18 4 5 56 11 22 11 14 55 
83 63 41 7 85 64 1 23 14 75 8 3 8 33 74 
72 52 30 4 74 53 10 12 3 64 3 14 3 22 63 
70 50 28 6 72 51 12 10 1 62 5 16 5 20 61 
45 25 3 31 47 26 37 15 24 37 30 41 30 5 36 
5 15 37 71 7 14 77 55 64 3 70 81 70 45 4 
78 58 36 2 80 59 4 18 9 70 3 8 3 28 69 
31 11 11 45 33 12 51 29 38 23 44 55 44 19 22 
4 16 38 72 6 15 78 56 65 4 71 82 71 46 5 
1 21 43 77 1 20 83 61 70 9 76 87 76 51 10 
52 32 10 24 54 33 30 8 17 44 23 34 23 2 43 
43 23 1 33 45 24 39 17 26 35 32 43 32 7 34 
52 32 10 24 54 33 30 8 17 44 23 34 23 2 43 
34 14 8 42 36 15 48 26 35 26 41 52 41 16 25 

59 67 9 60 6 6 11 14 9 35 48 55 18 41 73 
46 54 4 47 7 19 24 1 22 22 35 42 5 28 60 
65 73 15 66 12 0 5 20 3 41 54 61 24 47 79 
54 62 4 55 1 11 16 9 14 30 43 50 13 36 68 
52 60 2 53 1 13 18 7 16 28 41 48 11 34 66 
27 35 23 28 26 38 43 18 41 3 16 23 14 9 41 
13 5 63 12 66 78 83 58 81 37 24 17 54 31 1 
60 68 10 61 7 5 10 15 8 36 49 56 19 42 74 
13 21 37 14 40 52 57 32 55 11 2 9 28 5 27 
14 6 64 13 67 79 84 59 82 38 25 18 55 32 0 
19 11 69 18 72 84 89 64 87 43 30 23 60 37 5 
34 42 16 35 19 31 36 11 34 10 23 30 7 16 48 
25 33 25 26 28 40 45 20 43 1 14 21 16 7 39 
34 42 16 35 19 31 36 11 34 10 23 30 7 16 48 
16 24 34 17 37 49 54 29 52 8 5 12 25 2 30 

9 72 16 44 47 37 80 78 46 33 47 5 51 0 66 
22 59 3 31 34 24 67 65 33 20 34 8 38 13 53 
3 78 22 50 53 43 86 84 52 39 53 11 57 6 72 
14 67 11 39 42 32 75 73 41 28 42 0 46 5 61 
16 65 9 37 40 30 73 71 39 26 40 2 44 7 59 
41 40 16 12 15 5 48 46 14 1 15 27 19 32 34 
81 0 56 28 25 35 8 6 26 39 25 67 21 72 6 
8 73 17 45 48 38 81 79 47 34 48 6 52 1 67 
55 26 30 2 1 9 34 32 0 13 1 41 5 46 20 
82 1 57 29 26 36 7 5 27 40 26 68 22 73 7 
87 6 62 34 31 41 2 0 32 45 31 73 27 78 12 
34 47 9 19 22 12 55 53 21 8 22 20 26 25 41 
43 38 18 10 13 3 46 44 12 1 13 29 17 34 32 
34 47 9 19 22 12 55 53 21 8 22 20 26 25 41 
52 29 27 1 4 6 37 35 3 10 4 38 8 43 23 

24 14 67 43 1 33 24 37 41 36 45 74 2 30 3 
11 1 54 30 14 20 11 24 28 23 32 61 11 17 16 
30 20 73 49 5 39 30 43 47 42 51 80 8 36 3 
19 9 62 38 6 28 19 32 36 31 40 69 3 25 8 
17 7 60 36 8 26 17 30 34 29 38 67 5 23 10 
8 18 35 11 33 1 8 5 9 4 13 42 30 2 35 
48 58 5 29 73 39 48 35 31 36 27 2 70 42 75 
25 15 68 44 0 34 25 38 42 37 46 75 3 31 2 
22 32 21 3 47 13 22 9 5 10 1 28 44 16 49 
49 59 6 30 74 40 49 36 32 37 28 1 71 43 76 
54 64 11 35 79 45 54 41 37 42 33 4 76 48 81 
1 11 42 18 26 8 1 12 16 11 20 49 23 5 28 
10 20 33 9 35 1 10 3 7 2 11 40 32 4 37 
1 11 42 18 26 8 1 12 16 11 20 49 23 5 28 
19 29 24 0 44 10 19 6 2 7 2 31 41 13 46 

62 15 4 30 37 65 18 59 65 41 53 74 39 4 1 
49 2 17 17 24 52 5 46 52 28 40 61 26 17 12 
68 21 2 36 43 71 24 65 71 47 59 80 45 2 7 
57 10 9 25 32 60 13 54 60 36 48 69 34 9 4 
55 8 11 23 30 58 11 52 58 34 46 67 32 11 6 
30 17 36 2 5 33 14 27 33 9 21 42 7 36 31 
10 57 76 42 35 7 54 13 7 31 19 2 33 76 71 
63 16 3 31 38 66 19 60 66 42 54 75 40 3 2 
16 31 50 16 9 19 28 13 19 5 7 28 7 50 45 
11 58 77 43 36 8 55 14 8 32 20 1 34 77 72 
16 63 82 48 41 13 60 19 13 37 25 4 39 82 77 
37 10 29 5 12 40 7 34 40 16 28 49 14 29 24 
28 19 38 4 3 31 16 25 31 7 19 40 5 38 33 
37 10 29 5 12 40 7 34 40 16 28 49 14 29 24 
19 28 47 13 6 22 25 16 22 2 10 31 4 47 42 

66 50 5 17 51 34 2 30 15 55 35 27 9 57 64 
53 37 18 4 38 21 15 17 28 42 22 14 4 44 51 
72 56 1 23 57 40 4 36 9 61 41 33 15 63 70 
61 45 10 12 46 29 7 25 20 50 30 22 4 52 59 
59 43 12 10 44 27 9 23 22 48 28 20 2 50 57 
34 18 37 15 19 2 34 2 47 23 3 5 23 25 32 
6 22 77 55 21 38 74 42 87 17 37 45 63 15 8 
67 51 4 18 52 35 1 31 14 56 36 28 10 58 65 
20 4 51 29 5 12 48 16 61 9 11 19 37 11 18 
7 23 78 56 22 39 75 43 88 18 38 46 64 16 9 
12 28 83 61 27 44 80 48 93 23 43 51 69 21 14 
41 25 30 8 26 9 27 5 40 30 10 2 16 32 39 
32 16 39 17 17 0 36 4 49 21 1 7 25 23 30 
41 25 30 8 26 9 27 5 40 30 10 2 16 32 39 
23 7 48 26 8 9 45 13 58 12 8 16 34 14 21 

15 59 38 16 16 18 4 55 52 13 6 56 12 15 13 
28 46 25 3 3 5 17 42 39 26 19 43 1 2 26 
9 65 44 22 22 24 2 61 58 7 0 62 18 21 7 
20 54 33 11 11 13 9 50 47 18 11 51 7 10 18 
22 52 31 9 9 11 11 48 45 20 13 49 5 8 20 
47 27 6 16 16 14 36 23 20 45 38 24 20 17 45 
87 13 34 56 56 54 76 17 20 85 78 16 60 57 85 
14 60 39 17 17 19 3 56 53 12 5 57 13 16 12 
61 13 8 30 30 28 50 9 6 59 52 10 34 31 59 
88 14 35 57 57 55 77 18 21 86 79 17 61 58 86 
93 19 40 62 62 60 82 23 26 91 84 22 66 63 91 
40 34 13 9 9 7 29 30 27 38 31 31 13 10 38 
49 25 4 18 18 16 38 21 18 47 40 22 22 19 47 
40 34 13 9 9 7 29 30 27 38 31 31 13 10 38 
58 16 5 27 27 25 47 12 9 56 49 13 31 28 56 

1 72 0 79 16 14 14 49 70 75 32 14 2 9 9 
14 59 13 66 3 1 1 36 57 62 19 27 15 4 4 
5 78 6 85 22 20 20 55 76 81 38 8 4 15 15 
6 67 5 74 11 9 9 44 65 70 27 19 7 4 4 
8 65 7 72 9 7 7 42 63 68 25 21 9 2 2 
33 40 32 47 16 18 18 17 38 43 0 46 34 23 23 
73 0 72 7 56 58 58 23 2 3 40 86 74 63 63 
0 73 1 80 17 15 15 50 71 76 33 13 1 10 10 
47 26 46 33 30 32 32 3 24 29 14 60 48 37 37 
74 1 73 6 57 59 59 24 3 2 41 87 75 64 64 
79 6 78 1 62 64 64 29 8 3 46 92 80 69 69 
26 47 25 54 9 11 11 24 45 50 7 39 27 16 16 
35 38 34 45 18 20 20 15 36 41 2 48 36 25 25 
26 47 25 54 9 11 11 24 45 50 7 39 27 16 16 
44 29 43 36 27 29 29 6 27 32 11 57 45 34 34 

57 71 42 17 36 66 39 73 4 13 49 24 25 0 60 
44 58 29 4 23 53 26 60 9 0 36 11 12 13 47 
63 77 48 23 42 72 45 79 10 19 55 30 31 6 66 
52 66 37 12 31 61 34 68 1 8 44 19 20 5 55 
50 64 35 10 29 59 32 66 3 6 42 17 18 7 53 
25 39 10 15 4 34 7 41 28 19 17 8 7 32 28 
15 1 30 55 36 6 33 1 68 59 23 48 47 72 12 
58 72 43 18 37 67 40 74 5 14 50 25 26 1 61 
11 25 4 29 10 20 7 27 42 33 3 22 21 46 14 
16 2 31 56 37 7 34 0 69 60 24 49 48 73 13 
21 7 36 61 42 12 39 5 74 65 29 54 53 78 18 
32 46 17 8 11 41 14 48 21 12 24 1 0 25 35 
23 37 8 17 2 32 5 39 30 21 15 10 9 34 26 
32 46 17 8 11 41 14 48 21 12 24 1 0 25 35 
14 28 1 26 7 23 4 30 39 30 6 19 18 43 17 

7 38 14 14 7 1 7 11 27 31 27 3 2 32 25 
24 21 31 3 24 16 10 28 44 14 10 14 19 15 8 
14 31 21 7 14 6 0 18 34 24 20 4 9 25 18 
54 9 61 33 54 46 40 58 74 16 20 44 49 15 22 
12 33 19 9 12 4 2 16 32 26 22 2 7 27 20 
42 87 35 63 42 50 56 38 22 80 76 52 47 81 74 
2 47 5 23 2 10 16 2 18 40 36 12 7 41 34 
30 75 23 51 30 38 44 26 10 68 64 40 35 69 62 
1 46 6 22 1 9 15 3 19 39 35 11 6 40 33 
19 64 12 40 19 27 33 15 1 57 53 29 24 58 51 
3 48 4 24 3 11 17 1 17 41 37 13 8 42 35 
15 30 22 6 15 7 1 19 35 23 19 5 10 24 17 
23 22 30 2 23 15 9 27 43 15 11 13 18 16 9 
36 9 43 15 36 28 22 40 56 2 2 26 31 3 4 
11 34 18 10 11 3 3 15 31 27 23 1 6 28 21 

21 33 24 4 32 50 43 6 35 27 22 50 11 29 47 
4 16 7 21 49 67 60 23 18 44 5 67 28 46 64 
14 26 17 11 39 57 50 13 28 34 15 57 18 36 54 
26 14 23 51 79 97 90 53 12 74 25 97 58 76 94 
16 28 19 9 37 55 48 11 30 32 17 55 16 34 52 
70 82 73 45 17 1 6 43 84 22 71 1 38 20 2 
30 42 33 5 23 41 34 3 44 18 31 41 2 20 38 
58 70 61 33 5 13 6 31 72 10 59 13 26 8 10 
29 41 32 4 24 42 35 2 43 19 30 42 3 21 39 
47 59 50 22 6 24 17 20 61 1 48 24 15 3 21 
31 43 34 6 22 40 33 4 45 17 32 40 1 19 37 
13 25 16 12 40 58 51 14 27 35 14 58 19 37 55 
5 17 8 20 48 66 59 22 19 43 6 66 27 45 63 
8 4 5 33 61 79 72 35 6 56 7 79 40 58 76 
17 29 20 8 36 54 47 10 31 31 18 54 15 33 51 

43 46 43 7 31 26 19 47 26 15 23 7 2 14 15 
26 29 26 24 14 43 2 30 43 32 40 24 15 31 2 
36 39 36 14 24 33 12 40 33 22 30 14 5 21 8 
4 1 4 54 16 73 28 0 73 62 70 54 45 61 32 
38 41 38 12 26 31 14 42 31 20 28 12 3 19 10 
92 95 92 42 80 23 68 96 23 34 26 42 51 35 64 
52 55 52 2 40 17 28 56 17 6 14 2 11 5 24 
80 83 80 30 68 11 56 84 11 22 14 30 39 23 52 
51 54 51 1 39 18 27 55 18 7 15 1 10 6 23 
69 72 69 19 57 0 45 73 0 11 3 19 28 12 41 
53 56 53 3 41 16 29 57 16 5 13 3 12 4 25 
35 38 35 15 23 34 11 39 34 23 31 15 6 22 7 
27 30 27 23 15 42 3 31 42 31 39 23 14 30 1 
14 17 14 36 2 55 10 18 55 44 52 36 27 43 14 
39 42 39 11 27 30 15 43 30 19 27 11 2 18 11 

9 37 30 26 49 1 23 0 25 2 45 35 52 51 7 
8 54 13 43 66 18 6 17 42 19 28 18 69 68 10 
2 44 23 33 56 8 16 7 32 9 38 28 59 58 0 
38 84 17 73 96 48 24 47 72 49 2 12 99 98 40 
4 42 25 31 54 6 18 5 30 7 40 30 57 56 2 
58 12 79 23 0 48 72 49 24 47 94 84 3 2 56 
18 28 39 17 40 8 32 9 16 7 54 44 43 42 16 
46 0 67 11 12 36 60 37 12 35 82 72 15 14 44 
17 29 38 18 41 7 31 8 17 6 53 43 44 43 15 
35 11 56 0 23 25 49 26 1 24 71 61 26 25 33 
19 27 40 16 39 9 33 10 15 8 55 45 42 41 17 
1 45 22 34 57 9 15 8 33 10 37 27 60 59 1 
7 53 14 42 65 17 7 16 41 18 29 19 68 67 9 
20 66 1 55 78 30 6 29 54 31 16 6 81 80 22 
5 41 26 30 53 5 19 4 29 6 41 31 56 55 3 

46 2 23 8 42 23 30 17 30 49 43 29 43 1 21 
63 19 40 9 59 40 47 0 47 66 26 12 26 18 4 
53 9 30 1 49 30 37 10 37 56 36 22 36 8 14 
93 49 70 39 89 70 77 30 77 96 4 18 4 48 26 
51 7 28 3 47 28 35 12 35 54 38 24 38 6 16 
3 47 26 57 7 26 19 66 19 0 92 78 92 48 70 
37 7 14 17 33 14 21 26 21 40 52 38 52 8 30 
9 35 14 45 5 14 7 54 7 12 80 66 80 36 58 
38 6 15 16 34 15 22 25 22 41 51 37 51 7 29 
20 24 3 34 16 3 4 43 4 23 69 55 69 25 47 
36 8 13 18 32 13 20 27 20 39 53 39 53 9 31 
54 10 31 0 50 31 38 9 38 57 35 21 35 9 13 
62 18 39 8 58 39 46 1 46 65 27 13 27 17 5 
75 31 52 21 71 52 59 12 59 78 14 0 14 30 8 
50 6 27 4 46 27 34 13 34 53 39 25 39 5 17 

45 25 3 31 47 26 37 15 24 37 30 41 30 5 36 
62 42 20 14 64 43 20 2 7 54 13 24 13 12 53 
52 32 10 24 54 33 30 8 17 44 23 34 23 2 43 
92 72 50 16 94 73 10 32 23 84 17 6 17 42 83 
50 30 8 26 52 31 32 10 19 42 25 36 25 0 41 
4 24 46 80 2 23 86 64 73 12 79 90 79 54 13 
36 16 6 40 38 17 46 24 33 28 39 50 39 14 27 
8 12 34 68 10 11 74 52 61 0 67 78 67 42 1 
37 17 5 39 39 18 45 23 32 29 38 49 38 13 28 
19 1 23 57 21 0 63 41 50 11 56 67 56 31 10 
35 15 7 41 37 16 47 25 34 27 40 51 40 15 26 
53 33 11 23 55 34 29 7 16 45 22 33 22 3 44 
61 41 19 15 63 42 21 1 8 53 14 25 14 11 52 
74 54 32 2 76 55 8 14 5 66 1 12 1 24 65 
49 29 7 27 51 30 33 11 20 41 26 37 26 1 40 

27 35 23 28 26 38 43 18 41 3 16 23 14 9 41 
44 52 6 45 9 21 26 1 24 20 33 40 3 26 58 
34 42 16 35 19 31 36 11 34 10 23 30 7 16 48 
74 82 24 75 21 9 4 29 6 50 63 70 33 56 88 
32 40 18 33 21 33 38 13 36 8 21 28 9 14 46 
22 14 72 21 75 87 92 67 90 46 33 26 63 40 8 
18 26 32 19 35 47 52 27 50 6 7 14 23 0 32 
10 2 60 9 63 75 80 55 78 34 21 14 51 28 4 
19 27 31 20 34 46 51 26 49 5 8 15 22 1 33 
1 9 49 2 52 64 69 44 67 23 10 3 40 17 15 
17 25 33 18 36 48 53 28 51 7 6 13 24 1 31 
35 43 15 36 18 30 35 10 33 11 24 31 6 17 49 
43 51 7 44 10 22 27 2 25 19 32 39 2 25 57 
56 64 6 57 3 9 14 11 12 32 45 52 15 38 70 
31 39 19 32 22 34 39 14 37 7 20 27 10 13 45 

41 40 16 12 15 5 48 46 14 1 15 27 19 32 34 
24 57 1 29 32 22 65 63 31 18 32 10 36 15 51 
34 47 9 19 22 12 55 53 21 8 22 20 26 25 41 
6 87 31 59 62 52 95 93 61 48 62 20 66 15 81 
36 45 11 17 20 10 53 51 19 6 20 22 24 27 39 
90 9 65 37 34 44 1 3 35 48 34 76 30 81 15 
50 31 25 3 6 4 39 37 5 8 6 36 10 41 25 
78 3 53 25 22 32 11 9 23 36 22 64 18 69 3 
49 32 24 4 7 3 40 38 6 7 7 35 11 40 26 
67 14 42 14 11 21 22 20 12 25 11 53 7 58 8 
51 30 26 2 5 5 38 36 4 9 5 37 9 42 24 
33 48 8 20 23 13 56 54 22 9 23 19 27 24 42 
25 56 0 28 31 21 64 62 30 17 31 11 35 16 50 
12 69 13 41 44 34 77 75 43 30 44 2 48 3 63 
37 44 12 16 19 9 52 50 18 5 19 23 23 28 38 

8 18 35 11 33 1 8 5 9 4 13 42 30 2 35 
9 1 52 28 16 18 9 22 26 21 30 59 13 15 18 
1 11 42 18 26 8 1 12 16 11 20 49 23 5 28 
39 29 82 58 14 48 39 52 56 51 60 89 17 45 12 
3 13 40 16 28 6 3 10 14 9 18 47 25 3 30 
57 67 14 38 82 48 57 44 40 45 36 7 79 51 84 
17 27 26 2 42 8 17 4 0 5 4 33 39 11 44 
45 55 2 26 70 36 45 32 28 33 24 5 67 39 72 
16 26 27 3 41 7 16 3 1 4 5 34 38 10 43 
34 44 9 15 59 25 34 21 17 22 13 16 56 28 61 
18 28 25 1 43 9 18 5 1 6 3 32 40 12 45 
0 10 43 19 25 9 0 13 17 12 21 50 22 6 27 
8 2 51 27 17 17 8 21 25 20 29 58 14 14 19 
21 11 64 40 4 30 21 34 38 33 42 71 1 27 6 
4 14 39 15 29 5 4 9 13 8 17 46 26 2 31 

30 17 36 2 5 33 14 27 33 9 21 42 7 36 31 
47 0 19 15 22 50 3 44 50 26 38 59 24 19 14 
37 10 29 5 12 40 7 34 40 16 28 49 14 29 24 
77 30 11 45 52 80 33 74 80 56 68 89 54 11 16 
35 12 31 3 10 38 9 32 38 14 26 47 12 31 26 
19 66 85 51 44 16 63 22 16 40 28 7 42 85 80 
21 26 45 11 4 24 23 18 24 0 12 33 2 45 40 
7 54 73 39 32 4 51 10 4 28 16 5 30 73 68 
22 25 44 10 3 25 22 19 25 1 13 34 1 44 39 
4 43 62 28 21 7 40 1 7 17 5 16 19 62 57 
20 27 46 12 5 23 24 17 23 1 11 32 3 46 41 
38 9 28 6 13 41 6 35 41 17 29 50 15 28 23 
46 1 20 14 21 49 2 43 49 25 37 58 23 20 15 
59 12 7 27 34 62 15 56 62 38 50 71 36 7 2 
34 13 32 2 9 37 10 31 37 13 25 46 11 32 27 

34 18 37 15 19 2 34 2 47 23 3 5 23 25 32 
51 35 20 2 36 19 17 15 30 40 20 12 6 42 49 
41 25 30 8 26 9 27 5 40 30 10 2 16 32 39 
81 65 10 32 66 49 13 45 0 70 50 42 24 72 79 
39 23 32 10 24 7 29 3 42 28 8 0 18 30 37 
15 31 86 64 30 47 83 51 96 26 46 54 72 24 17 
25 9 46 24 10 7 43 11 56 14 6 14 32 16 23 
3 19 74 52 18 35 71 39 84 14 34 42 60 12 5 
26 10 45 23 11 6 42 10 55 15 5 13 31 17 24 
8 8 63 41 7 24 60 28 73 3 23 31 49 1 6 
24 8 47 25 9 8 44 12 57 13 7 15 33 15 22 
42 26 29 7 27 10 26 6 39 31 11 3 15 33 40 
50 34 21 1 35 18 18 14 31 39 19 11 7 41 48 
63 47 8 14 48 31 5 27 18 52 32 24 6 54 61 
38 22 33 11 23 6 30 2 43 27 7 1 19 29 36 

47 27 6 16 16 14 36 23 20 45 38 24 20 17 45 
30 44 23 1 1 3 19 40 37 28 21 41 3 0 28 
40 34 13 9 9 7 29 30 27 38 31 31 13 10 38 
0 74 53 31 31 33 11 70 67 2 9 71 27 30 2 
42 32 11 11 11 9 31 28 25 40 33 29 15 12 40 
96 22 43 65 65 63 85 26 29 94 87 25 69 66 94 
56 18 3 25 25 23 45 14 11 54 47 15 29 26 54 
84 10 31 53 53 51 73 14 17 82 75 13 57 54 82 
55 19 2 24 24 22 44 15 12 53 46 16 28 25 53 
73 1 20 42 42 40 62 3 6 71 64 2 46 43 71 
57 17 4 26 26 24 46 13 10 55 48 14 30 27 55 
39 35 14 8 8 6 28 31 28 37 30 32 12 9 37 
31 43 22 0 0 2 20 39 36 29 22 40 4 1 29 
18 56 35 13 13 15 7 52 49 16 9 53 9 12 16 
43 31 10 12 12 10 32 27 24 41 34 28 16 13 41 

33 40 32 47 16 18 18 17 38 43 0 46 34 23 23 
16 57 15 64 1 1 1 34 55 60 17 29 17 6 6 
26 47 25 54 9 11 11 24 45 50 7 39 27 16 16 
14 87 15 94 31 29 29 64 85 90 47 1 13 24 24 
28 45 27 52 11 13 13 22 43 48 5 41 29 18 18 
82 9 81 2 65 67 67 32 11 6 49 95 83 72 72 
42 31 41 38 25 27 27 8 29 34 9 55 43 32 32 
70 3 69 10 53 55 55 20 1 6 37 83 71 60 60 
41 32 40 39 24 26 26 9 30 35 8 54 42 31 31 
59 14 58 21 42 44 44 9 12 17 26 72 60 49 49 
43 30 42 37 26 28 28 7 28 33 10 56 44 33 33 
25 48 24 55 8 10 10 25 46 51 8 38 26 15 15 
17 56 16 63 0 2 2 33 54 59 16 30 18 7 7 
4 69 3 76 13 11 11 46 67 72 29 17 5 6 6 
29 44 28 51 12 14 14 21 42 47 4 42 30 19 19 

25 39 10 15 4 34 7 41 28 19 17 8 7 32 28 
42 56 27 2 21 51 24 58 11 2 34 9 10 15 45 
32 46 17 8 11 41 14 48 21 12 24 1 0 25 35 
72 86 57 32 51 81 54 88 19 28 64 39 40 15 75 
30 44 15 10 9 39 12 46 23 14 22 3 2 27 33 
24 10 39 64 45 15 42 8 77 68 32 57 56 81 21 
16 30 1 24 5 25 2 32 37 28 8 17 16 41 19 
12 2 27 52 33 3 30 4 65 56 20 45 44 69 9 
17 31 2 23 4 26 1 33 36 27 9 16 15 40 20 
1 13 16 41 22 8 19 15 54 45 9 34 33 58 2 
15 29 0 25 6 24 3 31 38 29 7 18 17 42 18 
33 47 18 7 12 42 15 49 20 11 25 0 1 24 36 
41 55 26 1 20 50 23 57 12 3 33 8 9 16 44 
54 68 39 14 33 63 36 70 1 10 46 21 22 3 57 
29 43 14 11 8 38 11 45 24 15 21 4 3 28 32 

28 40 31 3 25 43 36 1 42 20 29 43 4 22 40 
17 5 14 42 70 88 81 44 3 65 16 88 49 67 85 
35 47 38 10 18 36 29 8 49 13 36 36 3 15 33 
7 19 10 18 46 64 57 20 21 41 8 64 25 43 61 
28 40 31 3 25 43 36 1 42 20 29 43 4 22 40 
20 32 23 5 33 51 44 7 34 28 21 51 12 30 48 
14 26 17 11 39 57 50 13 28 34 15 57 18 36 54 
32 44 35 7 21 39 32 5 46 16 33 39 0 18 36 
48 60 51 23 5 23 16 21 62 0 49 23 16 2 20 
10 2 7 35 63 81 74 37 4 58 9 81 42 60 78 
6 6 3 31 59 77 70 33 8 54 5 77 38 56 74 
18 30 21 7 35 53 46 9 32 30 19 53 14 32 50 
23 35 26 2 30 48 41 4 37 25 24 48 9 27 45 
11 1 8 36 64 82 75 38 3 59 10 82 43 61 79 
4 8 1 29 57 75 68 31 10 52 3 75 36 54 72 

50 53 50 0 38 19 26 54 19 8 16 0 9 7 22 
5 8 5 45 7 64 19 9 64 53 61 45 36 52 23 
57 60 57 7 45 12 33 61 12 1 9 7 16 0 29 
29 32 29 21 17 40 5 33 40 29 37 21 12 28 1 
50 53 50 0 38 19 26 54 19 8 16 0 9 7 22 
42 45 42 8 30 27 18 46 27 16 24 8 1 15 14 
36 39 36 14 24 33 12 40 33 22 30 14 5 21 8 
54 57 54 4 42 15 30 58 15 4 12 4 13 3 26 
70 73 70 20 58 1 46 74 1 12 4 20 29 13 42 
12 15 12 38 0 57 12 16 57 46 54 38 29 45 16 
16 19 16 34 4 53 8 20 53 42 50 34 25 41 12 
40 43 40 10 28 29 16 44 29 18 26 10 1 17 12 
45 48 45 5 33 24 21 49 24 13 21 5 4 12 17 
11 14 11 39 1 58 13 15 58 47 55 39 30 46 17 
18 21 18 32 6 51 6 22 51 40 48 32 23 39 10 

16 30 37 19 42 6 30 7 18 5 52 42 45 44 14 
29 75 8 64 87 39 15 38 63 40 7 3 90 89 31 
23 23 44 12 35 13 37 14 11 12 59 49 38 37 21 
5 51 16 40 63 15 9 14 39 16 31 21 66 65 7 
16 30 37 19 42 6 30 7 18 5 52 42 45 44 14 
8 38 29 27 50 2 22 1 26 3 44 34 53 52 6 
2 44 23 33 56 8 16 7 32 9 38 28 59 58 0 
20 26 41 15 38 10 34 11 14 9 56 46 41 40 18 
36 10 57 1 22 26 50 27 2 25 72 62 25 24 34 
22 68 1 57 80 32 8 31 56 33 14 4 83 82 24 
18 64 3 53 76 28 4 27 52 29 18 8 79 78 20 
6 40 27 29 52 4 20 3 28 5 42 32 55 54 4 
11 35 32 24 47 1 25 2 23 0 47 37 50 49 9 
23 69 2 58 81 33 9 32 57 34 13 3 84 83 25 
16 62 5 51 74 26 2 25 50 27 20 10 77 76 18 

39 5 16 15 35 16 23 24 23 42 50 36 50 6 28 
84 40 61 30 80 61 68 21 68 87 5 9 5 39 17 
32 12 9 22 28 9 16 31 16 35 57 43 57 13 35 
60 16 37 6 56 37 44 3 44 63 29 15 29 15 7 
39 5 16 15 35 16 23 24 23 42 50 36 50 6 28 
47 3 24 7 43 24 31 16 31 50 42 28 42 2 20 
53 9 30 1 49 30 37 10 37 56 36 22 36 8 14 
35 9 12 19 31 12 19 28 19 38 54 40 54 10 32 
19 25 4 35 15 4 3 44 3 22 70 56 70 26 48 
77 33 54 23 73 54 61 14 61 80 12 2 12 32 10 
73 29 50 19 69 50 57 10 57 76 16 2 16 28 6 
49 5 26 5 45 26 33 14 33 52 40 26 40 4 18 
44 0 21 10 40 21 28 19 28 47 45 31 45 1 23 
78 34 55 24 74 55 62 15 62 81 11 3 11 33 11 
71 27 48 17 67 48 55 8 55 74 18 4 18 26 4 

38 18 4 38 40 19 44 22 31 30 37 48 37 12 29 
83 63 41 7 85 64 1 23 14 75 8 3 8 33 74 
31 11 11 45 33 12 51 29 38 23 44 55 44 19 22 
59 39 17 17 61 40 23 1 10 51 16 27 16 9 50 
38 18 4 38 40 19 44 22 31 30 37 48 37 12 29 
46 26 4 30 48 27 36 14 23 38 29 40 29 4 37 
52 32 10 24 54 33 30 8 17 44 23 34 23 2 43 
34 14 8 42 36 15 48 26 35 26 41 52 41 16 25 
18 2 24 58 20 1 64 42 51 10 57 68 57 32 9 
76 56 34 0 78 57 6 16 7 68 1 10 1 26 67 
72 52 30 4 74 53 10 12 3 64 3 14 3 22 63 
48 28 6 28 50 29 34 12 21 40 27 38 27 2 39 
43 23 1 33 45 24 39 17 26 35 32 43 32 7 34 
77 57 35 1 79 58 5 17 8 69 2 9 2 27 68 
70 50 28 6 72 51 12 10 1 62 5 16 5 20 61 

20 28 30 21 33 45 50 25 48 4 9 16 21 2 34 
65 73 15 66 12 0 5 20 3 41 54 61 24 47 79 
13 21 37 14 40 52 57 32 55 11 2 9 28 5 27 
41 49 9 42 12 24 29 4 27 17 30 37 0 23 55 
20 28 30 21 33 45 50 25 48 4 9 16 21 2 34 
28 36 22 29 25 37 42 17 40 4 17 24 13 10 42 
34 42 16 35 19 31 36 11 34 10 23 30 7 16 48 
16 24 34 17 37 49 54 29 52 8 5 12 25 2 30 
0 8 50 1 53 65 70 45 68 24 11 4 41 18 14 
58 66 8 59 5 7 12 13 10 34 47 54 17 40 72 
54 62 4 55 1 11 16 9 14 30 43 50 13 36 68 
30 38 20 31 23 35 40 15 38 6 19 26 11 12 44 
25 33 25 26 28 40 45 20 43 1 14 21 16 7 39 
59 67 9 60 6 6 11 14 9 35 48 55 18 41 73 
52 60 2 53 1 13 18 7 16 28 41 48 11 34 66 

48 33 23 5 8 2 41 39 7 6 8 34 12 39 27 
3 78 22 50 53 43 86 84 52 39 53 11 57 6 72 
55 26 30 2 1 9 34 32 0 13 1 41 5 46 20 
27 54 2 26 29 19 62 60 28 15 29 13 33 18 48 
48 33 23 5 8 2 41 39 7 6 8 34 12 39 27 
40 41 15 13 16 6 49 47 15 2 16 26 20 31 35 
34 47 9 19 22 12 55 53 21 8 22 20 26 25 41 
52 29 27 1 4 6 37 35 3 10 4 38 8 43 23 
68 13 43 15 12 22 21 19 13 26 12 54 8 59 7 
10 71 15 43 46 36 79 77 45 32 46 4 50 1 65 
14 67 11 39 42 32 75 73 41 28 42 0 46 5 61 
38 43 13 15 18 8 51 49 17 4 18 24 22 29 37 
43 38 18 10 13 3 46 44 12 1 13 29 17 34 32 
9 72 16 44 47 37 80 78 46 33 47 5 51 0 66 
16 65 9 37 40 30 73 71 39 26 40 2 44 7 59 

15 25 28 4 40 6 15 2 2 3 6 35 37 9 42 
30 20 73 49 5 39 30 43 47 42 51 80 8 36 3 
22 32 21 3 47 13 22 9 5 10 1 28 44 16 49 
6 4 49 25 19 15 6 19 23 18 27 56 16 12 21 
15 25 28 4 40 6 15 2 2 3 6 35 37 9 42 
7 17 36 12 32 2 7 6 10 5 14 43 29 1 34 
1 11 42 18 26 8 1 12 16 11 20 49 23 5 28 
19 29 24 0 44 10 19 6 2 7 2 31 41 13 46 
35 45 8 16 60 26 35 22 18 23 14 15 57 29 62 
23 13 66 42 2 32 23 36 40 35 44 73 1 29 4 
19 9 62 38 6 28 19 32 36 31 40 69 3 25 8 
5 15 38 14 30 4 5 8 12 7 16 45 27 1 32 
10 20 33 9 35 1 10 3 7 2 11 40 32 4 37 
24 14 67 43 1 33 24 37 41 36 45 74 2 30 3 
17 7 60 36 8 26 17 30 34 29 38 67 5 23 10 

23 24 43 9 2 26 21 20 26 2 14 35 0 43 38 
68 21 2 36 43 71 24 65 71 47 59 80 45 2 7 
16 31 50 16 9 19 28 13 19 5 7 28 7 50 45 
44 3 22 12 19 47 0 41 47 23 35 56 21 22 17 
23 24 43 9 2 26 21 20 26 2 14 35 0 43 38 
31 16 35 1 6 34 13 28 34 10 22 43 8 35 30 
37 10 29 5 12 40 7 34 40 16 28 49 14 29 24 
19 28 47 13 6 22 25 16 22 2 10 31 4 47 42 
3 44 63 29 22 6 41 0 6 18 6 15 20 63 58 
61 14 5 29 36 64 17 58 64 40 52 73 38 5 0 
57 10 9 25 32 60 13 54 60 36 48 69 34 9 4 
33 14 33 1 8 36 11 30 36 12 24 45 10 33 28 
28 19 38 4 3 31 16 25 31 7 19 40 5 38 33 
62 15 4 30 37 65 18 59 65 41 53 74 39 4 1 
55 8 11 23 30 58 11 52 58 34 46 67 32 11 6 

27 11 44 22 12 5 41 9 54 16 4 12 30 18 25 
72 56 1 23 57 40 4 36 9 61 41 33 15 63 70 
20 4 51 29 5 12 48 16 61 9 11 19 37 11 18 
48 32 23 1 33 16 20 12 33 37 17 9 9 39 46 
27 11 44 22 12 5 41 9 54 16 4 12 30 18 25 
35 19 36 14 20 3 33 1 46 24 4 4 22 26 33 
41 25 30 8 26 9 27 5 40 30 10 2 16 32 39 
23 7 48 26 8 9 45 13 58 12 8 16 34 14 21 
7 9 64 42 8 25 61 29 74 4 24 32 50 2 5 
65 49 6 16 50 33 3 29 16 54 34 26 8 56 63 
61 45 10 12 46 29 7 25 20 50 30 22 4 52 59 
37 21 34 12 22 5 31 1 44 26 6 2 20 28 35 
32 16 39 17 17 0 36 4 49 21 1 7 25 23 30 
66 50 5 17 51 34 2 30 15 55 35 27 9 57 64 
59 43 12 10 44 27 9 23 22 48 28 20 2 50 57 

54 20 1 23 23 21 43 16 13 52 45 17 27 24 52 
9 65 44 22 22 24 2 61 58 7 0 62 18 21 7 
61 13 8 30 30 28 50 9 6 59 52 10 34 31 59 
33 41 20 2 2 0 22 37 34 31 24 38 6 3 31 
54 20 1 23 23 21 43 16 13 52 45 17 27 24 52 
46 28 7 15 15 13 35 24 21 44 37 25 19 16 44 
40 34 13 9 9 7 29 30 27 38 31 31 13 10 38 
58 16 5 27 27 25 47 12 9 56 49 13 31 28 56 
74 0 21 43 43 41 63 4 7 72 65 3 47 44 72 
16 58 37 15 15 17 5 54 51 14 7 55 11 14 14 
20 54 33 11 11 13 9 50 47 18 11 51 7 10 18 
44 30 9 13 13 11 33 26 23 42 35 27 17 14 42 
49 25 4 18 18 16 38 21 18 47 40 22 22 19 47 
15 59 38 16 16 18 4 55 52 13 6 56 12 15 13 
22 52 31 9 9 11 11 48 45 20 13 49 5 8 20 

40 33 39 40 23 25 25 10 31 36 7 53 41 30 30 
5 78 6 85 22 20 20 55 76 81 38 8 4 15 15 
47 26 46 33 30 32 32 3 24 29 14 60 48 37 37 
19 54 18 61 2 4 4 31 52 57 14 32 20 9 9 
40 33 39 40 23 25 25 10 31 36 7 53 41 30 30 
32 41 31 48 15 17 17 18 39 44 1 45 33 22 22 
26 47 25 54 9 11 11 24 45 50 7 39 27 16 16 
44 29 43 36 27 29 29 6 27 32 11 57 45 34 34 
60 13 59 20 43 45 45 10 11 16 27 73 61 50 50 
2 71 1 78 15 13 13 48 69 74 31 15 3 8 8 
6 67 5 74 11 9 9 44 65 70 27 19 7 4 4 
30 43 29 50 13 15 15 20 41 46 3 43 31 20 20 
35 38 34 45 18 20 20 15 36 41 2 48 36 25 25 
1 72 0 79 16 14 14 49 70 75 32 14 2 9 9 
8 65 7 72 9 7 7 42 63 68 25 21 9 2 2 

18 32 3 22 3 27 0 34 35 26 10 15 14 39 21 
63 77 48 23 42 72 45 79 10 19 55 30 31 6 66 
11 25 4 29 10 20 7 27 42 33 3 22 21 46 14 
39 53 24 1 18 48 21 55 14 5 31 6 7 18 42 
18 32 3 22 3 27 0 34 35 26 10 15 14 39 21 
26 40 11 14 5 35 8 42 27 18 18 7 6 31 29 
32 46 17 8 11 41 14 48 21 12 24 1 0 25 35 
14 28 1 26 7 23 4 30 39 30 6 19 18 43 17 
2 12 17 42 23 7 20 14 55 46 10 35 34 59 1 
56 70 41 16 35 65 38 72 3 12 48 23 24 1 59 
52 66 37 12 31 61 34 68 1 8 44 19 20 5 55 
28 42 13 12 7 37 10 44 25 16 20 5 4 29 31 
23 37 8 17 2 32 5 39 30 21 15 10 9 34 26 
57 71 42 17 36 66 39 73 4 13 49 24 25 0 60 
50 64 35 10 29 59 32 66 3 6 42 17 18 7 53 

22 25 22 28 10 47 2 26 47 36 44 28 19 35 6 
10 13 10 40 2 59 14 14 59 48 56 40 31 47 18 
19 22 19 31 7 50 5 23 50 39 47 31 22 38 9 
47 50 47 3 35 22 23 51 22 11 19 3 6 10 19 
75 78 75 25 63 6 51 79 6 17 9 25 34 18 47 
93 96 93 43 81 24 69 97 24 35 27 43 52 36 65 
86 89 86 36 74 17 62 90 17 28 20 36 45 29 58 
49 52 49 1 37 20 25 53 20 9 17 1 8 8 21 
8 11 8 42 4 61 16 12 61 50 58 42 33 49 20 
70 73 70 20 58 1 46 74 1 12 4 20 29 13 42 
21 24 21 29 9 48 3 25 48 37 45 29 20 36 7 
93 96 93 43 81 24 69 97 24 35 27 43 52 36 65 
54 57 54 4 42 15 30 58 15 4 12 4 13 3 26 
72 75 72 22 60 3 48 76 3 14 6 22 31 15 44 
90 93 90 40 78 21 66 94 21 32 24 40 49 33 62 

12 58 9 47 70 22 2 21 46 23 24 14 73 72 14 
24 70 3 59 82 34 10 33 58 35 12 2 85 84 26 
15 61 6 50 73 25 1 24 49 26 21 11 76 75 17 
13 33 34 22 45 3 27 4 21 2 49 39 48 47 11 
41 5 62 6 17 31 55 32 7 30 77 67 20 19 39 
59 13 80 24 1 49 73 50 25 48 95 85 2 1 57 
52 6 73 17 6 42 66 43 18 41 88 78 9 8 50 
15 31 36 20 43 5 29 6 19 4 51 41 46 45 13 
26 72 5 61 84 36 12 35 60 37 10 0 87 86 28 
36 10 57 1 22 26 50 27 2 25 72 62 25 24 34 
13 59 8 48 71 23 1 22 47 24 23 13 74 73 15 
59 13 80 24 1 49 73 50 25 48 95 85 2 1 57 
20 26 41 15 38 10 34 11 14 9 56 46 41 40 18 
38 8 59 3 20 28 52 29 4 27 74 64 23 22 36 
56 10 77 21 2 46 70 47 22 45 92 82 5 4 54 

67 23 44 13 63 44 51 4 51 70 22 8 22 22 0 
79 35 56 25 75 56 63 16 63 82 10 4 10 34 12 
70 26 47 16 66 47 54 7 54 73 19 5 19 25 3 
42 2 19 12 38 19 26 21 26 45 47 33 47 3 25 
14 30 9 40 10 9 2 49 2 17 75 61 75 31 53 
4 48 27 58 8 27 20 67 20 1 93 79 93 49 71 
3 41 20 51 1 20 13 60 13 6 86 72 86 42 64 
40 4 17 14 36 17 24 23 24 43 49 35 49 5 27 
81 37 58 27 77 58 65 18 65 84 8 6 8 36 14 
19 25 4 35 15 4 3 44 3 22 70 56 70 26 48 
68 24 45 14 64 45 52 5 52 71 21 7 21 23 1 
4 48 27 58 8 27 20 67 20 1 93 79 93 49 71 
35 9 12 19 31 12 19 28 19 38 54 40 54 10 32 
17 27 6 37 13 6 1 46 1 20 72 58 72 28 50 
1 45 24 55 5 24 17 64 17 2 90 76 90 46 68 

66 46 24 10 68 47 16 6 3 58 9 20 9 16 57 
78 58 36 2 80 59 4 18 9 70 3 8 3 28 69 
69 49 27 7 71 50 13 9 0 61 6 17 6 19 60 
41 21 1 35 43 22 41 19 28 33 34 45 34 9 32 
13 7 29 63 15 6 69 47 56 5 62 73 62 37 4 
5 25 47 81 3 24 87 65 74 13 80 91 80 55 14 
2 18 40 74 4 17 80 58 67 6 73 84 73 48 7 
39 19 3 37 41 20 43 21 30 31 36 47 36 11 30 
80 60 38 4 82 61 2 20 11 72 5 6 5 30 71 
18 2 24 58 20 1 64 42 51 10 57 68 57 32 9 
67 47 25 9 69 48 15 7 2 59 8 19 8 17 58 
5 25 47 81 3 24 87 65 74 13 80 91 80 55 14 
34 14 8 42 36 15 48 26 35 26 41 52 41 16 25 
16 4 26 60 18 3 66 44 53 8 59 70 59 34 7 
2 22 44 78 0 21 84 62 71 10 77 88 77 52 11 

48 56 2 49 5 17 22 3 20 24 37 44 7 30 62 
60 68 10 61 7 5 10 15 8 36 49 56 19 42 74 
51 59 1 52 2 14 19 6 17 27 40 47 10 33 65 
23 31 27 24 30 42 47 22 45 1 12 19 18 5 37 
5 3 55 4 58 70 75 50 73 29 16 9 46 23 9 
23 15 73 22 76 88 93 68 91 47 34 27 64 41 9 
16 8 66 15 69 81 86 61 84 40 27 20 57 34 2 
21 29 29 22 32 44 49 24 47 3 10 17 20 3 35 
62 70 12 63 9 3 8 17 6 38 51 58 21 44 76 
0 8 50 1 53 65 70 45 68 24 11 4 41 18 14 
49 57 1 50 4 16 21 4 19 25 38 45 8 31 63 
23 15 73 22 76 88 93 68 91 47 34 27 64 41 9 
16 24 34 17 37 49 54 29 52 8 5 12 25 2 30 
2 6 52 1 55 67 72 47 70 26 13 6 43 20 12 
20 12 70 19 73 85 90 65 88 44 31 24 61 38 6 

20 61 5 33 36 26 69 67 35 22 36 6 40 11 55 
8 73 17 45 48 38 81 79 47 34 48 6 52 1 67 
17 64 8 36 39 29 72 70 38 25 39 3 43 8 58 
45 36 20 8 11 1 44 42 10 3 11 31 15 36 30 
73 8 48 20 17 27 16 14 18 31 17 59 13 64 2 
91 10 66 38 35 45 2 4 36 49 35 77 31 82 16 
84 3 59 31 28 38 5 3 29 42 28 70 24 75 9 
47 34 22 6 9 1 42 40 8 5 9 33 13 38 28 
6 75 19 47 50 40 83 81 49 36 50 8 54 3 69 
68 13 43 15 12 22 21 19 13 26 12 54 8 59 7 
19 62 6 34 37 27 70 68 36 23 37 5 41 10 56 
91 10 66 38 35 45 2 4 36 49 35 77 31 82 16 
52 29 27 1 4 6 37 35 3 10 4 38 8 43 23 
70 11 45 17 14 24 19 17 15 28 14 56 10 61 5 
88 7 63 35 32 42 1 1 33 46 32 74 28 79 13 

13 3 56 32 12 22 13 26 30 25 34 63 9 19 14 
25 15 68 44 0 34 25 38 42 37 46 75 3 31 2 
16 6 59 35 9 25 16 29 33 28 37 66 6 22 11 
12 22 31 7 37 3 12 1 5 0 9 38 34 6 39 
40 50 3 21 65 31 40 27 23 28 19 10 62 34 67 
58 68 15 39 83 49 58 45 41 46 37 8 80 52 85 
51 61 8 32 76 42 51 38 34 39 30 1 73 45 78 
14 24 29 5 39 5 14 1 3 2 7 36 36 8 41 
27 17 70 46 2 36 27 40 44 39 48 77 5 33 0 
35 45 8 16 60 26 35 22 18 23 14 15 57 29 62 
14 4 57 33 11 23 14 27 31 26 35 64 8 20 13 
58 68 15 39 83 49 58 45 41 46 37 8 80 52 85 
19 29 24 0 44 10 19 6 2 7 2 31 41 13 46 
37 47 6 18 62 28 37 24 20 25 16 13 59 31 64 
55 65 12 36 80 46 55 42 38 43 34 5 77 49 82 

51 4 15 19 26 54 7 48 54 30 42 63 28 15 10 
63 16 3 31 38 66 19 60 66 42 54 75 40 3 2 
54 7 12 22 29 57 10 51 57 33 45 66 31 12 7 
26 21 40 6 1 29 18 23 29 5 17 38 3 40 35 
2 49 68 34 27 1 46 5 1 23 11 10 25 68 63 
20 67 86 52 45 17 64 23 17 41 29 8 43 86 81 
13 60 79 45 38 10 57 16 10 34 22 1 36 79 74 
24 23 42 8 1 27 20 21 27 3 15 36 1 42 37 
65 18 1 33 40 68 21 62 68 44 56 77 42 1 4 
3 44 63 29 22 6 41 0 6 18 6 15 20 63 58 
52 5 14 20 27 55 8 49 55 31 43 64 29 14 9 
20 67 86 52 45 17 64 23 17 41 29 8 43 86 81 
19 28 47 13 6 22 25 16 22 2 10 31 4 47 42 
1 46 65 31 24 4 43 2 4 20 8 13 22 65 60 
17 64 83 49 42 14 61 20 14 38 26 5 40 83 78 

55 39 16 6 40 23 13 19 26 44 24 16 2 46 53 
67 51 4 18 52 35 1 31 14 56 36 28 10 58 65 
58 42 13 9 43 26 10 22 23 47 27 19 1 49 56 
30 14 41 19 15 2 38 6 51 19 1 9 27 21 28 
2 14 69 47 13 30 66 34 79 9 29 37 55 7 0 
16 32 87 65 31 48 84 52 97 27 47 55 73 25 18 
9 25 80 58 24 41 77 45 90 20 40 48 66 18 11 
28 12 43 21 13 4 40 8 53 17 3 11 29 19 26 
69 53 2 20 54 37 1 33 12 58 38 30 12 60 67 
7 9 64 42 8 25 61 29 74 4 24 32 50 2 5 
56 40 15 7 41 24 12 20 25 45 25 17 1 47 54 
16 32 87 65 31 48 84 52 97 27 47 55 73 25 18 
23 7 48 26 8 9 45 13 58 12 8 16 34 14 21 
5 11 66 44 10 27 63 31 76 6 26 34 52 4 3 
13 29 84 62 28 45 81 49 94 24 44 52 70 22 15 

26 48 27 5 5 7 15 44 41 24 17 45 1 4 24 
14 60 39 17 17 19 3 56 53 12 5 57 13 16 12 
23 51 30 8 8 10 12 47 44 21 14 48 4 7 21 
51 23 2 20 20 18 40 19 16 49 42 20 24 21 49 
79 5 26 48 48 46 68 9 12 77 70 8 52 49 77 
97 23 44 66 66 64 86 27 30 95 88 26 70 67 95 
90 16 37 59 59 57 79 20 23 88 81 19 63 60 88 
53 21 0 22 22 20 42 17 14 51 44 18 26 23 51 
12 62 41 19 19 21 1 58 55 10 3 59 15 18 10 
74 0 21 43 43 41 63 4 7 72 65 3 47 44 72 
25 49 28 6 6 8 14 45 42 23 16 46 2 5 23 
97 23 44 66 66 64 86 27 30 95 88 26 70 67 95 
58 16 5 27 27 25 47 12 9 56 49 13 31 28 56 
76 2 23 45 45 43 65 6 9 74 67 5 49 46 74 
94 20 41 63 63 61 83 24 27 92 85 23 67 64 92 

12 61 11 68 5 3 3 38 59 64 21 25 13 2 2 
0 73 1 80 17 15 15 50 71 76 33 13 1 10 10 
9 64 8 71 8 6 6 41 62 67 24 22 10 1 1 
37 36 36 43 20 22 22 13 34 39 4 50 38 27 27 
65 8 64 15 48 50 50 15 6 11 32 78 66 55 55 
83 10 82 3 66 68 68 33 12 7 50 96 84 73 73 
76 3 75 4 59 61 61 26 5 0 43 89 77 66 66 
39 34 38 41 22 24 24 11 32 37 6 52 40 29 29 
2 75 3 82 19 17 17 52 73 78 35 11 1 12 12 
60 13 59 20 43 45 45 10 11 16 27 73 61 50 50 
11 62 10 69 6 4 4 39 60 65 22 24 12 1 1 
83 10 82 3 66 68 68 33 12 7 50 96 84 73 73 
44 29 43 36 27 29 29 6 27 32 11 57 45 34 34 
62 11 61 18 45 47 47 12 9 14 29 75 63 52 52 
80 7 79 0 63 65 65 30 9 4 47 93 81 70 70 

46 60 31 6 25 55 28 62 7 2 38 13 14 11 49 
58 72 43 18 37 67 40 74 5 14 50 25 26 1 61 
49 63 34 9 28 58 31 65 4 5 41 16 17 8 52 
21 35 6 19 0 30 3 37 32 23 13 12 11 36 24 
7 7 22 47 28 2 25 9 60 51 15 40 39 64 4 
25 11 40 65 46 16 43 9 78 69 33 58 57 82 22 
18 4 33 58 39 9 36 2 71 62 26 51 50 75 15 
19 33 4 21 2 28 1 35 34 25 11 14 13 38 22 
60 74 45 20 39 69 42 76 7 16 52 27 28 3 63 
2 12 17 42 23 7 20 14 55 46 10 35 34 59 1 
47 61 32 7 26 56 29 63 6 3 39 14 15 10 50 
25 11 40 65 46 16 43 9 78 69 33 58 57 82 22 
14 28 1 26 7 23 4 30 39 30 6 19 18 43 17 
4 10 19 44 25 5 22 12 57 48 12 37 36 61 1 
22 8 37 62 43 13 40 6 75 66 30 55 54 79 19 

34 80 13 69 92 44 20 43 68 45 2 8 95 94 36 
37 83 16 72 95 47 23 46 71 48 1 11 98 97 39 
34 80 13 69 92 44 20 43 68 45 2 8 95 94 36 
16 30 37 19 42 6 30 7 18 5 52 42 45 44 14 
22 68 1 57 80 32 8 31 56 33 14 4 83 82 24 
35 11 56 0 23 25 49 26 1 24 71 61 26 25 33 
10 56 11 45 68 20 4 19 44 21 26 16 71 70 12 
38 84 17 73 96 48 24 47 72 49 2 12 99 98 40 
35 11 56 0 23 25 49 26 1 24 71 61 26 25 33 
24 22 45 11 34 14 38 15 10 13 60 50 37 36 22 
32 14 53 3 26 22 46 23 2 21 68 58 29 28 30 
16 30 37 19 42 6 30 7 18 5 52 42 45 44 14 
7 39 28 28 51 3 21 2 27 4 43 33 54 53 5 
23 23 44 12 35 13 37 14 11 12 59 49 38 37 21 
6 52 15 41 64 16 8 15 40 17 30 20 67 66 8 

89 45 66 35 85 66 73 26 73 92 0 14 0 44 22 
92 48 69 38 88 69 76 29 76 95 3 17 3 47 25 
89 45 66 35 85 66 73 26 73 92 0 14 0 44 22 
39 5 16 15 35 16 23 24 23 42 50 36 50 6 28 
77 33 54 23 73 54 61 14 61 80 12 2 12 32 10 
20 24 3 34 16 3 4 43 4 23 69 55 69 25 47 
65 21 42 11 61 42 49 2 49 68 24 10 24 20 2 
93 49 70 39 89 70 77 30 77 96 4 18 4 48 26 
20 24 3 34 16 3 4 43 4 23 69 55 69 25 47 
31 13 8 23 27 8 15 32 15 34 58 44 58 14 36 
23 21 0 31 19 0 7 40 7 26 66 52 66 22 44 
39 5 16 15 35 16 23 24 23 42 50 36 50 6 28 
48 4 25 6 44 25 32 15 32 51 41 27 41 3 19 
32 12 9 22 28 9 16 31 16 35 57 43 57 13 35 
61 17 38 7 57 38 45 2 45 64 28 14 28 16 6 

88 68 46 12 90 69 6 28 19 80 13 2 13 38 79 
91 71 49 15 93 72 9 31 22 83 16 5 16 41 82 
88 68 46 12 90 69 6 28 19 80 13 2 13 38 79 
38 18 4 38 40 19 44 22 31 30 37 48 37 12 29 
76 56 34 0 78 57 6 16 7 68 1 10 1 26 67 
19 1 23 57 21 0 63 41 50 11 56 67 56 31 10 
64 44 22 12 66 45 18 4 5 56 11 22 11 14 55 
92 72 50 16 94 73 10 32 23 84 17 6 17 42 83 
19 1 23 57 21 0 63 41 50 11 56 67 56 31 10 
30 10 12 46 32 11 52 30 39 22 45 56 45 20 21 
22 2 20 54 24 3 60 38 47 14 53 64 53 28 13 
38 18 4 38 40 19 44 22 31 30 37 48 37 12 29 
47 27 5 29 49 28 35 13 22 39 28 39 28 3 38 
31 11 11 45 33 12 51 29 38 23 44 55 44 19 22 
60 40 18 16 62 41 22 0 9 52 15 26 15 10 51 

70 78 20 71 17 5 0 25 2 46 59 66 29 52 84 
73 81 23 74 20 8 3 28 5 49 62 69 32 55 87 
70 78 20 71 17 5 0 25 2 46 59 66 29 52 84 
20 28 30 21 33 45 50 25 48 4 9 16 21 2 34 
58 66 8 59 5 7 12 13 10 34 47 54 17 40 72 
1 9 49 2 52 64 69 44 67 23 10 3 40 17 15 
46 54 4 47 7 19 24 1 22 22 35 42 5 28 60 
74 82 24 75 21 9 4 29 6 50 63 70 33 56 88 
1 9 49 2 52 64 69 44 67 23 10 3 40 17 15 
12 20 38 13 41 53 58 33 56 12 1 8 29 6 26 
4 12 46 5 49 61 66 41 64 20 7 0 37 14 18 
20 28 30 21 33 45 50 25 48 4 9 16 21 2 34 
29 37 21 30 24 36 41 16 39 5 18 25 12 11 43 
13 21 37 14 40 52 57 32 55 11 2 9 28 5 27 
42 50 8 43 11 23 28 3 26 18 31 38 1 24 56 

2 83 27 55 58 48 91 89 57 44 58 16 62 11 77 
5 86 30 58 61 51 94 92 60 47 61 19 65 14 80 
2 83 27 55 58 48 91 89 57 44 58 16 62 11 77 
48 33 23 5 8 2 41 39 7 6 8 34 12 39 27 
10 71 15 43 46 36 79 77 45 32 46 4 50 1 65 
67 14 42 14 11 21 22 20 12 25 11 53 7 58 8 
22 59 3 31 34 24 67 65 33 20 34 8 38 13 53 
6 87 31 59 62 52 95 93 61 48 62 20 66 15 81 
67 14 42 14 11 21 22 20 12 25 11 53 7 58 8 
56 25 31 3 0 10 33 31 1 14 0 42 4 47 19 
64 17 39 11 8 18 25 23 9 22 8 50 4 55 11 
48 33 23 5 8 2 41 39 7 6 8 34 12 39 27 
39 42 14 14 17 7 50 48 16 3 17 25 21 30 36 
55 26 30 2 1 9 34 32 0 13 1 41 5 46 20 
26 55 1 27 30 20 63 61 29 16 30 12 34 17 49 

35 25 78 54 10 44 35 48 52 47 56 85 13 41 8 
38 28 81 57 13 47 38 51 55 50 59 88 16 44 11 
35 25 78 54 10 44 35 48 52 47 56 85 13 41 8 
15 25 28 4 40 6 15 2 2 3 6 35 37 9 42 
23 13 66 42 2 32 23 36 40 35 44 73 1 29 4 
34 44 9 15 59 25 34 21 17 22 13 16 56 28 61 
11 1 54 30 14 20 11 24 28 23 32 61 11 17 16 
39 29 82 58 14 48 39 52 56 51 60 89 17 45 12 
34 44 9 15 59 25 34 21 17 22 13 16 56 28 61 
23 33 20 4 48 14 23 10 6 11 2 27 45 17 50 
31 41 12 12 56 22 31 18 14 19 10 19 53 25 58 
15 25 28 4 40 6 15 2 2 3 6 35 37 9 42 
6 16 37 13 31 3 6 7 11 6 15 44 28 0 33 
22 32 21 3 47 13 22 9 5 10 1 28 44 16 49 
7 3 50 26 18 16 7 20 24 19 28 57 15 13 20 

73 26 7 41 48 76 29 70 76 52 64 85 50 7 12 
76 29 10 44 51 79 32 73 79 55 67 88 53 10 15 
73 26 7 41 48 76 29 70 76 52 64 85 50 7 12 
23 24 43 9 2 26 21 20 26 2 14 35 0 43 38 
61 14 5 29 36 64 17 58 64 40 52 73 38 5 0 
4 43 62 28 21 7 40 1 7 17 5 16 19 62 57 
49 2 17 17 24 52 5 46 52 28 40 61 26 17 12 
77 30 11 45 52 80 33 74 80 56 68 89 54 11 16 
4 43 62 28 21 7 40 1 7 17 5 16 19 62 57 
15 32 51 17 10 18 29 12 18 6 6 27 8 51 46 
7 40 59 25 18 10 37 4 10 14 2 19 16 59 54 
23 24 43 9 2 26 21 20 26 2 14 35 0 43 38 
32 15 34 0 7 35 12 29 35 11 23 44 9 34 29 
16 31 50 16 9 19 28 13 19 5 7 28 7 50 45 
45 2 21 13 20 48 1 42 48 24 36 57 22 21 16 

77 61 6 28 62 45 9 41 4 66 46 38 20 68 75 
80 64 9 31 65 48 12 44 1 69 49 41 23 71 78 
77 61 6 28 62 45 9 41 4 66 46 38 20 68 75 
27 11 44 22 12 5 41 9 54 16 4 12 30 18 25 
65 49 6 16 50 33 3 29 16 54 34 26 8 56 63 
8 8 63 41 7 24 60 28 73 3 23 31 49 1 6 
53 37 18 4 38 21 15 17 28 42 22 14 4 44 51 
81 65 10 32 66 49 13 45 0 70 50 42 24 72 79 
8 8 63 41 7 24 60 28 73 3 23 31 49 1 6 
19 3 52 30 4 13 49 17 62 8 12 20 38 10 17 
11 5 60 38 4 21 57 25 70 0 20 28 46 2 9 
27 11 44 22 12 5 41 9 54 16 4 12 30 18 25 
36 20 35 13 21 4 32 0 45 25 5 3 21 27 34 
20 4 51 29 5 12 48 16 61 9 11 19 37 11 18 
49 33 22 0 34 17 19 13 32 38 18 10 8 40 47 

4 70 49 27 27 29 7 66 63 2 5 67 23 26 2 
1 73 52 30 30 32 10 69 66 1 8 70 26 29 1 
4 70 49 27 27 29 7 66 63 2 5 67 23 26 2 
54 20 1 23 23 21 43 16 13 52 45 17 27 24 52 
16 58 37 15 15 17 5 54 51 14 7 55 11 14 14 
73 1 20 42 42 40 62 3 6 71 64 2 46 43 71 
28 46 25 3 3 5 17 42 39 26 19 43 1 2 26 
0 74 53 31 31 33 11 70 67 2 9 71 27 30 2 
73 1 20 42 42 40 62 3 6 71 64 2 46 43 71 
62 12 9 31 31 29 51 8 5 60 53 9 35 32 60 
70 4 17 39 39 37 59 0 3 68 61 1 43 40 68 
54 20 1 23 23 21 43 16 13 52 45 17 27 24 52 
45 29 8 14 14 12 34 25 22 43 36 26 18 15 43 
61 13 8 30 30 28 50 9 6 59 52 10 34 31 59 
32 42 21 1 1 1 21 38 35 30 23 39 5 2 30 

10 83 11 90 27 25 25 60 81 86 43 3 9 20 20 
13 86 14 93 30 28 28 63 84 89 46 0 12 23 23 
10 83 11 90 27 25 25 60 81 86 43 3 9 20 20 
40 33 39 40 23 25 25 10 31 36 7 53 41 30 30 
2 71 1 78 15 13 13 48 69 74 31 15 3 8 8 
59 14 58 21 42 44 44 9 12 17 26 72 60 49 49 
14 59 13 66 3 1 1 36 57 62 19 27 15 4 4 
14 87 15 94 31 29 29 64 85 90 47 1 13 24 24 
59 14 58 21 42 44 44 9 12 17 26 72 60 49 49 
48 25 47 32 31 33 33 2 23 28 15 61 49 38 38 
56 17 55 24 39 41 41 6 15 20 23 69 57 46 46 
40 33 39 40 23 25 25 10 31 36 7 53 41 30 30 
31 42 30 49 14 16 16 19 40 45 2 44 32 21 21 
47 26 46 33 30 32 32 3 24 29 14 60 48 37 37 
18 55 17 62 1 3 3 32 53 58 15 31 19 8 8 

68 82 53 28 47 77 50 84 15 24 60 35 36 11 71 
71 85 56 31 50 80 53 87 18 27 63 38 39 14 74 
68 82 53 28 47 77 50 84 15 24 60 35 36 11 71 
18 32 3 22 3 27 0 34 35 26 10 15 14 39 21 
56 70 41 16 35 65 38 72 3 12 48 23 24 1 59 
1 13 16 41 22 8 19 15 54 45 9 34 33 58 2 
44 58 29 4 23 53 26 60 9 0 36 11 12 13 47 
72 86 57 32 51 81 54 88 19 28 64 39 40 15 75 
1 13 16 41 22 8 19 15 54 45 9 34 33 58 2 
10 24 5 30 11 19 8 26 43 34 2 23 22 47 13 
2 16 13 38 19 11 16 18 51 42 6 31 30 55 5 
18 32 3 22 3 27 0 34 35 26 10 15 14 39 21 
27 41 12 13 6 36 9 43 26 17 19 6 5 30 30 
11 25 4 29 10 20 7 27 42 33 3 22 21 46 14 
40 54 25 0 19 49 22 56 13 4 32 7 8 17 43 

55 11 32 1 51 32 39 8 39 58 34 20 34 10 12 
9 35 14 45 5 14 7 54 7 12 80 66 80 36 58 
76 32 53 22 72 53 60 13 60 79 13 1 13 31 9 
20 24 3 34 16 3 4 43 4 23 69 55 69 25 47 
3 47 26 57 7 26 19 66 19 0 92 78 92 48 70 
45 1 22 9 41 22 29 18 29 48 44 30 44 0 22 
69 25 46 15 65 46 53 6 53 72 20 6 20 24 2 
46 2 23 8 42 23 30 17 30 49 43 29 43 1 21 
21 23 2 33 17 2 5 42 5 24 68 54 68 24 46 
44 0 21 10 40 21 28 19 28 47 45 31 45 1 23 
91 47 68 37 87 68 75 28 75 94 2 16 2 46 24 
81 37 58 27 77 58 65 18 65 84 8 6 8 36 14 
6 50 29 60 10 29 22 69 22 3 95 81 95 51 73 
5 49 28 59 9 28 21 68 21 2 94 80 94 50 72 
53 9 30 1 49 30 37 10 37 56 36 22 36 8 14 

54 34 12 22 56 35 28 6 15 46 21 32 21 4 45 
8 12 34 68 10 11 74 52 61 0 67 78 67 42 1 
75 55 33 1 77 56 7 15 6 67 0 11 0 25 66 
19 1 23 57 21 0 63 41 50 11 56 67 56 31 10 
4 24 46 80 2 23 86 64 73 12 79 90 79 54 13 
44 24 2 32 46 25 38 16 25 36 31 42 31 6 35 
68 48 26 8 70 49 14 8 1 60 7 18 7 18 59 
45 25 3 31 47 26 37 15 24 37 30 41 30 5 36 
20 0 22 56 22 1 62 40 49 12 55 66 55 30 11 
43 23 1 33 45 24 39 17 26 35 32 43 32 7 34 
90 70 48 14 92 71 8 30 21 82 15 4 15 40 81 
80 60 38 4 82 61 2 20 11 72 5 6 5 30 71 
7 27 49 83 5 26 89 67 76 15 82 93 82 57 16 
6 26 48 82 4 25 88 66 75 14 81 92 81 56 15 
52 32 10 24 54 33 30 8 17 44 23 34 23 2 43 

36 44 14 37 17 29 34 9 32 12 25 32 5 18 50 
10 2 60 9 63 75 80 55 78 34 21 14 51 28 4 
57 65 7 58 4 8 13 12 11 33 46 53 16 39 71 
1 9 49 2 52 64 69 44 67 23 10 3 40 17 15 
22 14 72 21 75 87 92 67 90 46 33 26 63 40 8 
26 34 24 27 27 39 44 19 42 2 15 22 15 8 40 
50 58 0 51 3 15 20 5 18 26 39 46 9 32 64 
27 35 23 28 26 38 43 18 41 3 16 23 14 9 41 
2 10 48 3 51 63 68 43 66 22 9 2 39 16 16 
25 33 25 26 28 40 45 20 43 1 14 21 16 7 39 
72 80 22 73 19 7 2 27 4 48 61 68 31 54 86 
62 70 12 63 9 3 8 17 6 38 51 58 21 44 76 
25 17 75 24 78 90 95 70 93 49 36 29 66 43 11 
24 16 74 23 77 89 94 69 92 48 35 28 65 42 10 
34 42 16 35 19 31 36 11 34 10 23 30 7 16 48 

32 49 7 21 24 14 57 55 23 10 24 18 28 23 43 
78 3 53 25 22 32 11 9 23 36 22 64 18 69 3 
11 70 14 42 45 35 78 76 44 31 45 3 49 2 64 
67 14 42 14 11 21 22 20 12 25 11 53 7 58 8 
90 9 65 37 34 44 1 3 35 48 34 76 30 81 15 
42 39 17 11 14 4 47 45 13 0 14 28 18 33 33 
18 63 7 35 38 28 71 69 37 24 38 4 42 9 57 
41 40 16 12 15 5 48 46 14 1 15 27 19 32 34 
66 15 41 13 10 20 23 21 11 24 10 52 6 57 9 
43 38 18 10 13 3 46 44 12 1 13 29 17 34 32 
4 85 29 57 60 50 93 91 59 46 60 18 64 13 79 
6 75 19 47 50 40 83 81 49 36 50 8 54 3 69 
93 12 68 40 37 47 4 6 38 51 37 79 33 84 18 
92 11 67 39 36 46 3 5 37 50 36 78 32 83 17 
34 47 9 19 22 12 55 53 21 8 22 20 26 25 41 

1 9 44 20 24 10 1 14 18 13 22 51 21 7 26 
45 55 2 26 70 36 45 32 28 33 24 5 67 39 72 
22 12 65 41 3 31 22 35 39 34 43 72 0 28 5 
34 44 9 15 59 25 34 21 17 22 13 16 56 28 61 
57 67 14 38 82 48 57 44 40 45 36 7 79 51 84 
9 19 34 10 34 0 9 4 8 3 12 41 31 3 36 
15 5 58 34 10 24 15 28 32 27 36 65 7 21 12 
8 18 35 11 33 1 8 5 9 4 13 42 30 2 35 
33 43 10 14 58 24 33 20 16 21 12 17 55 27 60 
10 20 33 9 35 1 10 3 7 2 11 40 32 4 37 
37 27 80 56 12 46 37 50 54 49 58 87 15 43 10 
27 17 70 46 2 36 27 40 44 39 48 77 5 33 0 
60 70 17 41 85 51 60 47 43 48 39 10 82 54 87 
59 69 16 40 84 50 59 46 42 47 38 9 81 53 86 
1 11 42 18 26 8 1 12 16 11 20 49 23 5 28 

39 8 27 7 14 42 5 36 42 18 30 51 16 27 22 
7 54 73 39 32 4 51 10 4 28 16 5 30 73 68 
60 13 6 28 35 63 16 57 63 39 51 72 37 6 1 
4 43 62 28 21 7 40 1 7 17 5 16 19 62 57 
19 66 85 51 44 16 63 22 16 40 28 7 42 85 80 
29 18 37 3 4 32 15 26 32 8 20 41 6 37 32 
53 6 13 21 28 56 9 50 56 32 44 65 30 13 8 
30 17 36 2 5 33 14 27 33 9 21 42 7 36 31 
5 42 61 27 20 8 39 2 8 16 4 17 18 61 56 
28 19 38 4 3 31 16 25 31 7 19 40 5 38 33 
75 28 9 43 50 78 31 72 78 54 66 87 52 9 14 
65 18 1 33 40 68 21 62 68 44 56 77 42 1 4 
22 69 88 54 47 19 66 25 19 43 31 10 45 88 83 
21 68 87 53 46 18 65 24 18 42 30 9 44 87 82 
37 10 29 5 12 40 7 34 40 16 28 49 14 29 24 

43 27 28 6 28 11 25 7 38 32 12 4 14 34 41 
3 19 74 52 18 35 71 39 84 14 34 42 60 12 5 
64 48 7 15 49 32 4 28 17 53 33 25 7 55 62 
8 8 63 41 7 24 60 28 73 3 23 31 49 1 6 
15 31 86 64 30 47 83 51 96 26 46 54 72 24 17 
33 17 38 16 18 1 35 3 48 22 2 6 24 24 31 
57 41 14 8 42 25 11 21 24 46 26 18 0 48 55 
34 18 37 15 19 2 34 2 47 23 3 5 23 25 32 
9 7 62 40 6 23 59 27 72 2 22 30 48 0 7 
32 16 39 17 17 0 36 4 49 21 1 7 25 23 30 
79 63 8 30 64 47 11 43 2 68 48 40 22 70 77 
69 53 2 20 54 37 1 33 12 58 38 30 12 60 67 
18 34 89 67 33 50 86 54 99 29 49 57 75 27 20 
17 33 88 66 32 49 85 53 98 28 48 56 74 26 19 
41 25 30 8 26 9 27 5 40 30 10 2 16 32 39 

38 36 15 7 7 5 27 32 29 36 29 33 11 8 36 
84 10 31 53 53 51 73 14 17 82 75 13 57 54 82 
17 57 36 14 14 16 6 53 50 15 8 54 10 13 15 
73 1 20 42 42 40 62 3 6 71 64 2 46 43 71 
96 22 43 65 65 63 85 26 29 94 87 25 69 66 94 
48 26 5 17 17 15 37 22 19 46 39 23 21 18 46 
24 50 29 7 7 9 13 46 43 22 15 47 3 6 22 
47 27 6 16 16 14 36 23 20 45 38 24 20 17 45 
72 2 19 41 41 39 61 2 5 70 63 1 45 42 70 
49 25 4 18 18 16 38 21 18 47 40 22 22 19 47 
2 72 51 29 29 31 9 68 65 0 7 69 25 28 0 
12 62 41 19 19 21 1 58 55 10 3 59 15 18 10 
99 25 46 68 68 66 88 29 32 97 90 28 72 69 97 
98 24 45 67 67 65 87 28 31 96 89 27 71 68 96 
40 34 13 9 9 7 29 30 27 38 31 31 13 10 38 

24 49 23 56 7 9 9 26 47 52 9 37 25 14 14 
70 3 69 10 53 55 55 20 1 6 37 83 71 60 60 
3 70 2 77 14 12 12 47 68 73 30 16 4 7 7 
59 14 58 21 42 44 44 9 12 17 26 72 60 49 49 
82 9 81 2 65 67 67 32 11 6 49 95 83 72 72 
34 39 33 46 17 19 19 16 37 42 1 47 35 24 24 
10 63 9 70 7 5 5 40 61 66 23 23 11 0 0 
33 40 32 47 16 18 18 17 38 43 0 46 34 23 23 
58 15 57 22 41 43 43 8 13 18 25 71 59 48 48 
35 38 34 45 18 20 20 15 36 41 2 48 36 25 25 
12 85 13 92 29 27 27 62 83 88 45 1 11 22 22 
2 75 3 82 19 17 17 52 73 78 35 11 1 12 12 
85 12 84 5 68 70 70 35 14 9 52 98 86 75 75 
84 11 83 4 67 69 69 34 13 8 51 97 85 74 74 
26 47 25 54 9 11 11 24 45 50 7 39 27 16 16 

34 48 19 6 13 43 16 50 19 10 26 1 2 23 37 
12 2 27 52 33 3 30 4 65 56 20 45 44 69 9 
55 69 40 15 34 64 37 71 2 11 47 22 23 2 58 
1 13 16 41 22 8 19 15 54 45 9 34 33 58 2 
24 10 39 64 45 15 42 8 77 68 32 57 56 81 21 
24 38 9 16 3 33 6 40 29 20 16 9 8 33 27 
48 62 33 8 27 57 30 64 5 4 40 15 16 9 51 
25 39 10 15 4 34 7 41 28 19 17 8 7 32 28 
0 14 15 40 21 9 18 16 53 44 8 33 32 57 3 
23 37 8 17 2 32 5 39 30 21 15 10 9 34 26 
70 84 55 30 49 79 52 86 17 26 62 37 38 13 73 
60 74 45 20 39 69 42 76 7 16 52 27 28 3 63 
27 13 42 67 48 18 45 11 80 71 35 60 59 84 24 
26 12 41 66 47 17 44 10 79 70 34 59 58 83 23 
32 46 17 8 11 41 14 48 21 12 24 1 0 25 35 

1 21 43 77 1 20 83 61 70 9 76 87 76 51 10 
43 23 1 33 45 24 39 17 26 35 32 43 32 7 34 
22 2 20 54 24 3 60 38 47 14 53 64 53 28 13 
53 33 11 23 55 34 29 7 16 45 22 33 22 3 44 
3 17 39 73 5 16 79 57 66 5 72 83 72 47 6 
22 2 20 54 24 3 60 38 47 14 53 64 53 28 13 
15 5 27 61 17 4 67 45 54 7 60 71 60 35 6 
62 42 20 14 64 43 20 2 7 54 13 24 13 12 53 
15 5 27 61 17 4 67 45 54 7 60 71 60 35 6 
4 24 46 80 2 23 86 64 73 12 79 90 79 54 13 
88 68 46 12 90 69 6 28 19 80 13 2 13 38 79 
74 54 32 2 76 55 8 14 5 66 1 12 1 24 65 
88 68 46 12 90 69 6 28 19 80 13 2 13 38 79 
44 24 2 32 46 25 38 16 25 36 31 42 31 6 35 
66 46 24 10 68 47 16 6 3 58 9 20 9 16 57 

19 11 69 18 72 84 89 64 87 43 30 23 60 37 5 
25 33 25 26 28 40 45 20 43 1 14 21 16 7 39 
4 12 46 5 49 61 66 41 64 20 7 0 37 14 18 
35 43 15 36 18 30 35 10 33 11 24 31 6 17 49 
15 7 65 14 68 80 85 60 83 39 26 19 56 33 1 
4 12 46 5 49 61 66 41 64 20 7 0 37 14 18 
3 5 53 2 56 68 73 48 71 27 14 7 44 21 11 
44 52 6 45 9 21 26 1 24 20 33 40 3 26 58 
3 5 53 2 56 68 73 48 71 27 14 7 44 21 11 
22 14 72 21 75 87 92 67 90 46 33 26 63 40 8 
70 78 20 71 17 5 0 25 2 46 59 66 29 52 84 
56 64 6 57 3 9 14 11 12 32 45 52 15 38 70 
70 78 20 71 17 5 0 25 2 46 59 66 29 52 84 
26 34 24 27 27 39 44 19 42 2 15 22 15 8 40 
48 56 2 49 5 17 22 3 20 24 37 44 7 30 62 

87 6 62 34 31 41 2 0 32 45 31 73 27 78 12 
43 38 18 10 13 3 46 44 12 1 13 29 17 34 32 
64 17 39 11 8 18 25 23 9 22 8 50 4 55 11 
33 48 8 20 23 13 56 54 22 9 23 19 27 24 42 
83 2 58 30 27 37 6 4 28 41 27 69 23 74 8 
64 17 39 11 8 18 25 23 9 22 8 50 4 55 11 
71 10 46 18 15 25 18 16 16 29 15 57 11 62 4 
24 57 1 29 32 22 65 63 31 18 32 10 36 15 51 
71 10 46 18 15 25 18 16 16 29 15 57 11 62 4 
90 9 65 37 34 44 1 3 35 48 34 76 30 81 15 
2 83 27 55 58 48 91 89 57 44 58 16 62 11 77 
12 69 13 41 44 34 77 75 43 30 44 2 48 3 63 
2 83 27 55 58 48 91 89 57 44 58 16 62 11 77 
42 39 17 11 14 4 47 45 13 0 14 28 18 33 33 
20 61 5 33 36 26 69 67 35 22 36 6 40 11 55 

54 64 11 35 79 45 54 41 37 42 33 4 76 48 81 
10 20 33 9 35 1 10 3 7 2 11 40 32 4 37 
31 41 12 12 56 22 31 18 14 19 10 19 53 25 58 
0 10 43 19 25 9 0 13 17 12 21 50 22 6 27 
50 60 7 31 75 41 50 37 33 38 29 0 72 44 77 
31 41 12 12 56 22 31 18 14 19 10 19 53 25 58 
38 48 5 19 63 29 38 25 21 26 17 12 60 32 65 
9 1 52 28 16 18 9 22 26 21 30 59 13 15 18 
38 48 5 19 63 29 38 25 21 26 17 12 60 32 65 
57 67 14 38 82 48 57 44 40 45 36 7 79 51 84 
35 25 78 54 10 44 35 48 52 47 56 85 13 41 8 
21 11 64 40 4 30 21 34 38 33 42 71 1 27 6 
35 25 78 54 10 44 35 48 52 47 56 85 13 41 8 
9 19 34 10 34 0 9 4 8 3 12 41 31 3 36 
13 3 56 32 12 22 13 26 30 25 34 63 9 19 14 

16 63 82 48 41 13 60 19 13 37 25 4 39 82 77 
28 19 38 4 3 31 16 25 31 7 19 40 5 38 33 
7 40 59 25 18 10 37 4 10 14 2 19 16 59 54 
38 9 28 6 13 41 6 35 41 17 29 50 15 28 23 
12 59 78 44 37 9 56 15 9 33 21 0 35 78 73 
7 40 59 25 18 10 37 4 10 14 2 19 16 59 54 
0 47 66 32 25 3 44 3 3 21 9 12 23 66 61 
47 0 19 15 22 50 3 44 50 26 38 59 24 19 14 
0 47 66 32 25 3 44 3 3 21 9 12 23 66 61 
19 66 85 51 44 16 63 22 16 40 28 7 42 85 80 
73 26 7 41 48 76 29 70 76 52 64 85 50 7 12 
59 12 7 27 34 62 15 56 62 38 50 71 36 7 2 
73 26 7 41 48 76 29 70 76 52 64 85 50 7 12 
29 18 37 3 4 32 15 26 32 8 20 41 6 37 32 
51 4 15 19 26 54 7 48 54 30 42 63 28 15 10 

12 28 83 61 27 44 80 48 93 23 43 51 69 21 14 
32 16 39 17 17 0 36 4 49 21 1 7 25 23 30 
11 5 60 38 4 21 57 25 70 0 20 28 46 2 9 
42 26 29 7 27 10 26 6 39 31 11 3 15 33 40 
8 24 79 57 23 40 76 44 89 19 39 47 65 17 10 
11 5 60 38 4 21 57 25 70 0 20 28 46 2 9 
4 12 67 45 11 28 64 32 77 7 27 35 53 5 2 
51 35 20 2 36 19 17 15 30 40 20 12 6 42 49 
4 12 67 45 11 28 64 32 77 7 27 35 53 5 2 
15 31 86 64 30 47 83 51 96 26 46 54 72 24 17 
77 61 6 28 62 45 9 41 4 66 46 38 20 68 75 
63 47 8 14 48 31 5 27 18 52 32 24 6 54 61 
77 61 6 28 62 45 9 41 4 66 46 38 20 68 75 
33 17 38 16 18 1 35 3 48 22 2 6 24 24 31 
55 39 16 6 40 23 13 19 26 44 24 16 2 46 53 

93 19 40 62 62 60 82 23 26 91 84 22 66 63 91 
49 25 4 18 18 16 38 21 18 47 40 22 22 19 47 
70 4 17 39 39 37 59 0 3 68 61 1 43 40 68 
39 35 14 8 8 6 28 31 28 37 30 32 12 9 37 
89 15 36 58 58 56 78 19 22 87 80 18 62 59 87 
70 4 17 39 39 37 59 0 3 68 61 1 43 40 68 
77 3 24 46 46 44 66 7 10 75 68 6 50 47 75 
30 44 23 1 1 3 19 40 37 28 21 41 3 0 28 
77 3 24 46 46 44 66 7 10 75 68 6 50 47 75 
96 22 43 65 65 63 85 26 29 94 87 25 69 66 94 
4 70 49 27 27 29 7 66 63 2 5 67 23 26 2 
18 56 35 13 13 15 7 52 49 16 9 53 9 12 16 
4 70 49 27 27 29 7 66 63 2 5 67 23 26 2 
48 26 5 17 17 15 37 22 19 46 39 23 21 18 46 
26 48 27 5 5 7 15 44 41 24 17 45 1 4 24 

79 6 78 1 62 64 64 29 8 3 46 92 80 69 69 
35 38 34 45 18 20 20 15 36 41 2 48 36 25 25 
56 17 55 24 39 41 41 6 15 20 23 69 57 46 46 
25 48 24 55 8 10 10 25 46 51 8 38 26 15 15 
75 2 74 5 58 60 60 25 4 1 42 88 76 65 65 
56 17 55 24 39 41 41 6 15 20 23 69 57 46 46 
63 10 62 17 46 48 48 13 8 13 30 76 64 53 53 
16 57 15 64 1 1 1 34 55 60 17 29 17 6 6 
63 10 62 17 46 48 48 13 8 13 30 76 64 53 53 
82 9 81 2 65 67 67 32 11 6 49 95 83 72 72 
10 83 11 90 27 25 25 60 81 86 43 3 9 20 20 
4 69 3 76 13 11 11 46 67 72 29 17 5 6 6 
10 83 11 90 27 25 25 60 81 86 43 3 9 20 20 
34 39 33 46 17 19 19 16 37 42 1 47 35 24 24 
12 61 11 68 5 3 3 38 59 64 21 25 13 2 2 

21 7 36 61 42 12 39 5 74 65 29 54 53 78 18 
23 37 8 17 2 32 5 39 30 21 15 10 9 34 26 
2 16 13 38 19 11 16 18 51 42 6 31 30 55 5 
33 47 18 7 12 42 15 49 20 11 25 0 1 24 36 
17 3 32 57 38 8 35 1 70 61 25 50 49 74 14 
2 16 13 38 19 11 16 18 51 42 6 31 30 55 5 
5 9 20 45 26 4 23 11 58 49 13 38 37 62 2 
42 56 27 2 21 51 24 58 11 2 34 9 10 15 45 
5 9 20 45 26 4 23 11 58 49 13 38 37 62 2 
24 10 39 64 45 15 42 8 77 68 32 57 56 81 21 
68 82 53 28 47 77 50 84 15 24 60 35 36 11 71 
54 68 39 14 33 63 36 70 1 10 46 21 22 3 57 
68 82 53 28 47 77 50 84 15 24 60 35 36 11 71 
24 38 9 16 3 33 6 40 29 20 16 9 8 33 27 
46 60 31 6 25 55 28 62 7 2 38 13 14 11 49 

18 10 68 17 71 83 88 63 86 42 29 22 59 36 4 
2 10 48 3 51 63 68 43 66 22 9 2 39 16 16 
24 32 26 25 29 41 46 21 44 0 13 20 17 6 38 
58 66 8 59 5 7 12 13 10 34 47 54 17 40 72 
20 12 70 19 73 85 90 65 88 44 31 24 61 38 6 
1 9 49 2 52 64 69 44 67 23 10 3 40 17 15 
64 72 14 65 11 1 6 19 4 40 53 60 23 46 78 
42 50 8 43 11 23 28 3 26 18 31 38 1 24 56 
51 59 1 52 2 14 19 6 17 27 40 47 10 33 65 
10 2 60 9 63 75 80 55 78 34 21 14 51 28 4 
57 65 7 58 4 8 13 12 11 33 46 53 16 39 71 
68 76 18 69 15 3 2 23 0 44 57 64 27 50 82 
57 65 7 58 4 8 13 12 11 33 46 53 16 39 71 
32 40 18 33 21 33 38 13 36 8 21 28 9 14 46 
9 1 59 8 62 74 79 54 77 33 20 13 50 27 5 

86 5 61 33 30 40 3 1 31 44 30 72 26 77 11 
66 15 41 13 10 20 23 21 11 24 10 52 6 57 9 
44 37 19 9 12 2 45 43 11 2 12 30 16 35 31 
10 71 15 43 46 36 79 77 45 32 46 4 50 1 65 
88 7 63 35 32 42 1 1 33 46 32 74 28 79 13 
67 14 42 14 11 21 22 20 12 25 11 53 7 58 8 
4 77 21 49 52 42 85 83 51 38 52 10 56 5 71 
26 55 1 27 30 20 63 61 29 16 30 12 34 17 49 
17 64 8 36 39 29 72 70 38 25 39 3 43 8 58 
78 3 53 25 22 32 11 9 23 36 22 64 18 69 3 
11 70 14 42 45 35 78 76 44 31 45 3 49 2 64 
0 81 25 53 56 46 89 87 55 42 56 14 60 9 75 
11 70 14 42 45 35 78 76 44 31 45 3 49 2 64 
36 45 11 17 20 10 53 51 19 6 20 22 24 27 39 
77 4 52 24 21 31 12 10 22 35 21 63 17 68 2 

53 63 10 34 78 44 53 40 36 41 32 3 75 47 80 
33 43 10 14 58 24 33 20 16 21 12 17 55 27 60 
11 21 32 8 36 2 11 2 6 1 10 39 33 5 38 
23 13 66 42 2 32 23 36 40 35 44 73 1 29 4 
55 65 12 36 80 46 55 42 38 43 34 5 77 49 82 
34 44 9 15 59 25 34 21 17 22 13 16 56 28 61 
29 19 72 48 4 38 29 42 46 41 50 79 7 35 2 
7 3 50 26 18 16 7 20 24 19 28 57 15 13 20 
16 6 59 35 9 25 16 29 33 28 37 66 6 22 11 
45 55 2 26 70 36 45 32 28 33 24 5 67 39 72 
22 12 65 41 3 31 22 35 39 34 43 72 0 28 5 
33 23 76 52 8 42 33 46 50 45 54 83 11 39 6 
22 12 65 41 3 31 22 35 39 34 43 72 0 28 5 
3 13 40 16 28 6 3 10 14 9 18 47 25 3 30 
44 54 1 25 69 35 44 31 27 32 23 6 66 38 71 

15 62 81 47 40 12 59 18 12 36 24 3 38 81 76 
5 42 61 27 20 8 39 2 8 16 4 17 18 61 56 
27 20 39 5 2 30 17 24 30 6 18 39 4 39 34 
61 14 5 29 36 64 17 58 64 40 52 73 38 5 0 
17 64 83 49 42 14 61 20 14 38 26 5 40 83 78 
4 43 62 28 21 7 40 1 7 17 5 16 19 62 57 
67 20 1 35 42 70 23 64 70 46 58 79 44 1 6 
45 2 21 13 20 48 1 42 48 24 36 57 22 21 16 
54 7 12 22 29 57 10 51 57 33 45 66 31 12 7 
7 54 73 39 32 4 51 10 4 28 16 5 30 73 68 
60 13 6 28 35 63 16 57 63 39 51 72 37 6 1 
71 24 5 39 46 74 27 68 74 50 62 83 48 5 10 
60 13 6 28 35 63 16 57 63 39 51 72 37 6 1 
35 12 31 3 10 38 9 32 38 14 26 47 12 31 26 
6 53 72 38 31 3 50 9 3 27 15 6 29 72 67 

11 27 82 60 26 43 79 47 92 22 42 50 68 20 13 
9 7 62 40 6 23 59 27 72 2 22 30 48 0 7 
31 15 40 18 16 1 37 5 50 20 0 8 26 22 29 
65 49 6 16 50 33 3 29 16 54 34 26 8 56 63 
13 29 84 62 28 45 81 49 94 24 44 52 70 22 15 
8 8 63 41 7 24 60 28 73 3 23 31 49 1 6 
71 55 0 22 56 39 3 35 10 60 40 32 14 62 69 
49 33 22 0 34 17 19 13 32 38 18 10 8 40 47 
58 42 13 9 43 26 10 22 23 47 27 19 1 49 56 
3 19 74 52 18 35 71 39 84 14 34 42 60 12 5 
64 48 7 15 49 32 4 28 17 53 33 25 7 55 62 
75 59 4 26 60 43 7 39 6 64 44 36 18 66 73 
64 48 7 15 49 32 4 28 17 53 33 25 7 55 62 
39 23 32 10 24 7 29 3 42 28 8 0 18 30 37 
2 18 73 51 17 34 70 38 83 13 33 41 59 11 4 

92 18 39 61 61 59 81 22 25 90 83 21 65 62 90 
72 2 19 41 41 39 61 2 5 70 63 1 45 42 70 
50 24 3 19 19 17 39 20 17 48 41 21 23 20 48 
16 58 37 15 15 17 5 54 51 14 7 55 11 14 14 
94 20 41 63 63 61 83 24 27 92 85 23 67 64 92 
73 1 20 42 42 40 62 3 6 71 64 2 46 43 71 
10 64 43 21 21 23 1 60 57 8 1 61 17 20 8 
32 42 21 1 1 1 21 38 35 30 23 39 5 2 30 
23 51 30 8 8 10 12 47 44 21 14 48 4 7 21 
84 10 31 53 53 51 73 14 17 82 75 13 57 54 82 
17 57 36 14 14 16 6 53 50 15 8 54 10 13 15 
6 68 47 25 25 27 5 64 61 4 3 65 21 24 4 
17 57 36 14 14 16 6 53 50 15 8 54 10 13 15 
42 32 11 11 11 9 31 28 25 40 33 29 15 12 40 
83 9 30 52 52 50 72 13 16 81 74 12 56 53 81 

78 5 77 2 61 63 63 28 7 2 45 91 79 68 68 
58 15 57 22 41 43 43 8 13 18 25 71 59 48 48 
36 37 35 44 19 21 21 14 35 40 3 49 37 26 26 
2 71 1 78 15 13 13 48 69 74 31 15 3 8 8 
80 7 79 0 63 65 65 30 9 4 47 93 81 70 70 
59 14 58 21 42 44 44 9 12 17 26 72 60 49 49 
4 77 5 84 21 19 19 54 75 80 37 9 3 14 14 
18 55 17 62 1 3 3 32 53 58 15 31 19 8 8 
9 64 8 71 8 6 6 41 62 67 24 22 10 1 1 
70 3 69 10 53 55 55 20 1 6 37 83 71 60 60 
3 70 2 77 14 12 12 47 68 73 30 16 4 7 7 
8 81 9 88 25 23 23 58 79 84 41 5 7 18 18 
3 70 2 77 14 12 12 47 68 73 30 16 4 7 7 
28 45 27 52 11 13 13 22 43 48 5 41 29 18 18 
69 4 68 11 52 54 54 19 2 7 36 82 70 59 59 

20 6 35 60 41 11 38 4 73 64 28 53 52 77 17 
0 14 15 40 21 9 18 16 53 44 8 33 32 57 3 
22 36 7 18 1 31 4 38 31 22 14 11 10 35 25 
56 70 41 16 35 65 38 72 3 12 48 23 24 1 59 
22 8 37 62 43 13 40 6 75 66 30 55 54 79 19 
1 13 16 41 22 8 19 15 54 45 9 34 33 58 2 
62 76 47 22 41 71 44 78 9 18 54 29 30 5 65 
40 54 25 0 19 49 22 56 13 4 32 7 8 17 43 
49 63 34 9 28 58 31 65 4 5 41 16 17 8 52 
12 2 27 52 33 3 30 4 65 56 20 45 44 69 9 
55 69 40 15 34 64 37 71 2 11 47 22 23 2 58 
66 80 51 26 45 75 48 82 13 22 58 33 34 9 69 
55 69 40 15 34 64 37 71 2 11 47 22 23 2 58 
30 44 15 10 9 39 12 46 23 14 22 3 2 27 33 
11 3 26 51 32 2 29 5 64 55 19 44 43 68 8 

68 13 43 15 12 22 21 19 13 26 12 54 8 59 7 
76 5 51 23 20 30 13 11 21 34 20 62 16 67 1 
18 63 7 35 38 28 71 69 37 24 38 4 42 9 57 
69 12 44 16 13 23 20 18 14 27 13 55 9 60 6 
15 66 10 38 41 31 74 72 40 27 41 1 45 6 60 
3 78 22 50 53 43 86 84 52 39 53 11 57 6 72 
2 83 27 55 58 48 91 89 57 44 58 16 62 11 77 
23 58 2 30 33 23 66 64 32 19 33 9 37 14 52 
0 81 25 53 56 46 89 87 55 42 56 14 60 9 75 
44 37 19 9 12 2 45 43 11 2 12 30 16 35 31 
57 24 32 4 1 11 32 30 2 15 1 43 3 48 18 
64 17 39 11 8 18 25 23 9 22 8 50 4 55 11 
27 54 2 26 29 19 62 60 28 15 29 13 33 18 48 
50 31 25 3 6 4 39 37 5 8 6 36 10 41 25 
82 1 57 29 26 36 7 5 27 40 26 68 22 73 7 

35 45 8 16 60 26 35 22 18 23 14 15 57 29 62 
43 53 0 24 68 34 43 30 26 31 22 7 65 37 70 
15 5 58 34 10 24 15 28 32 27 36 65 7 21 12 
36 46 7 17 61 27 36 23 19 24 15 14 58 30 63 
18 8 61 37 7 27 18 31 35 30 39 68 4 24 9 
30 20 73 49 5 39 30 43 47 42 51 80 8 36 3 
35 25 78 54 10 44 35 48 52 47 56 85 13 41 8 
10 0 53 29 15 19 10 23 27 22 31 60 12 16 17 
33 23 76 52 8 42 33 46 50 45 54 83 11 39 6 
11 21 32 8 36 2 11 2 6 1 10 39 33 5 38 
24 34 19 5 49 15 24 11 7 12 3 26 46 18 51 
31 41 12 12 56 22 31 18 14 19 10 19 53 25 58 
6 4 49 25 19 15 6 19 23 18 27 56 16 12 21 
17 27 26 2 42 8 17 4 0 5 4 33 39 11 44 
49 59 6 30 74 40 49 36 32 37 28 1 71 43 76 

3 44 63 29 22 6 41 0 6 18 6 15 20 63 58 
5 52 71 37 30 2 49 8 2 26 14 7 28 71 66 
53 6 13 21 28 56 9 50 56 32 44 65 30 13 8 
2 45 64 30 23 5 42 1 5 19 7 14 21 64 59 
56 9 10 24 31 59 12 53 59 35 47 68 33 10 5 
68 21 2 36 43 71 24 65 71 47 59 80 45 2 7 
73 26 7 41 48 76 29 70 76 52 64 85 50 7 12 
48 1 18 16 23 51 4 45 51 27 39 60 25 18 13 
71 24 5 39 46 74 27 68 74 50 62 83 48 5 10 
27 20 39 5 2 30 17 24 30 6 18 39 4 39 34 
14 33 52 18 11 17 30 11 17 7 5 26 9 52 47 
7 40 59 25 18 10 37 4 10 14 2 19 16 59 54 
44 3 22 12 19 47 0 41 47 23 35 56 21 22 17 
21 26 45 11 4 24 23 18 24 0 12 33 2 45 40 
11 58 77 43 36 8 55 14 8 32 20 1 34 77 72 

7 9 64 42 8 25 61 29 74 4 24 32 50 2 5 
1 17 72 50 16 33 69 37 82 12 32 40 58 10 3 
57 41 14 8 42 25 11 21 24 46 26 18 0 48 55 
6 10 65 43 9 26 62 30 75 5 25 33 51 3 4 
60 44 11 11 45 28 8 24 21 49 29 21 3 51 58 
72 56 1 23 57 40 4 36 9 61 41 33 15 63 70 
77 61 6 28 62 45 9 41 4 66 46 38 20 68 75 
52 36 19 3 37 20 16 16 29 41 21 13 5 43 50 
75 59 4 26 60 43 7 39 6 64 44 36 18 66 73 
31 15 40 18 16 1 37 5 50 20 0 8 26 22 29 
18 2 53 31 3 14 50 18 63 7 13 21 39 9 16 
11 5 60 38 4 21 57 25 70 0 20 28 46 2 9 
48 32 23 1 33 16 20 12 33 37 17 9 9 39 46 
25 9 46 24 10 7 43 11 56 14 6 14 32 16 23 
7 23 78 56 22 39 75 43 88 18 38 46 64 16 9 

74 0 21 43 43 41 63 4 7 72 65 3 47 44 72 
82 8 29 51 51 49 71 12 15 80 73 11 55 52 80 
24 50 29 7 7 9 13 46 43 22 15 47 3 6 22 
75 1 22 44 44 42 64 5 8 73 66 4 48 45 73 
21 53 32 10 10 12 10 49 46 19 12 50 6 9 19 
9 65 44 22 22 24 2 61 58 7 0 62 18 21 7 
4 70 49 27 27 29 7 66 63 2 5 67 23 26 2 
29 45 24 2 2 4 18 41 38 27 20 42 2 1 27 
6 68 47 25 25 27 5 64 61 4 3 65 21 24 4 
50 24 3 19 19 17 39 20 17 48 41 21 23 20 48 
63 11 10 32 32 30 52 7 4 61 54 8 36 33 61 
70 4 17 39 39 37 59 0 3 68 61 1 43 40 68 
33 41 20 2 2 0 22 37 34 31 24 38 6 3 31 
56 18 3 25 25 23 45 14 11 54 47 15 29 26 54 
88 14 35 57 57 55 77 18 21 86 79 17 61 58 86 

60 13 59 20 43 45 45 10 11 16 27 73 61 50 50 
68 5 67 12 51 53 53 18 3 8 35 81 69 58 58 
10 63 9 70 7 5 5 40 61 66 23 23 11 0 0 
61 12 60 19 44 46 46 11 10 15 28 74 62 51 51 
7 66 6 73 10 8 8 43 64 69 26 20 8 3 3 
5 78 6 85 22 20 20 55 76 81 38 8 4 15 15 
10 83 11 90 27 25 25 60 81 86 43 3 9 20 20 
15 58 14 65 2 0 0 35 56 61 18 28 16 5 5 
8 81 9 88 25 23 23 58 79 84 41 5 7 18 18 
36 37 35 44 19 21 21 14 35 40 3 49 37 26 26 
49 24 48 31 32 34 34 1 22 27 16 62 50 39 39 
56 17 55 24 39 41 41 6 15 20 23 69 57 46 46 
19 54 18 61 2 4 4 31 52 57 14 32 20 9 9 
42 31 41 38 25 27 27 8 29 34 9 55 43 32 32 
74 1 73 6 57 59 59 24 3 2 41 87 75 64 64 

2 12 17 42 23 7 20 14 55 46 10 35 34 59 1 
10 4 25 50 31 1 28 6 63 54 18 43 42 67 7 
48 62 33 8 27 57 30 64 5 4 40 15 16 9 51 
3 11 18 43 24 6 21 13 56 47 11 36 35 60 0 
51 65 36 11 30 60 33 67 2 7 43 18 19 6 54 
63 77 48 23 42 72 45 79 10 19 55 30 31 6 66 
68 82 53 28 47 77 50 84 15 24 60 35 36 11 71 
43 57 28 3 22 52 25 59 10 1 35 10 11 14 46 
66 80 51 26 45 75 48 82 13 22 58 33 34 9 69 
22 36 7 18 1 31 4 38 31 22 14 11 10 35 25 
9 23 6 31 12 18 9 25 44 35 1 24 23 48 12 
2 16 13 38 19 11 16 18 51 42 6 31 30 55 5 
39 53 24 1 18 48 21 55 14 5 31 6 7 18 42 
16 30 1 24 5 25 2 32 37 28 8 17 16 41 19 
16 2 31 56 37 7 34 0 69 60 24 49 48 73 13 

33 23 76 52 8 42 33 46 50 45 54 83 11 39 6 
48 58 5 29 73 39 48 35 31 36 27 2 70 42 75 
8 2 51 27 17 17 8 21 25 20 29 58 14 14 19 
20 30 23 1 45 11 20 7 3 8 1 30 42 14 47 
23 33 20 4 48 14 23 10 6 11 2 27 45 17 50 
13 23 30 6 38 4 13 0 4 1 8 37 35 7 40 
56 66 13 37 81 47 56 43 39 44 35 6 78 50 83 
54 64 11 35 79 45 54 41 37 42 33 4 76 48 81 
22 32 21 3 47 13 22 9 5 10 1 28 44 16 49 
9 19 34 10 34 0 9 4 8 3 12 41 31 3 36 
23 33 20 4 48 14 23 10 6 11 2 27 45 17 50 
19 9 62 38 6 28 19 32 36 31 40 69 3 25 8 
27 37 16 8 52 18 27 14 10 15 6 23 49 21 54 
24 14 67 43 1 33 24 37 41 36 45 74 2 30 3 
42 52 1 23 67 33 42 29 25 30 21 8 64 36 69 

71 24 5 39 46 74 27 68 74 50 62 83 48 5 10 
10 57 76 42 35 7 54 13 7 31 19 2 33 76 71 
46 1 20 14 21 49 2 43 49 25 37 58 23 20 15 
18 29 48 14 7 21 26 15 21 3 9 30 5 48 43 
15 32 51 17 10 18 29 12 18 6 6 27 8 51 46 
25 22 41 7 0 28 19 22 28 4 16 37 2 41 36 
18 65 84 50 43 15 62 21 15 39 27 6 41 84 79 
16 63 82 48 41 13 60 19 13 37 25 4 39 82 77 
16 31 50 16 9 19 28 13 19 5 7 28 7 50 45 
29 18 37 3 4 32 15 26 32 8 20 41 6 37 32 
15 32 51 17 10 18 29 12 18 6 6 27 8 51 46 
57 10 9 25 32 60 13 54 60 36 48 69 34 9 4 
11 36 55 21 14 14 33 8 14 10 2 23 12 55 50 
62 15 4 30 37 65 18 59 65 41 53 74 39 4 1 
4 51 70 36 29 1 48 7 1 25 13 8 27 70 65 

75 59 4 26 60 43 7 39 6 64 44 36 18 66 73 
6 22 77 55 21 38 74 42 87 17 37 45 63 15 8 
50 34 21 1 35 18 18 14 31 39 19 11 7 41 48 
22 6 49 27 7 10 46 14 59 11 9 17 35 13 20 
19 3 52 30 4 13 49 17 62 8 12 20 38 10 17 
29 13 42 20 14 3 39 7 52 18 2 10 28 20 27 
14 30 85 63 29 46 82 50 95 25 45 53 71 23 16 
12 28 83 61 27 44 80 48 93 23 43 51 69 21 14 
20 4 51 29 5 12 48 16 61 9 11 19 37 11 18 
33 17 38 16 18 1 35 3 48 22 2 6 24 24 31 
19 3 52 30 4 13 49 17 62 8 12 20 38 10 17 
61 45 10 12 46 29 7 25 20 50 30 22 4 52 59 
15 1 56 34 0 17 53 21 66 4 16 24 42 6 13 
66 50 5 17 51 34 2 30 15 55 35 27 9 57 64 
0 16 71 49 15 32 68 36 81 11 31 39 57 9 2 

6 68 47 25 25 27 5 64 61 4 3 65 21 24 4 
87 13 34 56 56 54 76 17 20 85 78 16 60 57 85 
31 43 22 0 0 2 20 39 36 29 22 40 4 1 29 
59 15 6 28 28 26 48 11 8 57 50 12 32 29 57 
62 12 9 31 31 29 51 8 5 60 53 9 35 32 60 
52 22 1 21 21 19 41 18 15 50 43 19 25 22 50 
95 21 42 64 64 62 84 25 28 93 86 24 68 65 93 
93 19 40 62 62 60 82 23 26 91 84 22 66 63 91 
61 13 8 30 30 28 50 9 6 59 52 10 34 31 59 
48 26 5 17 17 15 37 22 19 46 39 23 21 18 46 
62 12 9 31 31 29 51 8 5 60 53 9 35 32 60 
20 54 33 11 11 13 9 50 47 18 11 51 7 10 18 
66 8 13 35 35 33 55 4 1 64 57 5 39 36 64 
15 59 38 16 16 18 4 55 52 13 6 56 12 15 13 
81 7 28 50 50 48 70 11 14 79 72 10 54 51 79 

8 81 9 88 25 23 23 58 79 84 41 5 7 18 18 
73 0 72 7 56 58 58 23 2 3 40 86 74 63 63 
17 56 16 63 0 2 2 33 54 59 16 30 18 7 7 
45 28 44 35 28 30 30 5 26 31 12 58 46 35 35 
48 25 47 32 31 33 33 2 23 28 15 61 49 38 38 
38 35 37 42 21 23 23 12 33 38 5 51 39 28 28 
81 8 80 1 64 66 66 31 10 5 48 94 82 71 71 
79 6 78 1 62 64 64 29 8 3 46 92 80 69 69 
47 26 46 33 30 32 32 3 24 29 14 60 48 37 37 
34 39 33 46 17 19 19 16 37 42 1 47 35 24 24 
48 25 47 32 31 33 33 2 23 28 15 61 49 38 38 
6 67 5 74 11 9 9 44 65 70 27 19 7 4 4 
52 21 51 28 35 37 37 2 19 24 19 65 53 42 42 
1 72 0 79 16 14 14 49 70 75 32 14 2 9 9 
67 6 66 13 50 52 52 17 4 9 34 80 68 57 57 

66 80 51 26 45 75 48 82 13 22 58 33 34 9 69 
15 1 30 55 36 6 33 1 68 59 23 48 47 72 12 
41 55 26 1 20 50 23 57 12 3 33 8 9 16 44 
13 27 2 27 8 22 5 29 40 31 5 20 19 44 16 
10 24 5 30 11 19 8 26 43 34 2 23 22 47 13 
20 34 5 20 1 29 2 36 33 24 12 13 12 37 23 
23 9 38 63 44 14 41 7 76 67 31 56 55 80 20 
21 7 36 61 42 12 39 5 74 65 29 54 53 78 18 
11 25 4 29 10 20 7 27 42 33 3 22 21 46 14 
24 38 9 16 3 33 6 40 29 20 16 9 8 33 27 
10 24 5 30 11 19 8 26 43 34 2 23 22 47 13 
52 66 37 12 31 61 34 68 1 8 44 19 20 5 55 
6 20 9 34 15 15 12 22 47 38 2 27 26 51 9 
57 71 42 17 36 66 39 73 4 13 49 24 25 0 60 
9 5 24 49 30 0 27 7 62 53 17 42 41 66 6 

38 9 28 6 13 41 6 35 41 17 29 50 15 28 23 
48 1 18 16 23 51 4 45 51 27 39 60 25 18 13 
5 52 71 37 30 2 49 8 2 26 14 7 28 71 66 
19 28 47 13 6 22 25 16 22 2 10 31 4 47 42 
63 16 3 31 38 66 19 60 66 42 54 75 40 3 2 
29 18 37 3 4 32 15 26 32 8 20 41 6 37 32 
38 9 28 6 13 41 6 35 41 17 29 50 15 28 23 
25 22 41 7 0 28 19 22 28 4 16 37 2 41 36 
21 26 45 11 4 24 23 18 24 0 12 33 2 45 40 
26 21 40 6 1 29 18 23 29 5 17 38 3 40 35 
17 30 49 15 8 20 27 14 20 4 8 29 6 49 44 
12 59 78 44 37 9 56 15 9 33 21 0 35 78 73 
60 13 6 28 35 63 16 57 63 39 51 72 37 6 1 
32 15 34 0 7 35 12 29 35 11 23 44 9 34 29 
65 18 1 33 40 68 21 62 68 44 56 77 42 1 4 

42 26 29 7 27 10 26 6 39 31 11 3 15 33 40 
52 36 19 3 37 20 16 16 29 41 21 13 5 43 50 
1 17 72 50 16 33 69 37 82 12 32 40 58 10 3 
23 7 48 26 8 9 45 13 58 12 8 16 34 14 21 
67 51 4 18 52 35 1 31 14 56 36 28 10 58 65 
33 17 38 16 18 1 35 3 48 22 2 6 24 24 31 
42 26 29 7 27 10 26 6 39 31 11 3 15 33 40 
29 13 42 20 14 3 39 7 52 18 2 10 28 20 27 
25 9 46 24 10 7 43 11 56 14 6 14 32 16 23 
30 14 41 19 15 2 38 6 51 19 1 9 27 21 28 
21 5 50 28 6 11 47 15 60 10 10 18 36 12 19 
8 24 79 57 23 40 76 44 89 19 39 47 65 17 10 
64 48 7 15 49 32 4 28 17 53 33 25 7 55 62 
36 20 35 13 21 4 32 0 45 25 5 3 21 27 34 
69 53 2 20 54 37 1 33 12 58 38 30 12 60 67 

39 35 14 8 8 6 28 31 28 37 30 32 12 9 37 
29 45 24 2 2 4 18 41 38 27 20 42 2 1 27 
82 8 29 51 51 49 71 12 15 80 73 11 55 52 80 
58 16 5 27 27 25 47 12 9 56 49 13 31 28 56 
14 60 39 17 17 19 3 56 53 12 5 57 13 16 12 
48 26 5 17 17 15 37 22 19 46 39 23 21 18 46 
39 35 14 8 8 6 28 31 28 37 30 32 12 9 37 
52 22 1 21 21 19 41 18 15 50 43 19 25 22 50 
56 18 3 25 25 23 45 14 11 54 47 15 29 26 54 
51 23 2 20 20 18 40 19 16 49 42 20 24 21 49 
60 14 7 29 29 27 49 10 7 58 51 11 33 30 58 
89 15 36 58 58 56 78 19 22 87 80 18 62 59 87 
17 57 36 14 14 16 6 53 50 15 8 54 10 13 15 
45 29 8 14 14 12 34 25 22 43 36 26 18 15 43 
12 62 41 19 19 21 1 58 55 10 3 59 15 18 10 

25 48 24 55 8 10 10 25 46 51 8 38 26 15 15 
15 58 14 65 2 0 0 35 56 61 18 28 16 5 5 
68 5 67 12 51 53 53 18 3 8 35 81 69 58 58 
44 29 43 36 27 29 29 6 27 32 11 57 45 34 34 
0 73 1 80 17 15 15 50 71 76 33 13 1 10 10 
34 39 33 46 17 19 19 16 37 42 1 47 35 24 24 
25 48 24 55 8 10 10 25 46 51 8 38 26 15 15 
38 35 37 42 21 23 23 12 33 38 5 51 39 28 28 
42 31 41 38 25 27 27 8 29 34 9 55 43 32 32 
37 36 36 43 20 22 22 13 34 39 4 50 38 27 27 
46 27 45 34 29 31 31 4 25 30 13 59 47 36 36 
75 2 74 5 58 60 60 25 4 1 42 88 76 65 65 
3 70 2 77 14 12 12 47 68 73 30 16 4 7 7 
31 42 30 49 14 16 16 19 40 45 2 44 32 21 21 
2 75 3 82 19 17 17 52 73 78 35 11 1 12 12 

33 47 18 7 12 42 15 49 20 11 25 0 1 24 36 
43 57 28 3 22 52 25 59 10 1 35 10 11 14 46 
10 4 25 50 31 1 28 6 63 54 18 43 42 67 7 
14 28 1 26 7 23 4 30 39 30 6 19 18 43 17 
58 72 43 18 37 67 40 74 5 14 50 25 26 1 61 
24 38 9 16 3 33 6 40 29 20 16 9 8 33 27 
33 47 18 7 12 42 15 49 20 11 25 0 1 24 36 
20 34 5 20 1 29 2 36 33 24 12 13 12 37 23 
16 30 1 24 5 25 2 32 37 28 8 17 16 41 19 
21 35 6 19 0 30 3 37 32 23 13 12 11 36 24 
12 26 3 28 9 21 6 28 41 32 4 21 20 45 15 
17 3 32 57 38 8 35 1 70 61 25 50 49 74 14 
55 69 40 15 34 64 37 71 2 11 47 22 23 2 58 
27 41 12 13 6 36 9 43 26 17 19 6 5 30 30 
60 74 45 20 39 69 42 76 7 16 52 27 28 3 63 

4 12 67 45 11 28 64 32 77 7 27 35 53 5 2 
51 35 20 2 36 19 17 15 30 40 20 12 6 42 49 
70 54 1 21 55 38 2 34 11 59 39 31 13 61 68 
36 20 35 13 21 4 32 0 45 25 5 3 21 27 34 
29 13 42 20 14 3 39 7 52 18 2 10 28 20 27 
1 15 70 48 14 31 67 35 80 10 30 38 56 8 1 
48 32 23 1 33 16 20 12 33 37 17 9 9 39 46 
7 9 64 42 8 25 61 29 74 4 24 32 50 2 5 
1 15 70 48 14 31 67 35 80 10 30 38 56 8 1 
25 9 46 24 10 7 43 11 56 14 6 14 32 16 23 
13 3 58 36 2 19 55 23 68 2 18 26 44 4 11 
8 24 79 57 23 40 76 44 89 19 39 47 65 17 10 
27 11 44 22 12 5 41 9 54 16 4 12 30 18 25 
70 54 1 21 55 38 2 34 11 59 39 31 13 61 68 
65 49 6 16 50 33 3 29 16 54 34 26 8 56 63 

77 3 24 46 46 44 66 7 10 75 68 6 50 47 75 
30 44 23 1 1 3 19 40 37 28 21 41 3 0 28 
11 63 42 20 20 22 0 59 56 9 2 60 16 19 9 
45 29 8 14 14 12 34 25 22 43 36 26 18 15 43 
52 22 1 21 21 19 41 18 15 50 43 19 25 22 50 
80 6 27 49 49 47 69 10 13 78 71 9 53 50 78 
33 41 20 2 2 0 22 37 34 31 24 38 6 3 31 
74 0 21 43 43 41 63 4 7 72 65 3 47 44 72 
80 6 27 49 49 47 69 10 13 78 71 9 53 50 78 
56 18 3 25 25 23 45 14 11 54 47 15 29 26 54 
68 6 15 37 37 35 57 2 1 66 59 3 41 38 66 
89 15 36 58 58 56 78 19 22 87 80 18 62 59 87 
54 20 1 23 23 21 43 16 13 52 45 17 27 24 52 
11 63 42 20 20 22 0 59 56 9 2 60 16 19 9 
16 58 37 15 15 17 5 54 51 14 7 55 11 14 14 

63 10 62 17 46 48 48 13 8 13 30 76 64 53 53 
16 57 15 64 1 1 1 34 55 60 17 29 17 6 6 
3 76 4 83 20 18 18 53 74 79 36 10 2 13 13 
31 42 30 49 14 16 16 19 40 45 2 44 32 21 21 
38 35 37 42 21 23 23 12 33 38 5 51 39 28 28 
66 7 65 14 49 51 51 16 5 10 33 79 67 56 56 
19 54 18 61 2 4 4 31 52 57 14 32 20 9 9 
60 13 59 20 43 45 45 10 11 16 27 73 61 50 50 
66 7 65 14 49 51 51 16 5 10 33 79 67 56 56 
42 31 41 38 25 27 27 8 29 34 9 55 43 32 32 
54 19 53 26 37 39 39 4 17 22 21 67 55 44 44 
75 2 74 5 58 60 60 25 4 1 42 88 76 65 65 
40 33 39 40 23 25 25 10 31 36 7 53 41 30 30 
3 76 4 83 20 18 18 53 74 79 36 10 2 13 13 
2 71 1 78 15 13 13 48 69 74 31 15 3 8 8 

5 9 20 45 26 4 23 11 58 49 13 38 37 62 2 
42 56 27 2 21 51 24 58 11 2 34 9 10 15 45 
61 75 46 21 40 70 43 77 8 17 53 28 29 4 64 
27 41 12 13 6 36 9 43 26 17 19 6 5 30 30 
20 34 5 20 1 29 2 36 33 24 12 13 12 37 23 
8 6 23 48 29 1 26 8 61 52 16 41 40 65 5 
39 53 24 1 18 48 21 55 14 5 31 6 7 18 42 
2 12 17 42 23 7 20 14 55 46 10 35 34 59 1 
8 6 23 48 29 1 26 8 61 52 16 41 40 65 5 
16 30 1 24 5 25 2 32 37 28 8 17 16 41 19 
4 18 11 36 17 13 14 20 49 40 4 29 28 53 7 
17 3 32 57 38 8 35 1 70 61 25 50 49 74 14 
18 32 3 22 3 27 0 34 35 26 10 15 14 39 21 
61 75 46 21 40 70 43 77 8 17 53 28 29 4 64 
56 70 41 16 35 65 38 72 3 12 48 23 24 1 59 

81 7 28 50 50 48 70 11 14 79 72 10 54 51 79 
65 9 12 34 34 32 54 5 2 63 56 6 38 35 63 
10 64 43 21 21 23 1 60 57 8 1 61 17 20 8 
32 42 21 1 1 1 21 38 35 30 23 39 5 2 30 
66 8 13 35 35 33 55 4 1 64 57 5 39 36 64 
49 25 4 18 18 16 38 21 18 47 40 22 22 19 47 
13 61 40 18 18 20 2 57 54 11 4 58 14 17 11 
45 29 8 14 14 12 34 25 22 43 36 26 18 15 43 
0 74 53 31 31 33 11 70 67 2 9 71 27 30 2 
70 4 17 39 39 37 59 0 3 68 61 1 43 40 68 
50 24 3 19 19 17 39 20 17 48 41 21 23 20 48 
42 32 11 11 11 9 31 28 25 40 33 29 15 12 40 
24 50 29 7 7 9 13 46 43 22 15 47 3 6 22 
72 2 19 41 41 39 61 2 5 70 63 1 45 42 70 
79 5 26 48 48 46 68 9 12 77 70 8 52 49 77 

67 6 66 13 50 52 52 17 4 9 34 80 68 57 57 
51 22 50 29 34 36 36 1 20 25 18 64 52 41 41 
4 77 5 84 21 19 19 54 75 80 37 9 3 14 14 
18 55 17 62 1 3 3 32 53 58 15 31 19 8 8 
52 21 51 28 35 37 37 2 19 24 19 65 53 42 42 
35 38 34 45 18 20 20 15 36 41 2 48 36 25 25 
1 74 2 81 18 16 16 51 72 77 34 12 0 11 11 
31 42 30 49 14 16 16 19 40 45 2 44 32 21 21 
14 87 15 94 31 29 29 64 85 90 47 1 13 24 24 
56 17 55 24 39 41 41 6 15 20 23 69 57 46 46 
36 37 35 44 19 21 21 14 35 40 3 49 37 26 26 
28 45 27 52 11 13 13 22 43 48 5 41 29 18 18 
10 63 9 70 7 5 5 40 61 66 23 23 11 0 0 
58 15 57 22 41 43 43 8 13 18 25 71 59 48 48 
65 8 64 15 48 50 50 15 6 11 32 78 66 55 55 

9 5 24 49 30 0 27 7 62 53 17 42 41 66 6 
7 21 8 33 14 16 11 23 46 37 1 26 25 50 10 
62 76 47 22 41 71 44 78 9 18 54 29 30 5 65 
40 54 25 0 19 49 22 56 13 4 32 7 8 17 43 
6 20 9 34 15 15 12 22 47 38 2 27 26 51 9 
23 37 8 17 2 32 5 39 30 21 15 10 9 34 26 
59 73 44 19 38 68 41 75 6 15 51 26 27 2 62 
27 41 12 13 6 36 9 43 26 17 19 6 5 30 30 
72 86 57 32 51 81 54 88 19 28 64 39 40 15 75 
2 16 13 38 19 11 16 18 51 42 6 31 30 55 5 
22 36 7 18 1 31 4 38 31 22 14 11 10 35 25 
30 44 15 10 9 39 12 46 23 14 22 3 2 27 33 
48 62 33 8 27 57 30 64 5 4 40 15 16 9 51 
0 14 15 40 21 9 18 16 53 44 8 33 32 57 3 
7 7 22 47 28 2 25 9 60 51 15 40 39 64 4 

14 87 15 94 31 29 29 64 85 90 47 1 13 24 24 
60 13 59 20 43 45 45 10 11 16 27 73 61 50 50 
39 34 38 41 22 24 24 11 32 37 6 52 40 29 29 
17 56 16 63 0 2 2 33 54 59 16 30 18 7 7 
17 56 16 63 0 2 2 33 54 59 16 30 18 7 7 
19 54 18 61 2 4 4 31 52 57 14 32 20 9 9 
3 76 4 83 20 18 18 53 74 79 36 10 2 13 13 
56 17 55 24 39 41 41 6 15 20 23 69 57 46 46 
53 20 52 27 36 38 38 3 18 23 20 66 54 43 43 
12 85 13 92 29 27 27 62 83 88 45 1 11 22 22 
5 78 6 85 22 20 20 55 76 81 38 8 4 15 15 
57 16 56 23 40 42 42 7 14 19 24 70 58 47 47 
13 60 12 67 4 2 2 37 58 63 20 26 14 3 3 
16 57 15 64 1 1 1 34 55 60 17 29 17 6 6 
12 85 13 92 29 27 27 62 83 88 45 1 11 22 22 

72 86 57 32 51 81 54 88 19 28 64 39 40 15 75 
2 12 17 42 23 7 20 14 55 46 10 35 34 59 1 
19 33 4 21 2 28 1 35 34 25 11 14 13 38 22 
41 55 26 1 20 50 23 57 12 3 33 8 9 16 44 
41 55 26 1 20 50 23 57 12 3 33 8 9 16 44 
39 53 24 1 18 48 21 55 14 5 31 6 7 18 42 
61 75 46 21 40 70 43 77 8 17 53 28 29 4 64 
2 16 13 38 19 11 16 18 51 42 6 31 30 55 5 
5 19 10 35 16 14 13 21 48 39 3 28 27 52 8 
70 84 55 30 49 79 52 86 17 26 62 37 38 13 73 
63 77 48 23 42 72 45 79 10 19 55 30 31 6 66 
1 15 14 39 20 10 17 17 52 43 7 32 31 56 4 
45 59 30 5 24 54 27 61 8 1 37 12 13 12 48 
42 56 27 2 21 51 24 58 11 2 34 9 10 15 45 
70 84 55 30 49 79 52 86 17 26 62 37 38 13 73 

58 72 43 18 37 67 40 74 5 14 50 25 26 1 61 
15 1 30 55 36 6 33 1 68 59 23 48 47 72 12 
57 71 42 17 36 66 39 73 4 13 49 24 25 0 60 
22 8 37 62 43 13 40 6 75 66 30 55 54 79 19 
41 55 26 1 20 50 23 57 12 3 33 8 9 16 44 
43 57 28 3 22 52 25 59 10 1 35 10 11 14 46 
43 57 28 3 22 52 25 59 10 1 35 10 11 14 46 
8 22 7 32 13 17 10 24 45 36 0 25 24 49 11 
13 1 28 53 34 4 31 3 66 57 21 46 45 70 10 
18 4 33 58 39 9 36 2 71 62 26 51 50 75 15 
25 39 10 15 4 34 7 41 28 19 17 8 7 32 28 
71 85 56 31 50 80 53 87 18 27 63 38 39 14 74 
59 73 44 19 38 68 41 75 6 15 51 26 27 2 62 
48 62 33 8 27 57 30 64 5 4 40 15 16 9 51 
48 62 33 8 27 57 30 64 5 4 40 15 16 9 51 

