10 17 

30 20 18 79 4 51 48 20 11 49 
1 9 11 50 33 22 19 9 18 20 
10 0 2 59 24 31 28 0 9 29 
39 49 51 10 73 18 21 49 58 20 
28 18 16 77 6 49 46 18 9 47 
8 2 4 57 26 29 26 2 11 27 
46 56 58 3 80 25 28 56 65 27 
32 42 44 17 66 11 14 42 51 13 
10 0 2 59 24 31 28 0 9 29 
17 7 5 66 17 38 35 7 2 36 

80 67 83 82 1 80 61 81 64 17 
51 38 54 53 30 51 32 52 35 12 
60 47 63 62 21 60 41 61 44 3 
11 2 14 13 70 11 8 12 5 52 
78 65 81 80 3 78 59 79 62 15 
58 45 61 60 23 58 39 59 42 5 
4 9 7 6 77 4 15 5 12 59 
18 5 21 20 63 18 1 19 2 45 
60 47 63 62 21 60 41 61 44 3 
67 54 70 69 14 67 48 68 51 4 

86 8 62 16 15 77 51 19 14 8 
57 21 33 13 14 48 22 10 15 21 
66 12 42 4 5 57 31 1 6 12 
17 61 7 53 54 8 18 50 55 61 
84 6 60 14 13 75 49 17 12 6 
64 14 40 6 7 55 29 3 8 14 
10 68 14 60 61 1 25 57 62 68 
24 54 0 46 47 15 11 43 48 54 
66 12 42 4 5 57 31 1 6 12 
73 5 49 3 2 64 38 6 1 5 

43 78 9 3 21 62 77 57 10 29 
14 49 38 32 8 33 48 28 19 0 
23 58 29 23 1 42 57 37 10 9 
26 9 78 72 48 7 8 12 59 40 
41 76 11 5 19 60 75 55 8 27 
21 56 31 25 1 40 55 35 12 7 
33 2 85 79 55 14 1 19 66 47 
19 16 71 65 41 0 15 5 52 33 
23 58 29 23 1 42 57 37 10 9 
30 65 22 16 8 49 64 44 3 16 

46 59 31 21 6 31 11 23 81 7 
17 30 2 8 23 2 18 6 52 22 
26 39 11 1 14 11 9 3 61 13 
23 10 38 48 63 38 58 46 12 62 
44 57 29 19 4 29 9 21 79 5 
24 37 9 1 16 9 11 1 59 15 
30 17 45 55 70 45 65 53 5 69 
16 3 31 41 56 31 51 39 19 55 
26 39 11 1 14 11 9 3 61 13 
33 46 18 8 7 18 2 10 68 6 

58 77 9 5 1 25 6 3 24 50 
29 48 20 24 28 4 35 32 5 21 
38 57 11 15 19 5 26 23 4 30 
11 8 60 64 68 44 75 72 45 19 
56 75 7 3 1 23 8 5 22 48 
36 55 13 17 21 3 28 25 2 28 
18 1 67 71 75 51 82 79 52 26 
4 15 53 57 61 37 68 65 38 12 
38 57 11 15 19 5 26 23 4 30 
45 64 4 8 12 12 19 16 11 37 

72 73 56 57 37 18 77 62 45 74 
43 44 27 28 8 11 48 33 16 45 
52 53 36 37 17 2 57 42 25 54 
3 4 13 12 32 51 8 7 24 5 
70 71 54 55 35 16 75 60 43 72 
50 51 34 35 15 4 55 40 23 52 
4 3 20 19 39 58 1 14 31 2 
10 11 6 5 25 44 15 0 17 12 
52 53 36 37 17 2 57 42 25 54 
59 60 43 44 24 5 64 49 32 61 

0 73 38 23 43 77 65 30 20 68 
29 44 9 6 14 48 36 1 9 39 
20 53 18 3 23 57 45 10 0 48 
69 4 31 46 26 8 4 39 49 1 
2 71 36 21 41 75 63 28 18 66 
22 51 16 1 21 55 43 8 2 46 
76 3 38 53 33 1 11 46 56 8 
62 11 24 39 19 15 3 32 42 6 
20 53 18 3 23 57 45 10 0 48 
13 60 25 10 30 64 52 17 7 55 

7 54 47 8 24 30 75 19 83 67 
22 25 18 37 5 1 46 10 54 38 
13 34 27 28 4 10 55 1 63 47 
62 15 22 77 45 39 6 50 14 2 
5 52 45 10 22 28 73 17 81 65 
15 32 25 30 2 8 53 3 61 45 
69 22 29 84 52 46 1 57 7 9 
55 8 15 70 38 32 13 43 21 5 
13 34 27 28 4 10 55 1 63 47 
6 41 34 21 11 17 62 6 70 54 

55 26 38 62 14 64 76 68 41 71 
26 3 9 33 15 35 47 39 12 42 
35 6 18 42 6 44 56 48 21 51 
14 43 31 7 55 5 7 1 28 2 
53 24 36 60 12 62 74 66 39 69 
33 4 16 40 8 42 54 46 19 49 
21 50 38 14 62 12 0 8 35 5 
7 36 24 0 48 2 14 6 21 9 
35 6 18 42 6 44 56 48 21 51 
42 13 25 49 1 51 63 55 28 58 

19 76 8 69 29 2 72 3 8 27 
10 47 37 40 0 27 43 26 37 2 
1 56 28 49 9 18 52 17 28 7 
50 7 77 0 40 67 3 66 77 42 
17 74 10 67 27 0 70 1 10 25 
3 54 30 47 7 20 50 19 30 5 
57 0 84 7 47 74 4 73 84 49 
43 14 70 7 33 60 10 59 70 35 
1 56 28 49 9 18 52 17 28 7 
6 63 21 56 16 11 59 10 21 14 

23 5 47 21 14 86 47 78 78 53 
6 24 18 8 15 57 18 49 49 24 
3 15 27 1 6 66 27 58 58 33 
46 64 22 48 55 17 22 9 9 16 
21 3 45 19 12 84 45 76 76 51 
1 17 25 1 8 64 25 56 56 31 
53 71 29 55 62 10 29 2 2 23 
39 57 15 41 48 24 15 16 16 9 
3 15 27 1 6 66 27 58 58 33 
10 8 34 8 1 73 34 65 65 40 

72 15 13 73 2 35 14 1 86 84 
43 14 42 44 27 6 15 30 57 55 
52 5 33 53 18 15 6 21 66 64 
3 54 82 4 67 34 55 70 17 15 
70 13 15 71 0 33 12 3 84 82 
50 7 35 51 20 13 8 23 64 62 
4 61 89 3 74 41 62 77 10 8 
10 47 75 11 60 27 48 63 24 22 
52 5 33 53 18 15 6 21 66 64 
59 2 26 60 11 22 1 14 73 71 

22 33 3 20 85 67 7 45 42 8 
7 4 26 9 56 38 36 16 13 21 
2 13 17 0 65 47 27 25 22 12 
47 36 66 49 16 2 76 24 27 61 
20 31 1 18 83 65 9 43 40 6 
0 11 19 2 63 45 29 23 20 14 
54 43 73 56 9 9 83 31 34 68 
40 29 59 42 23 5 69 17 20 54 
2 13 17 0 65 47 27 25 22 12 
9 20 10 7 72 54 20 32 29 5 

61 38 60 13 40 39 70 51 74 10 
32 9 31 16 11 10 41 22 45 39 
41 18 40 7 20 19 50 31 54 30 
8 31 9 56 29 30 1 18 5 79 
59 36 58 11 38 37 68 49 72 12 
39 16 38 9 18 17 48 29 52 32 
15 38 16 63 36 37 6 25 2 86 
1 24 2 49 22 23 8 11 12 72 
41 18 40 7 20 19 50 31 54 30 
48 25 47 0 27 26 57 38 61 23 

57 35 75 4 66 64 45 76 65 51 
28 6 46 33 37 35 16 47 36 22 
37 15 55 24 46 44 25 56 45 31 
12 34 6 73 3 5 24 7 4 18 
55 33 73 6 64 62 43 74 63 49 
35 13 53 26 44 42 23 54 43 29 
19 41 1 80 10 12 31 0 11 25 
5 27 13 66 4 2 17 14 3 11 
37 15 55 24 46 44 25 56 45 31 
44 22 62 17 53 51 32 63 52 38 

50 37 53 52 31 50 31 51 34 13 
60 47 63 62 21 60 41 61 44 3 
62 49 65 64 19 62 43 63 46 1 
1 12 4 3 80 1 18 2 15 62 
84 71 87 86 3 84 65 85 68 21 
29 16 32 31 52 29 10 30 13 34 
32 19 35 34 49 32 13 33 16 31 
60 47 63 62 21 60 41 61 44 3 
69 56 72 71 12 69 50 70 53 6 
31 18 34 33 50 31 12 32 15 32 

56 22 32 14 15 47 21 11 16 22 
66 12 42 4 5 57 31 1 6 12 
68 10 44 2 3 59 33 1 4 10 
7 71 17 63 64 2 28 60 65 71 
90 12 66 20 19 81 55 23 18 12 
35 43 11 35 36 26 0 32 37 43 
38 40 14 32 33 29 3 29 34 40 
66 12 42 4 5 57 31 1 6 12 
75 3 51 5 4 66 40 8 3 3 
37 41 13 33 34 28 2 30 35 41 

13 48 39 33 9 32 47 27 20 1 
23 58 29 23 1 42 57 37 10 9 
25 60 27 21 3 44 59 39 8 11 
36 1 88 82 58 17 2 22 69 50 
47 82 5 1 25 66 81 61 14 33 
8 27 60 54 30 11 26 6 41 22 
5 30 57 51 27 14 29 9 38 19 
23 58 29 23 1 42 57 37 10 9 
32 67 20 14 10 51 66 46 1 18 
6 29 58 52 28 13 28 8 39 20 

16 29 1 9 24 1 19 7 51 23 
26 39 11 1 14 11 9 3 61 13 
28 41 13 3 12 13 7 5 63 11 
33 20 48 58 73 48 68 56 2 72 
50 63 35 25 10 35 15 27 85 11 
5 8 20 30 45 20 40 28 30 44 
2 11 17 27 42 17 37 25 33 41 
26 39 11 1 14 11 9 3 61 13 
35 48 20 10 5 20 0 12 70 4 
3 10 18 28 43 18 38 26 32 42 

28 47 21 25 29 5 36 33 6 20 
38 57 11 15 19 5 26 23 4 30 
40 59 9 13 17 7 24 21 6 32 
21 2 70 74 78 54 85 82 55 29 
62 81 13 9 5 29 2 1 28 54 
7 26 42 46 50 26 57 54 27 1 
10 29 39 43 47 23 54 51 24 2 
38 57 11 15 19 5 26 23 4 30 
47 66 2 6 10 14 17 14 13 39 
9 28 40 44 48 24 55 52 25 1 

42 43 26 27 7 12 47 32 15 44 
52 53 36 37 17 2 57 42 25 54 
54 55 38 39 19 0 59 44 27 56 
7 6 23 22 42 61 2 17 34 5 
76 77 60 61 41 22 81 66 49 78 
21 22 5 6 14 33 26 11 6 23 
24 25 8 9 11 30 29 14 3 26 
52 53 36 37 17 2 57 42 25 54 
61 62 45 46 26 7 66 51 34 63 
23 24 7 8 12 31 28 13 4 25 

30 43 8 7 13 47 35 0 10 38 
20 53 18 3 23 57 45 10 0 48 
18 55 20 5 25 59 47 12 2 50 
79 6 41 56 36 2 14 49 59 11 
4 77 42 27 47 81 69 34 24 72 
51 22 13 28 8 26 14 21 31 17 
48 25 10 25 5 29 17 18 28 20 
20 53 18 3 23 57 45 10 0 48 
11 62 27 12 32 66 54 19 9 57 
49 24 11 26 6 28 16 19 29 19 

23 24 17 38 6 0 45 11 53 37 
13 34 27 28 4 10 55 1 63 47 
11 36 29 26 6 12 57 1 65 49 
72 25 32 87 55 49 4 60 4 12 
11 58 51 4 28 34 79 23 87 71 
44 3 4 59 27 21 24 32 32 16 
41 6 1 56 24 18 27 29 35 19 
13 34 27 28 4 10 55 1 63 47 
4 43 36 19 13 19 64 8 72 56 
42 5 2 57 25 19 26 30 34 18 

25 4 8 32 16 34 46 38 11 41 
35 6 18 42 6 44 56 48 21 51 
37 8 20 44 4 46 58 50 23 53 
24 53 41 17 65 15 3 11 38 8 
59 30 42 66 18 68 80 72 45 75 
4 25 13 11 37 13 25 17 10 20 
7 22 10 14 34 16 28 20 7 23 
35 6 18 42 6 44 56 48 21 51 
44 15 27 51 3 53 65 57 30 60 
6 23 11 13 35 15 27 19 8 22 

11 46 38 39 1 28 42 27 38 3 
1 56 28 49 9 18 52 17 28 7 
1 58 26 51 11 16 54 15 26 9 
60 3 87 10 50 77 7 76 87 52 
23 80 4 73 33 6 76 7 4 31 
32 25 59 18 22 49 21 48 59 24 
29 28 56 21 19 46 24 45 56 21 
1 56 28 49 9 18 52 17 28 7 
8 65 19 58 18 9 61 8 19 16 
30 27 57 20 20 47 23 46 57 22 

7 25 17 9 16 56 17 48 48 23 
3 15 27 1 6 66 27 58 58 33 
5 13 29 3 4 68 29 60 60 35 
56 74 32 58 65 7 32 1 1 26 
27 9 51 25 18 90 51 82 82 57 
28 46 4 30 37 35 4 27 27 2 
25 43 1 27 34 38 1 30 30 5 
3 15 27 1 6 66 27 58 58 33 
12 6 36 10 3 75 36 67 67 42 
26 44 2 28 35 37 2 29 29 4 

42 15 43 43 28 5 16 31 56 54 
52 5 33 53 18 15 6 21 66 64 
54 3 31 55 16 17 4 19 68 66 
7 64 92 6 77 44 65 80 7 5 
76 19 9 77 6 39 18 3 90 88 
21 36 64 22 49 16 37 52 35 33 
24 33 61 25 46 13 34 49 38 36 
52 5 33 53 18 15 6 21 66 64 
61 4 24 62 9 24 3 12 75 73 
23 34 62 24 47 14 35 50 37 35 

8 3 27 10 55 37 37 15 12 22 
2 13 17 0 65 47 27 25 22 12 
4 15 15 2 67 49 25 27 24 10 
57 46 76 59 6 12 86 34 37 71 
26 37 7 24 89 71 3 49 46 12 
29 18 48 31 34 16 58 6 9 43 
26 15 45 28 37 19 55 3 6 40 
2 13 17 0 65 47 27 25 22 12 
11 22 8 9 74 56 18 34 31 3 
27 16 46 29 36 18 56 4 7 41 

31 8 30 17 10 9 40 21 44 40 
41 18 40 7 20 19 50 31 54 30 
43 20 42 5 22 21 52 33 56 28 
18 41 19 66 39 40 9 28 5 89 
65 42 64 17 44 43 74 55 78 6 
10 13 9 38 11 12 19 0 23 61 
13 10 12 35 8 9 22 3 26 58 
41 18 40 7 20 19 50 31 54 30 
50 27 49 2 29 28 59 40 63 21 
12 11 11 36 9 10 21 2 25 59 

27 5 45 34 36 34 15 46 35 21 
37 15 55 24 46 44 25 56 45 31 
39 17 57 22 48 46 27 58 47 33 
22 44 4 83 13 15 34 3 14 28 
61 39 79 0 70 68 49 80 69 55 
6 16 24 55 15 13 6 25 14 0 
9 13 27 52 18 16 3 28 17 3 
37 15 55 24 46 44 25 56 45 31 
46 24 64 15 55 53 34 65 54 40 
8 14 26 53 17 15 4 27 16 2 

6 72 18 64 65 3 29 61 66 72 
19 59 5 51 52 10 16 48 53 59 
3 75 21 67 68 6 32 64 69 75 
4 74 20 66 67 5 31 63 68 74 
87 9 63 17 16 78 52 20 15 9 
6 72 18 64 65 3 29 61 66 72 
25 53 1 45 46 16 10 42 47 53 
5 73 19 65 66 4 30 62 67 73 
22 56 2 48 49 13 13 45 50 56 
69 9 45 1 2 60 34 2 3 9 

37 2 89 83 59 18 3 23 70 51 
24 11 76 70 46 5 10 10 57 38 
40 5 92 86 62 21 6 26 73 54 
39 4 91 85 61 20 5 25 72 53 
44 79 8 2 22 63 78 58 11 30 
37 2 89 83 59 18 3 23 70 51 
18 17 70 64 40 1 16 4 51 32 
38 3 90 84 60 19 4 24 71 52 
21 14 73 67 43 2 13 7 54 35 
26 61 26 20 4 45 60 40 7 12 

34 21 49 59 74 49 69 57 1 73 
21 8 36 46 61 36 56 44 14 60 
37 24 52 62 77 52 72 60 2 76 
36 23 51 61 76 51 71 59 1 75 
47 60 32 22 7 32 12 24 82 8 
34 21 49 59 74 49 69 57 1 73 
15 2 30 40 55 30 50 38 20 54 
35 22 50 60 75 50 70 58 0 74 
18 5 33 43 58 33 53 41 17 57 
29 42 14 4 11 14 6 6 64 10 

22 3 71 75 79 55 86 83 56 30 
9 10 58 62 66 42 73 70 43 17 
25 6 74 78 82 58 89 86 59 33 
24 5 73 77 81 57 88 85 58 32 
59 78 10 6 2 26 5 2 25 51 
22 3 71 75 79 55 86 83 56 30 
3 16 52 56 60 36 67 64 37 11 
23 4 72 76 80 56 87 84 57 31 
6 13 55 59 63 39 70 67 40 14 
41 60 8 12 16 8 23 20 7 33 

8 7 24 23 43 62 3 18 35 6 
5 6 11 10 30 49 10 5 22 7 
11 10 27 26 46 65 6 21 38 9 
10 9 26 25 45 64 5 20 37 8 
73 74 57 58 38 19 78 63 46 75 
8 7 24 23 43 62 3 18 35 6 
11 12 5 4 24 43 16 1 16 13 
9 8 25 24 44 63 4 19 36 7 
8 9 8 7 27 46 13 2 19 10 
55 56 39 40 20 1 60 45 28 57 

80 7 42 57 37 3 15 50 60 12 
67 6 29 44 24 10 2 37 47 1 
83 10 45 60 40 6 18 53 63 15 
82 9 44 59 39 5 17 52 62 14 
1 74 39 24 44 78 66 31 21 69 
80 7 42 57 37 3 15 50 60 12 
61 12 23 38 18 16 4 31 41 7 
81 8 43 58 38 4 16 51 61 13 
64 9 26 41 21 13 1 34 44 4 
17 56 21 6 26 60 48 13 3 51 

73 26 33 88 56 50 5 61 3 13 
60 13 20 75 43 37 8 48 16 0 
76 29 36 91 59 53 8 64 0 16 
75 28 35 90 58 52 7 63 1 15 
8 55 48 7 25 31 76 20 84 68 
73 26 33 88 56 50 5 61 3 13 
54 7 14 69 37 31 14 42 22 6 
74 27 34 89 57 51 6 62 2 14 
57 10 17 72 40 34 11 45 19 3 
10 37 30 25 7 13 58 2 66 50 

25 54 42 18 66 16 4 12 39 9 
12 41 29 5 53 3 9 1 26 4 
28 57 45 21 69 19 7 15 42 12 
27 56 44 20 68 18 6 14 41 11 
56 27 39 63 15 65 77 69 42 72 
25 54 42 18 66 16 4 12 39 9 
6 35 23 1 47 3 15 7 20 10 
26 55 43 19 67 17 5 13 40 10 
9 38 26 2 50 0 12 4 23 7 
38 9 21 45 3 47 59 51 24 54 

61 4 88 11 51 78 8 77 88 53 
48 9 75 2 38 65 5 64 75 40 
64 7 91 14 54 81 11 80 91 56 
63 6 90 13 53 80 10 79 90 55 
20 77 7 70 30 3 73 4 7 28 
61 4 88 11 51 78 8 77 88 53 
42 15 69 8 32 59 11 58 69 34 
62 5 89 12 52 79 9 78 89 54 
45 12 72 5 35 62 8 61 72 37 
2 59 25 52 12 15 55 14 25 10 

57 75 33 59 66 6 33 2 2 27 
44 62 20 46 53 19 20 11 11 14 
60 78 36 62 69 3 36 5 5 30 
59 77 35 61 68 4 35 4 4 29 
24 6 48 22 15 87 48 79 79 54 
57 75 33 59 66 6 33 2 2 27 
38 56 14 40 47 25 14 17 17 8 
58 76 34 60 67 5 34 3 3 28 
41 59 17 43 50 22 17 14 14 11 
6 12 30 4 3 69 30 61 61 36 

8 65 93 7 78 45 66 81 6 4 
5 52 80 6 65 32 53 68 19 17 
11 68 96 10 81 48 69 84 3 1 
10 67 95 9 80 47 68 83 4 2 
73 16 12 74 3 36 15 0 87 85 
8 65 93 7 78 45 66 81 6 4 
11 46 74 12 59 26 47 62 25 23 
9 66 94 8 79 46 67 82 5 3 
8 49 77 9 62 29 50 65 22 20 
55 2 30 56 15 18 3 18 69 67 

58 47 77 60 5 13 87 35 38 72 
45 34 64 47 18 0 74 22 25 59 
61 50 80 63 2 16 90 38 41 75 
60 49 79 62 3 15 89 37 40 74 
23 34 4 21 86 68 6 46 43 9 
58 47 77 60 5 13 87 35 38 72 
39 28 58 41 24 6 68 16 19 53 
59 48 78 61 4 14 88 36 39 73 
42 31 61 44 21 3 71 19 22 56 
5 16 14 3 68 50 24 28 25 9 

19 42 20 67 40 41 10 29 6 90 
6 29 7 54 27 28 3 16 7 77 
22 45 23 70 43 44 13 32 9 93 
21 44 22 69 42 43 12 31 8 92 
62 39 61 14 41 40 71 52 75 9 
19 42 20 67 40 41 10 29 6 90 
0 23 1 48 21 22 9 10 13 71 
20 43 21 68 41 42 11 30 7 91 
3 26 4 51 24 25 6 13 10 74 
44 21 43 4 23 22 53 34 57 27 

23 45 5 84 14 16 35 4 15 29 
10 32 8 71 1 3 22 9 2 16 
26 48 8 87 17 19 38 7 18 32 
25 47 7 86 16 18 37 6 17 31 
58 36 76 3 67 65 46 77 66 52 
23 45 5 84 14 16 35 4 15 29 
4 26 14 65 5 3 16 15 4 10 
24 46 6 85 15 17 36 5 16 30 
7 29 11 68 2 0 19 12 1 13 
40 18 58 21 49 47 28 59 48 34 

43 8 95 89 65 24 9 29 76 57 
35 70 17 11 13 54 69 49 2 21 
19 16 71 65 41 0 15 5 52 33 
27 62 25 19 5 46 61 41 6 13 
28 63 24 18 6 47 62 42 5 14 
34 1 86 80 56 15 0 20 67 48 
8 27 60 54 30 11 26 6 41 22 
24 59 28 22 2 43 58 38 9 10 
29 64 23 17 7 48 63 43 4 15 
35 70 17 11 13 54 69 49 2 21 

40 27 55 65 80 55 75 63 5 79 
38 51 23 13 2 23 3 15 73 1 
16 3 31 41 56 31 51 39 19 55 
30 43 15 5 10 15 5 7 65 9 
31 44 16 6 9 16 4 8 66 8 
31 18 46 56 71 46 66 54 4 70 
5 8 20 30 45 20 40 28 30 44 
27 40 12 2 13 12 8 4 62 12 
32 45 17 7 8 17 3 9 67 7 
38 51 23 13 2 23 3 15 73 1 

28 9 77 81 85 61 92 89 62 36 
50 69 1 3 7 17 14 11 16 42 
4 15 53 57 61 37 68 65 38 12 
42 61 7 11 15 9 22 19 8 34 
43 62 6 10 14 10 21 18 9 35 
19 0 68 72 76 52 83 80 53 27 
7 26 42 46 50 26 57 54 27 1 
39 58 10 14 18 6 25 22 5 31 
44 63 5 9 13 11 20 17 10 36 
50 69 1 3 7 17 14 11 16 42 

14 13 30 29 49 68 9 24 41 12 
64 65 48 49 29 10 69 54 37 66 
10 11 6 5 25 44 15 0 17 12 
56 57 40 41 21 2 61 46 29 58 
57 58 41 42 22 3 62 47 30 59 
5 4 21 20 40 59 0 15 32 3 
21 22 5 6 14 33 26 11 6 23 
53 54 37 38 18 1 58 43 26 55 
58 59 42 43 23 4 63 48 31 60 
64 65 48 49 29 10 69 54 37 66 

86 13 48 63 43 9 21 56 66 18 
8 65 30 15 35 69 57 22 12 60 
62 11 24 39 19 15 3 32 42 6 
16 57 22 7 27 61 49 14 4 52 
15 58 23 8 28 62 50 15 5 53 
77 4 39 54 34 0 12 47 57 9 
51 22 13 28 8 26 14 21 31 17 
19 54 19 4 24 58 46 11 1 49 
14 59 24 9 29 63 51 16 6 54 
8 65 30 15 35 69 57 22 12 60 

79 32 39 94 62 56 11 67 3 19 
1 46 39 16 16 22 67 11 75 59 
55 8 15 70 38 32 13 43 21 5 
9 38 31 24 8 14 59 3 67 51 
8 39 32 23 9 15 60 4 68 52 
70 23 30 85 53 47 2 58 6 10 
44 3 4 59 27 21 24 32 32 16 
12 35 28 27 5 11 56 0 64 48 
7 40 33 22 10 16 61 5 69 53 
1 46 39 16 16 22 67 11 75 59 

31 60 48 24 72 22 10 18 45 15 
47 18 30 54 6 56 68 60 33 63 
7 36 24 0 48 2 14 6 21 9 
39 10 22 46 2 48 60 52 25 55 
40 11 23 47 1 49 61 53 26 56 
22 51 39 15 63 13 1 9 36 6 
4 25 13 11 37 13 25 17 10 20 
36 7 19 43 5 45 57 49 22 52 
41 12 24 48 0 50 62 54 27 57 
47 18 30 54 6 56 68 60 33 63 

67 10 94 17 57 84 14 83 94 59 
11 68 16 61 21 6 64 5 16 19 
43 14 70 7 33 60 10 59 70 35 
3 60 24 53 13 14 56 13 24 11 
4 61 23 54 14 13 57 12 23 12 
58 1 85 8 48 75 5 74 85 50 
32 25 59 18 22 49 21 48 59 24 
0 57 27 50 10 17 53 16 27 8 
5 62 22 55 15 12 58 11 22 13 
11 68 16 61 21 6 64 5 16 19 

63 81 39 65 72 0 39 8 8 33 
15 3 39 13 6 78 39 70 70 45 
39 57 15 41 48 24 15 16 16 9 
7 11 31 5 2 70 31 62 62 37 
8 10 32 6 1 71 32 63 63 38 
54 72 30 56 63 9 30 1 1 24 
28 46 4 30 37 35 4 27 27 2 
4 14 28 2 5 67 28 59 59 34 
9 9 33 7 0 72 33 64 64 39 
15 3 39 13 6 78 39 70 70 45 

14 71 99 13 84 51 72 87 0 2 
64 7 21 65 6 27 6 9 78 76 
10 47 75 11 60 27 48 63 24 22 
56 1 29 57 14 19 2 17 70 68 
57 0 28 58 13 20 1 16 71 69 
5 62 90 4 75 42 63 78 9 7 
21 36 64 22 49 16 37 52 35 33 
53 4 32 54 17 16 5 20 67 65 
58 1 27 59 12 21 0 15 72 70 
64 7 21 65 6 27 6 9 78 76 

64 53 83 66 1 19 93 41 44 78 
14 25 5 12 77 59 15 37 34 0 
40 29 59 42 23 5 69 17 20 54 
6 17 13 4 69 51 23 29 26 8 
7 18 12 5 70 52 22 30 27 7 
55 44 74 57 8 10 84 32 35 69 
29 18 48 31 34 16 58 6 9 43 
3 14 16 1 66 48 26 26 23 11 
8 19 11 6 71 53 21 31 28 6 
14 25 5 12 77 59 15 37 34 0 

25 48 26 73 46 47 16 35 12 96 
53 30 52 5 32 31 62 43 66 18 
1 24 2 49 22 23 8 11 12 72 
45 22 44 3 24 23 54 35 58 26 
46 23 45 2 25 24 55 36 59 25 
16 39 17 64 37 38 7 26 3 87 
10 13 9 38 11 12 19 0 23 61 
42 19 41 6 21 20 51 32 55 29 
47 24 46 1 26 25 56 37 60 24 
53 30 52 5 32 31 62 43 66 18 

29 51 11 90 20 22 41 10 21 35 
49 27 67 12 58 56 37 68 57 43 
5 27 13 66 4 2 17 14 3 11 
41 19 59 20 50 48 29 60 49 35 
42 20 60 19 51 49 30 61 50 36 
20 42 2 81 11 13 32 1 12 26 
6 16 24 55 15 13 6 25 14 0 
38 16 56 23 47 45 26 57 46 32 
43 21 61 18 52 50 31 62 51 37 
49 27 67 12 58 56 37 68 57 43 

3 16 12 22 37 12 32 20 38 36 
32 19 47 57 72 47 67 55 3 71 
55 68 40 30 15 40 20 32 90 16 
49 62 34 24 9 34 14 26 84 10 
25 38 10 0 15 10 10 2 60 14 
16 3 31 41 56 31 51 39 19 55 
31 18 46 56 71 46 66 54 4 70 
11 2 26 36 51 26 46 34 24 50 
36 49 21 11 4 21 1 13 71 3 
17 30 2 8 23 2 18 6 52 22 

15 34 34 38 42 18 49 46 19 7 
20 1 69 73 77 53 84 81 54 28 
67 86 18 14 10 34 3 6 33 59 
61 80 12 8 4 28 3 0 27 53 
37 56 12 16 20 4 27 24 3 29 
4 15 53 57 61 37 68 65 38 12 
19 0 68 72 76 52 83 80 53 27 
1 20 48 52 56 32 63 60 33 7 
48 67 1 5 9 15 16 13 14 40 
29 48 20 24 28 4 35 32 5 21 

29 30 13 14 6 25 34 19 2 31 
6 5 22 21 41 60 1 16 33 4 
81 82 65 66 46 27 86 71 54 83 
75 76 59 60 40 21 80 65 48 77 
51 52 35 36 16 3 56 41 24 53 
10 11 6 5 25 44 15 0 17 12 
5 4 21 20 40 59 0 15 32 3 
15 16 1 0 20 39 20 5 12 17 
62 63 46 47 27 8 67 52 35 64 
43 44 27 28 8 11 48 33 16 45 

43 30 5 20 0 34 22 13 23 25 
78 5 40 55 35 1 13 48 58 10 
9 82 47 32 52 86 74 39 29 77 
3 76 41 26 46 80 68 33 23 71 
21 52 17 2 22 56 44 9 1 47 
62 11 24 39 19 15 3 32 42 6 
77 4 39 54 34 0 12 47 57 9 
57 16 19 34 14 20 8 27 37 11 
10 63 28 13 33 67 55 20 10 58 
29 44 9 6 14 48 36 1 9 39 

36 11 4 51 19 13 32 24 40 24 
71 24 31 86 54 48 3 59 5 11 
16 63 56 1 33 39 84 28 92 76 
10 57 50 5 27 33 78 22 86 70 
14 33 26 29 3 9 54 2 62 46 
55 8 15 70 38 32 13 43 21 5 
70 23 30 85 53 47 2 58 6 10 
50 3 10 65 33 27 18 38 26 10 
3 44 37 18 14 20 65 9 73 57 
22 25 18 37 5 1 46 10 54 38 

12 17 5 19 29 21 33 25 2 28 
23 52 40 16 64 14 2 10 37 7 
64 35 47 71 23 73 85 77 50 80 
58 29 41 65 17 67 79 71 44 74 
34 5 17 41 7 43 55 47 20 50 
7 36 24 0 48 2 14 6 21 9 
22 51 39 15 63 13 1 9 36 6 
2 31 19 5 43 7 19 11 16 14 
45 16 28 52 4 54 66 58 31 61 
26 3 9 33 15 35 47 39 12 42 

24 33 51 26 14 41 29 40 51 16 
59 2 86 9 49 76 6 75 86 51 
28 85 1 78 38 11 81 12 1 36 
22 79 5 72 32 5 75 6 5 30 
2 55 29 48 8 19 51 18 29 6 
43 14 70 7 33 60 10 59 70 35 
58 1 85 8 48 75 5 74 85 50 
38 19 65 12 28 55 15 54 65 30 
9 66 18 59 19 8 62 7 18 17 
10 47 37 40 0 27 43 26 37 2 

20 38 4 22 29 43 4 35 35 10 
55 73 31 57 64 8 31 0 0 25 
32 14 56 30 23 95 56 87 87 62 
26 8 50 24 17 89 50 81 81 56 
2 16 26 0 7 65 26 57 57 32 
39 57 15 41 48 24 15 16 16 9 
54 72 30 56 63 9 30 1 1 24 
34 52 10 36 43 29 10 21 21 4 
13 5 37 11 4 76 37 68 68 43 
6 24 18 8 15 57 18 49 49 24 

29 28 56 30 41 8 29 44 43 41 
6 63 91 5 76 43 64 79 8 6 
81 24 4 82 11 44 23 8 95 93 
75 18 10 76 5 38 17 2 89 87 
51 6 34 52 19 14 7 22 65 63 
10 47 75 11 60 27 48 63 24 22 
5 62 90 4 75 42 63 78 9 7 
15 42 70 16 55 22 43 58 29 27 
62 5 23 63 8 25 4 11 76 74 
43 14 42 44 27 6 15 30 57 55 

21 10 40 23 42 24 50 2 1 35 
56 45 75 58 7 11 85 33 36 70 
31 42 12 29 94 76 2 54 51 17 
25 36 6 23 88 70 4 48 45 11 
1 12 18 1 64 46 28 24 21 13 
40 29 59 42 23 5 69 17 20 54 
55 44 74 57 8 10 84 32 35 69 
35 24 54 37 28 10 64 12 15 49 
12 23 7 10 75 57 17 35 32 2 
7 4 26 9 56 38 36 16 13 21 

18 5 17 30 3 4 27 8 31 53 
17 40 18 65 38 39 8 27 4 88 
70 47 69 22 49 48 79 60 83 1 
64 41 63 16 43 42 73 54 77 7 
40 17 39 8 19 18 49 30 53 31 
1 24 2 49 22 23 8 11 12 72 
16 39 17 64 37 38 7 26 3 87 
4 19 3 44 17 18 13 6 17 67 
51 28 50 3 30 29 60 41 64 20 
32 9 31 16 11 10 41 22 45 39 

14 8 32 47 23 21 2 33 22 8 
21 43 3 82 12 14 33 2 13 27 
66 44 84 5 75 73 54 85 74 60 
60 38 78 1 69 67 48 79 68 54 
36 14 54 25 45 43 24 55 44 30 
5 27 13 66 4 2 17 14 3 11 
20 42 2 81 11 13 32 1 12 26 
0 22 18 61 9 7 12 19 8 6 
47 25 65 14 56 54 35 66 55 41 
28 6 46 33 37 35 16 47 36 22 

12 31 37 41 45 21 52 49 22 4 
1 18 50 54 58 34 65 62 35 9 
27 46 22 26 30 6 37 34 7 19 
37 56 12 16 20 4 27 24 3 29 
52 71 3 1 5 19 12 9 18 44 
27 46 22 26 30 6 37 34 7 19 
47 66 2 6 10 14 17 14 13 39 
35 54 14 18 22 2 29 26 1 27 
23 4 72 76 80 56 87 84 57 31 
51 70 2 2 6 18 13 10 17 43 

26 27 10 11 9 28 31 16 1 28 
13 14 3 2 22 41 18 3 14 15 
41 42 25 26 6 13 46 31 14 43 
51 52 35 36 16 3 56 41 24 53 
66 67 50 51 31 12 71 56 39 68 
41 42 25 26 6 13 46 31 14 43 
61 62 45 46 26 7 66 51 34 63 
49 50 33 34 14 5 54 39 22 51 
9 8 25 24 44 63 4 19 36 7 
65 66 49 50 30 11 70 55 38 67 

46 27 8 23 3 31 19 16 26 22 
59 14 21 36 16 18 6 29 39 9 
31 42 7 8 12 46 34 1 11 37 
21 52 17 2 22 56 44 9 1 47 
6 67 32 17 37 71 59 24 14 62 
31 42 7 8 12 46 34 1 11 37 
11 62 27 12 32 66 54 19 9 57 
23 50 15 0 20 54 42 7 3 45 
81 8 43 58 38 4 16 51 61 13 
7 66 31 16 36 70 58 23 13 61 

39 8 1 54 22 16 29 27 37 21 
52 5 12 67 35 29 16 40 24 8 
24 23 16 39 7 1 44 12 52 36 
14 33 26 29 3 9 54 2 62 46 
1 48 41 14 18 24 69 13 77 61 
24 23 16 39 7 1 44 12 52 36 
4 43 36 19 13 19 64 8 72 56 
16 31 24 31 1 7 52 4 60 44 
74 27 34 89 57 51 6 62 2 14 
0 47 40 15 17 23 68 12 76 60 

9 20 8 16 32 18 30 22 5 25 
4 33 21 3 45 5 17 9 18 12 
24 5 7 31 17 33 45 37 10 40 
34 5 17 41 7 43 55 47 20 50 
49 20 32 56 8 58 70 62 35 65 
24 5 7 31 17 33 45 37 10 40 
44 15 27 51 3 53 65 57 30 60 
32 3 15 39 9 41 53 45 18 48 
26 55 43 19 67 17 5 13 40 10 
48 19 31 55 7 57 69 61 34 64 

27 30 54 23 17 44 26 43 54 19 
40 17 67 10 30 57 13 56 67 32 
12 45 39 38 2 29 41 28 39 4 
2 55 29 48 8 19 51 18 29 6 
13 70 14 63 23 4 66 3 14 21 
12 45 39 38 2 29 41 28 39 4 
8 65 19 58 18 9 61 8 19 16 
4 53 31 46 6 21 49 20 31 4 
62 5 89 12 52 79 9 78 89 54 
12 69 15 62 22 5 65 4 15 20 

23 41 1 25 32 40 1 32 32 7 
36 54 12 38 45 27 12 19 19 6 
8 26 16 10 17 55 16 47 47 22 
2 16 26 0 7 65 26 57 57 32 
17 1 41 15 8 80 41 72 72 47 
8 26 16 10 17 55 16 47 47 22 
12 6 36 10 3 75 36 67 67 42 
0 18 24 2 9 63 24 55 55 30 
58 76 34 60 67 5 34 3 3 28 
16 2 40 14 7 79 40 71 71 46 

26 31 59 27 44 11 32 47 40 38 
13 44 72 14 57 24 45 60 27 25 
41 16 44 42 29 4 17 32 55 53 
51 6 34 52 19 14 7 22 65 63 
66 9 19 67 4 29 8 7 80 78 
41 16 44 42 29 4 17 32 55 53 
61 4 24 62 9 24 3 12 75 73 
49 8 36 50 21 12 9 24 63 61 
9 66 94 8 79 46 67 82 5 3 
65 8 20 66 5 28 7 8 79 77 

24 13 43 26 39 21 53 1 4 38 
37 26 56 39 26 8 66 14 17 51 
9 2 28 11 54 36 38 14 11 23 
1 12 18 1 64 46 28 24 21 13 
16 27 3 14 79 61 13 39 36 2 
9 2 28 11 54 36 38 14 11 23 
11 22 8 9 74 56 18 34 31 3 
1 10 20 3 62 44 30 22 19 15 
59 48 78 61 4 14 88 36 39 73 
15 26 4 13 78 60 14 38 35 1 

15 8 14 33 6 7 24 5 28 56 
2 21 1 46 19 20 11 8 15 69 
30 7 29 18 9 8 39 20 43 41 
40 17 39 8 19 18 49 30 53 31 
55 32 54 7 34 33 64 45 68 16 
30 7 29 18 9 8 39 20 43 41 
50 27 49 2 29 28 59 40 63 21 
38 15 37 10 17 16 47 28 51 33 
20 43 21 68 41 42 11 30 7 91 
54 31 53 6 33 32 63 44 67 17 

11 11 29 50 20 18 1 30 19 5 
2 24 16 63 7 5 14 17 6 8 
26 4 44 35 35 33 14 45 34 20 
36 14 54 25 45 43 24 55 44 30 
51 29 69 10 60 58 39 70 59 45 
26 4 44 35 35 33 14 45 34 20 
46 24 64 15 55 53 34 65 54 40 
34 12 52 27 43 41 22 53 42 28 
24 46 6 85 15 17 36 5 16 30 
50 28 68 11 59 57 38 69 58 44 

14 15 2 1 21 40 19 4 13 16 
5 4 21 20 40 59 0 15 32 3 
63 64 47 48 28 9 68 53 36 65 
67 68 51 52 32 13 72 57 40 69 
71 72 55 56 36 17 76 61 44 73 
47 48 31 32 12 7 52 37 20 49 
78 79 62 63 43 24 83 68 51 80 
75 76 59 60 40 21 80 65 48 77 
48 49 32 33 13 6 53 38 21 50 
22 23 6 7 13 32 27 12 5 24 

58 15 20 35 15 19 7 28 38 10 
77 4 39 54 34 0 12 47 57 9 
9 64 29 14 34 68 56 21 11 59 
5 68 33 18 38 72 60 25 15 63 
1 72 37 22 42 76 64 29 19 67 
25 48 13 2 18 52 40 5 5 43 
6 79 44 29 49 83 71 36 26 74 
3 76 41 26 46 80 68 33 23 71 
24 49 14 1 19 53 41 6 4 44 
50 23 12 27 7 27 15 20 30 18 

51 4 11 66 34 28 17 39 25 9 
70 23 30 85 53 47 2 58 6 10 
2 45 38 17 15 21 66 10 74 58 
2 49 42 13 19 25 70 14 78 62 
6 53 46 9 23 29 74 18 82 66 
18 29 22 33 1 5 50 6 58 42 
13 60 53 2 30 36 81 25 89 73 
10 57 50 5 27 33 78 22 86 70 
17 30 23 32 0 6 51 5 59 43 
43 4 3 58 26 20 25 31 33 17 

3 32 20 4 44 6 18 10 17 13 
22 51 39 15 63 13 1 9 36 6 
46 17 29 53 5 55 67 59 32 62 
50 21 33 57 9 59 71 63 36 66 
54 25 37 61 13 63 75 67 40 70 
30 1 13 37 11 39 51 43 16 46 
61 32 44 68 20 70 82 74 47 77 
58 29 41 65 17 67 79 71 44 74 
31 2 14 38 10 40 52 44 17 47 
5 24 12 12 36 14 26 18 9 21 

39 18 66 11 29 56 14 55 66 31 
58 1 85 8 48 75 5 74 85 50 
10 67 17 60 20 7 63 6 17 18 
14 71 13 64 24 3 67 2 13 22 
18 75 9 68 28 1 71 2 9 26 
6 51 33 44 4 23 47 22 33 2 
25 82 2 75 35 8 78 9 2 33 
22 79 5 72 32 5 75 6 5 30 
5 52 32 45 5 22 48 21 32 3 
31 26 58 19 21 48 22 47 58 23 

35 53 11 37 44 28 11 20 20 5 
54 72 30 56 63 9 30 1 1 24 
14 4 38 12 5 77 38 69 69 44 
18 0 42 16 9 81 42 73 73 48 
22 4 46 20 13 85 46 77 77 52 
2 20 22 4 11 61 22 53 53 28 
29 11 53 27 20 92 53 84 84 59 
26 8 50 24 17 89 50 81 81 56 
1 19 23 3 10 62 23 54 54 29 
27 45 3 29 36 36 3 28 28 3 

14 43 71 15 56 23 44 59 28 26 
5 62 90 4 75 42 63 78 9 7 
63 6 22 64 7 26 5 10 77 75 
67 10 18 68 3 30 9 6 81 79 
71 14 14 72 1 34 13 2 85 83 
47 10 38 48 23 10 11 26 61 59 
78 21 7 79 8 41 20 5 92 90 
75 18 10 76 5 38 17 2 89 87 
48 9 37 49 22 11 10 25 62 60 
22 35 63 23 48 15 36 51 36 34 

36 25 55 38 27 9 65 13 16 50 
55 44 74 57 8 10 84 32 35 69 
13 24 6 11 76 58 16 36 33 1 
17 28 2 15 80 62 12 40 37 3 
21 32 2 19 84 66 8 44 41 7 
3 8 22 5 60 42 32 20 17 17 
28 39 9 26 91 73 1 51 48 14 
25 36 6 23 88 70 4 48 45 11 
2 9 21 4 61 43 31 21 18 16 
28 17 47 30 35 17 57 5 8 42 

3 20 2 45 18 19 12 7 16 68 
16 39 17 64 37 38 7 26 3 87 
52 29 51 4 31 30 61 42 65 19 
56 33 55 8 35 34 65 46 69 15 
60 37 59 12 39 38 69 50 73 11 
36 13 35 12 15 14 45 26 49 35 
67 44 66 19 46 45 76 57 80 4 
64 41 63 16 43 42 73 54 77 7 
37 14 36 11 16 15 46 27 50 34 
11 12 10 37 10 11 20 1 24 60 

1 23 17 62 8 6 13 18 7 7 
20 42 2 81 11 13 32 1 12 26 
48 26 66 13 57 55 36 67 56 42 
52 30 70 9 61 59 40 71 60 46 
56 34 74 5 65 63 44 75 64 50 
32 10 50 29 41 39 20 51 40 26 
63 41 81 2 72 70 51 82 71 57 
60 38 78 1 69 67 48 79 68 54 
33 11 51 28 42 40 21 52 41 27 
7 15 25 54 16 14 5 26 15 1 

72 1 34 49 29 5 7 42 52 4 
73 0 35 50 30 4 8 43 53 5 
56 17 18 33 13 21 9 26 36 12 
57 16 19 34 14 20 8 27 37 11 
37 36 1 14 6 40 28 7 17 31 
18 55 20 5 25 59 47 12 2 50 
77 4 39 54 34 0 12 47 57 9 
62 11 24 39 19 15 3 32 42 6 
45 28 7 22 2 32 20 15 25 23 
74 1 36 51 31 3 9 44 54 6 

65 18 25 80 48 42 3 53 11 5 
66 19 26 81 49 43 2 54 10 6 
49 2 9 64 32 26 19 37 27 11 
50 3 10 65 33 27 18 38 26 10 
30 17 10 45 13 7 38 18 46 30 
11 36 29 26 6 12 57 1 65 49 
70 23 30 85 53 47 2 58 6 10 
55 8 15 70 38 32 13 43 21 5 
38 9 2 53 21 15 30 26 38 22 
67 20 27 82 50 44 1 55 9 7 

17 46 34 10 58 8 4 4 31 1 
18 47 35 11 59 9 3 5 32 2 
1 30 18 6 42 8 20 12 15 15 
2 31 19 5 43 7 19 11 16 14 
18 11 1 25 23 27 39 31 4 34 
37 8 20 44 4 46 58 50 23 53 
22 51 39 15 63 13 1 9 36 6 
7 36 24 0 48 2 14 6 21 9 
10 19 7 17 31 19 31 23 4 26 
19 48 36 12 60 10 2 6 33 3 

53 4 80 3 43 70 0 69 80 45 
54 3 81 4 44 71 1 70 81 46 
37 20 64 13 27 54 16 53 64 29 
38 19 65 12 28 55 15 54 65 30 
18 39 45 32 8 35 35 34 45 10 
1 58 26 51 11 16 54 15 26 9 
58 1 85 8 48 75 5 74 85 50 
43 14 70 7 33 60 10 59 70 35 
26 31 53 24 16 43 27 42 53 18 
55 2 82 5 45 72 2 71 82 47 

49 67 25 51 58 14 25 6 6 19 
50 68 26 52 59 13 26 5 5 20 
33 51 9 35 42 30 9 22 22 3 
34 52 10 36 43 29 10 21 21 4 
14 32 10 16 23 49 10 41 41 16 
5 13 29 3 4 68 29 60 60 35 
54 72 30 56 63 9 30 1 1 24 
39 57 15 41 48 24 15 16 16 9 
22 40 2 24 31 41 2 33 33 8 
51 69 27 53 60 12 27 4 4 21 

0 57 85 1 70 37 58 73 14 12 
1 58 86 0 71 38 59 74 13 11 
16 41 69 17 54 21 42 57 30 28 
15 42 70 16 55 22 43 58 29 27 
35 22 50 36 35 2 23 38 49 47 
54 3 31 55 16 17 4 19 68 66 
5 62 90 4 75 42 63 78 9 7 
10 47 75 11 60 27 48 63 24 22 
27 30 58 28 43 10 31 46 41 39 
2 59 87 1 72 39 60 75 12 10 

50 39 69 52 13 5 79 27 30 64 
51 40 70 53 12 6 80 28 31 65 
34 23 53 36 29 11 63 11 14 48 
35 24 54 37 28 10 64 12 15 49 
15 4 34 17 48 30 44 8 5 29 
4 15 15 2 67 49 25 27 24 10 
55 44 74 57 8 10 84 32 35 69 
40 29 59 42 23 5 69 17 20 54 
23 12 42 25 40 22 52 0 3 37 
52 41 71 54 11 7 81 29 32 66 

11 34 12 59 32 33 2 21 2 82 
12 35 13 60 33 34 3 22 1 83 
5 18 4 43 16 17 14 5 18 66 
4 19 3 44 17 18 13 6 17 67 
24 1 23 24 3 2 33 14 37 47 
43 20 42 5 22 21 52 33 56 28 
16 39 17 64 37 38 7 26 3 87 
1 24 2 49 22 23 8 11 12 72 
16 7 15 32 5 6 25 6 29 55 
13 36 14 61 34 35 4 23 0 84 

15 37 3 76 6 8 27 4 7 21 
16 38 2 77 7 9 28 3 8 22 
1 21 19 60 10 8 11 20 9 5 
0 22 18 61 9 7 12 19 8 6 
20 2 38 41 29 27 8 39 28 14 
39 17 57 22 48 46 27 58 47 33 
20 42 2 81 11 13 32 1 12 26 
5 27 13 66 4 2 17 14 3 11 
12 10 30 49 21 19 0 31 20 6 
17 39 1 78 8 10 29 2 9 23 

7 54 47 8 24 30 75 19 83 67 
66 19 26 81 49 43 2 54 10 6 
31 16 9 46 14 8 37 19 45 29 
16 31 24 31 1 7 52 4 60 44 
36 11 4 51 19 13 32 24 40 24 
70 23 30 85 53 47 2 58 6 10 
58 11 18 73 41 35 10 46 18 2 
23 24 17 38 6 0 45 11 53 37 
13 34 27 28 4 10 55 1 63 47 
61 14 21 76 44 38 7 49 15 1 

55 26 38 62 14 64 76 68 41 71 
18 47 35 11 59 9 3 5 32 2 
17 12 0 24 24 26 38 30 3 33 
32 3 15 39 9 41 53 45 18 48 
12 17 5 19 29 21 33 25 2 28 
22 51 39 15 63 13 1 9 36 6 
10 39 27 3 51 1 11 3 24 6 
25 4 8 32 16 34 46 38 11 41 
35 6 18 42 6 44 56 48 21 51 
13 42 30 6 54 4 8 0 27 3 

19 76 8 69 29 2 72 3 8 27 
54 3 81 4 44 71 1 70 81 46 
19 38 46 31 9 36 34 35 46 11 
4 53 31 46 6 21 49 20 31 4 
24 33 51 26 14 41 29 40 51 16 
58 1 85 8 48 75 5 74 85 50 
46 11 73 4 36 63 7 62 73 38 
11 46 38 39 1 28 42 27 38 3 
1 56 28 49 9 18 52 17 28 7 
49 8 76 1 39 66 4 65 76 41 

23 5 47 21 14 86 47 78 78 53 
50 68 26 52 59 13 26 5 5 20 
15 33 9 17 24 48 9 40 40 15 
0 18 24 2 9 63 24 55 55 30 
20 38 4 22 29 43 4 35 35 10 
54 72 30 56 63 9 30 1 1 24 
42 60 18 44 51 21 18 13 13 12 
7 25 17 9 16 56 17 48 48 23 
3 15 27 1 6 66 27 58 58 33 
45 63 21 47 54 18 21 10 10 15 

72 15 13 73 2 35 14 1 86 84 
1 58 86 0 71 38 59 74 13 11 
34 23 51 35 36 3 24 39 48 46 
49 8 36 50 21 12 9 24 63 61 
29 28 56 30 41 8 29 44 43 41 
5 62 90 4 75 42 63 78 9 7 
7 50 78 8 63 30 51 66 21 19 
42 15 43 43 28 5 16 31 56 54 
52 5 33 53 18 15 6 21 66 64 
4 53 81 5 66 33 54 69 18 16 

22 33 3 20 85 67 7 45 42 8 
51 40 70 53 12 6 80 28 31 65 
16 5 35 18 47 29 45 7 4 30 
1 10 20 3 62 44 30 22 19 15 
21 10 40 23 42 24 50 2 1 35 
55 44 74 57 8 10 84 32 35 69 
43 32 62 45 20 2 72 20 23 57 
8 3 27 10 55 37 37 15 12 22 
2 13 17 0 65 47 27 25 22 12 
46 35 65 48 17 1 75 23 26 60 

61 38 60 13 40 39 70 51 74 10 
12 35 13 60 33 34 3 22 1 83 
23 0 22 25 2 1 32 13 36 48 
38 15 37 10 17 16 47 28 51 33 
18 5 17 30 3 4 27 8 31 53 
16 39 17 64 37 38 7 26 3 87 
4 27 5 52 25 26 5 14 9 75 
31 8 30 17 10 9 40 21 44 40 
41 18 40 7 20 19 50 31 54 30 
7 30 8 55 28 29 2 17 6 78 

57 35 75 4 66 64 45 76 65 51 
16 38 2 77 7 9 28 3 8 22 
19 3 37 42 28 26 7 38 27 13 
34 12 52 27 43 41 22 53 42 28 
14 8 32 47 23 21 2 33 22 8 
20 42 2 81 11 13 32 1 12 26 
8 30 10 69 1 1 20 11 0 14 
27 5 45 34 36 34 15 46 35 21 
37 15 55 24 46 44 25 56 45 31 
11 33 7 72 2 4 23 8 3 17 

48 19 31 55 7 57 69 61 34 64 
1 28 16 8 40 10 22 14 13 17 
8 21 9 15 33 17 29 21 6 24 
63 34 46 70 22 72 84 76 49 79 
31 2 14 38 10 40 52 44 17 47 
25 4 8 32 16 34 46 38 11 41 
20 49 37 13 61 11 1 7 34 4 
36 7 19 43 5 45 57 49 22 52 
28 57 45 21 69 19 7 15 42 12 
12 41 29 5 53 3 9 1 26 4 

12 69 15 62 22 5 65 4 15 20 
35 22 62 15 25 52 18 51 62 27 
28 29 55 22 18 45 25 44 55 20 
27 84 0 77 37 10 80 11 0 35 
5 52 32 45 5 22 48 21 32 3 
11 46 38 39 1 28 42 27 38 3 
56 1 83 6 46 73 3 72 83 48 
0 57 27 50 10 17 53 16 27 8 
64 7 91 14 54 81 11 80 91 56 
48 9 75 2 38 65 5 64 75 40 

16 2 40 14 7 79 40 71 71 46 
31 49 7 33 40 32 7 24 24 1 
24 42 0 26 33 39 0 31 31 6 
31 13 55 29 22 94 55 86 86 61 
1 19 23 3 10 62 23 54 54 29 
7 25 17 9 16 56 17 48 48 23 
52 70 28 54 61 11 28 3 3 22 
4 14 28 2 5 67 28 59 59 34 
60 78 36 62 69 3 36 5 5 30 
44 62 20 46 53 19 20 11 11 14 

65 8 20 66 5 28 7 8 79 77 
18 39 67 19 52 19 40 55 32 30 
25 32 60 26 45 12 33 48 39 37 
80 23 5 81 10 43 22 7 94 92 
48 9 37 49 22 11 10 25 62 60 
42 15 43 43 28 5 16 31 56 54 
3 60 88 2 73 40 61 76 11 9 
53 4 32 54 17 16 5 20 67 65 
11 68 96 10 81 48 69 84 3 1 
5 52 80 6 65 32 53 68 19 17 

15 26 4 13 78 60 14 38 35 1 
32 21 51 34 31 13 61 9 12 46 
25 14 44 27 38 20 54 2 5 39 
30 41 11 28 93 75 1 53 50 16 
2 9 21 4 61 43 31 21 18 16 
8 3 27 10 55 37 37 15 12 22 
53 42 72 55 10 8 82 30 33 67 
3 14 16 1 66 48 26 26 23 11 
61 50 80 63 2 16 90 38 41 75 
45 34 64 47 18 0 74 22 25 59 

54 31 53 6 33 32 63 44 67 17 
7 16 6 41 14 15 16 3 20 64 
14 9 13 34 7 8 23 4 27 57 
69 46 68 21 48 47 78 59 82 2 
37 14 36 11 16 15 46 27 50 34 
31 8 30 17 10 9 40 21 44 40 
14 37 15 62 35 36 5 24 1 85 
42 19 41 6 21 20 51 32 55 29 
22 45 23 70 43 44 13 32 9 93 
6 29 7 54 27 28 3 16 7 77 

50 28 68 11 59 57 38 69 58 44 
3 19 21 58 12 10 9 22 11 3 
10 12 28 51 19 17 2 29 18 4 
65 43 83 4 74 72 53 84 73 59 
33 11 51 28 42 40 21 52 41 27 
27 5 45 34 36 34 15 46 35 21 
18 40 0 79 9 11 30 1 10 24 
38 16 56 23 47 45 26 57 46 32 
26 48 8 87 17 19 38 7 18 32 
10 32 8 71 1 3 22 9 2 16 

36 21 63 14 26 53 17 52 63 28 
7 50 34 43 3 24 46 23 34 1 
19 38 46 31 9 36 34 35 46 11 
43 14 70 7 33 60 10 59 70 35 
5 62 22 55 15 12 58 11 22 13 
45 12 72 5 35 62 8 61 72 37 
57 0 84 7 47 74 4 73 84 49 
49 8 76 1 39 66 4 65 76 41 
22 35 49 28 12 39 31 38 49 14 
52 5 79 2 42 69 1 68 79 44 

32 50 8 34 41 31 8 23 23 2 
3 21 21 5 12 60 21 52 52 27 
15 33 9 17 24 48 9 40 40 15 
39 57 15 41 48 24 15 16 16 9 
9 9 33 7 0 72 33 64 64 39 
41 59 17 43 50 22 17 14 14 11 
53 71 29 55 62 10 29 2 2 23 
45 63 21 47 54 18 21 10 10 15 
18 36 6 20 27 45 6 37 37 12 
48 66 24 50 57 15 24 7 7 18 

17 40 68 18 53 20 41 56 31 29 
46 11 39 47 24 9 12 27 60 58 
34 23 51 35 36 3 24 39 48 46 
10 47 75 11 60 27 48 63 24 22 
58 1 27 59 12 21 0 15 72 70 
8 49 77 9 62 29 50 65 22 20 
4 61 89 3 74 41 62 77 10 8 
4 53 81 5 66 33 54 69 18 16 
31 26 54 32 39 6 27 42 45 43 
1 56 84 2 69 36 57 72 15 13 

33 22 52 35 30 12 62 10 13 47 
4 7 23 6 59 41 33 19 16 18 
16 5 35 18 47 29 45 7 4 30 
40 29 59 42 23 5 69 17 20 54 
8 19 11 6 71 53 21 31 28 6 
42 31 61 44 21 3 71 19 22 56 
54 43 73 56 9 9 83 31 34 68 
46 35 65 48 17 1 75 23 26 60 
19 8 38 21 44 26 48 4 1 33 
49 38 68 51 14 4 78 26 29 63 

6 17 5 42 15 16 15 4 19 65 
35 12 34 13 14 13 44 25 48 36 
23 0 22 25 2 1 32 13 36 48 
1 24 2 49 22 23 8 11 12 72 
47 24 46 1 26 25 56 37 60 24 
3 26 4 51 24 25 6 13 10 74 
15 38 16 63 36 37 6 25 2 86 
7 30 8 55 28 29 2 17 6 78 
20 3 19 28 1 2 29 10 33 51 
10 33 11 58 31 32 1 20 3 81 

2 20 20 59 11 9 10 21 10 4 
31 9 49 30 40 38 19 50 39 25 
19 3 37 42 28 26 7 38 27 13 
5 27 13 66 4 2 17 14 3 11 
43 21 61 18 52 50 31 62 51 37 
7 29 11 68 2 0 19 12 1 13 
19 41 1 80 10 12 31 0 11 25 
11 33 7 72 2 4 23 8 3 17 
16 6 34 45 25 23 4 35 24 10 
14 36 4 75 5 7 26 5 6 20 

4 14 28 2 5 67 28 59 59 34 
53 71 29 55 62 10 29 2 2 23 
31 13 55 29 22 94 55 86 86 61 
46 64 22 48 55 17 22 9 9 16 
6 24 18 8 15 57 18 49 49 24 
21 3 45 19 12 84 45 76 76 51 
49 67 25 51 58 14 25 6 6 19 
20 2 44 18 11 83 44 75 75 50 
31 13 55 29 22 94 55 86 86 61 
4 22 20 6 13 59 20 51 51 26 

53 4 32 54 17 16 5 20 67 65 
4 61 89 3 74 41 62 77 10 8 
80 23 5 81 10 43 22 7 94 92 
3 54 82 4 67 34 55 70 17 15 
43 14 42 44 27 6 15 30 57 55 
70 13 15 71 0 33 12 3 84 82 
0 57 85 1 70 37 58 73 14 12 
69 12 16 70 1 32 11 4 83 81 
80 23 5 81 10 43 22 7 94 92 
45 12 40 46 25 8 13 28 59 57 

3 14 16 1 66 48 26 26 23 11 
54 43 73 56 9 9 83 31 34 68 
30 41 11 28 93 75 1 53 50 16 
47 36 66 49 16 2 76 24 27 61 
7 4 26 9 56 38 36 16 13 21 
20 31 1 18 83 65 9 43 40 6 
50 39 69 52 13 5 79 27 30 64 
19 30 0 17 82 64 10 42 39 5 
30 41 11 28 93 75 1 53 50 16 
5 6 24 7 58 40 34 18 15 19 

42 19 41 6 21 20 51 32 55 29 
15 38 16 63 36 37 6 25 2 86 
69 46 68 21 48 47 78 59 82 2 
8 31 9 56 29 30 1 18 5 79 
32 9 31 16 11 10 41 22 45 39 
59 36 58 11 38 37 68 49 72 12 
11 34 12 59 32 33 2 21 2 82 
58 35 57 10 37 36 67 48 71 13 
69 46 68 21 48 47 78 59 82 2 
34 11 33 14 13 12 43 24 47 37 

38 16 56 23 47 45 26 57 46 32 
19 41 1 80 10 12 31 0 11 25 
65 43 83 4 74 72 53 84 73 59 
12 34 6 73 3 5 24 7 4 18 
28 6 46 33 37 35 16 47 36 22 
55 33 73 6 64 62 43 74 63 49 
15 37 3 76 6 8 27 4 7 21 
54 32 72 7 63 61 42 73 62 48 
65 43 83 4 74 72 53 84 73 59 
30 8 48 31 39 37 18 49 38 24 

49 8 36 50 21 12 9 24 63 61 
67 10 18 68 3 30 9 6 81 79 
25 32 60 26 45 12 33 48 39 37 
51 6 34 52 19 14 7 22 65 63 
58 1 27 59 12 21 0 15 72 70 
14 71 99 13 84 51 72 87 0 2 
25 32 60 26 45 12 33 48 39 37 
6 63 91 5 76 43 64 79 8 6 
6 63 91 5 76 43 64 79 8 6 
19 38 66 20 51 18 39 54 33 31 

1 10 20 3 62 44 30 22 19 15 
17 28 2 15 80 62 12 40 37 3 
25 14 44 27 38 20 54 2 5 39 
1 12 18 1 64 46 28 24 21 13 
8 19 11 6 71 53 21 31 28 6 
64 53 83 66 1 19 93 41 44 78 
25 14 44 27 38 20 54 2 5 39 
56 45 75 58 7 11 85 33 36 70 
56 45 75 58 7 11 85 33 36 70 
31 20 50 33 32 14 60 8 11 45 

38 15 37 10 17 16 47 28 51 33 
56 33 55 8 35 34 65 46 69 15 
14 9 13 34 7 8 23 4 27 57 
40 17 39 8 19 18 49 30 53 31 
47 24 46 1 26 25 56 37 60 24 
25 48 26 73 46 47 16 35 12 96 
14 9 13 34 7 8 23 4 27 57 
17 40 18 65 38 39 8 27 4 88 
17 40 18 65 38 39 8 27 4 88 
8 15 7 40 13 14 17 2 21 63 

34 12 52 27 43 41 22 53 42 28 
52 30 70 9 61 59 40 71 60 46 
10 12 28 51 19 17 2 29 18 4 
36 14 54 25 45 43 24 55 44 30 
43 21 61 18 52 50 31 62 51 37 
29 51 11 90 20 22 41 10 21 35 
10 12 28 51 19 17 2 29 18 4 
21 43 3 82 12 14 33 2 13 27 
21 43 3 82 12 14 33 2 13 27 
4 18 22 57 13 11 8 23 12 2 

50 39 69 52 13 5 79 27 30 64 
7 18 12 5 70 52 22 30 27 7 
35 46 16 33 98 80 6 58 55 21 
51 40 70 53 12 6 80 28 31 65 
20 31 1 18 83 65 9 43 40 6 
13 2 32 15 50 32 42 10 7 27 
8 19 11 6 71 53 21 31 28 6 
23 34 4 21 86 68 6 46 43 9 
64 53 83 66 1 19 93 41 44 78 
62 51 81 64 1 17 91 39 42 76 

11 34 12 59 32 33 2 21 2 82 
46 23 45 2 25 24 55 36 59 25 
74 51 73 26 53 52 83 64 87 3 
12 35 13 60 33 34 3 22 1 83 
59 36 58 11 38 37 68 49 72 12 
26 3 25 22 5 4 35 16 39 45 
47 24 46 1 26 25 56 37 60 24 
62 39 61 14 41 40 71 52 75 9 
25 48 26 73 46 47 16 35 12 96 
23 46 24 71 44 45 14 33 10 94 

15 37 3 76 6 8 27 4 7 21 
42 20 60 19 51 49 30 61 50 36 
70 48 88 9 79 77 58 89 78 64 
16 38 2 77 7 9 28 3 8 22 
55 33 73 6 64 62 43 74 63 49 
22 0 40 39 31 29 10 41 30 16 
43 21 61 18 52 50 31 62 51 37 
58 36 76 3 67 65 46 77 66 52 
29 51 11 90 20 22 41 10 21 35 
27 49 9 88 18 20 39 8 19 33 

39 16 38 9 18 17 48 29 52 32 
28 5 27 20 7 6 37 18 41 43 
58 35 57 10 37 36 67 48 71 13 
41 18 40 7 20 19 50 31 54 30 
24 47 25 72 45 46 15 34 11 95 
6 29 7 54 27 28 3 16 7 77 
68 45 67 20 47 46 77 58 81 3 
16 7 15 32 5 6 25 6 29 55 
19 4 18 29 2 3 28 9 32 52 
53 30 52 5 32 31 62 43 66 18 

35 13 53 26 44 42 23 54 43 29 
24 2 42 37 33 31 12 43 32 18 
54 32 72 7 63 61 42 73 62 48 
37 15 55 24 46 44 25 56 45 31 
28 50 10 89 19 21 40 9 20 34 
10 32 8 71 1 3 22 9 2 16 
64 42 82 3 73 71 52 83 72 58 
12 10 30 49 21 19 0 31 20 6 
15 7 33 46 24 22 3 34 23 9 
49 27 67 12 58 56 37 68 57 43 

4 26 14 65 5 3 16 15 4 10 
19 3 37 42 28 26 7 38 27 13 
3 25 15 64 6 4 15 16 5 9 
44 22 62 17 53 51 32 63 52 38 
17 5 35 44 26 24 5 36 25 11 
18 4 36 43 27 25 6 37 26 12 
13 35 5 74 4 6 25 6 5 19 
6 16 24 55 15 13 6 25 14 0 
17 39 1 78 8 10 29 2 9 23 
67 45 85 6 76 74 55 86 75 61 

