11 18 

2 84 76 53 28 68 47 70 25 7 87 
10 72 64 41 16 56 35 58 13 5 75 
2 80 72 49 24 64 43 66 21 3 83 
60 22 14 9 34 6 15 8 37 55 25 
76 6 2 25 50 10 31 8 53 71 9 
17 65 57 34 9 49 28 51 6 12 68 
62 20 12 11 36 4 17 6 39 57 23 
39 43 35 12 13 27 6 29 16 34 46 
25 57 49 26 1 41 20 43 2 20 60 
5 77 69 46 21 61 40 63 18 0 80 
19 63 55 32 7 47 26 49 4 14 66 

54 42 46 8 28 37 81 11 89 32 77 
42 30 34 4 16 25 69 1 77 20 65 
50 38 42 4 24 33 77 7 85 28 73 
8 20 16 54 34 25 19 51 27 30 15 
24 36 32 70 50 41 3 67 11 46 1 
35 23 27 11 9 18 62 8 70 13 58 
10 22 18 56 36 27 17 53 25 32 13 
13 1 5 33 13 4 40 30 48 9 36 
27 15 19 19 1 10 54 16 62 5 50 
47 35 39 1 21 30 74 4 82 25 70 
33 21 25 13 7 16 60 10 68 11 56 

35 77 11 69 5 13 42 19 6 99 86 
23 65 1 57 7 1 30 7 6 87 74 
31 73 7 65 1 9 38 15 2 95 82 
27 15 51 7 57 49 20 43 56 37 24 
43 1 67 9 73 65 36 59 72 21 8 
16 58 8 50 14 6 23 0 13 80 67 
29 13 53 5 59 51 22 45 58 35 22 
6 36 30 28 36 28 1 22 35 58 45 
8 50 16 42 22 14 15 8 21 72 59 
28 70 4 62 2 6 35 12 1 92 79 
14 56 10 48 16 8 21 2 15 78 65 

32 71 61 41 36 96 27 49 78 77 54 
20 59 49 29 24 84 15 37 66 65 42 
28 67 57 37 32 92 23 45 74 73 50 
30 9 1 21 26 34 35 13 16 15 8 
46 7 17 37 42 18 51 29 0 1 24 
13 52 42 22 17 77 8 30 59 58 35 
32 7 3 23 28 32 37 15 14 13 10 
9 30 20 0 5 55 14 8 37 36 13 
5 44 34 14 9 69 0 22 51 50 27 
25 64 54 34 29 89 20 42 71 70 47 
11 50 40 20 15 75 6 28 57 56 33 

18 2 51 98 90 94 98 69 27 32 23 
6 10 39 86 78 82 86 57 15 20 11 
14 2 47 94 86 90 94 65 23 28 19 
44 60 11 36 28 32 36 7 35 30 39 
60 76 27 20 12 16 20 9 51 46 55 
1 17 32 79 71 75 79 50 8 13 4 
46 62 13 34 26 30 34 5 37 32 41 
23 39 10 57 49 53 57 28 14 9 18 
9 25 24 71 63 67 71 42 0 5 4 
11 5 44 91 83 87 91 62 20 25 16 
3 19 30 77 69 73 77 48 6 11 2 

10 49 86 56 73 73 58 64 72 96 59 
2 37 74 44 61 61 46 52 60 84 47 
6 45 82 52 69 69 54 60 68 92 55 
52 13 24 6 11 11 4 2 10 34 3 
68 29 8 22 5 5 20 14 6 18 19 
9 30 67 37 54 54 39 45 53 77 40 
54 15 22 8 9 9 6 0 8 32 5 
31 8 45 15 32 32 17 23 31 55 18 
17 22 59 29 46 46 31 37 45 69 32 
3 42 79 49 66 66 51 57 65 89 52 
11 28 65 35 52 52 37 43 51 75 38 

47 2 5 0 12 81 86 89 46 33 88 
35 10 7 12 0 69 74 77 34 21 76 
43 2 1 4 8 77 82 85 42 29 84 
15 60 57 62 50 19 24 27 16 29 26 
31 76 73 78 66 3 8 11 32 45 10 
28 17 14 19 7 62 67 70 27 14 69 
17 62 59 64 52 17 22 25 18 31 24 
6 39 36 41 29 40 45 48 5 8 47 
20 25 22 27 15 54 59 62 19 6 61 
40 5 2 7 5 74 79 82 39 26 81 
26 19 16 21 9 60 65 68 25 12 67 

67 90 7 80 23 56 8 85 27 12 20 
55 78 5 68 11 44 4 73 15 0 8 
63 86 3 76 19 52 4 81 23 8 16 
5 28 55 18 39 6 54 23 35 50 42 
11 12 71 2 55 22 70 7 51 66 58 
48 71 12 61 4 37 11 66 8 7 1 
3 26 57 16 41 8 56 21 37 52 44 
26 49 34 39 18 15 33 44 14 29 21 
40 63 20 53 4 29 19 58 0 15 7 
60 83 0 73 16 49 1 78 20 5 13 
46 69 14 59 2 35 13 64 6 9 1 

72 76 8 61 88 24 97 50 95 97 67 
60 64 4 49 76 12 85 38 83 85 55 
68 72 4 57 84 20 93 46 91 93 63 
10 14 54 1 26 38 35 12 33 35 5 
6 2 70 17 10 54 19 28 17 19 11 
53 57 11 42 69 5 78 31 76 78 48 
8 12 56 3 24 40 33 14 31 33 3 
31 35 33 20 47 17 56 9 54 56 26 
45 49 19 34 61 3 70 23 68 70 40 
65 69 1 54 81 17 90 43 88 90 60 
51 55 13 40 67 3 76 29 74 76 46 

41 26 38 43 9 14 27 0 27 62 95 
29 14 26 31 3 2 15 12 15 50 83 
37 22 34 39 5 10 23 4 23 58 91 
21 36 24 19 53 48 35 62 35 0 33 
37 52 40 35 69 64 51 78 51 16 17 
22 7 19 24 10 5 8 19 8 43 76 
23 38 26 21 55 50 37 64 37 2 31 
0 15 3 2 32 27 14 41 14 21 54 
14 1 11 16 18 13 0 27 0 35 68 
34 19 31 36 2 7 20 7 20 55 88 
20 5 17 22 12 7 6 21 6 41 74 

33 72 91 42 98 64 80 15 15 32 50 
21 60 79 30 86 52 68 3 3 20 38 
29 68 87 38 94 60 76 11 11 28 46 
29 10 29 20 36 2 18 47 47 30 12 
45 6 13 36 20 14 2 63 63 46 28 
14 53 72 23 79 45 61 4 4 13 31 
31 8 27 22 34 0 16 49 49 32 14 
8 31 50 1 57 23 39 26 26 9 9 
6 45 64 15 71 37 53 12 12 5 23 
26 65 84 35 91 57 73 8 8 25 43 
12 51 70 21 77 43 59 6 6 11 29 

31 35 24 58 99 59 42 56 85 80 50 
19 23 12 46 87 47 30 44 73 68 38 
27 31 20 54 95 55 38 52 81 76 46 
31 27 38 4 37 3 20 6 23 18 12 
47 43 54 20 21 19 36 22 7 2 28 
12 16 5 39 80 40 23 37 66 61 31 
33 29 40 6 35 5 22 8 21 16 14 
10 6 17 17 58 18 1 15 44 39 9 
4 8 3 31 72 32 15 29 58 53 23 
24 28 17 51 92 52 35 49 78 73 43 
10 14 3 37 78 38 21 35 64 59 29 

32 70 18 11 19 46 65 82 96 57 11 
20 58 6 1 7 34 53 70 84 45 1 
28 66 14 7 15 42 61 78 92 53 7 
30 8 44 51 43 16 3 20 34 5 51 
46 8 60 67 59 32 13 4 18 21 67 
13 51 1 8 0 27 46 63 77 38 8 
32 6 46 53 45 18 1 18 32 7 53 
9 29 23 30 22 5 24 41 55 16 30 
5 43 9 16 8 19 38 55 69 30 16 
25 63 11 4 12 39 58 75 89 50 4 
11 49 3 10 2 25 44 61 75 36 10 

16 86 18 0 57 52 29 40 91 76 2 
4 74 6 12 45 40 17 28 79 64 10 
12 82 14 4 53 48 25 36 87 72 2 
46 24 44 62 5 10 33 22 29 14 60 
62 8 60 78 21 26 49 38 13 2 76 
3 67 1 19 38 33 10 21 72 57 17 
48 22 46 64 7 12 35 24 27 12 62 
25 45 23 41 16 11 12 1 50 35 39 
11 59 9 27 30 25 2 13 64 49 25 
9 79 11 7 50 45 22 33 84 69 5 
5 65 3 21 36 31 8 19 70 55 19 

96 46 91 94 87 19 16 71 11 74 14 
84 34 79 82 75 7 4 59 1 62 2 
92 42 87 90 83 15 12 67 7 70 10 
34 16 29 32 25 43 46 9 51 12 48 
18 32 13 16 9 59 62 7 67 4 64 
77 27 72 75 68 0 3 52 8 55 5 
32 18 27 30 23 45 48 7 53 10 50 
55 5 50 53 46 22 25 30 30 33 27 
69 19 64 67 60 8 11 44 16 47 13 
89 39 84 87 80 12 9 64 4 67 7 
75 25 70 73 66 2 5 50 10 53 7 

34 64 54 28 98 14 46 17 68 76 40 
22 52 42 16 86 2 34 5 56 64 28 
30 60 50 24 94 10 42 13 64 72 36 
28 2 8 34 36 48 16 45 6 14 22 
44 14 24 50 20 64 32 61 10 2 38 
15 45 35 9 79 5 27 2 49 57 21 
30 0 10 36 34 50 18 47 4 12 24 
7 23 13 13 57 27 5 24 27 35 1 
7 37 27 1 71 13 19 10 41 49 13 
27 57 47 21 91 7 39 10 61 69 33 
13 43 33 7 77 7 25 4 47 55 19 

50 26 31 43 94 99 19 21 7 94 90 
38 14 19 31 82 87 7 9 5 82 78 
46 22 27 39 90 95 15 17 3 90 86 
12 36 31 19 32 37 43 41 55 32 28 
28 52 47 35 16 21 59 57 71 16 12 
31 7 12 24 75 80 0 2 12 75 71 
14 38 33 21 30 35 45 43 57 30 26 
9 15 10 2 53 58 22 20 34 53 49 
23 1 4 16 67 72 8 6 20 67 63 
43 19 24 36 87 92 12 14 0 87 83 
29 5 10 22 73 78 2 0 14 73 69 

52 40 44 6 26 35 79 9 87 30 75 
30 42 38 76 56 47 3 73 5 52 7 
22 34 30 68 48 39 5 65 13 44 1 
1 11 7 45 25 16 28 42 36 21 24 
26 14 18 20 0 9 53 17 61 4 49 
14 26 22 60 40 31 13 57 21 36 9 
7 5 1 39 19 10 34 36 42 15 30 
16 28 24 62 42 33 11 59 19 38 7 
29 17 21 17 3 12 56 14 64 7 52 
47 35 39 1 21 30 74 4 82 25 70 
33 45 41 79 59 50 6 76 2 55 10 

33 75 9 67 3 11 40 17 4 97 84 
49 7 73 15 79 71 42 65 78 15 2 
41 1 65 7 71 63 34 57 70 23 10 
18 24 42 16 48 40 11 34 47 46 33 
7 49 17 41 23 15 14 9 22 71 58 
33 9 57 1 63 55 26 49 62 31 18 
12 30 36 22 42 34 5 28 41 52 39 
35 7 59 1 65 57 28 51 64 29 16 
10 52 14 44 20 12 17 6 19 74 61 
28 70 4 62 2 6 35 12 1 92 79 
52 10 76 18 82 74 45 68 81 12 1 

30 69 59 39 34 94 25 47 76 75 52 
52 13 23 43 48 12 57 35 6 7 30 
44 5 15 35 40 20 49 27 2 1 22 
21 18 8 12 17 43 26 4 25 24 1 
4 43 33 13 8 68 1 21 50 49 26 
36 3 7 27 32 28 41 19 10 9 14 
15 24 14 6 11 49 20 2 31 30 7 
38 1 9 29 34 26 43 21 8 7 16 
7 46 36 16 11 71 2 24 53 52 29 
25 64 54 34 29 89 20 42 71 70 47 
55 16 26 46 51 9 60 38 9 10 33 

16 0 49 96 88 92 96 67 25 30 21 
66 82 33 14 6 10 14 15 57 52 61 
58 74 25 22 14 18 22 7 49 44 53 
35 51 2 45 37 41 45 16 26 21 30 
10 26 23 70 62 66 70 41 1 4 5 
50 66 17 30 22 26 30 1 41 36 45 
29 45 4 51 43 47 51 22 20 15 24 
52 68 19 28 20 24 28 1 43 38 47 
7 23 26 73 65 69 73 44 2 7 2 
11 5 44 91 83 87 91 62 20 25 16 
69 85 36 11 3 7 11 18 60 55 64 

8 47 84 54 71 71 56 62 70 94 57 
74 35 2 28 11 11 26 20 12 12 25 
66 27 10 20 3 3 18 12 4 20 17 
43 4 33 3 20 20 5 11 19 43 6 
18 21 58 28 45 45 30 36 44 68 31 
58 19 18 12 5 5 10 4 4 28 9 
37 2 39 9 26 26 11 17 25 49 12 
60 21 16 14 3 3 12 6 2 26 11 
15 24 61 31 48 48 33 39 47 71 34 
3 42 79 49 66 66 51 57 65 89 52 
77 38 1 31 14 14 29 23 15 9 28 

45 0 3 2 10 79 84 87 44 31 86 
37 82 79 84 72 3 2 5 38 51 4 
29 74 71 76 64 5 10 13 30 43 12 
6 51 48 53 41 28 33 36 7 20 35 
19 26 23 28 16 53 58 61 18 5 60 
21 66 63 68 56 13 18 21 22 35 20 
0 45 42 47 35 34 39 42 1 14 41 
23 68 65 70 58 11 16 19 24 37 18 
22 23 20 25 13 56 61 64 21 8 63 
40 5 2 7 5 74 79 82 39 26 81 
40 85 82 87 75 6 1 2 41 54 1 

65 88 5 78 21 54 6 83 25 10 18 
17 6 77 4 61 28 76 1 57 72 64 
9 14 69 4 53 20 68 9 49 64 56 
14 37 46 27 30 3 45 32 26 41 33 
39 62 21 52 5 28 20 57 1 16 8 
1 22 61 12 45 12 60 17 41 56 48 
20 43 40 33 24 9 39 38 20 35 27 
3 20 63 10 47 14 62 15 43 58 50 
42 65 18 55 2 31 17 60 2 13 5 
60 83 0 73 16 49 1 78 20 5 13 
20 3 80 7 64 31 79 2 60 75 67 

70 74 6 59 86 22 95 48 93 95 65 
12 8 76 23 4 60 13 34 11 13 17 
4 0 68 15 12 52 21 26 19 21 9 
19 23 45 8 35 29 44 3 42 44 14 
44 48 20 33 60 4 69 22 67 69 39 
4 8 60 7 20 44 29 18 27 29 1 
25 29 39 14 41 23 50 3 48 50 20 
2 6 62 9 18 46 27 20 25 27 3 
47 51 17 36 63 1 72 25 70 72 42 
65 69 1 54 81 17 90 43 88 90 60 
15 11 79 26 1 63 10 37 8 10 20 

39 24 36 41 7 12 25 2 25 60 93 
43 58 46 41 75 70 57 84 57 22 11 
35 50 38 33 67 62 49 76 49 14 19 
12 27 15 10 44 39 26 53 26 9 42 
13 2 10 15 19 14 1 28 1 34 67 
27 42 30 25 59 54 41 68 41 6 27 
6 21 9 4 38 33 20 47 20 15 48 
29 44 32 27 61 56 43 70 43 8 25 
16 1 13 18 16 11 2 25 2 37 70 
34 19 31 36 2 7 20 7 20 55 88 
46 61 49 44 78 73 60 87 60 25 8 

31 70 89 40 96 62 78 13 13 30 48 
51 12 7 42 14 20 4 69 69 52 34 
43 4 15 34 22 12 4 61 61 44 26 
20 19 38 11 45 11 27 38 38 21 3 
5 44 63 14 70 36 52 13 13 4 22 
35 4 23 26 30 4 12 53 53 36 18 
14 25 44 5 51 17 33 32 32 15 3 
37 2 21 28 28 6 10 55 55 38 20 
8 47 66 17 73 39 55 10 10 7 25 
26 65 84 35 91 57 73 8 8 25 43 
54 15 4 45 11 23 7 72 72 55 37 

29 33 22 56 97 57 40 54 83 78 48 
53 49 60 26 15 25 42 28 1 4 34 
45 41 52 18 23 17 34 20 9 4 26 
22 18 29 5 46 6 11 3 32 27 3 
3 7 4 30 71 31 14 28 57 52 22 
37 33 44 10 31 9 26 12 17 12 18 
16 12 23 11 52 12 5 9 38 33 3 
39 35 46 12 29 11 28 14 15 10 20 
6 10 1 33 74 34 17 31 60 55 25 
24 28 17 51 92 52 35 49 78 73 43 
56 52 63 29 12 28 45 31 2 7 37 

30 68 16 9 17 44 63 80 94 55 9 
52 14 66 73 65 38 19 2 12 27 73 
44 6 58 65 57 30 11 6 20 19 65 
21 17 35 42 34 7 12 29 43 4 42 
4 42 10 17 9 18 37 54 68 29 17 
36 2 50 57 49 22 3 14 28 11 57 
15 23 29 36 28 1 18 35 49 10 36 
38 0 52 59 51 24 5 12 26 13 59 
7 45 7 14 6 21 40 57 71 32 14 
25 63 11 4 12 39 58 75 89 50 4 
55 17 69 76 68 41 22 5 9 30 76 

14 84 16 2 55 50 27 38 89 74 0 
68 2 66 84 27 32 55 44 7 8 82 
60 10 58 76 19 24 47 36 15 0 74 
37 33 35 53 4 1 24 13 38 23 51 
12 58 10 28 29 24 1 12 63 48 26 
52 18 50 68 11 16 39 28 23 8 66 
31 39 29 47 10 5 18 7 44 29 45 
54 16 52 70 13 18 41 30 21 6 68 
9 61 7 25 32 27 4 15 66 51 23 
9 79 11 7 50 45 22 33 84 69 5 
71 1 69 87 30 35 58 47 4 11 85 

94 44 89 92 85 17 14 69 9 72 12 
12 38 7 10 3 65 68 13 73 10 70 
20 30 15 18 11 57 60 5 65 2 62 
43 7 38 41 34 34 37 18 42 21 39 
68 18 63 66 59 9 12 43 17 46 14 
28 22 23 26 19 49 52 3 57 6 54 
49 1 44 47 40 28 31 24 36 27 33 
26 24 21 24 17 51 54 1 59 4 56 
71 21 66 69 62 6 9 46 14 49 11 
89 39 84 87 80 12 9 64 4 67 7 
9 41 4 7 0 68 71 16 76 13 73 

32 62 52 26 96 12 44 15 66 74 38 
50 20 30 56 14 70 38 67 16 8 44 
42 12 22 48 22 62 30 59 8 0 36 
19 11 1 25 45 39 7 36 15 23 13 
6 36 26 0 70 14 18 11 40 48 12 
34 4 14 40 30 54 22 51 0 8 28 
13 17 7 19 51 33 1 30 21 29 7 
36 6 16 42 28 56 24 53 2 6 30 
9 39 29 3 73 11 21 8 43 51 15 
27 57 47 21 91 7 39 10 61 69 33 
53 23 33 59 11 73 41 70 19 11 47 

48 24 29 41 92 97 17 19 5 92 88 
34 58 53 41 10 15 65 63 77 10 6 
26 50 45 33 18 23 57 55 69 18 14 
3 27 22 10 41 46 34 32 46 41 37 
22 2 3 15 66 71 9 7 21 66 62 
18 42 37 25 26 31 49 47 61 26 22 
3 21 16 4 47 52 28 26 40 47 43 
20 44 39 27 24 29 51 49 63 24 20 
25 1 6 18 69 74 6 4 18 69 65 
43 19 24 36 87 92 12 14 0 87 83 
37 61 56 44 7 12 68 66 80 7 3 

19 23 43 15 49 41 12 35 48 45 32 
7 35 31 27 37 29 0 23 36 57 44 
11 31 35 23 41 33 4 27 40 53 40 
27 69 3 61 3 5 34 11 2 91 78 
7 49 17 41 23 15 14 9 22 71 58 
2 40 26 32 32 24 5 18 31 62 49 
46 4 70 12 76 68 39 62 75 18 5 
24 66 0 58 6 2 31 8 5 88 75 
54 12 78 20 84 76 47 70 83 10 3 
3 45 21 37 27 19 10 13 26 67 54 
42 0 66 8 72 64 35 58 71 22 9 

22 17 7 13 18 42 27 5 24 23 0 
10 29 19 1 6 54 15 7 36 35 12 
14 25 15 5 10 50 19 3 32 31 8 
24 63 53 33 28 88 19 41 70 69 46 
4 43 33 13 8 68 1 21 50 49 26 
5 34 24 4 1 59 10 12 41 40 17 
49 10 20 40 45 15 54 32 3 4 27 
21 60 50 30 25 85 16 38 67 66 43 
57 18 28 48 53 7 62 40 11 12 35 
0 39 29 9 4 64 5 17 46 45 22 
45 6 16 36 41 19 50 28 1 0 23 

36 52 3 44 36 40 44 15 27 22 31 
24 40 9 56 48 52 56 27 15 10 19 
28 44 5 52 44 48 52 23 19 14 23 
10 6 43 90 82 86 90 61 19 24 15 
10 26 23 70 62 66 70 41 1 4 5 
19 35 14 61 53 57 61 32 10 5 14 
63 79 30 17 9 13 17 12 54 49 58 
7 9 40 87 79 83 87 58 16 21 12 
71 87 38 9 1 5 9 20 62 57 66 
14 30 19 66 58 62 66 37 5 0 9 
59 75 26 21 13 17 21 8 50 45 54 

44 5 32 2 19 19 4 10 18 42 5 
32 7 44 14 31 31 16 22 30 54 17 
36 3 40 10 27 27 12 18 26 50 13 
2 41 78 48 65 65 50 56 64 88 51 
18 21 58 28 45 45 30 36 44 68 31 
27 12 49 19 36 36 21 27 35 59 22 
71 32 5 25 8 8 23 17 9 15 22 
1 38 75 45 62 62 47 53 61 85 48 
79 40 3 33 16 16 31 25 17 7 30 
22 17 54 24 41 41 26 32 40 64 27 
67 28 9 21 4 4 19 13 5 19 18 

7 52 49 54 42 27 32 35 8 21 34 
5 40 37 42 30 39 44 47 4 9 46 
1 44 41 46 34 35 40 43 0 13 42 
39 6 3 8 4 73 78 81 38 25 80 
19 26 23 28 16 53 58 61 18 5 60 
10 35 32 37 25 44 49 52 9 4 51 
34 79 76 81 69 0 5 8 35 48 7 
36 9 6 11 1 70 75 78 35 22 77 
42 87 84 89 77 8 3 0 43 56 1 
15 30 27 32 20 49 54 57 14 1 56 
30 75 72 77 65 4 9 12 31 44 11 

13 36 47 26 31 2 46 31 27 42 34 
25 48 35 38 19 14 34 43 15 30 22 
21 44 39 34 23 10 38 39 19 34 26 
59 82 1 72 15 48 0 77 19 4 12 
39 62 21 52 5 28 20 57 1 16 8 
30 53 30 43 14 19 29 48 10 25 17 
14 9 74 1 58 25 73 4 54 69 61 
56 79 4 69 12 45 3 74 16 1 9 
22 1 82 9 66 33 81 4 62 77 69 
35 58 25 48 9 24 24 53 5 20 12 
10 13 70 3 54 21 69 8 50 65 57 

18 22 46 7 34 30 43 4 41 43 13 
30 34 34 19 46 18 55 8 53 55 25 
26 30 38 15 42 22 51 4 49 51 21 
64 68 0 53 80 16 89 42 87 89 59 
44 48 20 33 60 4 69 22 67 69 39 
35 39 29 24 51 13 60 13 58 60 30 
9 5 73 20 7 57 16 31 14 16 14 
61 65 3 50 77 13 86 39 84 86 56 
17 13 81 28 1 65 8 39 6 8 22 
40 44 24 29 56 8 65 18 63 65 35 
5 1 69 16 11 53 20 27 18 20 10 

13 28 16 11 45 40 27 54 27 8 41 
1 16 4 1 33 28 15 42 15 20 53 
5 20 8 3 37 32 19 46 19 16 49 
33 18 30 35 1 6 19 8 19 54 87 
13 2 10 15 19 14 1 28 1 34 67 
4 11 1 6 28 23 10 37 10 25 58 
40 55 43 38 72 67 54 81 54 19 14 
30 15 27 32 2 3 16 11 16 51 84 
48 63 51 46 80 75 62 89 62 27 6 
9 6 6 11 23 18 5 32 5 30 63 
36 51 39 34 68 63 50 77 50 15 18 

21 18 37 12 44 10 26 39 39 22 4 
9 30 49 0 56 22 38 27 27 10 8 
13 26 45 4 52 18 34 31 31 14 4 
25 64 83 34 90 56 72 7 7 24 42 
5 44 63 14 70 36 52 13 13 4 22 
4 35 54 5 61 27 43 22 22 5 13 
48 9 10 39 17 17 1 66 66 49 31 
22 61 80 31 87 53 69 4 4 21 39 
56 17 2 47 9 25 9 74 74 57 39 
1 40 59 10 66 32 48 17 17 0 18 
44 5 14 35 21 13 3 62 62 45 27 

23 19 30 4 45 5 12 2 31 26 4 
11 7 18 16 57 17 0 14 43 38 8 
15 11 22 12 53 13 4 10 39 34 4 
23 27 16 50 91 51 34 48 77 72 42 
3 7 4 30 71 31 14 28 57 52 22 
6 2 13 21 62 22 5 19 48 43 13 
50 46 57 23 18 22 39 25 4 1 31 
20 24 13 47 88 48 31 45 74 69 39 
58 54 65 31 10 30 47 33 4 9 39 
1 3 8 26 67 27 10 24 53 48 18 
46 42 53 19 22 18 35 21 8 3 27 

22 16 36 43 35 8 11 28 42 3 43 
10 28 24 31 23 4 23 40 54 15 31 
14 24 28 35 27 0 19 36 50 11 35 
24 62 10 3 11 38 57 74 88 49 3 
4 42 10 17 9 18 37 54 68 29 17 
5 33 19 26 18 9 28 45 59 20 26 
49 11 63 70 62 35 16 1 15 24 70 
21 59 7 0 8 35 54 71 85 46 0 
57 19 71 78 70 43 24 7 7 32 78 
0 38 14 21 13 14 33 50 64 25 21 
45 7 59 66 58 31 12 5 19 20 66 

38 32 36 54 3 2 25 14 37 22 52 
26 44 24 42 15 10 13 2 49 34 40 
30 40 28 46 11 6 17 6 45 30 44 
8 78 10 8 49 44 21 32 83 68 6 
12 58 10 28 29 24 1 12 63 48 26 
21 49 19 37 20 15 8 3 54 39 35 
65 5 63 81 24 29 52 41 10 5 79 
5 75 7 11 46 41 18 29 80 65 9 
73 3 71 89 32 37 60 49 2 13 87 
16 54 14 32 25 20 3 8 59 44 30 
61 9 59 77 20 25 48 37 14 1 75 

42 8 37 40 33 35 38 17 43 20 40 
54 4 49 52 45 23 26 29 31 32 28 
50 0 45 48 41 27 30 25 35 28 32 
88 38 83 86 79 11 8 63 3 66 6 
68 18 63 66 59 9 12 43 17 46 14 
59 9 54 57 50 18 21 34 26 37 23 
15 35 10 13 6 62 65 10 70 7 67 
85 35 80 83 76 8 5 60 0 63 3 
7 43 2 5 2 70 73 18 78 15 75 
64 14 59 62 55 13 16 39 21 42 18 
19 31 14 17 10 58 61 6 66 3 63 

20 10 0 26 44 40 8 37 14 22 14 
8 22 12 14 56 28 4 25 26 34 2 
12 18 8 18 52 32 0 29 22 30 6 
26 56 46 20 90 6 38 9 60 68 32 
6 36 26 0 70 14 18 11 40 48 12 
3 27 17 9 61 23 9 20 31 39 3 
47 17 27 53 17 67 35 64 13 5 41 
23 53 43 17 87 3 35 6 57 65 29 
55 25 35 61 9 75 43 72 21 13 49 
2 32 22 4 66 18 14 15 36 44 8 
43 13 23 49 21 63 31 60 9 1 37 

4 28 23 11 40 45 35 33 47 40 36 
8 16 11 1 52 57 23 21 35 52 48 
4 20 15 3 48 53 27 25 39 48 44 
42 18 23 35 86 91 11 13 1 86 82 
22 2 3 15 66 71 9 7 21 66 62 
13 11 6 6 57 62 18 16 30 57 53 
31 55 50 38 13 18 62 60 74 13 9 
39 15 20 32 83 88 8 10 4 83 79 
39 63 58 46 5 10 70 68 82 5 1 
18 6 1 11 62 67 13 11 25 62 58 
27 51 46 34 17 22 58 56 70 17 13 

3 36 26 6 1 61 8 14 43 42 19 
45 6 16 36 41 19 50 28 1 0 23 
21 60 50 30 25 85 16 38 67 66 43 
37 2 8 28 33 27 42 20 9 8 15 
27 66 56 36 31 91 22 44 73 72 49 
19 58 48 28 23 83 14 36 65 64 41 
10 29 19 1 6 54 15 7 36 35 12 
13 52 42 22 17 77 8 30 59 58 35 
26 65 55 35 30 90 21 43 72 71 48 
67 28 38 58 63 3 72 50 21 22 45 
54 15 25 45 50 10 59 37 8 9 32 

17 33 16 63 55 59 63 34 8 3 12 
59 75 26 21 13 17 21 8 50 45 54 
7 9 40 87 79 83 87 58 16 21 12 
51 67 18 29 21 25 29 0 42 37 46 
13 3 46 93 85 89 93 64 22 27 18 
5 11 38 85 77 81 85 56 14 19 10 
24 40 9 56 48 52 56 27 15 10 19 
1 17 32 79 71 75 79 50 8 13 4 
12 4 45 92 84 88 92 63 21 26 17 
81 97 48 1 9 5 1 30 72 67 76 
68 84 35 12 4 8 12 17 59 54 63 

25 14 51 21 38 38 23 29 37 61 24 
67 28 9 21 4 4 19 13 5 19 18 
1 38 75 45 62 62 47 53 61 85 48 
59 20 17 13 4 4 11 5 3 27 10 
5 44 81 51 68 68 53 59 67 91 54 
3 36 73 43 60 60 45 51 59 83 46 
32 7 44 14 31 31 16 22 30 54 17 
9 30 67 37 54 54 39 45 53 77 40 
4 43 80 50 67 67 52 58 66 90 53 
89 50 13 43 26 26 41 35 27 3 40 
76 37 0 30 13 13 28 22 14 10 27 

12 33 30 35 23 46 51 54 11 2 53 
30 75 72 77 65 4 9 12 31 44 11 
36 9 6 11 1 70 75 78 35 22 77 
22 67 64 69 57 12 17 20 23 36 19 
42 3 0 5 7 76 81 84 41 28 83 
34 11 8 13 1 68 73 76 33 20 75 
5 40 37 42 30 39 44 47 4 9 46 
28 17 14 19 7 62 67 70 27 14 69 
41 4 1 6 6 75 80 83 40 27 82 
52 97 94 99 87 18 13 10 53 66 11 
39 84 81 86 74 5 0 3 40 53 2 

32 55 28 45 12 21 27 50 8 23 15 
10 13 70 3 54 21 69 8 50 65 57 
56 79 4 69 12 45 3 74 16 1 9 
2 21 62 11 46 13 61 16 42 57 49 
62 85 2 75 18 51 3 80 22 7 15 
54 77 6 67 10 43 5 72 14 1 7 
25 48 35 38 19 14 34 43 15 30 22 
48 71 12 61 4 37 11 66 8 7 1 
61 84 1 74 17 50 2 79 21 6 14 
32 9 92 19 76 43 91 14 72 87 79 
19 4 79 6 63 30 78 1 59 74 66 

37 41 27 26 53 11 62 15 60 62 32 
5 1 69 16 11 53 20 27 18 20 10 
61 65 3 50 77 13 86 39 84 86 56 
3 7 61 8 19 45 28 19 26 28 2 
67 71 3 56 83 19 92 45 90 92 62 
59 63 5 48 75 11 84 37 82 84 54 
30 34 34 19 46 18 55 8 53 55 25 
53 57 11 42 69 5 78 31 76 78 48 
66 70 2 55 82 18 91 44 89 91 61 
27 23 91 38 11 75 2 49 4 2 32 
14 10 78 25 2 62 11 36 9 11 19 

6 9 3 8 26 21 8 35 8 27 60 
36 51 39 34 68 63 50 77 50 15 18 
30 15 27 32 2 3 16 11 16 51 84 
28 43 31 26 60 55 42 69 42 7 26 
36 21 33 38 4 9 22 5 22 57 90 
28 13 25 30 4 1 14 13 14 49 82 
1 16 4 1 33 28 15 42 15 20 53 
22 7 19 24 10 5 8 19 8 43 76 
35 20 32 37 3 8 21 6 21 56 89 
58 73 61 56 90 85 72 99 72 37 4 
45 60 48 43 77 72 59 86 59 24 9 

2 37 56 7 63 29 45 20 20 3 15 
44 5 14 35 21 13 3 62 62 45 27 
22 61 80 31 87 53 69 4 4 21 39 
36 3 22 27 29 5 11 54 54 37 19 
28 67 86 37 93 59 75 10 10 27 45 
20 59 78 29 85 51 67 2 2 19 37 
9 30 49 0 56 22 38 27 27 10 8 
14 53 72 23 79 45 61 4 4 13 31 
27 66 85 36 92 58 74 9 9 26 44 
66 27 8 57 1 35 19 84 84 67 49 
53 14 5 44 12 22 6 71 71 54 36 

4 0 11 23 64 24 7 21 50 45 15 
46 42 53 19 22 18 35 21 8 3 27 
20 24 13 47 88 48 31 45 74 69 39 
38 34 45 11 30 10 27 13 16 11 19 
26 30 19 53 94 54 37 51 80 75 45 
18 22 11 45 86 46 29 43 72 67 37 
11 7 18 16 57 17 0 14 43 38 8 
12 16 5 39 80 40 23 37 66 61 31 
25 29 18 52 93 53 36 50 79 74 44 
68 64 75 41 0 40 57 43 14 19 49 
55 51 62 28 13 27 44 30 1 6 36 

3 35 17 24 16 11 30 47 61 22 24 
45 7 59 66 58 31 12 5 19 20 66 
21 59 7 0 8 35 54 71 85 46 0 
37 1 51 58 50 23 4 13 27 12 58 
27 65 13 6 14 41 60 77 91 52 6 
19 57 5 2 6 33 52 69 83 44 2 
10 28 24 31 23 4 23 40 54 15 31 
13 51 1 8 0 27 46 63 77 38 8 
26 64 12 5 13 40 59 76 90 51 5 
67 29 81 88 80 53 34 17 3 42 88 
54 16 68 75 67 40 21 4 10 29 75 

19 51 17 35 22 17 6 5 56 41 33 
61 9 59 77 20 25 48 37 14 1 75 
5 75 7 11 46 41 18 29 80 65 9 
53 17 51 69 12 17 40 29 22 7 67 
11 81 13 5 52 47 24 35 86 71 3 
3 73 5 13 44 39 16 27 78 63 11 
26 44 24 42 15 10 13 2 49 34 40 
3 67 1 19 38 33 10 21 72 57 17 
10 80 12 6 51 46 23 34 85 70 4 
83 13 81 99 42 47 70 59 8 23 97 
70 0 68 86 29 34 57 46 5 10 84 

61 11 56 59 52 16 19 36 24 39 21 
19 31 14 17 10 58 61 6 66 3 63 
85 35 80 83 76 8 5 60 0 63 3 
27 23 22 25 18 50 53 2 58 5 55 
91 41 86 89 82 14 11 66 6 69 9 
83 33 78 81 74 6 3 58 2 61 1 
54 4 49 52 45 23 26 29 31 32 28 
77 27 72 75 68 0 3 52 8 55 5 
90 40 85 88 81 13 10 65 5 68 8 
3 53 8 5 12 80 83 28 88 25 85 
10 40 5 8 1 67 70 15 75 12 72 

1 29 19 7 63 21 11 18 33 41 5 
43 13 23 49 21 63 31 60 9 1 37 
23 53 43 17 87 3 35 6 57 65 29 
35 5 15 41 29 55 23 52 1 7 29 
29 59 49 23 93 9 41 12 63 71 35 
21 51 41 15 85 1 33 4 55 63 27 
8 22 12 14 56 28 4 25 26 34 2 
15 45 35 9 79 5 27 2 49 57 21 
28 58 48 22 92 8 40 11 62 70 34 
65 35 45 71 1 85 53 82 31 23 59 
52 22 32 58 12 72 40 69 18 10 46 

15 9 4 8 59 64 16 14 28 59 55 
27 51 46 34 17 22 58 56 70 17 13 
39 15 20 32 83 88 8 10 4 83 79 
19 43 38 26 25 30 50 48 62 25 21 
45 21 26 38 89 94 14 16 2 89 85 
37 13 18 30 81 86 6 8 6 81 77 
8 16 11 1 52 57 23 21 35 52 48 
31 7 12 24 75 80 0 2 12 75 71 
44 20 25 37 88 93 13 15 1 88 84 
49 73 68 56 5 0 80 78 92 5 9 
36 60 55 43 8 13 67 65 79 8 4 

14 30 19 66 58 62 66 37 5 0 9 
53 69 20 27 19 23 27 2 44 39 48 
43 59 10 37 29 33 37 8 34 29 38 
23 39 10 57 49 53 57 28 14 9 18 
18 34 15 62 54 58 62 33 9 4 13 
78 94 45 2 6 2 2 27 69 64 73 
9 25 24 71 63 67 71 42 0 5 4 
31 47 2 49 41 45 49 20 22 17 26 
60 76 27 20 12 16 20 9 51 46 55 
59 75 26 21 13 17 21 8 50 45 54 
36 52 3 44 36 40 44 15 27 22 31 

22 17 54 24 41 41 26 32 40 64 27 
61 22 15 15 2 2 13 7 1 25 12 
51 12 25 5 12 12 3 3 11 35 2 
31 8 45 15 32 32 17 23 31 55 18 
26 13 50 20 37 37 22 28 36 60 23 
86 47 10 40 23 23 38 32 24 0 37 
17 22 59 29 46 46 31 37 45 69 32 
39 0 37 7 24 24 9 15 23 47 10 
68 29 8 22 5 5 20 14 6 18 19 
67 28 9 21 4 4 19 13 5 19 18 
44 5 32 2 19 19 4 10 18 42 5 

15 30 27 32 20 49 54 57 14 1 56 
24 69 66 71 59 10 15 18 25 38 17 
14 59 56 61 49 20 25 28 15 28 27 
6 39 36 41 29 40 45 48 5 8 47 
11 34 31 36 24 45 50 53 10 3 52 
49 94 91 96 84 15 10 7 50 63 8 
20 25 22 27 15 54 59 62 19 6 61 
2 47 44 49 37 32 37 40 3 16 39 
31 76 73 78 66 3 8 11 32 45 10 
30 75 72 77 65 4 9 12 31 44 11 
7 52 49 54 42 27 32 35 8 21 34 

35 58 25 48 9 24 24 53 5 20 12 
4 19 64 9 48 15 63 14 44 59 51 
6 29 54 19 38 5 53 24 34 49 41 
26 49 34 39 18 15 33 44 14 29 21 
31 54 29 44 13 20 28 49 9 24 16 
29 6 89 16 73 40 88 11 69 84 76 
40 63 20 53 4 29 19 58 0 15 7 
18 41 42 31 26 7 41 36 22 37 29 
11 12 71 2 55 22 70 7 51 66 58 
10 13 70 3 54 21 69 8 50 65 57 
13 36 47 26 31 2 46 31 27 42 34 

40 44 24 29 56 8 65 18 63 65 35 
1 5 63 10 17 47 26 21 24 26 4 
11 15 53 0 27 37 36 11 34 36 6 
31 35 33 20 47 17 56 9 54 56 26 
36 40 28 25 52 12 61 14 59 61 31 
24 20 88 35 8 72 1 46 1 1 29 
45 49 19 34 61 3 70 23 68 70 40 
23 27 41 12 39 25 48 1 46 48 18 
6 2 70 17 10 54 19 28 17 19 11 
5 1 69 16 11 53 20 27 18 20 10 
18 22 46 7 34 30 43 4 41 43 13 

9 6 6 11 23 18 5 32 5 30 63 
30 45 33 28 62 57 44 71 44 9 24 
20 35 23 18 52 47 34 61 34 1 34 
0 15 3 2 32 27 14 41 14 21 54 
5 10 2 7 27 22 9 36 9 26 59 
55 70 58 53 87 82 69 96 69 34 1 
14 1 11 16 18 13 0 27 0 35 68 
8 23 11 6 40 35 22 49 22 13 46 
37 52 40 35 69 64 51 78 51 16 17 
36 51 39 34 68 63 50 77 50 15 18 
13 28 16 11 45 40 27 54 27 8 41 

1 40 59 10 66 32 48 17 17 0 18 
38 1 20 29 27 7 9 56 56 39 21 
28 11 30 19 37 3 19 46 46 29 11 
8 31 50 1 57 23 39 26 26 9 9 
3 36 55 6 62 28 44 21 21 4 14 
63 24 5 54 2 32 16 81 81 64 46 
6 45 64 15 71 37 53 12 12 5 23 
16 23 42 7 49 15 31 34 34 17 1 
45 6 13 36 20 14 2 63 63 46 28 
44 5 14 35 21 13 3 62 62 45 27 
21 18 37 12 44 10 26 39 39 22 4 

1 3 8 26 67 27 10 24 53 48 18 
40 36 47 13 28 12 29 15 14 9 21 
30 26 37 3 38 2 19 5 24 19 11 
10 6 17 17 58 18 1 15 44 39 9 
5 1 12 22 63 23 6 20 49 44 14 
65 61 72 38 3 37 54 40 11 16 46 
4 8 3 31 72 32 15 29 58 53 23 
18 14 25 9 50 10 7 7 36 31 1 
47 43 54 20 21 19 36 22 7 2 28 
46 42 53 19 22 18 35 21 8 3 27 
23 19 30 4 45 5 12 2 31 26 4 

0 38 14 21 13 14 33 50 64 25 21 
39 1 53 60 52 25 6 11 25 14 60 
29 9 43 50 42 15 4 21 35 4 50 
9 29 23 30 22 5 24 41 55 16 30 
4 34 18 25 17 10 29 46 60 21 25 
64 26 78 85 77 50 31 14 0 39 85 
5 43 9 16 8 19 38 55 69 30 16 
17 21 31 38 30 3 16 33 47 8 38 
46 8 60 67 59 32 13 4 18 21 67 
45 7 59 66 58 31 12 5 19 20 66 
22 16 36 43 35 8 11 28 42 3 43 

16 54 14 32 25 20 3 8 59 44 30 
55 15 53 71 14 19 42 31 20 5 69 
45 25 43 61 4 9 32 21 30 15 59 
25 45 23 41 16 11 12 1 50 35 39 
20 50 18 36 21 16 7 4 55 40 34 
80 10 78 96 39 44 67 56 5 20 94 
11 59 9 27 30 25 2 13 64 49 25 
33 37 31 49 8 3 20 9 42 27 47 
62 8 60 78 21 26 49 38 13 2 76 
61 9 59 77 20 25 48 37 14 1 75 
38 32 36 54 3 2 25 14 37 22 52 

64 14 59 62 55 13 16 39 21 42 18 
25 25 20 23 16 52 55 0 60 3 57 
35 15 30 33 26 42 45 10 50 13 47 
55 5 50 53 46 22 25 30 30 33 27 
60 10 55 58 51 17 20 35 25 38 22 
0 50 5 2 9 77 80 25 85 22 82 
69 19 64 67 60 8 11 44 16 47 13 
47 3 42 45 38 30 33 22 38 25 35 
18 32 13 16 9 59 62 7 67 4 64 
19 31 14 17 10 58 61 6 66 3 63 
42 8 37 40 33 35 38 17 43 20 40 

2 32 22 4 66 18 14 15 36 44 8 
37 7 17 43 27 57 25 54 3 5 31 
27 3 7 33 37 47 15 44 7 15 21 
7 23 13 13 57 27 5 24 27 35 1 
2 28 18 8 62 22 10 19 32 40 4 
62 32 42 68 2 82 50 79 28 20 56 
7 37 27 1 71 13 19 10 41 49 13 
15 15 5 21 49 35 3 32 19 27 9 
44 14 24 50 20 64 32 61 10 2 38 
43 13 23 49 21 63 31 60 9 1 37 
20 10 0 26 44 40 8 37 14 22 14 

18 6 1 11 62 67 13 11 25 62 58 
21 45 40 28 23 28 52 50 64 23 19 
11 35 30 18 33 38 42 40 54 33 29 
9 15 10 2 53 58 22 20 34 53 49 
14 10 5 7 58 63 17 15 29 58 54 
46 70 65 53 2 3 77 75 89 2 6 
23 1 4 16 67 72 8 6 20 67 63 
1 23 18 6 45 50 30 28 42 45 41 
28 52 47 35 16 21 59 57 71 16 12 
27 51 46 34 17 22 58 56 70 17 13 
4 28 23 11 40 45 35 33 47 40 36 

8 31 68 38 55 55 40 46 54 78 41 
8 47 84 54 71 71 56 62 70 94 57 
41 2 35 5 22 22 7 13 21 45 8 
88 49 12 42 25 25 40 34 26 2 39 
80 41 4 34 17 17 32 26 18 6 31 
84 45 8 38 21 21 36 30 22 2 35 
88 49 12 42 25 25 40 34 26 2 39 
59 20 17 13 4 4 11 5 3 27 10 
17 22 59 29 46 46 31 37 45 69 32 
22 17 54 24 41 41 26 32 40 64 27 
13 26 63 33 50 50 35 41 49 73 36 

29 16 13 18 6 63 68 71 28 15 70 
45 0 3 2 10 79 84 87 44 31 86 
4 49 46 51 39 30 35 38 5 18 37 
51 96 93 98 86 17 12 9 52 65 10 
43 88 85 90 78 9 4 1 44 57 2 
47 92 89 94 82 13 8 5 48 61 6 
51 96 93 98 86 17 12 9 52 65 10 
22 67 64 69 57 12 17 20 23 36 19 
20 25 22 27 15 54 59 62 19 6 61 
15 30 27 32 20 49 54 57 14 1 56 
24 21 18 23 11 58 63 66 23 10 65 

49 72 11 62 5 38 10 67 9 6 2 
65 88 5 78 21 54 6 83 25 10 18 
16 39 44 29 28 5 43 34 24 39 31 
31 8 91 18 75 42 90 13 71 86 78 
23 0 83 10 67 34 82 5 63 78 70 
27 4 87 14 71 38 86 9 67 82 74 
31 8 91 18 75 42 90 13 71 86 78 
2 21 62 11 46 13 61 16 42 57 49 
40 63 20 53 4 29 19 58 0 15 7 
35 58 25 48 9 24 24 53 5 20 12 
44 67 16 57 0 33 15 62 4 11 3 

54 58 10 43 70 6 79 32 77 79 49 
70 74 6 59 86 22 95 48 93 95 65 
21 25 43 10 37 27 46 1 44 46 16 
26 22 90 37 10 74 1 48 3 1 31 
18 14 82 29 2 66 7 40 5 7 23 
22 18 86 33 6 70 3 44 1 3 27 
26 22 90 37 10 74 1 48 3 1 31 
3 7 61 8 19 45 28 19 26 28 2 
45 49 19 34 61 3 70 23 68 70 40 
40 44 24 29 56 8 65 18 63 65 35 
49 53 15 38 65 1 74 27 72 74 44 

23 8 20 25 9 4 9 18 9 44 77 
39 24 36 41 7 12 25 2 25 60 93 
10 25 13 8 42 37 24 51 24 11 44 
57 72 60 55 89 84 71 98 71 36 3 
49 64 52 47 81 76 63 90 63 28 5 
53 68 56 51 85 80 67 94 67 32 1 
57 72 60 55 89 84 71 98 71 36 3 
28 43 31 26 60 55 42 69 42 7 26 
14 1 11 16 18 13 0 27 0 35 68 
9 6 6 11 23 18 5 32 5 30 63 
18 3 15 20 14 9 4 23 4 39 72 

15 54 73 24 80 46 62 3 3 14 32 
31 70 89 40 96 62 78 13 13 30 48 
18 21 40 9 47 13 29 36 36 19 1 
65 26 7 56 0 34 18 83 83 66 48 
57 18 1 48 8 26 10 75 75 58 40 
61 22 3 52 4 30 14 79 79 62 44 
65 26 7 56 0 34 18 83 83 66 48 
36 3 22 27 29 5 11 54 54 37 19 
6 45 64 15 71 37 53 12 12 5 23 
1 40 59 10 66 32 48 17 17 0 18 
10 49 68 19 75 41 57 8 8 9 27 

13 17 6 40 81 41 24 38 67 62 32 
29 33 22 56 97 57 40 54 83 78 48 
20 16 27 7 48 8 9 5 34 29 1 
67 63 74 40 1 39 56 42 13 18 48 
59 55 66 32 9 31 48 34 5 10 40 
63 59 70 36 5 35 52 38 9 14 44 
67 63 74 40 1 39 56 42 13 18 48 
38 34 45 11 30 10 27 13 16 11 19 
4 8 3 31 72 32 15 29 58 53 23 
1 3 8 26 67 27 10 24 53 48 18 
8 12 1 35 76 36 19 33 62 57 27 

14 52 0 7 1 28 47 64 78 39 7 
30 68 16 9 17 44 63 80 94 55 9 
19 19 33 40 32 5 14 31 45 6 40 
66 28 80 87 79 52 33 16 2 41 87 
58 20 72 79 71 44 25 8 6 33 79 
62 24 76 83 75 48 29 12 2 37 83 
66 28 80 87 79 52 33 16 2 41 87 
37 1 51 58 50 23 4 13 27 12 58 
5 43 9 16 8 19 38 55 69 30 16 
0 38 14 21 13 14 33 50 64 25 21 
9 47 5 12 4 23 42 59 73 34 12 

2 68 0 18 39 34 11 22 73 58 16 
14 84 16 2 55 50 27 38 89 74 0 
35 35 33 51 6 1 22 11 40 25 49 
82 12 80 98 41 46 69 58 7 22 96 
74 4 72 90 33 38 61 50 1 14 88 
78 8 76 94 37 42 65 54 3 18 92 
82 12 80 98 41 46 69 58 7 22 96 
53 17 51 69 12 17 40 29 22 7 67 
11 59 9 27 30 25 2 13 64 49 25 
16 54 14 32 25 20 3 8 59 44 30 
7 63 5 23 34 29 6 17 68 53 21 

78 28 73 76 69 1 2 53 7 56 4 
94 44 89 92 85 17 14 69 9 72 12 
45 5 40 43 36 32 35 20 40 23 37 
2 52 7 4 11 79 82 27 87 24 84 
6 44 1 4 3 71 74 19 79 16 76 
2 48 3 0 7 75 78 23 83 20 80 
2 52 7 4 11 79 82 27 87 24 84 
27 23 22 25 18 50 53 2 58 5 55 
69 19 64 67 60 8 11 44 16 47 13 
64 14 59 62 55 13 16 39 21 42 18 
73 23 68 71 64 4 7 48 12 51 9 

16 46 36 10 80 4 28 1 50 58 22 
32 62 52 26 96 12 44 15 66 74 38 
17 13 3 23 47 37 5 34 17 25 11 
64 34 44 70 0 84 52 81 30 22 58 
56 26 36 62 8 76 44 73 22 14 50 
60 30 40 66 4 80 48 77 26 18 54 
64 34 44 70 0 84 52 81 30 22 58 
35 5 15 41 29 55 23 52 1 7 29 
7 37 27 1 71 13 19 10 41 49 13 
2 32 22 4 66 18 14 15 36 44 8 
11 41 31 5 75 9 23 6 45 53 17 

32 8 13 25 76 81 1 3 11 76 72 
48 24 29 41 92 97 17 19 5 92 88 
1 25 20 8 43 48 32 30 44 43 39 
48 72 67 55 4 1 79 77 91 4 8 
40 64 59 47 4 9 71 69 83 4 0 
44 68 63 51 0 5 75 73 87 0 4 
48 72 67 55 4 1 79 77 91 4 8 
19 43 38 26 25 30 50 48 62 25 21 
23 1 4 16 67 72 8 6 20 67 63 
18 6 1 11 62 67 13 11 25 62 58 
27 3 8 20 71 76 4 2 16 71 67 

37 8 5 10 2 71 76 79 36 23 78 
2 47 44 49 37 32 37 40 3 16 39 
39 84 81 86 74 5 0 3 40 53 2 
9 54 51 56 44 25 30 33 10 23 32 
26 71 68 73 61 8 13 16 27 40 15 
26 71 68 73 61 8 13 16 27 40 15 
11 56 53 58 46 23 28 31 12 25 30 
17 62 59 64 52 17 22 25 18 31 24 
25 70 67 72 60 9 14 17 26 39 16 
49 94 91 96 84 15 10 7 50 63 8 
12 57 54 59 47 22 27 30 13 26 29 

57 80 3 70 13 46 2 75 17 2 10 
18 41 42 31 26 7 41 36 22 37 29 
19 4 79 6 63 30 78 1 59 74 66 
11 34 49 24 33 0 48 29 29 44 36 
6 17 66 7 50 17 65 12 46 61 53 
6 17 66 7 50 17 65 12 46 61 53 
9 32 51 22 35 2 50 27 31 46 38 
3 26 57 16 41 8 56 21 37 52 44 
5 18 65 8 49 16 64 13 45 60 52 
29 6 89 16 73 40 88 11 69 84 76 
8 31 52 21 36 3 51 26 32 47 39 

62 66 2 51 78 14 87 40 85 87 57 
23 27 41 12 39 25 48 1 46 48 18 
14 10 78 25 2 62 11 36 9 11 19 
16 20 48 5 32 32 41 6 39 41 11 
1 3 65 12 15 49 24 23 22 24 6 
1 3 65 12 15 49 24 23 22 24 6 
14 18 50 3 30 34 39 8 37 39 9 
8 12 56 3 24 40 33 14 31 33 3 
0 4 64 11 16 48 25 22 23 25 5 
24 20 88 35 8 72 1 46 1 1 29 
13 17 51 2 29 35 38 9 36 38 8 

31 16 28 33 1 4 17 10 17 52 85 
8 23 11 6 40 35 22 49 22 13 46 
45 60 48 43 77 72 59 86 59 24 9 
15 30 18 13 47 42 29 56 29 6 39 
32 47 35 30 64 59 46 73 46 11 22 
32 47 35 30 64 59 46 73 46 11 22 
17 32 20 15 49 44 31 58 31 4 37 
23 38 26 21 55 50 37 64 37 2 31 
31 46 34 29 63 58 45 72 45 10 23 
55 70 58 53 87 82 69 96 69 34 1 
18 33 21 16 50 45 32 59 32 3 36 

23 62 81 32 88 54 70 5 5 22 40 
16 23 42 7 49 15 31 34 34 17 1 
53 14 5 44 12 22 6 71 71 54 36 
23 16 35 14 42 8 24 41 41 24 6 
40 1 18 31 25 9 7 58 58 41 23 
40 1 18 31 25 9 7 58 58 41 23 
25 14 33 16 40 6 22 43 43 26 8 
31 8 27 22 34 0 16 49 49 32 14 
39 0 19 30 26 8 8 57 57 40 22 
63 24 5 54 2 32 16 81 81 64 46 
26 13 32 17 39 5 21 44 44 27 9 

21 25 14 48 89 49 32 46 75 70 40 
18 14 25 9 50 10 7 7 36 31 1 
55 51 62 28 13 27 44 30 1 6 36 
25 21 32 2 43 3 14 0 29 24 6 
42 38 49 15 26 14 31 17 12 7 23 
42 38 49 15 26 14 31 17 12 7 23 
27 23 34 0 41 1 16 2 27 22 8 
33 29 40 6 35 5 22 8 21 16 14 
41 37 48 14 27 13 30 16 13 8 22 
65 61 72 38 3 37 54 40 11 16 46 
28 24 35 1 40 0 17 3 26 21 9 

22 60 8 1 9 36 55 72 86 47 1 
17 21 31 38 30 3 16 33 47 8 38 
54 16 68 75 67 40 21 4 10 29 75 
24 14 38 45 37 10 9 26 40 1 45 
41 3 55 62 54 27 8 9 23 16 62 
41 3 55 62 54 27 8 9 23 16 62 
26 12 40 47 39 12 7 24 38 1 47 
32 6 46 53 45 18 1 18 32 7 53 
40 2 54 61 53 26 7 10 24 15 61 
64 26 78 85 77 50 31 14 0 39 85 
27 11 41 48 40 13 6 23 37 2 48 

6 76 8 10 47 42 19 30 81 66 8 
33 37 31 49 8 3 20 9 42 27 47 
70 0 68 86 29 34 57 46 5 10 84 
40 30 38 56 1 4 27 16 35 20 54 
57 13 55 73 16 21 44 33 18 3 71 
57 13 55 73 16 21 44 33 18 3 71 
42 28 40 58 1 6 29 18 33 18 56 
48 22 46 64 7 12 35 24 27 12 62 
56 14 54 72 15 20 43 32 19 4 70 
80 10 78 96 39 44 67 56 5 20 94 
43 27 41 59 2 7 30 19 32 17 57 

86 36 81 84 77 9 6 61 1 64 4 
47 3 42 45 38 30 33 22 38 25 35 
10 40 5 8 1 67 70 15 75 12 72 
40 10 35 38 31 37 40 15 45 18 42 
23 27 18 21 14 54 57 2 62 1 59 
23 27 18 21 14 54 57 2 62 1 59 
38 12 33 36 29 39 42 13 47 16 44 
32 18 27 30 23 45 48 7 53 10 50 
24 26 19 22 15 53 56 1 61 2 58 
0 50 5 2 9 77 80 25 85 22 82 
37 13 32 35 28 40 43 12 48 15 45 

24 54 44 18 88 4 36 7 58 66 30 
15 15 5 21 49 35 3 32 19 27 9 
52 22 32 58 12 72 40 69 18 10 46 
22 8 2 28 42 42 10 39 12 20 16 
39 9 19 45 25 59 27 56 5 3 33 
39 9 19 45 25 59 27 56 5 3 33 
24 6 4 30 40 44 12 41 10 18 18 
30 0 10 36 34 50 18 47 4 12 24 
38 8 18 44 26 58 26 55 4 4 32 
62 32 42 68 2 82 50 79 28 20 56 
25 5 5 31 39 45 13 42 9 17 19 

40 16 21 33 84 89 9 11 3 84 80 
1 23 18 6 45 50 30 28 42 45 41 
36 60 55 43 8 13 67 65 79 8 4 
6 30 25 13 38 43 37 35 49 38 34 
23 47 42 30 21 26 54 52 66 21 17 
23 47 42 30 21 26 54 52 66 21 17 
8 32 27 15 36 41 39 37 51 36 32 
14 38 33 21 30 35 45 43 57 30 26 
22 46 41 29 22 27 53 51 65 22 18 
46 70 65 53 2 3 77 75 89 2 6 
9 33 28 16 35 40 40 38 52 35 31 

20 43 40 33 24 9 39 38 20 35 27 
65 88 5 78 21 54 6 83 25 10 18 
62 85 2 75 18 51 3 80 22 7 15 
67 90 7 80 23 56 8 85 27 12 20 
55 78 5 68 11 44 4 73 15 0 8 
14 9 74 1 58 25 73 4 54 69 61 
19 4 79 6 63 30 78 1 59 74 66 
22 1 82 9 66 33 81 4 62 77 69 
21 44 39 34 23 10 38 39 19 34 26 
34 57 26 47 10 23 25 52 6 21 13 
21 2 81 8 65 32 80 3 61 76 68 

25 29 39 14 41 23 50 3 48 50 20 
70 74 6 59 86 22 95 48 93 95 65 
67 71 3 56 83 19 92 45 90 92 62 
72 76 8 61 88 24 97 50 95 97 67 
60 64 4 49 76 12 85 38 83 85 55 
9 5 73 20 7 57 16 31 14 16 14 
14 10 78 25 2 62 11 36 9 11 19 
17 13 81 28 1 65 8 39 6 8 22 
26 30 38 15 42 22 51 4 49 51 21 
39 43 25 28 55 9 64 17 62 64 34 
16 12 80 27 0 64 9 38 7 9 21 

6 21 9 4 38 33 20 47 20 15 48 
39 24 36 41 7 12 25 2 25 60 93 
36 21 33 38 4 9 22 5 22 57 90 
41 26 38 43 9 14 27 0 27 62 95 
29 14 26 31 3 2 15 12 15 50 83 
40 55 43 38 72 67 54 81 54 19 14 
45 60 48 43 77 72 59 86 59 24 9 
48 63 51 46 80 75 62 89 62 27 6 
5 20 8 3 37 32 19 46 19 16 49 
8 7 5 10 24 19 6 33 6 29 62 
47 62 50 45 79 74 61 88 61 26 7 

14 25 44 5 51 17 33 32 32 15 3 
31 70 89 40 96 62 78 13 13 30 48 
28 67 86 37 93 59 75 10 10 27 45 
33 72 91 42 98 64 80 15 15 32 50 
21 60 79 30 86 52 68 3 3 20 38 
48 9 10 39 17 17 1 66 66 49 31 
53 14 5 44 12 22 6 71 71 54 36 
56 17 2 47 9 25 9 74 74 57 39 
13 26 45 4 52 18 34 31 31 14 4 
0 39 58 9 65 31 47 18 18 1 17 
55 16 3 46 10 24 8 73 73 56 38 

16 12 23 11 52 12 5 9 38 33 3 
29 33 22 56 97 57 40 54 83 78 48 
26 30 19 53 94 54 37 51 80 75 45 
31 35 24 58 99 59 42 56 85 80 50 
19 23 12 46 87 47 30 44 73 68 38 
50 46 57 23 18 22 39 25 4 1 31 
55 51 62 28 13 27 44 30 1 6 36 
58 54 65 31 10 30 47 33 4 9 39 
15 11 22 12 53 13 4 10 39 34 4 
2 2 9 25 66 26 9 23 52 47 17 
57 53 64 30 11 29 46 32 3 8 38 

15 23 29 36 28 1 18 35 49 10 36 
30 68 16 9 17 44 63 80 94 55 9 
27 65 13 6 14 41 60 77 91 52 6 
32 70 18 11 19 46 65 82 96 57 11 
20 58 6 1 7 34 53 70 84 45 1 
49 11 63 70 62 35 16 1 15 24 70 
54 16 68 75 67 40 21 4 10 29 75 
57 19 71 78 70 43 24 7 7 32 78 
14 24 28 35 27 0 19 36 50 11 35 
1 37 15 22 14 13 32 49 63 24 22 
56 18 70 77 69 42 23 6 8 31 77 

31 39 29 47 10 5 18 7 44 29 45 
14 84 16 2 55 50 27 38 89 74 0 
11 81 13 5 52 47 24 35 86 71 3 
16 86 18 0 57 52 29 40 91 76 2 
4 74 6 12 45 40 17 28 79 64 10 
65 5 63 81 24 29 52 41 10 5 79 
70 0 68 86 29 34 57 46 5 10 84 
73 3 71 89 32 37 60 49 2 13 87 
30 40 28 46 11 6 17 6 45 30 44 
17 53 15 33 24 19 4 7 58 43 31 
72 2 70 88 31 36 59 48 3 12 86 

49 1 44 47 40 28 31 24 36 27 33 
94 44 89 92 85 17 14 69 9 72 12 
91 41 86 89 82 14 11 66 6 69 9 
96 46 91 94 87 19 16 71 11 74 14 
84 34 79 82 75 7 4 59 1 62 2 
15 35 10 13 6 62 65 10 70 7 67 
10 40 5 8 1 67 70 15 75 12 72 
7 43 2 5 2 70 73 18 78 15 75 
50 0 45 48 41 27 30 25 35 28 32 
63 13 58 61 54 14 17 38 22 41 19 
8 42 3 6 1 69 72 17 77 14 74 

13 17 7 19 51 33 1 30 21 29 7 
32 62 52 26 96 12 44 15 66 74 38 
29 59 49 23 93 9 41 12 63 71 35 
34 64 54 28 98 14 46 17 68 76 40 
22 52 42 16 86 2 34 5 56 64 28 
47 17 27 53 17 67 35 64 13 5 41 
52 22 32 58 12 72 40 69 18 10 46 
55 25 35 61 9 75 43 72 21 13 49 
12 18 8 18 52 32 0 29 22 30 6 
1 31 21 5 65 19 13 16 35 43 7 
54 24 34 60 10 74 42 71 20 12 48 

3 21 16 4 47 52 28 26 40 47 43 
48 24 29 41 92 97 17 19 5 92 88 
45 21 26 38 89 94 14 16 2 89 85 
50 26 31 43 94 99 19 21 7 94 90 
38 14 19 31 82 87 7 9 5 82 78 
31 55 50 38 13 18 62 60 74 13 9 
36 60 55 43 8 13 67 65 79 8 4 
39 63 58 46 5 10 70 68 82 5 1 
4 20 15 3 48 53 27 25 39 48 44 
17 7 2 10 61 66 14 12 26 61 57 
38 62 57 45 6 11 69 67 81 6 2 

5 9 59 6 21 43 30 17 28 30 0 
18 14 82 29 2 66 7 40 5 7 23 
65 69 1 54 81 17 90 43 88 90 60 
8 4 72 19 8 56 17 30 15 17 13 
49 53 15 38 65 1 74 27 72 74 44 
16 20 48 5 32 32 41 6 39 41 11 
64 68 0 53 80 16 89 42 87 89 59 
13 9 77 24 3 61 12 35 10 12 18 
45 49 19 34 61 3 70 23 68 70 40 
60 64 4 49 76 12 85 38 83 85 55 
52 56 12 41 68 4 77 30 75 77 47 

26 41 29 24 58 53 40 67 40 5 28 
49 64 52 47 81 76 63 90 63 28 5 
34 19 31 36 2 7 20 7 20 55 88 
39 54 42 37 71 66 53 80 53 18 15 
18 3 15 20 14 9 4 23 4 39 72 
15 30 18 13 47 42 29 56 29 6 39 
33 18 30 35 1 6 19 8 19 54 87 
44 59 47 42 76 71 58 85 58 23 10 
14 1 11 16 18 13 0 27 0 35 68 
29 14 26 31 3 2 15 12 15 50 83 
21 6 18 23 11 6 7 20 7 42 75 

34 5 24 25 31 3 13 52 52 35 17 
57 18 1 48 8 26 10 75 75 58 40 
26 65 84 35 91 57 73 8 8 25 43 
47 8 11 38 18 16 0 65 65 48 30 
10 49 68 19 75 41 57 8 8 9 27 
23 16 35 14 42 8 24 41 41 24 6 
25 64 83 34 90 56 72 7 7 24 42 
52 13 6 43 13 21 5 70 70 53 35 
6 45 64 15 71 37 53 12 12 5 23 
21 60 79 30 86 52 68 3 3 20 38 
13 52 71 22 78 44 60 5 5 12 30 

36 32 43 9 32 8 25 11 18 13 17 
59 55 66 32 9 31 48 34 5 10 40 
24 28 17 51 92 52 35 49 78 73 43 
49 45 56 22 19 21 38 24 5 0 30 
8 12 1 35 76 36 19 33 62 57 27 
25 21 32 2 43 3 14 0 29 24 6 
23 27 16 50 91 51 34 48 77 72 42 
54 50 61 27 14 26 43 29 0 5 35 
4 8 3 31 72 32 15 29 58 53 23 
19 23 12 46 87 47 30 44 73 68 38 
11 15 4 38 79 39 22 36 65 60 30 

35 3 49 56 48 21 2 15 29 10 56 
58 20 72 79 71 44 25 8 6 33 79 
25 63 11 4 12 39 58 75 89 50 4 
48 10 62 69 61 34 15 2 16 23 69 
9 47 5 12 4 23 42 59 73 34 12 
24 14 38 45 37 10 9 26 40 1 45 
24 62 10 3 11 38 57 74 88 49 3 
53 15 67 74 66 39 20 3 11 28 74 
5 43 9 16 8 19 38 55 69 30 16 
20 58 6 1 7 34 53 70 84 45 1 
12 50 2 9 1 26 45 62 76 37 9 

51 19 49 67 10 15 38 27 24 9 65 
74 4 72 90 33 38 61 50 1 14 88 
9 79 11 7 50 45 22 33 84 69 5 
64 6 62 80 23 28 51 40 11 4 78 
7 63 5 23 34 29 6 17 68 53 21 
40 30 38 56 1 4 27 16 35 20 54 
8 78 10 8 49 44 21 32 83 68 6 
69 1 67 85 28 33 56 45 6 9 83 
11 59 9 27 30 25 2 13 64 49 25 
4 74 6 12 45 40 17 28 79 64 10 
4 66 2 20 37 32 9 20 71 56 18 

29 21 24 27 20 48 51 4 56 7 53 
6 44 1 4 3 71 74 19 79 16 76 
89 39 84 87 80 12 9 64 4 67 7 
16 34 11 14 7 61 64 9 69 6 66 
73 23 68 71 64 4 7 48 12 51 9 
40 10 35 38 31 37 40 15 45 18 42 
88 38 83 86 79 11 8 63 3 66 6 
11 39 6 9 2 66 69 14 74 11 71 
69 19 64 67 60 8 11 44 16 47 13 
84 34 79 82 75 7 4 59 1 62 2 
76 26 71 74 67 1 4 51 9 54 6 

33 3 13 39 31 53 21 50 1 9 27 
56 26 36 62 8 76 44 73 22 14 50 
27 57 47 21 91 7 39 10 61 69 33 
46 16 26 52 18 66 34 63 12 4 40 
11 41 31 5 75 9 23 6 45 53 17 
22 8 2 28 42 42 10 39 12 20 16 
26 56 46 20 90 6 38 9 60 68 32 
51 21 31 57 13 71 39 68 17 9 45 
7 37 27 1 71 13 19 10 41 49 13 
22 52 42 16 86 2 34 5 56 64 28 
14 44 34 8 78 6 26 3 48 56 20 

17 41 36 24 27 32 48 46 60 27 23 
40 64 59 47 4 9 71 69 83 4 0 
43 19 24 36 87 92 12 14 0 87 83 
30 54 49 37 14 19 61 59 73 14 10 
27 3 8 20 71 76 4 2 16 71 67 
6 30 25 13 38 43 37 35 49 38 34 
42 18 23 35 86 91 11 13 1 86 82 
35 59 54 42 9 14 66 64 78 9 5 
23 1 4 16 67 72 8 6 20 67 63 
38 14 19 31 82 87 7 9 5 82 78 
30 6 11 23 74 79 1 1 13 74 70 

31 46 34 29 63 58 45 72 45 10 23 
35 50 38 33 67 62 49 76 49 14 19 
33 18 30 35 1 6 19 8 19 54 87 
20 35 23 18 52 47 34 61 34 1 34 
47 62 50 45 79 74 61 88 61 26 7 
17 2 14 19 15 10 3 24 3 38 71 
56 71 59 54 88 83 70 97 70 35 2 
9 24 12 7 41 36 23 50 23 12 45 
54 69 57 52 86 81 68 95 68 33 0 
56 71 59 54 88 83 70 97 70 35 2 
26 41 29 24 58 53 40 67 40 5 28 

39 0 19 30 26 8 8 57 57 40 22 
43 4 15 34 22 12 4 61 61 44 26 
25 64 83 34 90 56 72 7 7 24 42 
28 11 30 19 37 3 19 46 46 29 11 
55 16 3 46 10 24 8 73 73 56 38 
9 48 67 18 74 40 56 9 9 8 26 
64 25 6 55 1 33 17 82 82 65 47 
17 22 41 8 48 14 30 35 35 18 0 
62 23 4 53 3 31 15 80 80 63 45 
64 25 6 55 1 33 17 82 82 65 47 
34 5 24 25 31 3 13 52 52 35 17 

41 37 48 14 27 13 30 16 13 8 22 
45 41 52 18 23 17 34 20 9 4 26 
23 27 16 50 91 51 34 48 77 72 42 
30 26 37 3 38 2 19 5 24 19 11 
57 53 64 30 11 29 46 32 3 8 38 
7 11 0 34 75 35 18 32 61 56 26 
66 62 73 39 2 38 55 41 12 17 47 
19 15 26 8 49 9 8 6 35 30 0 
64 60 71 37 4 36 53 39 10 15 45 
66 62 73 39 2 38 55 41 12 17 47 
36 32 43 9 32 8 25 11 18 13 17 

40 2 54 61 53 26 7 10 24 15 61 
44 6 58 65 57 30 11 6 20 19 65 
24 62 10 3 11 38 57 74 88 49 3 
29 9 43 50 42 15 4 21 35 4 50 
56 18 70 77 69 42 23 6 8 31 77 
8 46 6 13 5 22 41 58 72 33 13 
65 27 79 86 78 51 32 15 1 40 86 
18 20 32 39 31 4 15 32 46 7 39 
63 25 77 84 76 49 30 13 1 38 84 
65 27 79 86 78 51 32 15 1 40 86 
35 3 49 56 48 21 2 15 29 10 56 

56 14 54 72 15 20 43 32 19 4 70 
60 10 58 76 19 24 47 36 15 0 74 
8 78 10 8 49 44 21 32 83 68 6 
45 25 43 61 4 9 32 21 30 15 59 
72 2 70 88 31 36 59 48 3 12 86 
8 62 6 24 33 28 5 16 67 52 22 
81 11 79 97 40 45 68 57 6 21 95 
34 36 32 50 7 2 21 10 41 26 48 
79 9 77 95 38 43 66 55 4 19 93 
81 11 79 97 40 45 68 57 6 21 95 
51 19 49 67 10 15 38 27 24 9 65 

24 26 19 22 15 53 56 1 61 2 58 
20 30 15 18 11 57 60 5 65 2 62 
88 38 83 86 79 11 8 63 3 66 6 
35 15 30 33 26 42 45 10 50 13 47 
8 42 3 6 1 69 72 17 77 14 74 
72 22 67 70 63 5 8 47 13 50 10 
1 51 6 3 10 78 81 26 86 23 83 
46 4 41 44 37 31 34 21 39 24 36 
1 49 4 1 8 76 79 24 84 21 81 
1 51 6 3 10 78 81 26 86 23 83 
29 21 24 27 20 48 51 4 56 7 53 

38 8 18 44 26 58 26 55 4 4 32 
42 12 22 48 22 62 30 59 8 0 36 
26 56 46 20 90 6 38 9 60 68 32 
27 3 7 33 37 47 15 44 7 15 21 
54 24 34 60 10 74 42 71 20 12 48 
10 40 30 4 74 10 22 7 44 52 16 
63 33 43 69 1 83 51 80 29 21 57 
16 14 4 22 48 36 4 33 18 26 10 
61 31 41 67 3 81 49 78 27 19 55 
63 33 43 69 1 83 51 80 29 21 57 
33 3 13 39 31 53 21 50 1 9 27 

22 46 41 29 22 27 53 51 65 22 18 
26 50 45 33 18 23 57 55 69 18 14 
42 18 23 35 86 91 11 13 1 86 82 
11 35 30 18 33 38 42 40 54 33 29 
38 62 57 45 6 11 69 67 81 6 2 
26 2 7 19 70 75 5 3 17 70 66 
47 71 66 54 3 2 78 76 90 3 7 
0 24 19 7 44 49 31 29 43 44 40 
45 69 64 52 1 4 76 74 88 1 5 
47 71 66 54 3 2 78 76 90 3 7 
17 41 36 24 27 32 48 46 60 27 23 

8 31 50 1 57 23 39 26 26 9 9 
7 46 65 16 72 38 54 11 11 6 24 
5 34 53 4 60 26 42 23 23 6 12 
10 29 48 1 55 21 37 28 28 11 7 
24 63 82 33 89 55 71 6 6 23 41 
19 58 77 28 84 50 66 1 1 18 36 
6 45 64 15 71 37 53 12 12 5 23 
33 72 91 42 98 64 80 15 15 32 50 
6 45 64 15 71 37 53 12 12 5 23 
29 10 29 20 36 2 18 47 47 30 12 
62 23 4 53 3 31 15 80 80 63 45 

10 6 17 17 58 18 1 15 44 39 9 
5 9 2 32 73 33 16 30 59 54 24 
7 3 14 20 61 21 4 18 47 42 12 
12 8 19 15 56 16 1 13 42 37 7 
22 26 15 49 90 50 33 47 76 71 41 
17 21 10 44 85 45 28 42 71 66 36 
4 8 3 31 72 32 15 29 58 53 23 
31 35 24 58 99 59 42 56 85 80 50 
4 8 3 31 72 32 15 29 58 53 23 
31 27 38 4 37 3 20 6 23 18 12 
64 60 71 37 4 36 53 39 10 15 45 

9 29 23 30 22 5 24 41 55 16 30 
6 44 8 15 7 20 39 56 70 31 15 
6 32 20 27 19 8 27 44 58 19 27 
11 27 25 32 24 3 22 39 53 14 32 
23 61 9 2 10 37 56 73 87 48 2 
18 56 4 3 5 32 51 68 82 43 3 
5 43 9 16 8 19 38 55 69 30 16 
32 70 18 11 19 46 65 82 96 57 11 
5 43 9 16 8 19 38 55 69 30 16 
30 8 44 51 43 16 3 20 34 5 51 
63 25 77 84 76 49 30 13 1 38 84 

25 45 23 41 16 11 12 1 50 35 39 
10 60 8 26 31 26 3 14 65 50 24 
22 48 20 38 19 14 9 2 53 38 36 
27 43 25 43 14 9 14 3 48 33 41 
7 77 9 9 48 43 20 31 82 67 7 
2 72 4 14 43 38 15 26 77 62 12 
11 59 9 27 30 25 2 13 64 49 25 
16 86 18 0 57 52 29 40 91 76 2 
11 59 9 27 30 25 2 13 64 49 25 
46 24 44 62 5 10 33 22 29 14 60 
79 9 77 95 38 43 66 55 4 19 93 

55 5 50 53 46 22 25 30 30 33 27 
70 20 65 68 61 7 10 45 15 48 12 
58 8 53 56 49 19 22 33 27 36 24 
53 3 48 51 44 24 27 28 32 31 29 
87 37 82 85 78 10 7 62 2 65 5 
82 32 77 80 73 5 2 57 3 60 0 
69 19 64 67 60 8 11 44 16 47 13 
96 46 91 94 87 19 16 71 11 74 14 
69 19 64 67 60 8 11 44 16 47 13 
34 16 29 32 25 43 46 9 51 12 48 
1 49 4 1 8 76 79 24 84 21 81 

7 23 13 13 57 27 5 24 27 35 1 
8 38 28 2 72 12 20 9 42 50 14 
4 26 16 10 60 24 8 21 30 38 2 
9 21 11 15 55 29 3 26 25 33 3 
25 55 45 19 89 5 37 8 59 67 31 
20 50 40 14 84 0 32 3 54 62 26 
7 37 27 1 71 13 19 10 41 49 13 
34 64 54 28 98 14 46 17 68 76 40 
7 37 27 1 71 13 19 10 41 49 13 
28 2 8 34 36 48 16 45 6 14 22 
61 31 41 67 3 81 49 78 27 19 55 

9 15 10 2 53 58 22 20 34 53 49 
24 0 5 17 68 73 7 5 19 68 64 
12 12 7 5 56 61 19 17 31 56 52 
7 17 12 0 51 56 24 22 36 51 47 
41 17 22 34 85 90 10 12 2 85 81 
36 12 17 29 80 85 5 7 7 80 76 
23 1 4 16 67 72 8 6 20 67 63 
50 26 31 43 94 99 19 21 7 94 90 
23 1 4 16 67 72 8 6 20 67 63 
12 36 31 19 32 37 43 41 55 32 28 
45 69 64 52 1 4 76 74 88 1 5 

2 2 9 25 66 26 9 23 52 47 17 
41 37 48 14 27 13 30 16 13 8 22 
60 56 67 33 8 32 49 35 6 11 41 
11 7 18 16 57 17 0 14 43 38 8 
67 63 74 40 1 39 56 42 13 18 48 
33 29 40 6 35 5 22 8 21 16 14 
49 45 56 22 19 21 38 24 5 0 30 
16 20 9 43 84 44 27 41 70 65 35 
16 20 9 43 84 44 27 41 70 65 35 
1 3 8 26 67 27 10 24 53 48 18 
19 15 26 8 49 9 8 6 35 30 0 

1 37 15 22 14 13 32 49 63 24 22 
40 2 54 61 53 26 7 10 24 15 61 
59 21 73 80 72 45 26 9 5 34 80 
10 28 24 31 23 4 23 40 54 15 31 
66 28 80 87 79 52 33 16 2 41 87 
32 6 46 53 45 18 1 18 32 7 53 
48 10 62 69 61 34 15 2 16 23 69 
17 55 3 4 4 31 50 67 81 42 4 
17 55 3 4 4 31 50 67 81 42 4 
0 38 14 21 13 14 33 50 64 25 21 
18 20 32 39 31 4 15 32 46 7 39 

17 53 15 33 24 19 4 7 58 43 31 
56 14 54 72 15 20 43 32 19 4 70 
75 5 73 91 34 39 62 51 0 15 89 
26 44 24 42 15 10 13 2 49 34 40 
82 12 80 98 41 46 69 58 7 22 96 
48 22 46 64 7 12 35 24 27 12 62 
64 6 62 80 23 28 51 40 11 4 78 
1 71 3 15 42 37 14 25 76 61 13 
1 71 3 15 42 37 14 25 76 61 13 
16 54 14 32 25 20 3 8 59 44 30 
34 36 32 50 7 2 21 10 41 26 48 

63 13 58 61 54 14 17 38 22 41 19 
24 26 19 22 15 53 56 1 61 2 58 
5 45 0 3 4 72 75 20 80 17 77 
54 4 49 52 45 23 26 29 31 32 28 
2 52 7 4 11 79 82 27 87 24 84 
32 18 27 30 23 45 48 7 53 10 50 
16 34 11 14 7 61 64 9 69 6 66 
81 31 76 79 72 4 1 56 4 59 1 
81 31 76 79 72 4 1 56 4 59 1 
64 14 59 62 55 13 16 39 21 42 18 
46 4 41 44 37 31 34 21 39 24 36 

1 31 21 5 65 19 13 16 35 43 7 
38 8 18 44 26 58 26 55 4 4 32 
57 27 37 63 7 77 45 74 23 15 51 
8 22 12 14 56 28 4 25 26 34 2 
64 34 44 70 0 84 52 81 30 22 58 
30 0 10 36 34 50 18 47 4 12 24 
46 16 26 52 18 66 34 63 12 4 40 
19 49 39 13 83 1 31 2 53 61 25 
19 49 39 13 83 1 31 2 53 61 25 
2 32 22 4 66 18 14 15 36 44 8 
16 14 4 22 48 36 4 33 18 26 10 

17 7 2 10 61 66 14 12 26 61 57 
22 46 41 29 22 27 53 51 65 22 18 
41 65 60 48 3 8 72 70 84 3 1 
8 16 11 1 52 57 23 21 35 52 48 
48 72 67 55 4 1 79 77 91 4 8 
14 38 33 21 30 35 45 43 57 30 26 
30 54 49 37 14 19 61 59 73 14 10 
35 11 16 28 79 84 4 6 8 79 75 
35 11 16 28 79 84 4 6 8 79 75 
18 6 1 11 62 67 13 11 25 62 58 
0 24 19 7 44 49 31 29 43 44 40 

1 39 13 20 12 15 34 51 65 26 20 
3 35 17 24 16 11 30 47 61 22 24 
8 46 6 13 5 22 41 58 72 33 13 
26 12 40 47 39 12 7 24 38 1 47 
67 29 81 88 80 53 34 17 3 42 88 
27 11 41 48 40 13 6 23 37 2 48 
10 28 24 31 23 4 23 40 54 15 31 
24 14 38 45 37 10 9 26 40 1 45 
53 15 67 74 66 39 20 3 11 28 74 
48 10 62 69 61 34 15 2 16 23 69 
18 20 32 39 31 4 15 32 46 7 39 

15 55 13 31 26 21 2 9 60 45 29 
19 51 17 35 22 17 6 5 56 41 33 
8 62 6 24 33 28 5 16 67 52 22 
42 28 40 58 1 6 29 18 33 18 56 
83 13 81 99 42 47 70 59 8 23 97 
43 27 41 59 2 7 30 19 32 17 57 
26 44 24 42 15 10 13 2 49 34 40 
40 30 38 56 1 4 27 16 35 20 54 
69 1 67 85 28 33 56 45 6 9 83 
64 6 62 80 23 28 51 40 11 4 78 
34 36 32 50 7 2 21 10 41 26 48 

65 15 60 63 56 12 15 40 20 43 17 
61 11 56 59 52 16 19 36 24 39 21 
72 22 67 70 63 5 8 47 13 50 10 
38 12 33 36 29 39 42 13 47 16 44 
3 53 8 5 12 80 83 28 88 25 85 
37 13 32 35 28 40 43 12 48 15 45 
54 4 49 52 45 23 26 29 31 32 28 
40 10 35 38 31 37 40 15 45 18 42 
11 39 6 9 2 66 69 14 74 11 71 
16 34 11 14 7 61 64 9 69 6 66 
46 4 41 44 37 31 34 21 39 24 36 

3 33 23 3 67 17 15 14 37 45 9 
1 29 19 7 63 21 11 18 33 41 5 
10 40 30 4 74 10 22 7 44 52 16 
24 6 4 30 40 44 12 41 10 18 18 
65 35 45 71 1 85 53 82 31 23 59 
25 5 5 31 39 45 13 42 9 17 19 
8 22 12 14 56 28 4 25 26 34 2 
22 8 2 28 42 42 10 39 12 20 16 
51 21 31 57 13 71 39 68 17 9 45 
46 16 26 52 18 66 34 63 12 4 40 
16 14 4 22 48 36 4 33 18 26 10 

19 5 0 12 63 68 12 10 24 63 59 
15 9 4 8 59 64 16 14 28 59 55 
26 2 7 19 70 75 5 3 17 70 66 
8 32 27 15 36 41 39 37 51 36 32 
49 73 68 56 5 0 80 78 92 5 9 
9 33 28 16 35 40 40 38 52 35 31 
8 16 11 1 52 57 23 21 35 52 48 
6 30 25 13 38 43 37 35 49 38 34 
35 59 54 42 9 14 66 64 78 9 5 
30 54 49 37 14 19 61 59 73 14 10 
0 24 19 7 44 49 31 29 43 44 40 

16 54 14 32 25 20 3 8 59 44 30 
54 16 52 70 13 18 41 30 21 6 68 
2 68 0 18 39 34 11 22 73 58 16 
5 75 7 11 46 41 18 29 80 65 9 
3 67 1 19 38 33 10 21 72 57 17 
30 40 28 46 11 6 17 6 45 30 44 
49 21 47 65 8 13 36 25 26 11 63 
66 4 64 82 25 30 53 42 9 6 80 
80 10 78 96 39 44 67 56 5 20 94 
41 29 39 57 0 5 28 17 34 19 55 
5 75 7 11 46 41 18 29 80 65 9 

64 14 59 62 55 13 16 39 21 42 18 
26 24 21 24 17 51 54 1 59 4 56 
78 28 73 76 69 1 2 53 7 56 4 
85 35 80 83 76 8 5 60 0 63 3 
77 27 72 75 68 0 3 52 8 55 5 
50 0 45 48 41 27 30 25 35 28 32 
31 19 26 29 22 46 49 6 54 9 51 
14 36 9 12 5 63 66 11 71 8 68 
0 50 5 2 9 77 80 25 85 22 82 
39 11 34 37 30 38 41 14 46 17 43 
85 35 80 83 76 8 5 60 0 63 3 

2 32 22 4 66 18 14 15 36 44 8 
36 6 16 42 28 56 24 53 2 6 30 
16 46 36 10 80 4 28 1 50 58 22 
23 53 43 17 87 3 35 6 57 65 29 
15 45 35 9 79 5 27 2 49 57 21 
12 18 8 18 52 32 0 29 22 30 6 
31 1 11 37 33 51 19 48 3 11 25 
48 18 28 54 16 68 36 65 14 6 42 
62 32 42 68 2 82 50 79 28 20 56 
23 7 3 29 41 43 11 40 11 19 17 
23 53 43 17 87 3 35 6 57 65 29 

18 6 1 11 62 67 13 11 25 62 58 
20 44 39 27 24 29 51 49 63 24 20 
32 8 13 25 76 81 1 3 11 76 72 
39 15 20 32 83 88 8 10 4 83 79 
31 7 12 24 75 80 0 2 12 75 71 
4 20 15 3 48 53 27 25 39 48 44 
15 39 34 22 29 34 46 44 58 29 25 
32 56 51 39 12 17 63 61 75 12 8 
46 70 65 53 2 3 77 75 89 2 6 
7 31 26 14 37 42 38 36 50 37 33 
39 15 20 32 83 88 8 10 4 83 79 

80 30 75 78 71 3 0 55 5 58 2 
10 40 5 8 1 67 70 15 75 12 72 
78 28 73 76 69 1 2 53 7 56 4 
96 46 91 94 87 19 16 71 11 74 14 
39 11 34 37 30 38 41 14 46 17 43 
44 6 39 42 35 33 36 19 41 22 38 
67 17 62 65 58 10 13 42 18 45 15 
56 6 51 54 47 21 24 31 29 34 26 
5 45 0 3 4 72 75 20 80 17 77 
20 30 15 18 11 57 60 5 65 2 62 
94 44 89 92 85 17 14 69 9 72 12 

18 48 38 12 82 2 30 1 52 60 24 
52 22 32 58 12 72 40 69 18 10 46 
16 46 36 10 80 4 28 1 50 58 22 
34 64 54 28 98 14 46 17 68 76 40 
23 7 3 29 41 43 11 40 11 19 17 
18 12 2 24 46 38 6 35 16 24 12 
5 35 25 1 69 15 17 12 39 47 11 
6 24 14 12 58 26 6 23 28 36 0 
57 27 37 63 7 77 45 74 23 15 51 
42 12 22 48 22 62 30 59 8 0 36 
32 62 52 26 96 12 44 15 66 74 38 

34 10 15 27 78 83 3 5 9 78 74 
36 60 55 43 8 13 67 65 79 8 4 
32 8 13 25 76 81 1 3 11 76 72 
50 26 31 43 94 99 19 21 7 94 90 
7 31 26 14 37 42 38 36 50 37 33 
2 26 21 9 42 47 33 31 45 42 38 
21 3 2 14 65 70 10 8 22 65 61 
10 14 9 3 54 59 21 19 33 54 50 
41 65 60 48 3 8 72 70 84 3 1 
26 50 45 33 18 23 57 55 69 18 14 
48 24 29 41 92 97 17 19 5 92 88 

62 32 42 68 2 82 50 79 28 20 56 
12 18 8 18 52 32 0 29 22 30 6 
57 27 37 63 7 77 45 74 23 15 51 
60 30 40 66 4 80 48 77 26 18 54 
53 23 33 59 11 73 41 70 19 11 47 
15 45 35 9 79 5 27 2 49 57 21 
18 48 38 12 82 2 30 1 52 60 24 
37 7 17 43 27 57 25 54 3 5 31 
23 53 43 17 87 3 35 6 57 65 29 
40 10 20 46 24 60 28 57 6 2 34 
20 50 40 14 84 0 32 3 54 62 26 

46 70 65 53 2 3 77 75 89 2 6 
4 20 15 3 48 53 27 25 39 48 44 
41 65 60 48 3 8 72 70 84 3 1 
44 68 63 51 0 5 75 73 87 0 4 
37 61 56 44 7 12 68 66 80 7 3 
31 7 12 24 75 80 0 2 12 75 71 
34 10 15 27 78 83 3 5 9 78 74 
21 45 40 28 23 28 52 50 64 23 19 
39 15 20 32 83 88 8 10 4 83 79 
24 48 43 31 20 25 55 53 67 20 16 
36 12 17 29 80 85 5 7 7 80 76 

16 8 3 9 60 65 15 13 27 60 56 
14 38 33 21 30 35 45 43 57 30 26 
4 28 23 11 40 45 35 33 47 40 36 
22 2 3 15 66 71 9 7 21 66 62 
48 72 67 55 4 1 79 77 91 4 8 
36 12 17 29 80 85 5 7 7 80 76 
4 20 15 3 48 53 27 25 39 48 44 
33 9 14 26 77 82 2 4 10 77 73 
18 42 37 25 26 31 49 47 61 26 22 
26 50 45 33 18 23 57 55 69 18 14 
10 14 9 3 54 59 21 19 33 54 50 

