13 18 

57 2 6 67 36 14 55 14 46 2 22 7 67 
10 65 61 0 31 53 12 53 21 65 45 60 0 
44 11 7 54 23 1 42 1 33 11 9 6 54 
42 97 93 32 63 85 44 85 53 97 77 92 32 
47 8 4 57 26 4 45 4 36 8 12 3 57 
10 65 61 0 31 53 12 53 21 65 45 60 0 
4 59 55 6 25 47 6 47 15 59 39 54 6 
3 52 48 13 18 40 1 40 8 52 32 47 13 
30 85 81 20 51 73 32 73 41 85 65 80 20 
28 27 23 38 7 15 26 15 17 27 7 22 38 
54 1 3 64 33 11 52 11 43 1 19 4 64 
40 95 91 30 61 83 42 83 51 95 75 90 30 
36 91 87 26 57 79 38 79 47 91 71 86 26 

13 45 6 37 41 71 64 96 3 65 29 76 75 
54 22 61 30 26 4 3 29 64 2 38 9 8 
0 32 7 24 28 58 51 83 10 52 16 63 62 
86 54 93 62 58 28 35 3 96 34 70 23 24 
3 35 4 27 31 61 54 86 7 55 19 66 65 
54 22 61 30 26 4 3 29 64 2 38 9 8 
48 16 55 24 20 10 3 35 58 4 32 15 14 
41 9 48 17 13 17 10 42 51 11 25 22 21 
74 42 81 50 46 16 23 9 84 22 58 11 12 
16 16 23 8 12 42 35 67 26 36 0 47 46 
10 42 3 34 38 68 61 93 0 62 26 73 72 
84 52 91 60 56 26 33 1 94 32 68 21 22 
80 48 87 56 52 22 29 3 90 28 64 17 18 

68 30 44 56 16 43 73 70 64 56 71 31 64 
1 37 23 11 51 24 6 3 3 11 4 36 3 
55 17 31 43 3 30 60 57 51 43 58 18 51 
31 69 55 43 83 56 26 29 35 43 28 68 35 
58 20 34 46 6 33 63 60 54 46 61 21 54 
1 37 23 11 51 24 6 3 3 11 4 36 3 
7 31 17 5 45 18 12 9 3 5 10 30 3 
14 24 10 2 38 11 19 16 10 2 17 23 10 
19 57 43 31 71 44 14 17 23 31 16 56 23 
39 1 15 27 13 14 44 41 35 27 42 2 35 
65 27 41 53 13 40 70 67 61 53 68 28 61 
29 67 53 41 81 54 24 27 33 41 26 66 33 
25 63 49 37 77 50 20 23 29 37 22 62 29 

79 54 81 27 16 38 29 86 89 87 19 20 18 
12 13 14 40 51 29 38 19 22 20 48 47 49 
66 41 68 14 3 25 16 73 76 74 6 7 5 
20 45 18 72 83 61 70 13 10 12 80 79 81 
69 44 71 17 6 28 19 76 79 77 9 10 8 
12 13 14 40 51 29 38 19 22 20 48 47 49 
18 7 20 34 45 23 32 25 28 26 42 41 43 
25 0 27 27 38 16 25 32 35 33 35 34 36 
8 33 6 60 71 49 58 1 2 0 68 67 69 
50 25 52 2 13 9 0 57 60 58 10 9 11 
76 51 78 24 13 35 26 83 86 84 16 17 15 
18 43 16 70 81 59 68 11 8 10 78 77 79 
14 39 12 66 77 55 64 7 4 6 74 73 75 

14 76 4 44 67 35 6 62 53 98 71 89 16 
53 9 63 23 0 32 61 5 14 31 4 22 51 
1 63 9 31 54 22 7 49 40 85 58 76 3 
85 23 95 55 32 64 93 37 46 1 28 10 83 
4 66 6 34 57 25 4 52 43 88 61 79 6 
53 9 63 23 0 32 61 5 14 31 4 22 51 
47 15 57 17 6 26 55 1 8 37 10 28 45 
40 22 50 10 13 19 48 8 1 44 17 35 38 
73 11 83 43 20 52 81 25 34 11 16 2 71 
15 47 25 15 38 6 23 33 24 69 42 60 13 
11 73 1 41 64 32 3 59 50 95 68 86 13 
83 21 93 53 30 62 91 35 44 1 26 8 81 
79 17 89 49 26 58 87 31 40 5 22 4 77 

9 86 4 63 24 32 26 50 43 43 70 28 0 
58 19 63 4 43 35 41 17 24 24 3 39 67 
4 73 9 50 11 19 13 37 30 30 57 15 13 
90 13 95 36 75 67 73 49 56 56 29 71 99 
1 76 6 53 14 22 16 40 33 33 60 18 10 
58 19 63 4 43 35 41 17 24 24 3 39 67 
52 25 57 2 37 29 35 11 18 18 9 33 61 
45 32 50 9 30 22 28 4 11 11 16 26 54 
78 1 83 24 63 55 61 37 44 44 17 59 87 
20 57 25 34 5 3 3 21 14 14 41 1 29 
6 83 1 60 21 29 23 47 40 40 67 25 3 
88 11 93 34 73 65 71 47 54 54 27 69 97 
84 7 89 30 69 61 67 43 50 50 23 65 93 

74 41 11 47 6 96 59 60 89 44 6 90 20 
7 26 56 20 61 29 8 7 22 23 61 23 47 
61 28 2 34 7 83 46 47 76 31 7 77 7 
25 58 88 52 93 3 40 39 10 55 93 9 79 
64 31 1 37 4 86 49 50 79 34 4 80 10 
7 26 56 20 61 29 8 7 22 23 61 23 47 
13 20 50 14 55 35 2 1 28 17 55 29 41 
20 13 43 7 48 42 5 6 35 10 48 36 34 
13 46 76 40 81 9 28 27 2 43 81 3 67 
45 12 18 18 23 67 30 31 60 15 23 61 9 
71 38 8 44 3 93 56 57 86 41 3 87 17 
23 56 86 50 91 1 38 37 8 53 91 7 77 
19 52 82 46 87 3 34 33 4 49 87 3 73 

34 16 76 39 73 65 63 73 12 59 16 33 73 
33 51 9 28 6 2 4 6 55 8 51 34 6 
21 3 63 26 60 52 50 60 1 46 3 20 60 
65 83 23 60 26 34 36 26 87 40 83 66 26 
24 6 66 29 63 55 53 63 2 49 6 23 63 
33 51 9 28 6 2 4 6 55 8 51 34 6 
27 45 15 22 12 4 2 12 49 2 45 28 12 
20 38 22 15 19 11 9 19 42 5 38 21 19 
53 71 11 48 14 22 24 14 75 28 71 54 14 
5 13 47 10 44 36 34 44 17 30 13 4 44 
31 13 73 36 70 62 60 70 9 56 13 30 70 
63 81 21 58 24 32 34 24 85 38 81 64 24 
59 77 17 54 20 28 30 20 81 34 77 60 20 

22 92 92 20 13 68 55 86 49 52 73 2 57 
45 25 25 47 54 1 12 19 18 15 6 65 10 
9 79 79 7 0 55 42 73 36 39 60 11 44 
77 7 7 79 86 31 44 13 50 47 26 97 42 
12 82 82 10 3 58 45 76 39 42 63 8 47 
45 25 25 47 54 1 12 19 18 15 6 65 10 
39 31 31 41 48 7 6 25 12 9 12 59 4 
32 38 38 34 41 14 1 32 5 2 19 52 3 
65 5 5 67 74 19 32 1 38 35 14 85 30 
7 63 63 9 16 39 26 57 20 23 44 27 28 
19 89 89 17 10 65 52 83 46 49 70 1 54 
75 5 5 77 84 29 42 11 48 45 24 95 40 
71 1 1 73 80 25 38 7 44 41 20 91 36 

17 29 68 92 99 17 43 16 12 21 74 90 61 
50 38 1 25 32 50 24 51 55 46 7 23 6 
4 16 55 79 86 4 30 3 1 8 61 77 48 
82 70 31 7 0 82 56 83 87 78 25 9 38 
7 19 58 82 89 7 33 6 2 11 64 80 51 
50 38 1 25 32 50 24 51 55 46 7 23 6 
44 32 7 31 38 44 18 45 49 40 13 29 0 
37 25 14 38 45 37 11 38 42 33 20 36 7 
70 58 19 5 12 70 44 71 75 66 13 3 26 
12 0 39 63 70 12 14 13 17 8 45 61 32 
14 26 65 89 96 14 40 13 9 18 71 87 58 
80 68 29 5 2 80 54 81 85 76 23 7 36 
76 64 25 1 6 76 50 77 81 72 19 3 32 

75 4 79 76 51 93 67 47 43 59 94 36 24 
8 63 12 9 16 26 0 20 24 8 27 31 43 
62 9 66 63 38 80 54 34 30 46 81 23 11 
24 95 20 23 48 6 32 52 56 40 5 63 75 
65 6 69 66 41 83 57 37 33 49 84 26 14 
8 63 12 9 16 26 0 20 24 8 27 31 43 
14 57 18 15 10 32 6 14 18 2 33 25 37 
21 50 25 22 3 39 13 7 11 5 40 18 30 
12 83 8 11 36 6 20 40 44 28 7 51 63 
46 25 50 47 22 64 38 18 14 30 65 7 5 
72 1 76 73 48 90 64 44 40 56 91 33 21 
22 93 18 21 46 4 30 50 54 38 3 61 73 
18 89 14 17 42 0 26 46 50 34 1 57 69 

77 30 9 75 5 98 32 97 22 54 11 37 98 
10 37 58 8 62 31 35 30 45 13 56 30 31 
64 17 4 62 8 85 19 84 9 41 2 24 85 
22 69 90 24 94 1 67 2 77 45 88 62 1 
67 20 1 65 5 88 22 87 12 44 1 27 88 
10 37 58 8 62 31 35 30 45 13 56 30 31 
16 31 52 14 56 37 29 36 39 7 50 24 37 
23 24 45 21 49 44 22 43 32 0 43 17 44 
10 57 78 12 82 11 55 10 65 33 76 50 11 
48 1 20 46 24 69 3 68 7 25 18 8 69 
74 27 6 72 2 95 29 94 19 51 8 34 95 
20 67 88 22 92 1 65 0 75 43 86 60 1 
16 63 84 18 88 5 61 4 71 39 82 56 5 

64 72 18 55 33 3 2 14 57 7 5 64 41 
3 5 49 12 34 64 65 53 10 60 62 3 26 
51 59 5 42 20 10 11 1 44 6 8 51 28 
35 27 81 44 66 96 97 85 42 92 94 35 58 
54 62 8 45 23 7 8 4 47 3 5 54 31 
3 5 49 12 34 64 65 53 10 60 62 3 26 
3 11 43 6 28 58 59 47 4 54 56 3 20 
10 18 36 1 21 51 52 40 3 47 49 10 13 
23 15 69 32 54 84 85 73 30 80 82 23 46 
35 43 11 26 4 26 27 15 28 22 24 35 12 
61 69 15 52 30 0 1 11 54 4 2 61 38 
33 25 79 42 64 94 95 83 40 90 92 33 56 
29 21 75 38 60 90 91 79 36 86 88 29 52 

34 20 52 73 7 20 3 23 4 51 19 39 36 
33 47 15 6 60 47 64 44 63 16 48 28 31 
21 7 39 60 6 7 10 10 9 38 6 26 23 
65 79 47 26 92 79 96 76 95 48 80 60 63 
24 10 42 63 3 10 7 13 6 41 9 29 26 
33 47 15 6 60 47 64 44 63 16 48 28 31 
27 41 9 12 54 41 58 38 57 10 42 22 25 
20 34 2 19 47 34 51 31 50 3 35 15 18 
53 67 35 14 80 67 84 64 83 36 68 48 51 
5 9 23 44 22 9 26 6 25 22 10 10 7 
31 17 49 70 4 17 0 20 1 48 16 36 33 
63 77 45 24 90 77 94 74 93 46 78 58 61 
59 73 41 20 86 73 90 70 89 42 74 54 57 

59 19 47 4 86 43 4 81 85 57 87 98 28 
8 48 20 63 19 24 63 14 18 10 20 31 39 
46 6 34 9 73 30 9 68 72 44 74 85 15 
40 80 52 95 13 56 95 18 14 42 12 1 71 
49 9 37 6 76 33 6 71 75 47 77 88 18 
8 48 20 63 19 24 63 14 18 10 20 31 39 
2 42 14 57 25 18 57 20 24 4 26 37 33 
5 35 7 50 32 11 50 27 31 3 33 44 26 
28 68 40 83 1 44 83 6 2 30 0 11 59 
30 10 18 25 57 14 25 52 56 28 58 69 1 
56 16 44 1 83 40 1 78 82 54 84 95 25 
38 78 50 93 11 54 93 16 12 40 10 1 69 
34 74 46 89 7 50 89 12 8 36 6 5 65 

0 3 85 85 75 19 10 9 69 32 94 8 96 
67 64 18 18 8 48 57 58 2 35 27 59 29 
13 10 72 72 62 6 3 4 56 19 81 5 83 
99 96 14 14 24 80 89 90 30 67 5 91 3 
10 7 75 75 65 9 0 1 59 22 84 2 86 
67 64 18 18 8 48 57 58 2 35 27 59 29 
61 58 24 24 14 42 51 52 8 29 33 53 35 
54 51 31 31 21 35 44 45 15 22 40 46 42 
87 84 2 2 12 68 77 78 18 55 7 79 9 
29 26 56 56 46 10 19 20 40 3 65 21 67 
3 0 82 82 72 16 7 6 66 29 91 5 93 
97 94 12 12 22 78 87 88 28 65 3 89 1 
93 90 8 8 18 74 83 84 24 61 1 85 3 

35 25 99 54 59 4 86 89 48 63 96 10 4 
32 42 32 13 8 63 19 22 19 4 29 57 63 
22 12 86 41 46 9 73 76 35 50 83 3 9 
64 74 0 45 40 95 13 10 51 36 3 89 95 
25 15 89 44 49 6 76 79 38 53 86 0 6 
32 42 32 13 8 63 19 22 19 4 29 57 63 
26 36 38 7 2 57 25 28 13 2 35 51 57 
19 29 45 0 5 50 32 35 6 9 42 44 50 
52 62 12 33 28 83 1 2 39 24 9 77 83 
6 4 70 25 30 25 57 60 19 34 67 19 25 
32 22 96 51 56 1 83 86 45 60 93 7 1 
62 72 2 43 38 93 11 8 49 34 1 87 93 
58 68 6 39 34 89 7 4 45 30 3 83 89 

44 12 51 20 16 14 7 39 54 8 28 19 18 
11 43 4 35 39 69 62 94 1 63 27 74 73 
7 39 0 31 35 65 58 90 3 59 23 70 69 
54 22 61 30 26 4 3 29 64 2 38 9 8 
23 9 30 1 5 35 28 60 33 29 7 40 39 
1 31 8 23 27 57 50 82 11 51 15 62 61 
42 10 49 18 14 16 9 41 52 10 26 21 20 
1 31 8 23 27 57 50 82 11 51 15 62 61 
33 1 40 9 5 25 18 50 43 19 17 30 29 
11 43 4 35 39 69 62 94 1 63 27 74 73 
9 23 16 15 19 49 42 74 19 43 7 54 53 
6 38 1 30 34 64 57 89 4 58 22 69 68 
54 22 61 30 26 4 3 29 64 2 38 9 8 

11 27 13 1 41 14 16 13 7 1 14 26 7 
66 28 42 54 14 41 71 68 62 54 69 29 62 
62 24 38 50 10 37 67 64 58 50 65 25 58 
1 37 23 11 51 24 6 3 3 11 4 36 3 
32 6 8 20 20 7 37 34 28 20 35 5 28 
54 16 30 42 2 29 59 56 50 42 57 17 50 
13 25 11 1 39 12 18 15 9 1 16 24 9 
54 16 30 42 2 29 59 56 50 42 57 17 50 
22 16 2 10 30 3 27 24 18 10 25 15 18 
66 28 42 54 14 41 71 68 62 54 69 29 62 
46 8 22 34 6 21 51 48 42 34 49 9 42 
61 23 37 49 9 36 66 63 57 49 64 24 57 
1 37 23 11 51 24 6 3 3 11 4 36 3 

22 3 24 30 41 19 28 29 32 30 38 37 39 
77 52 79 25 14 36 27 84 87 85 17 18 16 
73 48 75 21 10 32 23 80 83 81 13 14 12 
12 13 14 40 51 29 38 19 22 20 48 47 49 
43 18 45 9 20 2 7 50 53 51 17 16 18 
65 40 67 13 2 24 15 72 75 73 5 6 4 
24 1 26 28 39 17 26 31 34 32 36 35 37 
65 40 67 13 2 24 15 72 75 73 5 6 4 
33 8 35 19 30 8 17 40 43 41 27 26 28 
77 52 79 25 14 36 27 84 87 85 17 18 16 
57 32 59 5 6 16 7 64 67 65 3 2 4 
72 47 74 20 9 31 22 79 82 80 12 13 11 
12 13 14 40 51 29 38 19 22 20 48 47 49 

43 19 53 13 10 22 51 5 4 41 14 32 41 
12 74 2 42 65 33 4 60 51 96 69 87 14 
8 70 2 38 61 29 0 56 47 92 65 83 10 
53 9 63 23 0 32 61 5 14 31 4 22 51 
22 40 32 8 31 1 30 26 17 62 35 53 20 
0 62 10 30 53 21 8 48 39 84 57 75 2 
41 21 51 11 12 20 49 7 2 43 16 34 39 
0 62 10 30 53 21 8 48 39 84 57 75 2 
32 30 42 2 21 11 40 16 7 52 25 43 30 
12 74 2 42 65 33 4 60 51 96 69 87 14 
8 54 18 22 45 13 16 40 31 76 49 67 6 
7 69 3 37 60 28 1 55 46 91 64 82 9 
53 9 63 23 0 32 61 5 14 31 4 22 51 

48 29 53 6 33 25 31 7 14 14 13 29 57 
7 84 2 61 22 30 24 48 41 41 68 26 2 
3 80 2 57 18 26 20 44 37 37 64 22 6 
58 19 63 4 43 35 41 17 24 24 3 39 67 
27 50 32 27 12 4 10 14 7 7 34 8 36 
5 72 10 49 10 18 12 36 29 29 56 14 14 
46 31 51 8 31 23 29 5 12 12 15 27 55 
5 72 10 49 10 18 12 36 29 29 56 14 14 
37 40 42 17 22 14 20 4 3 3 24 18 46 
7 84 2 61 22 30 24 48 41 41 68 26 2 
13 64 18 41 2 10 4 28 21 21 48 6 22 
2 79 3 56 17 25 19 43 36 36 63 21 7 
58 19 63 4 43 35 41 17 24 24 3 39 67 

17 16 46 10 51 39 2 3 32 13 51 33 37 
72 39 9 45 4 94 57 58 87 42 4 88 18 
68 35 5 41 0 90 53 54 83 38 0 84 14 
7 26 56 20 61 29 8 7 22 23 61 23 47 
38 5 25 11 30 60 23 24 53 8 30 54 16 
60 27 3 33 8 82 45 46 75 30 8 76 6 
19 14 44 8 49 41 4 5 34 11 49 35 35 
60 27 3 33 8 82 45 46 75 30 8 76 6 
28 5 35 1 40 50 13 14 43 2 40 44 26 
72 39 9 45 4 94 57 58 87 42 4 88 18 
52 19 11 25 16 74 37 38 67 22 16 68 2 
67 34 4 40 1 89 52 53 82 37 1 83 13 
7 26 56 20 61 29 8 7 22 23 61 23 47 

23 41 19 18 16 8 6 16 45 2 41 24 16 
32 14 74 37 71 63 61 71 10 57 14 31 71 
28 10 70 33 67 59 57 67 6 53 10 27 67 
33 51 9 28 6 2 4 6 55 8 51 34 6 
2 20 40 3 37 29 27 37 24 23 20 3 37 
20 2 62 25 59 51 49 59 2 45 2 19 59 
21 39 21 16 18 10 8 18 43 4 39 22 18 
20 2 62 25 59 51 49 59 2 45 2 19 59 
12 30 30 7 27 19 17 27 34 13 30 13 27 
32 14 74 37 71 63 61 71 10 57 14 31 71 
12 6 54 17 51 43 41 51 10 37 6 11 51 
27 9 69 32 66 58 56 66 5 52 9 26 66 
33 51 9 28 6 2 4 6 55 8 51 34 6 

35 35 35 37 44 11 2 29 8 5 16 55 0 
20 90 90 18 11 66 53 84 47 50 71 0 55 
16 86 86 14 7 62 49 80 43 46 67 4 51 
45 25 25 47 54 1 12 19 18 15 6 65 10 
14 56 56 16 23 32 19 50 13 16 37 34 21 
8 78 78 6 1 54 41 72 35 38 59 12 43 
33 37 37 35 42 13 0 31 6 3 18 53 2 
8 78 78 6 1 54 41 72 35 38 59 12 43 
24 46 46 26 33 22 9 40 3 6 27 44 11 
20 90 90 18 11 66 53 84 47 50 71 0 55 
0 70 70 2 9 46 33 64 27 30 51 20 35 
15 85 85 13 6 61 48 79 42 45 66 5 50 
45 25 25 47 54 1 12 19 18 15 6 65 10 

40 28 11 35 42 40 14 41 45 36 17 33 4 
15 27 66 90 97 15 41 14 10 19 72 88 59 
11 23 62 86 93 11 37 10 6 15 68 84 55 
50 38 1 25 32 50 24 51 55 46 7 23 6 
19 7 32 56 63 19 7 20 24 15 38 54 25 
3 15 54 78 85 3 29 2 2 7 60 76 47 
38 26 13 37 44 38 12 39 43 34 19 35 6 
3 15 54 78 85 3 29 2 2 7 60 76 47 
29 17 22 46 53 29 3 30 34 25 28 44 15 
15 27 66 90 97 15 41 14 10 19 72 88 59 
5 7 46 70 77 5 21 6 10 1 52 68 39 
10 22 61 85 92 10 36 9 5 14 67 83 54 
50 38 1 25 32 50 24 51 55 46 7 23 6 

18 53 22 19 6 36 10 10 14 2 37 21 33 
73 2 77 74 49 91 65 45 41 57 92 34 22 
69 2 73 70 45 87 61 41 37 53 88 30 18 
8 63 12 9 16 26 0 20 24 8 27 31 43 
39 32 43 40 15 57 31 11 7 23 58 0 12 
61 10 65 62 37 79 53 33 29 45 80 22 10 
20 51 24 21 4 38 12 8 12 4 39 19 31 
61 10 65 62 37 79 53 33 29 45 80 22 10 
29 42 33 30 5 47 21 1 3 13 48 10 22 
73 2 77 74 49 91 65 45 41 57 92 34 22 
53 18 57 54 29 71 45 25 21 37 72 14 2 
68 3 72 69 44 86 60 40 36 52 87 29 17 
8 63 12 9 16 26 0 20 24 8 27 31 43 

20 27 48 18 52 41 25 40 35 3 46 20 41 
75 28 7 73 3 96 30 95 20 52 9 35 96 
71 24 3 69 1 92 26 91 16 48 5 31 92 
10 37 58 8 62 31 35 30 45 13 56 30 31 
41 6 27 39 31 62 4 61 14 18 25 1 62 
63 16 5 61 9 84 18 83 8 40 3 23 84 
22 25 46 20 50 43 23 42 33 1 44 18 43 
63 16 5 61 9 84 18 83 8 40 3 23 84 
31 16 37 29 41 52 14 51 24 8 35 9 52 
75 28 7 73 3 96 30 95 20 52 9 35 96 
55 8 13 53 17 76 10 75 0 32 11 15 76 
70 23 2 68 2 91 25 90 15 47 4 30 91 
10 37 58 8 62 31 35 30 45 13 56 30 31 

7 15 39 2 24 54 55 43 0 50 52 7 16 
62 70 16 53 31 1 0 12 55 5 3 62 39 
58 66 12 49 27 3 4 8 51 1 1 58 35 
3 5 49 12 34 64 65 53 10 60 62 3 26 
28 36 18 19 3 33 34 22 21 29 31 28 5 
50 58 4 41 19 11 12 0 43 7 9 50 27 
9 17 37 0 22 52 53 41 2 48 50 9 14 
50 58 4 41 19 11 12 0 43 7 9 50 27 
18 26 28 9 13 43 44 32 11 39 41 18 5 
62 70 16 53 31 1 0 12 55 5 3 62 39 
42 50 4 33 11 19 20 8 35 15 17 42 19 
57 65 11 48 26 4 5 7 50 0 2 57 34 
3 5 49 12 34 64 65 53 10 60 62 3 26 

23 37 5 16 50 37 54 34 53 6 38 18 21 
32 18 50 71 5 18 1 21 2 49 17 37 34 
28 14 46 67 1 14 3 17 2 45 13 33 30 
33 47 15 6 60 47 64 44 63 16 48 28 31 
2 16 16 37 29 16 33 13 32 15 17 3 0 
20 6 38 59 7 6 11 9 10 37 5 25 22 
21 35 3 18 48 35 52 32 51 4 36 16 19 
20 6 38 59 7 6 11 9 10 37 5 25 22 
12 26 6 27 39 26 43 23 42 5 27 7 10 
32 18 50 71 5 18 1 21 2 49 17 37 34 
12 2 30 51 15 2 19 1 18 29 3 17 14 
27 13 45 66 0 13 4 16 3 44 12 32 29 
33 47 15 6 60 47 64 44 63 16 48 28 31 

2 38 10 53 29 14 53 24 28 0 30 41 29 
57 17 45 2 84 41 2 79 83 55 85 96 26 
53 13 41 2 80 37 2 75 79 51 81 92 22 
8 48 20 63 19 24 63 14 18 10 20 31 39 
23 17 11 32 50 7 32 45 49 21 51 62 8 
45 5 33 10 72 29 10 67 71 43 73 84 14 
4 36 8 51 31 12 51 26 30 2 32 43 27 
45 5 33 10 72 29 10 67 71 43 73 84 14 
13 27 1 42 40 3 42 35 39 11 41 52 18 
57 17 45 2 84 41 2 79 83 55 85 96 26 
37 3 25 18 64 21 18 59 63 35 65 76 6 
52 12 40 3 79 36 3 74 78 50 80 91 21 
8 48 20 63 19 24 63 14 18 10 20 31 39 

57 54 28 28 18 38 47 48 12 25 37 49 39 
2 1 83 83 73 17 8 7 67 30 92 6 94 
6 3 79 79 69 13 4 3 63 26 88 2 90 
67 64 18 18 8 48 57 58 2 35 27 59 29 
36 33 49 49 39 17 26 27 33 4 58 28 60 
14 11 71 71 61 5 4 5 55 18 80 6 82 
55 52 30 30 20 36 45 46 14 23 39 47 41 
14 11 71 71 61 5 4 5 55 18 80 6 82 
46 43 39 39 29 27 36 37 23 14 48 38 50 
2 1 83 83 73 17 8 7 67 30 92 6 94 
22 19 63 63 53 3 12 13 47 10 72 14 74 
7 4 78 78 68 12 3 2 62 25 87 1 89 
67 64 18 18 8 48 57 58 2 35 27 59 29 

22 32 42 3 2 53 29 32 9 6 39 47 53 
33 23 97 52 57 2 84 87 46 61 94 8 2 
29 19 93 48 53 2 80 83 42 57 90 4 2 
32 42 32 13 8 63 19 22 19 4 29 57 63 
1 11 63 18 23 32 50 53 12 27 60 26 32 
21 11 85 40 45 10 72 75 34 49 82 4 10 
20 30 44 1 4 51 31 34 7 8 41 45 51 
21 11 85 40 45 10 72 75 34 49 82 4 10 
11 21 53 8 13 42 40 43 2 17 50 36 42 
33 23 97 52 57 2 84 87 46 61 94 8 2 
13 3 77 32 37 18 64 67 26 41 74 12 18 
28 18 92 47 52 3 79 82 41 56 89 3 3 
32 42 32 13 8 63 19 22 19 4 29 57 63 

55 17 31 43 3 30 60 57 51 43 58 18 51 
23 15 1 11 29 2 28 25 19 11 26 14 19 
62 24 38 50 10 37 67 64 58 50 65 25 58 
31 7 7 19 21 6 36 33 27 19 34 6 27 
27 11 3 15 25 2 32 29 23 15 30 10 23 
3 41 27 15 55 28 2 1 7 15 0 40 7 
4 34 20 8 48 21 9 6 0 8 7 33 0 
28 66 52 40 80 53 23 26 32 40 25 65 32 
65 27 41 53 13 40 70 67 61 53 68 28 61 
3 35 21 9 49 22 8 5 1 9 6 34 1 
39 1 15 27 13 14 44 41 35 27 42 2 35 
8 46 32 20 60 33 3 6 12 20 5 45 12 
7 45 31 19 59 32 2 5 11 19 4 44 11 

66 41 68 14 3 25 16 73 76 74 6 7 5 
34 9 36 18 29 7 16 41 44 42 26 25 27 
73 48 75 21 10 32 23 80 83 81 13 14 12 
42 17 44 10 21 1 8 49 52 50 18 17 19 
38 13 40 14 25 3 12 45 48 46 22 21 23 
8 17 10 44 55 33 42 15 18 16 52 51 53 
15 10 17 37 48 26 35 22 25 23 45 44 46 
17 42 15 69 80 58 67 10 7 9 77 76 78 
76 51 78 24 13 35 26 83 86 84 16 17 15 
14 11 16 38 49 27 36 21 24 22 46 45 47 
50 25 52 2 13 9 0 57 60 58 10 9 11 
3 22 5 49 60 38 47 10 13 11 57 56 58 
4 21 6 48 59 37 46 11 14 12 56 55 57 

1 63 9 31 54 22 7 49 40 85 58 76 3 
31 31 41 1 22 10 39 17 8 53 26 44 29 
8 70 2 38 61 29 0 56 47 92 65 83 10 
23 39 33 7 30 2 31 25 16 61 34 52 21 
27 35 37 3 26 6 35 21 12 57 30 48 25 
57 5 67 27 4 36 65 9 18 27 0 18 55 
50 12 60 20 3 29 58 2 11 34 7 25 48 
82 20 92 52 29 61 90 34 43 2 25 7 80 
11 73 1 41 64 32 3 59 50 95 68 86 13 
51 11 61 21 2 30 59 3 12 33 6 24 49 
15 47 25 15 38 6 23 33 24 69 42 60 13 
62 0 72 32 9 41 70 14 23 22 5 13 60 
61 1 71 31 8 40 69 13 22 23 4 14 59 

4 73 9 50 11 19 13 37 30 30 57 15 13 
36 41 41 18 21 13 19 5 2 2 25 17 45 
3 80 2 57 18 26 20 44 37 37 64 22 6 
28 49 33 26 13 5 11 13 6 6 33 9 37 
32 45 37 22 17 9 15 9 2 2 29 13 41 
62 15 67 8 47 39 45 21 28 28 1 43 71 
55 22 60 1 40 32 38 14 21 21 6 36 64 
87 10 92 33 72 64 70 46 53 53 26 68 96 
6 83 1 60 21 29 23 47 40 40 67 25 3 
56 21 61 2 41 33 39 15 22 22 5 37 65 
20 57 25 34 5 3 3 21 14 14 41 1 29 
67 10 72 13 52 44 50 26 33 33 6 48 76 
66 11 71 12 51 43 49 25 32 32 5 47 75 

61 28 2 34 7 83 46 47 76 31 7 77 7 
29 4 34 2 39 51 14 15 44 1 39 45 25 
68 35 5 41 0 90 53 54 83 38 0 84 14 
37 4 26 10 31 59 22 23 52 7 31 53 17 
33 0 30 6 35 55 18 19 48 3 35 49 21 
3 30 60 24 65 25 12 11 18 27 65 19 51 
10 23 53 17 58 32 5 4 25 20 58 26 44 
22 55 85 49 90 0 37 36 7 52 90 6 76 
71 38 8 44 3 93 56 57 86 41 3 87 17 
9 24 54 18 59 31 6 5 24 21 59 25 45 
45 12 18 18 23 67 30 31 60 15 23 61 9 
2 35 65 29 70 20 17 16 13 32 70 14 56 
1 34 64 28 69 21 16 15 14 31 69 15 55 

21 3 63 26 60 52 50 60 1 46 3 20 60 
11 29 31 6 28 20 18 28 33 14 29 12 28 
28 10 70 33 67 59 57 67 6 53 10 27 67 
3 21 39 2 36 28 26 36 25 22 21 4 36 
7 25 35 2 32 24 22 32 29 18 25 8 32 
37 55 5 32 2 6 8 2 59 12 55 38 2 
30 48 12 25 9 1 1 9 52 5 48 31 9 
62 80 20 57 23 31 33 23 84 37 80 63 23 
31 13 73 36 70 62 60 70 9 56 13 30 70 
31 49 11 26 8 0 2 8 53 6 49 32 8 
5 13 47 10 44 36 34 44 17 30 13 4 44 
42 60 0 37 3 11 13 3 64 17 60 43 3 
41 59 1 36 2 10 12 2 63 16 59 42 2 

9 79 79 7 0 55 42 73 36 39 60 11 44 
23 47 47 25 32 23 10 41 4 7 28 43 12 
16 86 86 14 7 62 49 80 43 46 67 4 51 
15 55 55 17 24 31 18 49 12 15 36 35 20 
19 51 51 21 28 27 14 45 8 11 32 39 16 
49 21 21 51 58 3 16 15 22 19 2 69 14 
42 28 28 44 51 4 9 22 15 12 9 62 7 
74 4 4 76 83 28 41 10 47 44 23 94 39 
19 89 89 17 10 65 52 83 46 49 70 1 54 
43 27 27 45 52 3 10 21 16 13 8 63 8 
7 63 63 9 16 39 26 57 20 23 44 27 28 
54 16 16 56 63 8 21 10 27 24 3 74 19 
53 17 17 55 62 7 20 11 26 23 2 73 18 

4 16 55 79 86 4 30 3 1 8 61 77 48 
28 16 23 47 54 28 2 29 33 24 29 45 16 
11 23 62 86 93 11 37 10 6 15 68 84 55 
20 8 31 55 62 20 6 21 25 16 37 53 24 
24 12 27 51 58 24 2 25 29 20 33 49 20 
54 42 3 21 28 54 28 55 59 50 3 19 10 
47 35 4 28 35 47 21 48 52 43 10 26 3 
79 67 28 4 3 79 53 80 84 75 22 6 35 
14 26 65 89 96 14 40 13 9 18 71 87 58 
48 36 3 27 34 48 22 49 53 44 9 25 4 
12 0 39 63 70 12 14 13 17 8 45 61 32 
59 47 8 16 23 59 33 60 64 55 2 14 15 
58 46 7 17 24 58 32 59 63 54 1 15 14 

62 9 66 63 38 80 54 34 30 46 81 23 11 
30 41 34 31 6 48 22 2 2 14 49 9 21 
69 2 73 70 45 87 61 41 37 53 88 30 18 
38 33 42 39 14 56 30 10 6 22 57 1 13 
34 37 38 35 10 52 26 6 2 18 53 5 17 
4 67 8 5 20 22 4 24 28 12 23 35 47 
11 60 15 12 13 29 3 17 21 5 30 28 40 
21 92 17 20 45 3 29 49 53 37 2 60 72 
72 1 76 73 48 90 64 44 40 56 91 33 21 
10 61 14 11 14 28 2 18 22 6 29 29 41 
46 25 50 47 22 64 38 18 14 30 65 7 5 
1 72 3 0 25 17 9 29 33 17 18 40 52 
0 71 4 1 24 18 8 28 32 16 19 39 51 

64 17 4 62 8 85 19 84 9 41 2 24 85 
32 15 36 30 40 53 13 52 23 9 34 8 53 
71 24 3 69 1 92 26 91 16 48 5 31 92 
40 7 28 38 32 61 5 60 15 17 26 0 61 
36 11 32 34 36 57 9 56 19 13 30 4 57 
6 41 62 4 66 27 39 26 49 17 60 34 27 
13 34 55 11 59 34 32 33 42 10 53 27 34 
19 66 87 21 91 2 64 1 74 42 85 59 2 
74 27 6 72 2 95 29 94 19 51 8 34 95 
12 35 56 10 60 33 33 32 43 11 54 28 33 
48 1 20 46 24 69 3 68 7 25 18 8 69 
1 46 67 1 71 22 44 21 54 22 65 39 22 
2 45 66 0 70 23 43 22 53 21 64 38 23 

51 59 5 42 20 10 11 1 44 6 8 51 28 
19 27 27 10 12 42 43 31 12 38 40 19 4 
58 66 12 49 27 3 4 8 51 1 1 58 35 
27 35 19 18 4 34 35 23 20 30 32 27 4 
23 31 23 14 8 38 39 27 16 34 36 23 0 
7 1 53 16 38 68 69 57 14 64 66 7 30 
0 8 46 9 31 61 62 50 7 57 59 0 23 
32 24 78 41 63 93 94 82 39 89 91 32 55 
61 69 15 52 30 0 1 11 54 4 2 61 38 
1 7 47 10 32 62 63 51 8 58 60 1 24 
35 43 11 26 4 26 27 15 28 22 24 35 12 
12 4 58 21 43 73 74 62 19 69 71 12 35 
11 3 57 20 42 72 73 61 18 68 70 11 34 

21 7 39 60 6 7 10 10 9 38 6 26 23 
11 25 7 28 38 25 42 22 41 6 26 6 9 
28 14 46 67 1 14 3 17 2 45 13 33 30 
3 17 15 36 30 17 34 14 33 14 18 2 1 
7 21 11 32 34 21 38 18 37 10 22 2 5 
37 51 19 2 64 51 68 48 67 20 52 32 35 
30 44 12 9 57 44 61 41 60 13 45 25 28 
62 76 44 23 89 76 93 73 92 45 77 57 60 
31 17 49 70 4 17 0 20 1 48 16 36 33 
31 45 13 8 58 45 62 42 61 14 46 26 29 
5 9 23 44 22 9 26 6 25 22 10 10 7 
42 56 24 3 69 56 73 53 72 25 57 37 40 
41 55 23 2 68 55 72 52 71 24 56 36 39 

46 6 34 9 73 30 9 68 72 44 74 85 15 
14 26 2 41 41 2 41 36 40 12 42 53 17 
53 13 41 2 80 37 2 75 79 51 81 92 22 
22 18 10 33 49 6 33 44 48 20 50 61 9 
18 22 6 37 45 2 37 40 44 16 46 57 13 
12 52 24 67 15 28 67 10 14 14 16 27 43 
5 45 17 60 22 21 60 17 21 7 23 34 36 
37 77 49 92 10 53 92 15 11 39 9 2 68 
56 16 44 1 83 40 1 78 82 54 84 95 25 
6 46 18 61 21 22 61 16 20 8 22 33 37 
30 10 18 25 57 14 25 52 56 28 58 69 1 
17 57 29 72 10 33 72 5 9 19 11 22 48 
16 56 28 71 11 32 71 6 10 18 12 23 47 

13 10 72 72 62 6 3 4 56 19 81 5 83 
45 42 40 40 30 26 35 36 24 13 49 37 51 
6 3 79 79 69 13 4 3 63 26 88 2 90 
37 34 48 48 38 18 27 28 32 5 57 29 59 
41 38 44 44 34 22 31 32 28 9 53 33 55 
71 68 14 14 4 52 61 62 2 39 23 63 25 
64 61 21 21 11 45 54 55 5 32 30 56 32 
96 93 11 11 21 77 86 87 27 64 2 88 0 
3 0 82 82 72 16 7 6 66 29 91 5 93 
65 62 20 20 10 46 55 56 4 33 29 57 31 
29 26 56 56 46 10 19 20 40 3 65 21 67 
76 73 9 9 1 57 66 67 7 44 18 68 20 
75 72 10 10 0 56 65 66 6 43 19 67 21 

22 12 86 41 46 9 73 76 35 50 83 3 9 
10 20 54 9 14 41 41 44 3 18 51 35 41 
29 19 93 48 53 2 80 83 42 57 90 4 2 
2 12 62 17 22 33 49 52 11 26 59 27 33 
6 16 58 13 18 37 45 48 7 22 55 31 37 
36 46 28 17 12 67 15 18 23 8 25 61 67 
29 39 35 10 5 60 22 25 16 1 32 54 60 
61 71 3 42 37 92 10 7 48 33 0 86 92 
32 22 96 51 56 1 83 86 45 60 93 7 1 
30 40 34 11 6 61 21 24 17 2 31 55 61 
6 4 70 25 30 25 57 60 19 34 67 19 25 
41 51 23 22 17 72 10 13 28 13 20 66 72 
40 50 24 21 16 71 11 14 27 12 21 65 71 

11 14 13 41 52 30 39 18 21 19 49 48 50 
49 24 51 3 14 8 1 56 59 57 11 10 12 
35 10 37 17 28 6 15 42 45 43 25 24 26 
23 2 25 29 40 18 27 30 33 31 37 36 38 
63 38 65 11 0 22 13 70 73 71 3 4 2 
36 11 38 16 27 5 14 43 46 44 24 23 25 
6 19 8 46 57 35 44 13 16 14 54 53 55 
9 16 11 43 54 32 41 16 19 17 51 50 52 
15 10 17 37 48 26 35 22 25 23 45 44 46 
23 2 25 29 40 18 27 30 33 31 37 36 38 
8 17 10 44 55 33 42 15 18 16 52 51 53 
48 23 50 4 15 7 2 55 58 56 12 11 13 
15 10 17 37 48 26 35 22 25 23 45 44 46 

54 8 64 24 1 33 62 6 15 30 3 21 52 
16 46 26 14 37 5 24 32 23 68 41 59 14 
30 32 40 0 23 9 38 18 9 54 27 45 28 
42 20 52 12 11 21 50 6 3 42 15 33 40 
2 60 12 28 51 19 10 46 37 82 55 73 0 
29 33 39 1 24 8 37 19 10 55 28 46 27 
59 3 69 29 6 38 67 11 20 25 2 16 57 
56 6 66 26 3 35 64 8 17 28 1 19 54 
50 12 60 20 3 29 58 2 11 34 7 25 48 
42 20 52 12 11 21 50 6 3 42 15 33 40 
57 5 67 27 4 36 65 9 18 27 0 18 55 
17 45 27 13 36 4 25 31 22 67 40 58 15 
50 12 60 20 3 29 58 2 11 34 7 25 48 

59 18 64 5 44 36 42 18 25 25 2 40 68 
21 56 26 33 6 2 4 20 13 13 40 2 30 
35 42 40 19 20 12 18 6 1 1 26 16 44 
47 30 52 7 32 24 30 6 13 13 14 28 56 
7 70 12 47 8 16 10 34 27 27 54 12 16 
34 43 39 20 19 11 17 7 0 0 27 15 43 
64 13 69 10 49 41 47 23 30 30 3 45 73 
61 16 66 7 46 38 44 20 27 27 0 42 70 
55 22 60 1 40 32 38 14 21 21 6 36 64 
47 30 52 7 32 24 30 6 13 13 14 28 56 
62 15 67 8 47 39 45 21 28 28 1 43 71 
22 55 27 32 7 1 5 19 12 12 39 3 31 
55 22 60 1 40 32 38 14 21 21 6 36 64 

6 27 57 21 62 28 9 8 21 24 62 22 48 
44 11 19 17 24 66 29 30 59 14 24 60 10 
30 3 33 3 38 52 15 16 45 0 38 46 24 
18 15 45 9 50 40 3 4 33 12 50 34 36 
58 25 5 31 10 80 43 44 73 28 10 74 4 
31 2 32 4 37 53 16 17 46 1 37 47 23 
1 32 62 26 67 23 14 13 16 29 67 17 53 
4 29 59 23 64 26 11 10 19 26 64 20 50 
10 23 53 17 58 32 5 4 25 20 58 26 44 
18 15 45 9 50 40 3 4 33 12 50 34 36 
3 30 60 24 65 25 12 11 18 27 65 19 51 
43 10 20 16 25 65 28 29 58 13 25 59 11 
10 23 53 17 58 32 5 4 25 20 58 26 44 

34 52 8 29 5 3 5 5 56 9 52 35 5 
4 14 46 9 43 35 33 43 18 29 14 3 43 
10 28 32 5 29 21 19 29 32 15 28 11 29 
22 40 20 17 17 9 7 17 44 3 40 23 17 
18 0 60 23 57 49 47 57 4 43 0 17 57 
9 27 33 4 30 22 20 30 31 16 27 10 30 
39 57 3 34 0 8 10 0 61 14 57 40 0 
36 54 6 31 3 5 7 3 58 11 54 37 3 
30 48 12 25 9 1 1 9 52 5 48 31 9 
22 40 20 17 17 9 7 17 44 3 40 23 17 
37 55 5 32 2 6 8 2 59 12 55 38 2 
3 15 45 8 42 34 32 42 19 28 15 2 42 
30 48 12 25 9 1 1 9 52 5 48 31 9 

46 24 24 48 55 0 13 18 19 16 5 66 11 
8 62 62 10 17 38 25 56 19 22 43 28 27 
22 48 48 24 31 24 11 42 5 8 29 42 13 
34 36 36 36 43 12 1 30 7 4 17 54 1 
6 76 76 4 3 52 39 70 33 36 57 14 41 
21 49 49 23 30 25 12 43 6 9 30 41 14 
51 19 19 53 60 5 18 13 24 21 0 71 16 
48 22 22 50 57 2 15 16 21 18 3 68 13 
42 28 28 44 51 4 9 22 15 12 9 62 7 
34 36 36 36 43 12 1 30 7 4 17 54 1 
49 21 21 51 58 3 16 15 22 19 2 69 14 
9 61 61 11 18 37 24 55 18 21 42 29 26 
42 28 28 44 51 4 9 22 15 12 9 62 7 

51 39 0 24 31 51 25 52 56 47 6 22 7 
13 1 38 62 69 13 13 14 18 9 44 60 31 
27 15 24 48 55 27 1 28 32 23 30 46 17 
39 27 12 36 43 39 13 40 44 35 18 34 5 
1 13 52 76 83 1 27 0 4 5 58 74 45 
26 14 25 49 56 26 0 27 31 22 31 47 18 
56 44 5 19 26 56 30 57 61 52 1 17 12 
53 41 2 22 29 53 27 54 58 49 4 20 9 
47 35 4 28 35 47 21 48 52 43 10 26 3 
39 27 12 36 43 39 13 40 44 35 18 34 5 
54 42 3 21 28 54 28 55 59 50 3 19 10 
14 2 37 61 68 14 12 15 19 10 43 59 30 
47 35 4 28 35 47 21 48 52 43 10 26 3 

7 64 11 8 17 25 1 21 25 9 26 32 44 
45 26 49 46 21 63 37 17 13 29 64 6 6 
31 40 35 32 7 49 23 3 1 15 50 8 20 
19 52 23 20 5 37 11 9 13 3 38 20 32 
59 12 63 60 35 77 51 31 27 43 78 20 8 
32 39 36 33 8 50 24 4 0 16 51 7 19 
2 69 6 3 22 20 6 26 30 14 21 37 49 
5 66 9 6 19 23 3 23 27 11 24 34 46 
11 60 15 12 13 29 3 17 21 5 30 28 40 
19 52 23 20 5 37 11 9 13 3 38 20 32 
4 67 8 5 20 22 4 24 28 12 23 35 47 
44 27 48 45 20 62 36 16 12 28 63 5 7 
11 60 15 12 13 29 3 17 21 5 30 28 40 

9 38 59 7 63 30 36 29 46 14 57 31 30 
47 0 21 45 25 68 2 67 8 24 19 7 68 
33 14 35 31 39 54 12 53 22 10 33 7 54 
21 26 47 19 51 42 24 41 34 2 45 19 42 
61 14 7 59 11 82 16 81 6 38 5 21 82 
34 13 34 32 38 55 11 54 21 11 32 6 55 
4 43 64 2 68 25 41 24 51 19 62 36 25 
7 40 61 5 65 28 38 27 48 16 59 33 28 
13 34 55 11 59 34 32 33 42 10 53 27 34 
21 26 47 19 51 42 24 41 34 2 45 19 42 
6 41 62 4 66 27 39 26 49 17 60 34 27 
46 1 22 44 26 67 1 66 9 23 20 6 67 
13 34 55 11 59 34 32 33 42 10 53 27 34 

4 4 50 13 35 65 66 54 11 61 63 4 27 
34 42 12 25 3 27 28 16 27 23 25 34 11 
20 28 26 11 11 41 42 30 13 37 39 20 3 
8 16 38 1 23 53 54 42 1 49 51 8 15 
48 56 2 39 17 13 14 2 41 9 11 48 25 
21 29 25 12 10 40 41 29 14 36 38 21 2 
9 1 55 18 40 70 71 59 16 66 68 9 32 
6 2 52 15 37 67 68 56 13 63 65 6 29 
0 8 46 9 31 61 62 50 7 57 59 0 23 
8 16 38 1 23 53 54 42 1 49 51 8 15 
7 1 53 16 38 68 69 57 14 64 66 7 30 
33 41 13 24 2 28 29 17 26 24 26 33 10 
0 8 46 9 31 61 62 50 7 57 59 0 23 

34 48 16 5 61 48 65 45 64 17 49 29 32 
4 10 22 43 23 10 27 7 26 21 11 9 6 
10 24 8 29 37 24 41 21 40 7 25 5 8 
22 36 4 17 49 36 53 33 52 5 37 17 20 
18 4 36 57 9 4 13 7 12 35 3 23 20 
9 23 9 30 36 23 40 20 39 8 24 4 7 
39 53 21 0 66 53 70 50 69 22 54 34 37 
36 50 18 3 63 50 67 47 66 19 51 31 34 
30 44 12 9 57 44 61 41 60 13 45 25 28 
22 36 4 17 49 36 53 33 52 5 37 17 20 
37 51 19 2 64 51 68 48 67 20 52 32 35 
3 11 21 42 24 11 28 8 27 20 12 8 5 
30 44 12 9 57 44 61 41 60 13 45 25 28 

9 49 21 64 18 25 64 13 17 11 19 30 40 
29 11 17 26 56 13 26 51 55 27 57 68 2 
15 25 3 40 42 1 40 37 41 13 43 54 16 
3 37 9 52 30 13 52 25 29 1 31 42 28 
43 3 31 12 70 27 12 65 69 41 71 82 12 
16 24 4 39 43 0 39 38 42 14 44 55 15 
14 54 26 69 13 30 69 8 12 16 14 25 45 
11 51 23 66 16 27 66 11 15 13 17 28 42 
5 45 17 60 22 21 60 17 21 7 23 34 36 
3 37 9 52 30 13 52 25 29 1 31 42 28 
12 52 24 67 15 28 67 10 14 14 16 27 43 
28 12 16 27 55 12 27 50 54 26 56 67 3 
5 45 17 60 22 21 60 17 21 7 23 34 36 

68 65 17 17 7 49 58 59 1 36 26 60 28 
30 27 55 55 45 11 20 21 39 2 64 22 66 
44 41 41 41 31 25 34 35 25 12 50 36 52 
56 53 29 29 19 37 46 47 13 24 38 48 40 
16 13 69 69 59 3 6 7 53 16 78 8 80 
43 40 42 42 32 24 33 34 26 11 51 35 53 
73 70 12 12 2 54 63 64 4 41 21 65 23 
70 67 15 15 5 51 60 61 1 38 24 62 26 
64 61 21 21 11 45 54 55 5 32 30 56 32 
56 53 29 29 19 37 46 47 13 24 38 48 40 
71 68 14 14 4 52 61 62 2 39 23 63 25 
31 28 54 54 44 12 21 22 38 1 63 23 65 
64 61 21 21 11 45 54 55 5 32 30 56 32 

33 43 31 14 9 64 18 21 20 5 28 58 64 
5 5 69 24 29 26 56 59 18 33 66 20 26 
9 19 55 10 15 40 42 45 4 19 52 34 40 
21 31 43 2 3 52 30 33 8 7 40 46 52 
19 9 83 38 43 12 70 73 32 47 80 6 12 
8 18 56 11 16 39 43 46 5 20 53 33 39 
38 48 26 19 14 69 13 16 25 10 23 63 69 
35 45 29 16 11 66 16 19 22 7 26 60 66 
29 39 35 10 5 60 22 25 16 1 32 54 60 
21 31 43 2 3 52 30 33 8 7 40 46 52 
36 46 28 17 12 67 15 18 23 8 25 61 67 
4 6 68 23 28 27 55 58 17 32 65 21 27 
29 39 35 10 5 60 22 25 16 1 32 54 60 

65 3 75 35 12 44 73 17 26 19 8 10 63 
40 22 50 10 13 19 48 8 1 44 17 35 38 
67 5 77 37 14 46 75 19 28 17 10 8 65 
13 49 23 17 40 8 21 35 26 71 44 62 11 
2 60 12 28 51 19 10 46 37 82 55 73 0 
24 38 34 6 29 3 32 24 15 60 33 51 22 
15 47 25 15 38 6 23 33 24 69 42 60 13 
72 10 82 42 19 51 80 24 33 12 15 3 70 
75 13 85 45 22 54 83 27 36 9 18 0 73 
73 11 83 43 20 52 81 25 34 11 16 2 71 
5 57 15 25 48 16 13 43 34 79 52 70 3 
6 56 16 24 47 15 14 42 33 78 51 69 4 
4 58 14 26 49 17 12 44 35 80 53 71 2 

70 7 75 16 55 47 53 29 36 36 9 51 79 
45 32 50 9 30 22 28 4 11 11 16 26 54 
72 5 77 18 57 49 55 31 38 38 11 53 81 
18 59 23 36 3 5 1 23 16 16 43 1 27 
7 70 12 47 8 16 10 34 27 27 54 12 16 
29 48 34 25 14 6 12 12 5 5 32 10 38 
20 57 25 34 5 3 3 21 14 14 41 1 29 
77 0 82 23 62 54 60 36 43 43 16 58 86 
80 3 85 26 65 57 63 39 46 46 19 61 89 
78 1 83 24 63 55 61 37 44 44 17 59 87 
10 67 15 44 5 13 7 31 24 24 51 9 19 
11 66 16 43 4 12 6 30 23 23 50 8 20 
9 68 14 45 6 14 8 32 25 25 52 10 18 

5 38 68 32 73 17 20 19 10 35 73 11 59 
20 13 43 7 48 42 5 6 35 10 48 36 34 
7 40 70 34 75 15 22 21 8 37 75 9 61 
47 14 16 20 21 69 32 33 62 17 21 63 7 
58 25 5 31 10 80 43 44 73 28 10 74 4 
36 3 27 9 32 58 21 22 51 6 32 52 18 
45 12 18 18 23 67 30 31 60 15 23 61 9 
12 45 75 39 80 10 27 26 3 42 80 4 66 
15 48 78 42 83 7 30 29 0 45 83 1 69 
13 46 76 40 81 9 28 27 2 43 81 3 67 
55 22 8 28 13 77 40 41 70 25 13 71 1 
54 21 9 27 14 76 39 40 69 24 14 70 0 
56 23 7 29 12 78 41 42 71 26 12 72 2 

45 63 3 40 6 14 16 6 67 20 63 46 6 
20 38 22 15 19 11 9 19 42 5 38 21 19 
47 65 5 42 8 16 18 8 69 22 65 48 8 
7 11 49 12 46 38 36 46 15 32 11 6 46 
18 0 60 23 57 49 47 57 4 43 0 17 57 
4 22 38 1 35 27 25 35 26 21 22 5 35 
5 13 47 10 44 36 34 44 17 30 13 4 44 
52 70 10 47 13 21 23 13 74 27 70 53 13 
55 73 13 50 16 24 26 16 77 30 73 56 16 
53 71 11 48 14 22 24 14 75 28 71 54 14 
15 3 57 20 54 46 44 54 7 40 3 14 54 
14 4 56 19 53 45 43 53 8 39 4 13 53 
16 2 58 21 55 47 45 55 6 41 2 15 55 

57 13 13 59 66 11 24 7 30 27 6 77 22 
32 38 38 34 41 14 1 32 5 2 19 52 3 
59 11 11 61 68 13 26 5 32 29 8 79 24 
5 65 65 7 14 41 28 59 22 25 46 25 30 
6 76 76 4 3 52 39 70 33 36 57 14 41 
16 54 54 18 25 30 17 48 11 14 35 36 19 
7 63 63 9 16 39 26 57 20 23 44 27 28 
64 6 6 66 73 18 31 0 37 34 13 84 29 
67 3 3 69 76 21 34 3 40 37 16 87 32 
65 5 5 67 74 19 32 1 38 35 14 85 30 
3 73 73 1 6 49 36 67 30 33 54 17 38 
2 72 72 0 7 48 35 66 29 32 53 18 37 
4 74 74 2 5 50 37 68 31 34 55 16 39 

62 50 11 13 20 62 36 63 67 58 5 11 18 
37 25 14 38 45 37 11 38 42 33 20 36 7 
64 52 13 11 18 64 38 65 69 60 7 9 20 
10 2 41 65 72 10 16 11 15 6 47 63 34 
1 13 52 76 83 1 27 0 4 5 58 74 45 
21 9 30 54 61 21 5 22 26 17 36 52 23 
12 0 39 63 70 12 14 13 17 8 45 61 32 
69 57 18 6 13 69 43 70 74 65 12 4 25 
72 60 21 3 10 72 46 73 77 68 15 1 28 
70 58 19 5 12 70 44 71 75 66 13 3 26 
2 10 49 73 80 2 24 3 7 2 55 71 42 
3 9 48 72 79 3 23 4 8 1 54 70 41 
1 11 50 74 81 1 25 2 6 3 56 72 43 

4 75 0 3 28 14 12 32 36 20 15 43 55 
21 50 25 22 3 39 13 7 11 5 40 18 30 
6 77 2 5 30 12 14 34 38 22 13 45 57 
48 23 52 49 24 66 40 20 16 32 67 9 3 
59 12 63 60 35 77 51 31 27 43 78 20 8 
37 34 41 38 13 55 29 9 5 21 56 2 14 
46 25 50 47 22 64 38 18 14 30 65 7 5 
11 82 7 10 35 7 19 39 43 27 8 50 62 
14 85 10 13 38 4 22 42 46 30 5 53 65 
12 83 8 11 36 6 20 40 44 28 7 51 63 
56 15 60 57 32 74 48 28 24 40 75 17 5 
55 16 59 56 31 73 47 27 23 39 74 16 4 
57 14 61 58 33 75 49 29 25 41 76 18 6 

2 49 70 4 74 19 47 18 57 25 68 42 19 
23 24 45 21 49 44 22 43 32 0 43 17 44 
4 51 72 6 76 17 49 16 59 27 70 44 17 
50 3 18 48 22 71 5 70 5 27 16 10 71 
61 14 7 59 11 82 16 81 6 38 5 21 82 
39 8 29 37 33 60 6 59 16 16 27 1 60 
48 1 20 46 24 69 3 68 7 25 18 8 69 
9 56 77 11 81 12 54 11 64 32 75 49 12 
12 59 80 14 84 9 57 8 67 35 78 52 9 
10 57 78 12 82 11 55 10 65 33 76 50 11 
58 11 10 56 14 79 13 78 3 35 8 18 79 
57 10 11 55 15 78 12 77 2 34 9 17 78 
59 12 9 57 13 80 14 79 4 36 7 19 80 

15 7 61 24 46 76 77 65 22 72 74 15 38 
10 18 36 1 21 51 52 40 3 47 49 10 13 
17 9 63 26 48 78 79 67 24 74 76 17 40 
37 45 9 28 6 24 25 13 30 20 22 37 14 
48 56 2 39 17 13 14 2 41 9 11 48 25 
26 34 20 17 5 35 36 24 19 31 33 26 3 
35 43 11 26 4 26 27 15 28 22 24 35 12 
22 14 68 31 53 83 84 72 29 79 81 22 45 
25 17 71 34 56 86 87 75 32 82 84 25 48 
23 15 69 32 54 84 85 73 30 80 82 23 46 
45 53 1 36 14 16 17 5 38 12 14 45 22 
44 52 2 35 13 17 18 6 37 13 15 44 21 
46 54 0 37 15 15 16 4 39 11 13 46 23 

45 59 27 6 72 59 76 56 75 28 60 40 43 
20 34 2 19 47 34 51 31 50 3 35 15 18 
47 61 29 8 74 61 78 58 77 30 62 42 45 
7 7 25 46 20 7 24 4 23 24 8 12 9 
18 4 36 57 9 4 13 7 12 35 3 23 20 
4 18 14 35 31 18 35 15 34 13 19 1 2 
5 9 23 44 22 9 26 6 25 22 10 10 7 
52 66 34 13 79 66 83 63 82 35 67 47 50 
55 69 37 16 82 69 86 66 85 38 70 50 53 
53 67 35 14 80 67 84 64 83 36 68 48 51 
15 1 33 54 12 1 16 4 15 32 0 20 17 
14 0 32 53 13 0 17 3 16 31 1 19 16 
16 2 34 55 11 2 15 5 14 33 1 21 18 

20 60 32 75 7 36 75 2 6 22 8 19 51 
5 35 7 50 32 11 50 27 31 3 33 44 26 
22 62 34 77 5 38 77 0 4 24 6 17 53 
32 8 20 23 59 16 23 54 58 30 60 71 1 
43 3 31 12 70 27 12 65 69 41 71 82 12 
21 19 9 34 48 5 34 43 47 19 49 60 10 
30 10 18 25 57 14 25 52 56 28 58 69 1 
27 67 39 82 0 43 82 5 1 29 1 12 58 
30 70 42 85 3 46 85 8 4 32 2 9 61 
28 68 40 83 1 44 83 6 2 30 0 11 59 
40 0 28 15 67 24 15 62 66 38 68 79 9 
39 1 27 16 66 23 16 61 65 37 67 78 8 
41 1 29 14 68 25 14 63 67 39 69 80 10 

79 76 6 6 4 60 69 70 10 47 15 71 17 
54 51 31 31 21 35 44 45 15 22 40 46 42 
81 78 4 4 6 62 71 72 12 49 13 73 15 
27 24 58 58 48 8 17 18 42 5 67 19 69 
16 13 69 69 59 3 6 7 53 16 78 8 80 
38 35 47 47 37 19 28 29 31 6 56 30 58 
29 26 56 56 46 10 19 20 40 3 65 21 67 
86 83 1 1 11 67 76 77 17 54 8 78 10 
89 86 4 4 14 70 79 80 20 57 5 81 7 
87 84 2 2 12 68 77 78 18 55 7 79 9 
19 16 66 66 56 0 9 10 50 13 75 11 77 
20 17 65 65 55 1 10 11 49 12 74 12 76 
18 15 67 67 57 1 8 9 51 14 76 10 78 

44 54 20 25 20 75 7 10 31 16 17 69 75 
19 29 45 0 5 50 32 35 6 9 42 44 50 
46 56 18 27 22 77 5 8 33 18 15 71 77 
8 2 72 27 32 23 59 62 21 36 69 17 23 
19 9 83 38 43 12 70 73 32 47 80 6 12 
3 13 61 16 21 34 48 51 10 25 58 28 34 
6 4 70 25 30 25 57 60 19 34 67 19 25 
51 61 13 32 27 82 0 3 38 23 10 76 82 
54 64 10 35 30 85 3 0 41 26 7 79 85 
52 62 12 33 28 83 1 2 39 24 9 77 83 
16 6 80 35 40 15 67 70 29 44 77 9 15 
15 5 79 34 39 16 66 69 28 43 76 10 16 
17 7 81 36 41 14 68 71 30 45 78 8 14 

5 72 10 49 10 18 12 36 29 29 56 14 14 
67 10 72 13 52 44 50 26 33 33 6 48 76 
5 82 0 59 20 28 22 46 39 39 66 24 4 
35 42 40 19 20 12 18 6 1 1 26 16 44 
58 19 63 4 43 35 41 17 24 24 3 39 67 
26 51 31 28 11 3 9 15 8 8 35 7 35 
3 80 2 57 18 26 20 44 37 37 64 22 6 
53 24 58 1 38 30 36 12 19 19 8 34 62 
44 33 49 10 29 21 27 3 10 10 17 25 53 
89 12 94 35 74 66 72 48 55 55 28 70 98 
62 15 67 8 47 39 45 21 28 28 1 43 71 
80 3 85 26 65 57 63 39 46 46 19 61 89 
7 70 12 47 8 16 10 34 27 27 54 12 16 

60 27 3 33 8 82 45 46 75 30 8 76 6 
2 35 65 29 70 20 17 16 13 32 70 14 56 
70 37 7 43 2 92 55 56 85 40 2 86 16 
30 3 33 3 38 52 15 16 45 0 38 46 24 
7 26 56 20 61 29 8 7 22 23 61 23 47 
39 6 24 12 29 61 24 25 54 9 29 55 15 
68 35 5 41 0 90 53 54 83 38 0 84 14 
12 21 51 15 56 34 3 2 27 18 56 28 42 
21 12 42 6 47 43 6 7 36 9 47 37 33 
24 57 87 51 92 2 39 38 9 54 92 8 78 
3 30 60 24 65 25 12 11 18 27 65 19 51 
15 48 78 42 83 7 30 29 0 45 83 1 69 
58 25 5 31 10 80 43 44 73 28 10 74 4 

20 2 62 25 59 51 49 59 2 45 2 19 59 
42 60 0 37 3 11 13 3 64 17 60 43 3 
30 12 72 35 69 61 59 69 8 55 12 29 69 
10 28 32 5 29 21 19 29 32 15 28 11 29 
33 51 9 28 6 2 4 6 55 8 51 34 6 
1 19 41 4 38 30 28 38 23 24 19 2 38 
28 10 70 33 67 59 57 67 6 53 10 27 67 
28 46 14 23 11 3 1 11 50 3 46 29 11 
19 37 23 14 20 12 10 20 41 6 37 20 20 
64 82 22 59 25 33 35 25 86 39 82 65 25 
37 55 5 32 2 6 8 2 59 12 55 38 2 
55 73 13 50 16 24 26 16 77 30 73 56 16 
18 0 60 23 57 49 47 57 4 43 0 17 57 

8 78 78 6 1 54 41 72 35 38 59 12 43 
54 16 16 56 63 8 21 10 27 24 3 74 19 
18 88 88 16 9 64 51 82 45 48 69 2 53 
22 48 48 24 31 24 11 42 5 8 29 42 13 
45 25 25 47 54 1 12 19 18 15 6 65 10 
13 57 57 15 22 33 20 51 14 17 38 33 22 
16 86 86 14 7 62 49 80 43 46 67 4 51 
40 30 30 42 49 6 7 24 13 10 11 60 5 
31 39 39 33 40 15 2 33 4 1 20 51 4 
76 6 6 78 85 30 43 12 49 46 25 96 41 
49 21 21 51 58 3 16 15 22 19 2 69 14 
67 3 3 69 76 21 34 3 40 37 16 87 32 
6 76 76 4 3 52 39 70 33 36 57 14 41 

3 15 54 78 85 3 29 2 2 7 60 76 47 
59 47 8 16 23 59 33 60 64 55 2 14 15 
13 25 64 88 95 13 39 12 8 17 70 86 57 
27 15 24 48 55 27 1 28 32 23 30 46 17 
50 38 1 25 32 50 24 51 55 46 7 23 6 
18 6 33 57 64 18 8 19 23 14 39 55 26 
11 23 62 86 93 11 37 10 6 15 68 84 55 
45 33 6 30 37 45 19 46 50 41 12 28 1 
36 24 15 39 46 36 10 37 41 32 21 37 8 
81 69 30 6 1 81 55 82 86 77 24 8 37 
54 42 3 21 28 54 28 55 59 50 3 19 10 
72 60 21 3 10 72 46 73 77 68 15 1 28 
1 13 52 76 83 1 27 0 4 5 58 74 45 

61 10 65 62 37 79 53 33 29 45 80 22 10 
1 72 3 0 25 17 9 29 33 17 18 40 52 
71 0 75 72 47 89 63 43 39 55 90 32 20 
31 40 35 32 7 49 23 3 1 15 50 8 20 
8 63 12 9 16 26 0 20 24 8 27 31 43 
40 31 44 41 16 58 32 12 8 24 59 1 11 
69 2 73 70 45 87 61 41 37 53 88 30 18 
13 58 17 14 11 31 5 15 19 3 32 26 38 
22 49 26 23 2 40 14 6 10 6 41 17 29 
23 94 19 22 47 5 31 51 55 39 4 62 74 
4 67 8 5 20 22 4 24 28 12 23 35 47 
14 85 10 13 38 4 22 42 46 30 5 53 65 
59 12 63 60 35 77 51 31 27 43 78 20 8 

63 16 5 61 9 84 18 83 8 40 3 23 84 
1 46 67 1 71 22 44 21 54 22 65 39 22 
73 26 5 71 1 94 28 93 18 50 7 33 94 
33 14 35 31 39 54 12 53 22 10 33 7 54 
10 37 58 8 62 31 35 30 45 13 56 30 31 
42 5 26 40 30 63 3 62 13 19 24 2 63 
71 24 3 69 1 92 26 91 16 48 5 31 92 
15 32 53 13 57 36 30 35 40 8 51 25 36 
24 23 44 22 48 45 21 44 31 1 42 16 45 
21 68 89 23 93 0 66 1 76 44 87 61 0 
6 41 62 4 66 27 39 26 49 17 60 34 27 
12 59 80 14 84 9 57 8 67 35 78 52 9 
61 14 7 59 11 82 16 81 6 38 5 21 82 

50 58 4 41 19 11 12 0 43 7 9 50 27 
12 4 58 21 43 73 74 62 19 69 71 12 35 
60 68 14 51 29 1 2 10 53 3 1 60 37 
20 28 26 11 11 41 42 30 13 37 39 20 3 
3 5 49 12 34 64 65 53 10 60 62 3 26 
29 37 17 20 2 32 33 21 22 28 30 29 6 
58 66 12 49 27 3 4 8 51 1 1 58 35 
2 10 44 7 29 59 60 48 5 55 57 2 21 
11 19 35 2 20 50 51 39 4 46 48 11 12 
34 26 80 43 65 95 96 84 41 91 93 34 57 
7 1 53 16 38 68 69 57 14 64 66 7 30 
25 17 71 34 56 86 87 75 32 82 84 25 48 
48 56 2 39 17 13 14 2 41 9 11 48 25 

20 6 38 59 7 6 11 9 10 37 5 25 22 
42 56 24 3 69 56 73 53 72 25 57 37 40 
30 16 48 69 3 16 1 19 0 47 15 35 32 
10 24 8 29 37 24 41 21 40 7 25 5 8 
33 47 15 6 60 47 64 44 63 16 48 28 31 
1 15 17 38 28 15 32 12 31 16 16 4 1 
28 14 46 67 1 14 3 17 2 45 13 33 30 
28 42 10 11 55 42 59 39 58 11 43 23 26 
19 33 1 20 46 33 50 30 49 2 34 14 17 
64 78 46 25 91 78 95 75 94 47 79 59 62 
37 51 19 2 64 51 68 48 67 20 52 32 35 
55 69 37 16 82 69 86 66 85 38 70 50 53 
18 4 36 57 9 4 13 7 12 35 3 23 20 

45 5 33 10 72 29 10 67 71 43 73 84 14 
17 57 29 72 10 33 72 5 9 19 11 22 48 
55 15 43 0 82 39 0 77 81 53 83 94 24 
15 25 3 40 42 1 40 37 41 13 43 54 16 
8 48 20 63 19 24 63 14 18 10 20 31 39 
24 16 12 31 51 8 31 46 50 22 52 63 7 
53 13 41 2 80 37 2 75 79 51 81 92 22 
3 43 15 58 24 19 58 19 23 5 25 36 34 
6 34 6 49 33 10 49 28 32 4 34 45 25 
39 79 51 94 12 55 94 17 13 41 11 0 70 
12 52 24 67 15 28 67 10 14 14 16 27 43 
30 70 42 85 3 46 85 8 4 32 2 9 61 
43 3 31 12 70 27 12 65 69 41 71 82 12 

14 11 71 71 61 5 4 5 55 18 80 6 82 
76 73 9 9 1 57 66 67 7 44 18 68 20 
4 1 81 81 71 15 6 5 65 28 90 4 92 
44 41 41 41 31 25 34 35 25 12 50 36 52 
67 64 18 18 8 48 57 58 2 35 27 59 29 
35 32 50 50 40 16 25 26 34 3 59 27 61 
6 3 79 79 69 13 4 3 63 26 88 2 90 
62 59 23 23 13 43 52 53 7 30 32 54 34 
53 50 32 32 22 34 43 44 16 21 41 45 43 
98 95 13 13 23 79 88 89 29 66 4 90 2 
71 68 14 14 4 52 61 62 2 39 23 63 25 
89 86 4 4 14 70 79 80 20 57 5 81 7 
16 13 69 69 59 3 6 7 53 16 78 8 80 

21 11 85 40 45 10 72 75 34 49 82 4 10 
41 51 23 22 17 72 10 13 28 13 20 66 72 
31 21 95 50 55 0 82 85 44 59 92 6 0 
9 19 55 10 15 40 42 45 4 19 52 34 40 
32 42 32 13 8 63 19 22 19 4 29 57 63 
0 10 64 19 24 31 51 54 13 28 61 25 31 
29 19 93 48 53 2 80 83 42 57 90 4 2 
27 37 37 8 3 58 24 27 14 1 34 52 58 
18 28 46 1 6 49 33 36 5 10 43 43 49 
63 73 1 44 39 94 12 9 50 35 2 88 94 
36 46 28 17 12 67 15 18 23 8 25 61 67 
54 64 10 35 30 85 3 0 41 26 7 79 85 
19 9 83 38 43 12 70 73 32 47 80 6 12 

65 32 2 38 3 87 50 51 80 35 3 81 11 
12 45 75 39 80 10 27 26 3 42 80 4 66 
70 37 7 43 2 92 55 56 85 40 2 86 16 
11 22 52 16 57 33 4 3 26 19 57 27 43 
50 17 13 23 18 72 35 36 65 20 18 66 4 
42 9 21 15 26 64 27 28 57 12 26 58 12 
48 15 15 21 20 70 33 34 63 18 20 64 6 
24 9 39 3 44 46 9 10 39 6 44 40 30 
31 2 32 4 37 53 16 17 46 1 37 47 23 
31 2 32 4 37 53 16 17 46 1 37 47 23 
4 29 59 23 64 26 11 10 19 26 64 20 50 
46 13 17 19 22 68 31 32 61 16 22 62 8 
74 41 11 47 6 96 59 60 89 44 6 90 20 

25 7 67 30 64 56 54 64 3 50 7 24 64 
52 70 10 47 13 21 23 13 74 27 70 53 13 
30 12 72 35 69 61 59 69 8 55 12 29 69 
29 47 13 24 10 2 0 10 51 4 47 30 10 
10 8 52 15 49 41 39 49 12 35 8 9 49 
2 16 44 7 41 33 31 41 20 27 16 1 41 
8 10 50 13 47 39 37 47 14 33 10 7 47 
16 34 26 11 23 15 13 23 38 9 34 17 23 
9 27 33 4 30 22 20 30 31 16 27 10 30 
9 27 33 4 30 22 20 30 31 16 27 10 30 
36 54 6 31 3 5 7 3 58 11 54 37 3 
6 12 48 11 45 37 35 45 16 31 12 5 45 
34 16 76 39 73 65 63 73 12 59 16 33 73 

13 83 83 11 4 59 46 77 40 43 64 7 48 
64 6 6 66 73 18 31 0 37 34 13 84 29 
18 88 88 16 9 64 51 82 45 48 69 2 53 
41 29 29 43 50 5 8 23 14 11 10 61 6 
2 68 68 4 11 44 31 62 25 28 49 22 33 
10 60 60 12 19 36 23 54 17 20 41 30 25 
4 66 66 6 13 42 29 60 23 26 47 24 31 
28 42 42 30 37 18 5 36 1 2 23 48 7 
21 49 49 23 30 25 12 43 6 9 30 41 14 
21 49 49 23 30 25 12 43 6 9 30 41 14 
48 22 22 50 57 2 15 16 21 18 3 68 13 
6 64 64 8 15 40 27 58 21 24 45 26 29 
22 92 92 20 13 68 55 86 49 52 73 2 57 

8 20 59 83 90 8 34 7 3 12 65 81 52 
69 57 18 6 13 69 43 70 74 65 12 4 25 
13 25 64 88 95 13 39 12 8 17 70 86 57 
46 34 5 29 36 46 20 47 51 42 11 27 2 
7 5 44 68 75 7 19 8 12 3 50 66 37 
15 3 36 60 67 15 11 16 20 11 42 58 29 
9 3 42 66 73 9 17 10 14 5 48 64 35 
33 21 18 42 49 33 7 34 38 29 24 40 11 
26 14 25 49 56 26 0 27 31 22 31 47 18 
26 14 25 49 56 26 0 27 31 22 31 47 18 
53 41 2 22 29 53 27 54 58 49 4 20 9 
11 1 40 64 71 11 15 12 16 7 46 62 33 
17 29 68 92 99 17 43 16 12 21 74 90 61 

66 5 70 67 42 84 58 38 34 50 85 27 15 
11 82 7 10 35 7 19 39 43 27 8 50 62 
71 0 75 72 47 89 63 43 39 55 90 32 20 
12 59 16 13 12 30 4 16 20 4 31 27 39 
51 20 55 52 27 69 43 23 19 35 70 12 0 
43 28 47 44 19 61 35 15 11 27 62 4 8 
49 22 53 50 25 67 41 21 17 33 68 10 2 
25 46 29 26 1 43 17 3 7 9 44 14 26 
32 39 36 33 8 50 24 4 0 16 51 7 19 
32 39 36 33 8 50 24 4 0 16 51 7 19 
5 66 9 6 19 23 3 23 27 11 24 34 46 
47 24 51 48 23 65 39 19 15 31 66 8 4 
75 4 79 76 51 93 67 47 43 59 94 36 24 

68 21 0 66 4 89 23 88 13 45 2 28 89 
9 56 77 11 81 12 54 11 64 32 75 49 12 
73 26 5 71 1 94 28 93 18 50 7 33 94 
14 33 54 12 58 35 31 34 41 9 52 26 35 
53 6 15 51 19 74 8 73 2 30 13 13 74 
45 2 23 43 27 66 0 65 10 22 21 5 66 
51 4 17 49 21 72 6 71 4 28 15 11 72 
27 20 41 25 45 48 18 47 28 4 39 13 48 
34 13 34 32 38 55 11 54 21 11 32 6 55 
34 13 34 32 38 55 11 54 21 11 32 6 55 
7 40 61 5 65 28 38 27 48 16 59 33 28 
49 2 19 47 23 70 4 69 6 26 17 9 70 
77 30 9 75 5 98 32 97 22 54 11 37 98 

55 63 9 46 24 6 7 5 48 2 4 55 32 
22 14 68 31 53 83 84 72 29 79 81 22 45 
60 68 14 51 29 1 2 10 53 3 1 60 37 
1 9 45 8 30 60 61 49 6 56 58 1 22 
40 48 6 31 9 21 22 10 33 17 19 40 17 
32 40 14 23 1 29 30 18 25 25 27 32 9 
38 46 8 29 7 23 24 12 31 19 21 38 15 
14 22 32 5 17 47 48 36 7 43 45 14 9 
21 29 25 12 10 40 41 29 14 36 38 21 2 
21 29 25 12 10 40 41 29 14 36 38 21 2 
6 2 52 15 37 67 68 56 13 63 65 6 29 
36 44 10 27 5 25 26 14 29 21 23 36 13 
64 72 18 55 33 3 2 14 57 7 5 64 41 

25 11 43 64 2 11 6 14 5 42 10 30 27 
52 66 34 13 79 66 83 63 82 35 67 47 50 
30 16 48 69 3 16 1 19 0 47 15 35 32 
29 43 11 10 56 43 60 40 59 12 44 24 27 
10 4 28 49 17 4 21 1 20 27 5 15 12 
2 12 20 41 25 12 29 9 28 19 13 7 4 
8 6 26 47 19 6 23 3 22 25 7 13 10 
16 30 2 23 43 30 47 27 46 1 31 11 14 
9 23 9 30 36 23 40 20 39 8 24 4 7 
9 23 9 30 36 23 40 20 39 8 24 4 7 
36 50 18 3 63 50 67 47 66 19 51 31 34 
6 8 24 45 21 8 25 5 24 23 9 11 8 
34 20 52 73 7 20 3 23 4 51 19 39 36 

50 10 38 5 77 34 5 72 76 48 78 89 19 
27 67 39 82 0 43 82 5 1 29 1 12 58 
55 15 43 0 82 39 0 77 81 53 83 94 24 
4 44 16 59 23 20 59 18 22 6 24 35 35 
35 5 23 20 62 19 20 57 61 33 63 74 4 
27 13 15 28 54 11 28 49 53 25 55 66 4 
33 7 21 22 60 17 22 55 59 31 61 72 2 
9 31 3 46 36 7 46 31 35 7 37 48 22 
16 24 4 39 43 0 39 38 42 14 44 55 15 
16 24 4 39 43 0 39 38 42 14 44 55 15 
11 51 23 66 16 27 66 11 15 13 17 28 42 
31 9 19 24 58 15 24 53 57 29 59 70 0 
59 19 47 4 86 43 4 81 85 57 87 98 28 

9 6 76 76 66 10 1 0 60 23 85 1 87 
86 83 1 1 11 67 76 77 17 54 8 78 10 
4 1 81 81 71 15 6 5 65 28 90 4 92 
63 60 22 22 12 44 53 54 6 31 31 55 33 
24 21 61 61 51 5 14 15 45 8 70 16 72 
32 29 53 53 43 13 22 23 37 0 62 24 64 
26 23 59 59 49 7 16 17 43 6 68 18 70 
50 47 35 35 25 31 40 41 19 18 44 42 46 
43 40 42 42 32 24 33 34 26 11 51 35 53 
43 40 42 42 32 24 33 34 26 11 51 35 53 
70 67 15 15 5 51 60 61 1 38 24 62 26 
28 25 57 57 47 9 18 19 41 4 66 20 68 
0 3 85 85 75 19 10 9 69 32 94 8 96 

26 16 90 45 50 5 77 80 39 54 87 1 5 
51 61 13 32 27 82 0 3 38 23 10 76 82 
31 21 95 50 55 0 82 85 44 59 92 6 0 
28 38 36 9 4 59 23 26 15 0 33 53 59 
11 1 75 30 35 20 62 65 24 39 72 14 20 
3 7 67 22 27 28 54 57 16 31 64 22 28 
9 1 73 28 33 22 60 63 22 37 70 16 22 
15 25 49 4 9 46 36 39 2 13 46 40 46 
8 18 56 11 16 39 43 46 5 20 53 33 39 
8 18 56 11 16 39 43 46 5 20 53 33 39 
35 45 29 16 11 66 16 19 22 7 26 60 66 
7 3 71 26 31 24 58 61 20 35 68 18 24 
35 25 99 54 59 4 86 89 48 63 96 10 4 

40 58 2 35 1 9 11 1 62 15 58 41 1 
7 25 35 2 32 24 22 32 29 18 25 8 32 
23 5 65 28 62 54 52 62 1 48 5 22 62 
13 31 29 8 26 18 16 26 35 12 31 14 26 
28 10 70 33 67 59 57 67 6 53 10 27 67 
62 80 20 57 23 31 33 23 84 37 80 63 23 
25 43 17 20 14 6 4 14 47 0 43 26 14 
26 44 16 21 13 5 3 13 48 1 44 27 13 
55 73 13 50 16 24 26 16 77 30 73 56 16 
10 28 32 5 29 21 19 29 32 15 28 11 29 
28 10 70 33 67 59 57 67 6 53 10 27 67 
56 74 14 51 17 25 27 17 78 31 74 57 17 
14 4 56 19 53 45 43 53 8 39 4 13 53 

52 18 18 54 61 6 19 12 25 22 1 72 17 
19 51 51 21 28 27 14 45 8 11 32 39 16 
11 81 81 9 2 57 44 75 38 41 62 9 46 
25 45 45 27 34 21 8 39 2 5 26 45 10 
16 86 86 14 7 62 49 80 43 46 67 4 51 
74 4 4 76 83 28 41 10 47 44 23 94 39 
37 33 33 39 46 9 4 27 10 7 14 57 2 
38 32 32 40 47 8 5 26 11 8 13 58 3 
67 3 3 69 76 21 34 3 40 37 16 87 32 
22 48 48 24 31 24 11 42 5 8 29 42 13 
16 86 86 14 7 62 49 80 43 46 67 4 51 
68 2 2 70 77 22 35 4 41 38 17 88 33 
2 72 72 0 7 48 35 66 29 32 53 18 37 

57 45 6 18 25 57 31 58 62 53 0 16 13 
24 12 27 51 58 24 2 25 29 20 33 49 20 
6 18 57 81 88 6 32 5 1 10 63 79 50 
30 18 21 45 52 30 4 31 35 26 27 43 14 
11 23 62 86 93 11 37 10 6 15 68 84 55 
79 67 28 4 3 79 53 80 84 75 22 6 35 
42 30 9 33 40 42 16 43 47 38 15 31 2 
43 31 8 32 39 43 17 44 48 39 14 30 1 
72 60 21 3 10 72 46 73 77 68 15 1 28 
27 15 24 48 55 27 1 28 32 23 30 46 17 
11 23 62 86 93 11 37 10 6 15 68 84 55 
73 61 22 2 9 73 47 74 78 69 16 0 29 
3 9 48 72 79 3 23 4 8 1 54 70 41 

1 70 5 2 23 19 7 27 31 15 20 38 50 
34 37 38 35 10 52 26 6 2 18 53 5 17 
64 7 68 65 40 82 56 36 32 48 83 25 13 
28 43 32 29 4 46 20 0 4 12 47 11 23 
69 2 73 70 45 87 61 41 37 53 88 30 18 
21 92 17 20 45 3 29 49 53 37 2 60 72 
16 55 20 17 8 34 8 12 16 0 35 23 35 
15 56 19 16 9 33 7 13 17 1 34 24 36 
14 85 10 13 38 4 22 42 46 30 5 53 65 
31 40 35 32 7 49 23 3 1 15 50 8 20 
69 2 73 70 45 87 61 41 37 53 88 30 18 
15 86 11 14 39 3 23 43 47 31 4 54 66 
55 16 59 56 31 73 47 27 23 39 74 16 4 

3 44 65 1 69 24 42 23 52 20 63 37 24 
36 11 32 34 36 57 9 56 19 13 30 4 57 
66 19 2 64 6 87 21 86 11 43 0 26 87 
30 17 38 28 42 51 15 50 25 7 36 10 51 
71 24 3 69 1 92 26 91 16 48 5 31 92 
19 66 87 21 91 2 64 1 74 42 85 59 2 
18 29 50 16 54 39 27 38 37 5 48 22 39 
17 30 51 15 55 38 28 37 38 6 49 23 38 
12 59 80 14 84 9 57 8 67 35 78 52 9 
33 14 35 31 39 54 12 53 22 10 33 7 54 
71 24 3 69 1 92 26 91 16 48 5 31 92 
13 60 81 15 85 8 58 7 68 36 79 53 8 
57 10 11 55 15 78 12 77 2 34 9 17 78 

10 2 56 19 41 71 72 60 17 67 69 10 33 
23 31 23 14 8 38 39 27 16 34 36 23 0 
53 61 7 44 22 8 9 3 46 4 6 53 30 
17 25 29 8 14 44 45 33 10 40 42 17 6 
58 66 12 49 27 3 4 8 51 1 1 58 35 
32 24 78 41 63 93 94 82 39 89 91 32 55 
5 13 41 4 26 56 57 45 2 52 54 5 18 
4 12 42 5 27 57 58 46 3 53 55 4 19 
25 17 71 34 56 86 87 75 32 82 84 25 48 
20 28 26 11 11 41 42 30 13 37 39 20 3 
58 66 12 49 27 3 4 8 51 1 1 58 35 
26 18 72 35 57 87 88 76 33 83 85 26 49 
44 52 2 35 13 17 18 6 37 13 15 44 21 

40 54 22 1 67 54 71 51 70 23 55 35 38 
7 21 11 32 34 21 38 18 37 10 22 2 5 
23 9 41 62 4 9 8 12 7 40 8 28 25 
13 27 5 26 40 27 44 24 43 4 28 8 11 
28 14 46 67 1 14 3 17 2 45 13 33 30 
62 76 44 23 89 76 93 73 92 45 77 57 60 
25 39 7 14 52 39 56 36 55 8 40 20 23 
26 40 8 13 53 40 57 37 56 9 41 21 24 
55 69 37 16 82 69 86 66 85 38 70 50 53 
10 24 8 29 37 24 41 21 40 7 25 5 8 
28 14 46 67 1 14 3 17 2 45 13 33 30 
56 70 38 17 83 70 87 67 86 39 71 51 54 
14 0 32 53 13 0 17 3 16 31 1 19 16 

15 55 27 70 12 31 70 7 11 17 13 24 46 
18 22 6 37 45 2 37 40 44 16 46 57 13 
48 8 36 7 75 32 7 70 74 46 76 87 17 
12 28 0 43 39 4 43 34 38 10 40 51 19 
53 13 41 2 80 37 2 75 79 51 81 92 22 
37 77 49 92 10 53 92 15 11 39 9 2 68 
0 40 12 55 27 16 55 22 26 2 28 39 31 
1 41 13 56 26 17 56 21 25 3 27 38 32 
30 70 42 85 3 46 85 8 4 32 2 9 61 
15 25 3 40 42 1 40 37 41 13 43 54 16 
53 13 41 2 80 37 2 75 79 51 81 92 22 
31 71 43 86 4 47 86 9 5 33 3 8 62 
39 1 27 16 66 23 16 61 65 37 67 78 8 

74 71 11 11 1 55 64 65 5 42 20 66 22 
41 38 44 44 34 22 31 32 28 9 53 33 55 
11 8 74 74 64 8 1 2 58 21 83 3 85 
47 44 38 38 28 28 37 38 22 15 47 39 49 
6 3 79 79 69 13 4 3 63 26 88 2 90 
96 93 11 11 21 77 86 87 27 64 2 88 0 
59 56 26 26 16 40 49 50 10 27 35 51 37 
60 57 25 25 15 41 50 51 9 28 34 52 36 
89 86 4 4 14 70 79 80 20 57 5 81 7 
44 41 41 41 31 25 34 35 25 12 50 36 52 
6 3 79 79 69 13 4 3 63 26 88 2 90 
90 87 5 5 15 71 80 81 21 58 4 82 6 
20 17 65 65 55 1 10 11 49 12 74 12 76 

39 49 25 20 15 70 12 15 26 11 22 64 70 
6 16 58 13 18 37 45 48 7 22 55 31 37 
24 14 88 43 48 7 75 78 37 52 85 1 7 
12 22 52 7 12 43 39 42 1 16 49 37 43 
29 19 93 48 53 2 80 83 42 57 90 4 2 
61 71 3 42 37 92 10 7 48 33 0 86 92 
24 34 40 5 0 55 27 30 11 4 37 49 55 
25 35 39 6 1 56 26 29 12 3 36 50 56 
54 64 10 35 30 85 3 0 41 26 7 79 85 
9 19 55 10 15 40 42 45 4 19 52 34 40 
29 19 93 48 53 2 80 83 42 57 90 4 2 
55 65 9 36 31 86 4 1 42 27 6 80 86 
15 5 79 34 39 16 66 69 28 43 76 10 16 

12 58 58 14 21 34 21 52 15 18 39 32 23 
6 76 76 4 3 52 39 70 33 36 57 14 41 
54 16 16 56 63 8 21 10 27 24 3 74 19 
17 53 53 19 26 29 16 47 10 13 34 37 18 
51 19 19 53 60 5 18 13 24 21 0 71 16 
43 27 27 45 52 3 10 21 16 13 8 63 8 
41 29 29 43 50 5 8 23 14 11 10 61 6 
51 19 19 53 60 5 18 13 24 21 0 71 16 
10 80 80 8 1 56 43 74 37 40 61 10 45 
37 33 33 39 46 9 4 27 10 7 14 57 2 
6 76 76 4 3 52 39 70 33 36 57 14 41 
11 59 59 13 20 35 22 53 16 19 40 31 24 
51 19 19 53 60 5 18 13 24 21 0 71 16 

17 5 34 58 65 17 9 18 22 13 40 56 27 
1 13 52 76 83 1 27 0 4 5 58 74 45 
59 47 8 16 23 59 33 60 64 55 2 14 15 
22 10 29 53 60 22 4 23 27 18 35 51 22 
56 44 5 19 26 56 30 57 61 52 1 17 12 
48 36 3 27 34 48 22 49 53 44 9 25 4 
46 34 5 29 36 46 20 47 51 42 11 27 2 
56 44 5 19 26 56 30 57 61 52 1 17 12 
5 17 56 80 87 5 31 4 0 9 62 78 49 
42 30 9 33 40 42 16 43 47 38 15 31 2 
1 13 52 76 83 1 27 0 4 5 58 74 45 
16 4 35 59 66 16 10 17 21 12 41 57 28 
56 44 5 19 26 56 30 57 61 52 1 17 12 

41 30 45 42 17 59 33 13 9 25 60 2 10 
59 12 63 60 35 77 51 31 27 43 78 20 8 
1 72 3 0 25 17 9 29 33 17 18 40 52 
36 35 40 37 12 54 28 8 4 20 55 3 15 
2 69 6 3 22 20 6 26 30 14 21 37 49 
10 61 14 11 14 28 2 18 22 6 29 29 41 
12 59 16 13 12 30 4 16 20 4 31 27 39 
2 69 6 3 22 20 6 26 30 14 21 37 49 
63 8 67 64 39 81 55 35 31 47 82 24 12 
16 55 20 17 8 34 8 12 16 0 35 23 35 
59 12 63 60 35 77 51 31 27 43 78 20 8 
42 29 46 43 18 60 34 14 10 26 61 3 9 
2 69 6 3 22 20 6 26 30 14 21 37 49 

43 4 25 41 29 64 2 63 12 20 23 3 64 
61 14 7 59 11 82 16 81 6 38 5 21 82 
1 46 67 1 71 22 44 21 54 22 65 39 22 
38 9 30 36 34 59 7 58 17 15 28 2 59 
4 43 64 2 68 25 41 24 51 19 62 36 25 
12 35 56 10 60 33 33 32 43 11 54 28 33 
14 33 54 12 58 35 31 34 41 9 52 26 35 
4 43 64 2 68 25 41 24 51 19 62 36 25 
65 18 3 63 7 86 20 85 10 42 1 25 86 
18 29 50 16 54 39 27 38 37 5 48 22 39 
61 14 7 59 11 82 16 81 6 38 5 21 82 
44 3 24 42 28 65 1 64 11 21 22 4 65 
4 43 64 2 68 25 41 24 51 19 62 36 25 

30 38 16 21 1 31 32 20 23 27 29 30 7 
48 56 2 39 17 13 14 2 41 9 11 48 25 
12 4 58 21 43 73 74 62 19 69 71 12 35 
25 33 21 16 6 36 37 25 18 32 34 25 2 
9 1 55 18 40 70 71 59 16 66 68 9 32 
1 7 47 10 32 62 63 51 8 58 60 1 24 
1 9 45 8 30 60 61 49 6 56 58 1 22 
9 1 55 18 40 70 71 59 16 66 68 9 32 
52 60 6 43 21 9 10 2 45 5 7 52 29 
5 13 41 4 26 56 57 45 2 52 54 5 18 
48 56 2 39 17 13 14 2 41 9 11 48 25 
31 39 15 22 0 30 31 19 24 26 28 31 8 
9 1 55 18 40 70 71 59 16 66 68 9 32 

0 14 18 39 27 14 31 11 30 17 15 5 2 
18 4 36 57 9 4 13 7 12 35 3 23 20 
42 56 24 3 69 56 73 53 72 25 57 37 40 
5 19 13 34 32 19 36 16 35 12 20 0 3 
39 53 21 0 66 53 70 50 69 22 54 34 37 
31 45 13 8 58 45 62 42 61 14 46 26 29 
29 43 11 10 56 43 60 40 59 12 44 24 27 
39 53 21 0 66 53 70 50 69 22 54 34 37 
22 8 40 61 5 8 9 11 8 39 7 27 24 
25 39 7 14 52 39 56 36 55 8 40 20 23 
18 4 36 57 9 4 13 7 12 35 3 23 20 
1 13 19 40 26 13 30 10 29 18 14 6 3 
39 53 21 0 66 53 70 50 69 22 54 34 37 

25 15 13 30 52 9 30 47 51 23 53 64 6 
43 3 31 12 70 27 12 65 69 41 71 82 12 
17 57 29 72 10 33 72 5 9 19 11 22 48 
20 20 8 35 47 4 35 42 46 18 48 59 11 
14 54 26 69 13 30 69 8 12 16 14 25 45 
6 46 18 61 21 22 61 16 20 8 22 33 37 
4 44 16 59 23 20 59 18 22 6 24 35 35 
14 54 26 69 13 30 69 8 12 16 14 25 45 
47 7 35 8 74 31 8 69 73 45 75 86 16 
0 40 12 55 27 16 55 22 26 2 28 39 31 
43 3 31 12 70 27 12 65 69 41 71 82 12 
26 14 14 29 53 10 29 48 52 24 54 65 5 
14 54 26 69 13 30 69 8 12 16 14 25 45 

34 31 51 51 41 15 24 25 35 2 60 26 62 
16 13 69 69 59 3 6 7 53 16 78 8 80 
76 73 9 9 1 57 66 67 7 44 18 68 20 
39 36 46 46 36 20 29 30 30 7 55 31 57 
73 70 12 12 2 54 63 64 4 41 21 65 23 
65 62 20 20 10 46 55 56 4 33 29 57 31 
63 60 22 22 12 44 53 54 6 31 31 55 33 
73 70 12 12 2 54 63 64 4 41 21 65 23 
12 9 73 73 63 7 2 3 57 20 82 4 84 
59 56 26 26 16 40 49 50 10 27 35 51 37 
16 13 69 69 59 3 6 7 53 16 78 8 80 
33 30 52 52 42 14 23 24 36 1 61 25 63 
73 70 12 12 2 54 63 64 4 41 21 65 23 

1 9 65 20 25 30 52 55 14 29 62 24 30 
19 9 83 38 43 12 70 73 32 47 80 6 12 
41 51 23 22 17 72 10 13 28 13 20 66 72 
4 14 60 15 20 35 47 50 9 24 57 29 35 
38 48 26 19 14 69 13 16 25 10 23 63 69 
30 40 34 11 6 61 21 24 17 2 31 55 61 
28 38 36 9 4 59 23 26 15 0 33 53 59 
38 48 26 19 14 69 13 16 25 10 23 63 69 
23 13 87 42 47 8 74 77 36 51 84 2 8 
24 34 40 5 0 55 27 30 11 4 37 49 55 
19 9 83 38 43 12 70 73 32 47 80 6 12 
2 8 66 21 26 29 53 56 15 30 63 23 29 
38 48 26 19 14 69 13 16 25 10 23 63 69 

5 7 46 70 77 5 21 6 10 1 52 68 39 
75 63 24 0 7 75 49 76 80 71 18 2 31 
75 63 24 0 7 75 49 76 80 71 18 2 31 
3 9 48 72 79 3 23 4 8 1 54 70 41 
4 16 55 79 86 4 30 3 1 8 61 77 48 
51 39 0 24 31 51 25 52 56 47 6 22 7 
38 26 13 37 44 38 12 39 43 34 19 35 6 
69 57 18 6 13 69 43 70 74 65 12 4 25 
32 20 19 43 50 32 6 33 37 28 25 41 12 
35 23 16 40 47 35 9 36 40 31 22 38 9 
56 44 5 19 26 56 30 57 61 52 1 17 12 
15 27 66 90 97 15 41 14 10 19 72 88 59 
40 28 11 35 42 40 14 41 45 36 17 33 4 

53 18 57 54 29 71 45 25 21 37 72 14 2 
17 88 13 16 41 1 25 45 49 33 2 56 68 
17 88 13 16 41 1 25 45 49 33 2 56 68 
55 16 59 56 31 73 47 27 23 39 74 16 4 
62 9 66 63 38 80 54 34 30 46 81 23 11 
7 64 11 8 17 25 1 21 25 9 26 32 44 
20 51 24 21 4 38 12 8 12 4 39 19 31 
11 82 7 10 35 7 19 39 43 27 8 50 62 
26 45 30 27 2 44 18 2 6 10 45 13 25 
23 48 27 24 1 41 15 5 9 7 42 16 28 
2 69 6 3 22 20 6 26 30 14 21 37 49 
73 2 77 74 49 91 65 45 41 57 92 34 22 
18 53 22 19 6 36 10 10 14 2 37 21 33 

55 8 13 53 17 76 10 75 0 32 11 15 76 
15 62 83 17 87 6 60 5 70 38 81 55 6 
15 62 83 17 87 6 60 5 70 38 81 55 6 
57 10 11 55 15 78 12 77 2 34 9 17 78 
64 17 4 62 8 85 19 84 9 41 2 24 85 
9 38 59 7 63 30 36 29 46 14 57 31 30 
22 25 46 20 50 43 23 42 33 1 44 18 43 
9 56 77 11 81 12 54 11 64 32 75 49 12 
28 19 40 26 44 49 17 48 27 5 38 12 49 
25 22 43 23 47 46 20 45 30 2 41 15 46 
4 43 64 2 68 25 41 24 51 19 62 36 25 
75 28 7 73 3 96 30 95 20 52 9 35 96 
20 27 48 18 52 41 25 40 35 3 46 20 41 

42 50 4 33 11 19 20 8 35 15 17 42 19 
28 20 74 37 59 89 90 78 35 85 87 28 51 
28 20 74 37 59 89 90 78 35 85 87 28 51 
44 52 2 35 13 17 18 6 37 13 15 44 21 
51 59 5 42 20 10 11 1 44 6 8 51 28 
4 4 50 13 35 65 66 54 11 61 63 4 27 
9 17 37 0 22 52 53 41 2 48 50 9 14 
22 14 68 31 53 83 84 72 29 79 81 22 45 
15 23 31 6 16 46 47 35 8 42 44 15 8 
12 20 34 3 19 49 50 38 5 45 47 12 11 
9 1 55 18 40 70 71 59 16 66 68 9 32 
62 70 16 53 31 1 0 12 55 5 3 62 39 
7 15 39 2 24 54 55 43 0 50 52 7 16 

12 2 30 51 15 2 19 1 18 29 3 17 14 
58 72 40 19 85 72 89 69 88 41 73 53 56 
58 72 40 19 85 72 89 69 88 41 73 53 56 
14 0 32 53 13 0 17 3 16 31 1 19 16 
21 7 39 60 6 7 10 10 9 38 6 26 23 
34 48 16 5 61 48 65 45 64 17 49 29 32 
21 35 3 18 48 35 52 32 51 4 36 16 19 
52 66 34 13 79 66 83 63 82 35 67 47 50 
15 29 3 24 42 29 46 26 45 2 30 10 13 
18 32 0 21 45 32 49 29 48 1 33 13 16 
39 53 21 0 66 53 70 50 69 22 54 34 37 
32 18 50 71 5 18 1 21 2 49 17 37 34 
23 37 5 16 50 37 54 34 53 6 38 18 21 

37 3 25 18 64 21 18 59 63 35 65 76 6 
33 73 45 88 6 49 88 11 7 35 5 6 64 
33 73 45 88 6 49 88 11 7 35 5 6 64 
39 1 27 16 66 23 16 61 65 37 67 78 8 
46 6 34 9 73 30 9 68 72 44 74 85 15 
9 49 21 64 18 25 64 13 17 11 19 30 40 
4 36 8 51 31 12 51 26 30 2 32 43 27 
27 67 39 82 0 43 82 5 1 29 1 12 58 
10 30 2 45 37 6 45 32 36 8 38 49 21 
7 33 5 48 34 9 48 29 33 5 35 46 24 
14 54 26 69 13 30 69 8 12 16 14 25 45 
57 17 45 2 84 41 2 79 83 55 85 96 26 
2 38 10 53 29 14 53 24 28 0 30 41 29 

22 19 63 63 53 3 12 13 47 10 72 14 74 
92 89 7 7 17 73 82 83 23 60 2 84 4 
92 89 7 7 17 73 82 83 23 60 2 84 4 
20 17 65 65 55 1 10 11 49 12 74 12 76 
13 10 72 72 62 6 3 4 56 19 81 5 83 
68 65 17 17 7 49 58 59 1 36 26 60 28 
55 52 30 30 20 36 45 46 14 23 39 47 41 
86 83 1 1 11 67 76 77 17 54 8 78 10 
49 46 36 36 26 30 39 40 20 17 45 41 47 
52 49 33 33 23 33 42 43 17 20 42 44 44 
73 70 12 12 2 54 63 64 4 41 21 65 23 
2 1 83 83 73 17 8 7 67 30 92 6 94 
57 54 28 28 18 38 47 48 12 25 37 49 39 

13 3 77 32 37 18 64 67 26 41 74 12 18 
57 67 7 38 33 88 6 3 44 29 4 82 88 
57 67 7 38 33 88 6 3 44 29 4 82 88 
15 5 79 34 39 16 66 69 28 43 76 10 16 
22 12 86 41 46 9 73 76 35 50 83 3 9 
33 43 31 14 9 64 18 21 20 5 28 58 64 
20 30 44 1 4 51 31 34 7 8 41 45 51 
51 61 13 32 27 82 0 3 38 23 10 76 82 
14 24 50 5 10 45 37 40 1 14 47 39 45 
17 27 47 2 7 48 34 37 4 11 44 42 48 
38 48 26 19 14 69 13 16 25 10 23 63 69 
33 23 97 52 57 2 84 87 46 61 94 8 2 
22 32 42 3 2 53 29 32 9 6 39 47 53 

58 13 62 59 34 76 50 30 26 42 77 19 7 
46 25 50 47 22 64 38 18 14 30 65 7 5 
7 64 11 8 17 25 1 21 25 9 26 32 44 
17 88 13 16 41 1 25 45 49 33 2 56 68 
24 95 20 23 48 6 32 52 56 40 5 63 75 
58 13 62 59 34 76 50 30 26 42 77 19 7 
32 39 36 33 8 50 24 4 0 16 51 7 19 
59 12 63 60 35 77 51 31 27 43 78 20 8 
63 8 67 64 39 81 55 35 31 47 82 24 12 
54 17 58 55 30 72 46 26 22 38 73 15 3 
1 70 5 2 23 19 7 27 31 15 20 38 50 
15 86 11 14 39 3 23 43 47 31 4 54 66 
14 57 18 15 10 32 6 14 18 2 33 25 37 

60 13 8 58 12 81 15 80 5 37 6 20 81 
48 1 20 46 24 69 3 68 7 25 18 8 69 
9 38 59 7 63 30 36 29 46 14 57 31 30 
15 62 83 17 87 6 60 5 70 38 81 55 6 
22 69 90 24 94 1 67 2 77 45 88 62 1 
60 13 8 58 12 81 15 80 5 37 6 20 81 
34 13 34 32 38 55 11 54 21 11 32 6 55 
61 14 7 59 11 82 16 81 6 38 5 21 82 
65 18 3 63 7 86 20 85 10 42 1 25 86 
56 9 12 54 16 77 11 76 1 33 10 16 77 
3 44 65 1 69 24 42 23 52 20 63 37 24 
13 60 81 15 85 8 58 7 68 36 79 53 8 
16 31 52 14 56 37 29 36 39 7 50 24 37 

47 55 1 38 16 14 15 3 40 10 12 47 24 
35 43 11 26 4 26 27 15 28 22 24 35 12 
4 4 50 13 35 65 66 54 11 61 63 4 27 
28 20 74 37 59 89 90 78 35 85 87 28 51 
35 27 81 44 66 96 97 85 42 92 94 35 58 
47 55 1 38 16 14 15 3 40 10 12 47 24 
21 29 25 12 10 40 41 29 14 36 38 21 2 
48 56 2 39 17 13 14 2 41 9 11 48 25 
52 60 6 43 21 9 10 2 45 5 7 52 29 
43 51 3 34 12 18 19 7 36 14 16 43 20 
10 2 56 19 41 71 72 60 17 67 69 10 33 
26 18 72 35 57 87 88 76 33 83 85 26 49 
3 11 43 6 28 58 59 47 4 54 56 3 20 

17 3 35 56 10 3 14 6 13 34 2 22 19 
5 9 23 44 22 9 26 6 25 22 10 10 7 
34 48 16 5 61 48 65 45 64 17 49 29 32 
58 72 40 19 85 72 89 69 88 41 73 53 56 
65 79 47 26 92 79 96 76 95 48 80 60 63 
17 3 35 56 10 3 14 6 13 34 2 22 19 
9 23 9 30 36 23 40 20 39 8 24 4 7 
18 4 36 57 9 4 13 7 12 35 3 23 20 
22 8 40 61 5 8 9 11 8 39 7 27 24 
13 1 31 52 14 1 18 2 17 30 2 18 15 
40 54 22 1 67 54 71 51 70 23 55 35 38 
56 70 38 17 83 70 87 67 86 39 71 51 54 
27 41 9 12 54 41 58 38 57 10 42 22 25 

42 2 30 13 69 26 13 64 68 40 70 81 11 
30 10 18 25 57 14 25 52 56 28 58 69 1 
9 49 21 64 18 25 64 13 17 11 19 30 40 
33 73 45 88 6 49 88 11 7 35 5 6 64 
40 80 52 95 13 56 95 18 14 42 12 1 71 
42 2 30 13 69 26 13 64 68 40 70 81 11 
16 24 4 39 43 0 39 38 42 14 44 55 15 
43 3 31 12 70 27 12 65 69 41 71 82 12 
47 7 35 8 74 31 8 69 73 45 75 86 16 
38 2 26 17 65 22 17 60 64 36 66 77 7 
15 55 27 70 12 31 70 7 11 17 13 24 46 
31 71 43 86 4 47 86 9 5 33 3 8 62 
2 42 14 57 25 18 57 20 24 4 26 37 33 

17 14 68 68 58 2 7 8 52 15 77 9 79 
29 26 56 56 46 10 19 20 40 3 65 21 67 
68 65 17 17 7 49 58 59 1 36 26 60 28 
92 89 7 7 17 73 82 83 23 60 2 84 4 
99 96 14 14 24 80 89 90 30 67 5 91 3 
17 14 68 68 58 2 7 8 52 15 77 9 79 
43 40 42 42 32 24 33 34 26 11 51 35 53 
16 13 69 69 59 3 6 7 53 16 78 8 80 
12 9 73 73 63 7 2 3 57 20 82 4 84 
21 18 64 64 54 2 11 12 48 11 73 13 75 
74 71 11 11 1 55 64 65 5 42 20 66 22 
90 87 5 5 15 71 80 81 21 58 4 82 6 
61 58 24 24 14 42 51 52 8 29 33 53 35 

18 8 82 37 42 13 69 72 31 46 79 7 13 
6 4 70 25 30 25 57 60 19 34 67 19 25 
33 43 31 14 9 64 18 21 20 5 28 58 64 
57 67 7 38 33 88 6 3 44 29 4 82 88 
64 74 0 45 40 95 13 10 51 36 3 89 95 
18 8 82 37 42 13 69 72 31 46 79 7 13 
8 18 56 11 16 39 43 46 5 20 53 33 39 
19 9 83 38 43 12 70 73 32 47 80 6 12 
23 13 87 42 47 8 74 77 36 51 84 2 8 
14 4 78 33 38 17 65 68 27 42 75 11 17 
39 49 25 20 15 70 12 15 26 11 22 64 70 
55 65 9 36 31 86 4 1 42 27 6 80 86 
26 36 38 7 2 57 25 28 13 2 35 51 57 

2 45 66 0 70 23 43 22 53 21 64 38 23 
73 26 5 71 1 94 28 93 18 50 7 33 94 
2 49 70 4 74 19 47 18 57 25 68 42 19 
1 46 67 1 71 22 44 21 54 22 65 39 22 
26 21 42 24 46 47 19 46 29 3 40 14 47 
16 63 84 18 88 5 61 4 71 39 82 56 5 
10 37 58 8 62 31 35 30 45 13 56 30 31 
30 17 38 28 42 51 15 50 25 7 36 10 51 
34 13 34 32 38 55 11 54 21 11 32 6 55 
18 29 50 16 54 39 27 38 37 5 48 22 39 
17 64 85 19 89 4 62 3 72 40 83 57 4 
41 6 27 39 31 62 4 61 14 18 25 1 62 
53 6 15 51 19 74 8 73 2 30 13 13 74 

11 3 57 20 42 72 73 61 18 68 70 11 34 
60 68 14 51 29 1 2 10 53 3 1 60 37 
15 7 61 24 46 76 77 65 22 72 74 15 38 
12 4 58 21 43 73 74 62 19 69 71 12 35 
13 21 33 4 18 48 49 37 6 44 46 13 10 
29 21 75 38 60 90 91 79 36 86 88 29 52 
3 5 49 12 34 64 65 53 10 60 62 3 26 
17 25 29 8 14 44 45 33 10 40 42 17 6 
21 29 25 12 10 40 41 29 14 36 38 21 2 
5 13 41 4 26 56 57 45 2 52 54 5 18 
30 22 76 39 61 91 92 80 37 87 89 30 53 
28 36 18 19 3 33 34 22 21 29 31 28 5 
40 48 6 31 9 21 22 10 33 17 19 40 17 

41 55 23 2 68 55 72 52 71 24 56 36 39 
30 16 48 69 3 16 1 19 0 47 15 35 32 
45 59 27 6 72 59 76 56 75 28 60 40 43 
42 56 24 3 69 56 73 53 72 25 57 37 40 
17 31 1 22 44 31 48 28 47 0 32 12 15 
59 73 41 20 86 73 90 70 89 42 74 54 57 
33 47 15 6 60 47 64 44 63 16 48 28 31 
13 27 5 26 40 27 44 24 43 4 28 8 11 
9 23 9 30 36 23 40 20 39 8 24 4 7 
25 39 7 14 52 39 56 36 55 8 40 20 23 
60 74 42 21 87 74 91 71 90 43 75 55 58 
2 16 16 37 29 16 33 13 32 15 17 3 0 
10 4 28 49 17 4 21 1 20 27 5 15 12 

16 56 28 71 11 32 71 6 10 18 12 23 47 
55 15 43 0 82 39 0 77 81 53 83 94 24 
20 60 32 75 7 36 75 2 6 22 8 19 51 
17 57 29 72 10 33 72 5 9 19 11 22 48 
8 32 4 47 35 8 47 30 34 6 36 47 23 
34 74 46 89 7 50 89 12 8 36 6 5 65 
8 48 20 63 19 24 63 14 18 10 20 31 39 
12 28 0 43 39 4 43 34 38 10 40 51 19 
16 24 4 39 43 0 39 38 42 14 44 55 15 
0 40 12 55 27 16 55 22 26 2 28 39 31 
35 75 47 90 8 51 90 13 9 37 7 4 66 
23 17 11 32 50 7 32 45 49 21 51 62 8 
35 5 23 20 62 19 20 57 61 33 63 74 4 

75 72 10 10 0 56 65 66 6 43 19 67 21 
4 1 81 81 71 15 6 5 65 28 90 4 92 
79 76 6 6 4 60 69 70 10 47 15 71 17 
76 73 9 9 1 57 66 67 7 44 18 68 20 
51 48 34 34 24 32 41 42 18 19 43 43 45 
93 90 8 8 18 74 83 84 24 61 1 85 3 
67 64 18 18 8 48 57 58 2 35 27 59 29 
47 44 38 38 28 28 37 38 22 15 47 39 49 
43 40 42 42 32 24 33 34 26 11 51 35 53 
59 56 26 26 16 40 49 50 10 27 35 51 37 
94 91 9 9 19 75 84 85 25 62 0 86 2 
36 33 49 49 39 17 26 27 33 4 58 28 60 
24 21 61 61 51 5 14 15 45 8 70 16 72 

40 50 24 21 16 71 11 14 27 12 21 65 71 
31 21 95 50 55 0 82 85 44 59 92 6 0 
44 54 20 25 20 75 7 10 31 16 17 69 75 
41 51 23 22 17 72 10 13 28 13 20 66 72 
16 26 48 3 8 47 35 38 3 12 45 41 47 
58 68 6 39 34 89 7 4 45 30 3 83 89 
32 42 32 13 8 63 19 22 19 4 29 57 63 
12 22 52 7 12 43 39 42 1 16 49 37 43 
8 18 56 11 16 39 43 46 5 20 53 33 39 
24 34 40 5 0 55 27 30 11 4 37 49 55 
59 69 5 40 35 90 8 5 46 31 2 84 90 
1 11 63 18 23 32 50 53 12 27 60 26 32 
11 1 75 30 35 20 62 65 24 39 72 14 20 

13 5 59 22 44 74 75 63 20 70 72 13 36 
34 42 12 25 3 27 28 16 27 23 25 34 11 
55 63 9 46 24 6 7 5 48 2 4 55 32 
11 3 57 20 42 72 73 61 18 68 70 11 34 
59 67 13 50 28 2 3 9 52 2 0 59 36 
34 26 80 43 65 95 96 84 41 91 93 34 57 
32 40 14 23 1 29 30 18 25 25 27 32 9 
33 25 79 42 64 94 95 83 40 90 92 33 56 
42 50 4 33 11 19 20 8 35 15 17 42 19 
10 18 36 1 21 51 52 40 3 47 49 10 13 
53 61 7 44 22 8 9 3 46 4 6 53 30 
27 35 19 18 4 34 35 23 20 30 32 27 4 
34 26 80 43 65 95 96 84 41 91 93 34 57 

43 57 25 4 70 57 74 54 73 26 58 38 41 
4 10 22 43 23 10 27 7 26 21 11 9 6 
25 11 43 64 2 11 6 14 5 42 10 30 27 
41 55 23 2 68 55 72 52 71 24 56 36 39 
29 15 47 68 2 15 2 18 1 46 14 34 31 
64 78 46 25 91 78 95 75 94 47 79 59 62 
2 12 20 41 25 12 29 9 28 19 13 7 4 
63 77 45 24 90 77 94 74 93 46 78 58 61 
12 2 30 51 15 2 19 1 18 29 3 17 14 
20 34 2 19 47 34 51 31 50 3 35 15 18 
23 9 41 62 4 9 8 12 7 40 8 28 25 
3 17 15 36 30 17 34 14 33 14 18 2 1 
64 78 46 25 91 78 95 75 94 47 79 59 62 

18 58 30 73 9 34 73 4 8 20 10 21 49 
29 11 17 26 56 13 26 51 55 27 57 68 2 
50 10 38 5 77 34 5 72 76 48 78 89 19 
16 56 28 71 11 32 71 6 10 18 12 23 47 
54 14 42 1 81 38 1 76 80 52 82 93 23 
39 79 51 94 12 55 94 17 13 41 11 0 70 
27 13 15 28 54 11 28 49 53 25 55 66 4 
38 78 50 93 11 54 93 16 12 40 10 1 69 
37 3 25 18 64 21 18 59 63 35 65 76 6 
5 35 7 50 32 11 50 27 31 3 33 44 26 
48 8 36 7 75 32 7 70 74 46 76 87 17 
22 18 10 33 49 6 33 44 48 20 50 61 9 
39 79 51 94 12 55 94 17 13 41 11 0 70 

77 74 8 8 2 58 67 68 8 45 17 69 19 
30 27 55 55 45 11 20 21 39 2 64 22 66 
9 6 76 76 66 10 1 0 60 23 85 1 87 
75 72 10 10 0 56 65 66 6 43 19 67 21 
5 2 80 80 70 14 5 4 64 27 89 3 91 
98 95 13 13 23 79 88 89 29 66 4 90 2 
32 29 53 53 43 13 22 23 37 0 62 24 64 
97 94 12 12 22 78 87 88 28 65 3 89 1 
22 19 63 63 53 3 12 13 47 10 72 14 74 
54 51 31 31 21 35 44 45 15 22 40 46 42 
11 8 74 74 64 8 1 2 58 21 83 3 85 
37 34 48 48 38 18 27 28 32 5 57 29 59 
98 95 13 13 23 79 88 89 29 66 4 90 2 

42 52 22 23 18 73 9 12 29 14 19 67 73 
5 5 69 24 29 26 56 59 18 33 66 20 26 
26 16 90 45 50 5 77 80 39 54 87 1 5 
40 50 24 21 16 71 11 14 27 12 21 65 71 
30 20 94 49 54 1 81 84 43 58 91 5 1 
63 73 1 44 39 94 12 9 50 35 2 88 94 
3 7 67 22 27 28 54 57 16 31 64 22 28 
62 72 2 43 38 93 11 8 49 34 1 87 93 
13 3 77 32 37 18 64 67 26 41 74 12 18 
19 29 45 0 5 50 32 35 6 9 42 44 50 
24 14 88 43 48 7 75 78 37 52 85 1 7 
2 12 62 17 22 33 49 52 11 26 59 27 33 
63 73 1 44 39 94 12 9 50 35 2 88 94 

30 44 12 9 57 44 61 41 60 13 45 25 28 
38 52 20 1 65 52 69 49 68 21 53 33 36 
16 2 34 55 11 2 15 5 14 33 1 21 18 
21 35 3 18 48 35 52 32 51 4 36 16 19 
1 13 19 40 26 13 30 10 29 18 14 6 3 
31 17 49 70 4 17 0 20 1 48 16 36 33 
32 18 50 71 5 18 1 21 2 49 17 37 34 
20 6 38 59 7 6 11 9 10 37 5 25 22 
23 37 5 16 50 37 54 34 53 6 38 18 21 
27 13 45 66 0 13 4 16 3 44 12 32 29 
29 15 47 68 2 15 2 18 1 46 14 34 31 
30 44 12 9 57 44 61 41 60 13 45 25 28 
7 21 11 32 34 21 38 18 37 10 22 2 5 

5 45 17 60 22 21 60 17 21 7 23 34 36 
13 53 25 68 14 29 68 9 13 15 15 26 44 
41 1 29 14 68 25 14 63 67 39 69 80 10 
4 36 8 51 31 12 51 26 30 2 32 43 27 
26 14 14 29 53 10 29 48 52 24 54 65 5 
56 16 44 1 83 40 1 78 82 54 84 95 25 
57 17 45 2 84 41 2 79 83 55 85 96 26 
45 5 33 10 72 29 10 67 71 43 73 84 14 
2 38 10 53 29 14 53 24 28 0 30 41 29 
52 12 40 3 79 36 3 74 78 50 80 91 21 
54 14 42 1 81 38 1 76 80 52 82 93 23 
5 45 17 60 22 21 60 17 21 7 23 34 36 
18 22 6 37 45 2 37 40 44 16 46 57 13 

64 61 21 21 11 45 54 55 5 32 30 56 32 
72 69 13 13 3 53 62 63 3 40 22 64 24 
18 15 67 67 57 1 8 9 51 14 76 10 78 
55 52 30 30 20 36 45 46 14 23 39 47 41 
33 30 52 52 42 14 23 24 36 1 61 25 63 
3 0 82 82 72 16 7 6 66 29 91 5 93 
2 1 83 83 73 17 8 7 67 30 92 6 94 
14 11 71 71 61 5 4 5 55 18 80 6 82 
57 54 28 28 18 38 47 48 12 25 37 49 39 
7 4 78 78 68 12 3 2 62 25 87 1 89 
5 2 80 80 70 14 5 4 64 27 89 3 91 
64 61 21 21 11 45 54 55 5 32 30 56 32 
41 38 44 44 34 22 31 32 28 9 53 33 55 

29 39 35 10 5 60 22 25 16 1 32 54 60 
37 47 27 18 13 68 14 17 24 9 24 62 68 
17 7 81 36 41 14 68 71 30 45 78 8 14 
20 30 44 1 4 51 31 34 7 8 41 45 51 
2 8 66 21 26 29 53 56 15 30 63 23 29 
32 22 96 51 56 1 83 86 45 60 93 7 1 
33 23 97 52 57 2 84 87 46 61 94 8 2 
21 11 85 40 45 10 72 75 34 49 82 4 10 
22 32 42 3 2 53 29 32 9 6 39 47 53 
28 18 92 47 52 3 79 82 41 56 89 3 3 
30 20 94 49 54 1 81 84 43 58 91 5 1 
29 39 35 10 5 60 22 25 16 1 32 54 60 
6 16 58 13 18 37 45 48 7 22 55 31 37 

25 15 13 30 52 9 30 47 51 23 53 64 6 
39 1 27 16 66 23 16 61 65 37 67 78 8 
7 33 5 48 34 9 48 29 33 5 35 46 24 
14 54 26 69 13 30 69 8 12 16 14 25 45 
52 12 40 3 79 36 3 74 78 50 80 91 21 
39 1 27 16 66 23 16 61 65 37 67 78 8 
56 16 44 1 83 40 1 78 82 54 84 95 25 
36 4 24 19 63 20 19 58 62 34 64 75 5 
55 15 43 0 82 39 0 77 81 53 83 94 24 
8 32 4 47 35 8 47 30 34 6 36 47 23 
40 0 28 15 67 24 15 62 66 38 68 79 9 
20 20 8 35 47 4 35 42 46 18 48 59 11 
23 17 11 32 50 7 32 45 49 21 51 62 8 

34 31 51 51 41 15 24 25 35 2 60 26 62 
20 17 65 65 55 1 10 11 49 12 74 12 76 
52 49 33 33 23 33 42 43 17 20 42 44 44 
73 70 12 12 2 54 63 64 4 41 21 65 23 
7 4 78 78 68 12 3 2 62 25 87 1 89 
20 17 65 65 55 1 10 11 49 12 74 12 76 
3 0 82 82 72 16 7 6 66 29 91 5 93 
23 20 62 62 52 4 13 14 46 9 71 15 73 
4 1 81 81 71 15 6 5 65 28 90 4 92 
51 48 34 34 24 32 41 42 18 19 43 43 45 
19 16 66 66 56 0 9 10 50 13 75 11 77 
39 36 46 46 36 20 29 30 30 7 55 31 57 
36 33 49 49 39 17 26 27 33 4 58 28 60 

1 9 65 20 25 30 52 55 14 29 62 24 30 
15 5 79 34 39 16 66 69 28 43 76 10 16 
17 27 47 2 7 48 34 37 4 11 44 42 48 
38 48 26 19 14 69 13 16 25 10 23 63 69 
28 18 92 47 52 3 79 82 41 56 89 3 3 
15 5 79 34 39 16 66 69 28 43 76 10 16 
32 22 96 51 56 1 83 86 45 60 93 7 1 
12 2 76 31 36 19 63 66 25 40 73 13 19 
31 21 95 50 55 0 82 85 44 59 92 6 0 
16 26 48 3 8 47 35 38 3 12 45 41 47 
16 6 80 35 40 15 67 70 29 44 77 9 15 
4 14 60 15 20 35 47 50 9 24 57 29 35 
1 11 63 18 23 32 50 53 12 27 60 26 32 

59 56 26 26 16 40 49 50 10 27 35 51 37 
19 16 66 66 56 0 9 10 50 13 75 11 77 
47 44 38 38 28 28 37 38 22 15 47 39 49 
4 1 81 81 71 15 6 5 65 28 90 4 92 
86 83 1 1 11 67 76 77 17 54 8 78 10 
43 40 42 42 32 24 33 34 26 11 51 35 53 
4 1 81 81 71 15 6 5 65 28 90 4 92 
81 78 4 4 6 62 71 72 12 49 13 73 15 
85 82 0 0 10 66 75 76 16 53 9 77 11 
57 54 28 28 18 38 47 48 12 25 37 49 39 
87 84 2 2 12 68 77 78 18 55 7 79 9 
98 95 13 13 23 79 88 89 29 66 4 90 2 
28 25 57 57 47 9 18 19 41 4 66 20 68 

24 34 40 5 0 55 27 30 11 4 37 49 55 
16 6 80 35 40 15 67 70 29 44 77 9 15 
12 22 52 7 12 43 39 42 1 16 49 37 43 
31 21 95 50 55 0 82 85 44 59 92 6 0 
51 61 13 32 27 82 0 3 38 23 10 76 82 
8 18 56 11 16 39 43 46 5 20 53 33 39 
31 21 95 50 55 0 82 85 44 59 92 6 0 
46 56 18 27 22 77 5 8 33 18 15 71 77 
50 60 14 31 26 81 1 4 37 22 11 75 81 
22 32 42 3 2 53 29 32 9 6 39 47 53 
52 62 12 33 28 83 1 2 39 24 9 77 83 
63 73 1 44 39 94 12 9 50 35 2 88 94 
7 3 71 26 31 24 58 61 20 35 68 18 24 

35 25 99 54 59 4 86 89 48 63 96 10 4 
32 22 96 51 56 1 83 86 45 60 93 7 1 
50 60 14 31 26 81 1 4 37 22 11 75 81 
50 60 14 31 26 81 1 4 37 22 11 75 81 
40 50 24 21 16 71 11 14 27 12 21 65 71 
16 6 80 35 40 15 67 70 29 44 77 9 15 
25 15 89 44 49 6 76 79 38 53 86 0 6 
26 16 90 45 50 5 77 80 39 54 87 1 5 
34 44 30 15 10 65 17 20 21 6 27 59 65 
3 7 67 22 27 28 54 57 16 31 64 22 28 
59 69 5 40 35 90 8 5 46 31 2 84 90 
27 17 91 46 51 4 78 81 40 55 88 2 4 
61 71 3 42 37 92 10 7 48 33 0 86 92 

