13 19 

67 30 57 60 1 47 84 28 2 4 25 8 3 
52 15 42 45 16 32 69 13 13 11 10 23 18 
47 10 37 40 21 27 64 8 18 16 5 28 23 
27 10 17 20 41 7 44 12 38 36 15 48 43 
72 35 62 65 4 52 89 33 7 9 30 3 2 
75 38 65 68 7 55 92 36 10 12 33 0 5 
7 30 3 0 61 13 24 32 58 56 35 68 63 
2 35 8 5 66 18 19 37 63 61 40 73 68 
80 43 70 73 12 60 97 41 15 17 38 5 10 
51 14 41 44 17 31 68 12 14 12 9 24 19 
53 16 43 46 15 33 70 14 12 10 11 22 17 
58 21 48 51 10 38 75 19 7 5 16 17 12 
69 32 59 62 1 49 86 30 4 6 27 6 1 

38 2 6 69 22 17 39 21 51 85 7 77 48 
23 13 9 54 7 2 24 6 36 70 22 62 33 
18 18 14 49 2 3 19 1 31 65 27 57 28 
2 38 34 29 18 23 1 19 11 45 47 37 8 
43 7 11 74 27 22 44 26 56 90 2 82 53 
46 10 14 77 30 25 47 29 59 93 1 85 56 
22 58 54 9 38 43 21 39 9 25 67 17 12 
27 63 59 4 43 48 26 44 14 20 72 12 17 
51 15 19 82 35 30 52 34 64 98 6 90 61 
22 14 10 53 6 1 23 5 35 69 23 61 32 
24 12 8 55 8 3 25 7 37 71 21 63 34 
29 7 3 60 13 8 30 12 42 76 16 68 39 
40 4 8 71 24 19 41 23 53 87 5 79 50 

23 3 75 43 5 8 85 39 13 62 81 54 8 
8 12 60 28 10 7 70 24 28 47 66 39 7 
3 17 55 23 15 12 65 19 33 42 61 34 12 
17 37 35 3 35 32 45 1 53 22 41 14 32 
28 8 80 48 10 13 90 44 8 67 86 59 13 
31 11 83 51 13 16 93 47 5 70 89 62 16 
37 57 15 17 55 52 25 21 73 2 21 6 52 
42 62 10 22 60 57 20 26 78 3 16 11 57 
36 16 88 56 18 21 98 52 0 75 94 67 21 
7 13 59 27 11 8 69 23 29 46 65 38 8 
9 11 61 29 9 6 71 25 27 48 67 40 6 
14 6 66 34 4 1 76 30 22 53 72 45 1 
25 5 77 45 7 10 87 41 11 64 83 56 10 

8 45 27 81 71 20 50 74 13 70 45 26 50 
7 30 12 66 56 5 35 59 28 55 30 11 35 
12 25 7 61 51 0 30 54 33 50 25 6 30 
32 5 13 41 31 20 10 34 53 30 5 14 10 
13 50 32 86 76 25 55 79 8 75 50 31 55 
16 53 35 89 79 28 58 82 5 78 53 34 58 
52 15 33 21 11 40 10 14 73 10 15 34 10 
57 20 38 16 6 45 15 9 78 5 20 39 15 
21 58 40 94 84 33 63 87 0 83 58 39 63 
8 29 11 65 55 4 34 58 29 54 29 10 34 
6 31 13 67 57 6 36 60 27 56 31 12 36 
1 36 18 72 62 11 41 65 22 61 36 17 41 
10 47 29 83 73 22 52 76 11 72 47 28 52 

70 56 9 82 22 85 4 63 74 54 32 29 60 
55 41 6 67 7 70 19 48 59 39 17 14 45 
50 36 11 62 2 65 24 43 54 34 12 9 40 
30 16 31 42 18 45 44 23 34 14 8 11 20 
75 61 14 87 27 90 1 68 79 59 37 34 65 
78 64 17 90 30 93 4 71 82 62 40 37 68 
10 4 51 22 38 25 64 3 14 6 28 31 0 
5 9 56 17 43 20 69 2 9 11 33 36 5 
83 69 22 95 35 98 9 76 87 67 45 42 73 
54 40 7 66 6 69 20 47 58 38 16 13 44 
56 42 5 68 8 71 18 49 60 40 18 15 46 
61 47 0 73 13 76 13 54 65 45 23 20 51 
72 58 11 84 24 87 2 65 76 56 34 31 62 

40 67 24 48 66 33 24 5 48 30 51 6 1 
25 52 9 33 51 18 9 10 33 15 36 21 16 
20 47 4 28 46 13 4 15 28 10 31 26 21 
0 27 16 8 26 7 16 35 8 10 11 46 41 
45 72 29 53 71 38 29 10 53 35 56 1 4 
48 75 32 56 74 41 32 13 56 38 59 2 7 
20 7 36 12 6 27 36 55 12 30 9 66 61 
25 2 41 17 1 32 41 60 17 35 14 71 66 
53 80 37 61 79 46 37 18 61 43 64 7 12 
24 51 8 32 50 17 8 11 32 14 35 22 17 
26 53 10 34 52 19 10 9 34 16 37 20 15 
31 58 15 39 57 24 15 4 39 21 42 15 10 
42 69 26 50 68 35 26 7 50 32 53 4 1 

53 45 4 21 82 66 71 4 60 17 52 73 42 
38 30 11 6 67 51 56 11 45 2 37 58 27 
33 25 16 1 62 46 51 16 40 3 32 53 22 
13 5 36 19 42 26 31 36 20 23 12 33 2 
58 50 9 26 87 71 76 9 65 22 57 78 47 
61 53 12 29 90 74 79 12 68 25 60 81 50 
7 15 56 39 22 6 11 56 0 43 8 13 18 
12 20 61 44 17 1 6 61 5 48 13 8 23 
66 58 17 34 95 79 84 17 73 30 65 86 55 
37 29 12 5 66 50 55 12 44 1 36 57 26 
39 31 10 7 68 52 57 10 46 3 38 59 28 
44 36 5 12 73 57 62 5 51 8 43 64 33 
55 47 6 23 84 68 73 6 62 19 54 75 44 

35 23 52 27 34 1 3 81 78 27 71 14 12 
20 8 37 12 19 14 18 66 63 12 56 29 27 
15 3 32 7 14 19 23 61 58 7 51 34 32 
5 17 12 13 6 39 43 41 38 13 31 54 52 
40 28 57 32 39 6 2 86 83 32 76 9 7 
43 31 60 35 42 9 5 89 86 35 79 6 4 
25 37 8 33 26 59 63 21 18 33 11 74 72 
30 42 13 38 31 64 68 16 13 38 6 79 77 
48 36 65 40 47 14 10 94 91 40 84 1 1 
19 7 36 11 18 15 19 65 62 11 55 30 28 
21 9 38 13 20 13 17 67 64 13 57 28 26 
26 14 43 18 25 8 12 72 69 18 62 23 21 
37 25 54 29 36 3 1 83 80 29 73 12 10 

60 83 71 76 57 73 9 6 84 29 83 21 70 
45 68 56 61 42 58 24 9 69 14 68 6 55 
40 63 51 56 37 53 29 14 64 9 63 1 50 
20 43 31 36 17 33 49 34 44 11 43 19 30 
65 88 76 81 62 78 4 11 89 34 88 26 75 
68 91 79 84 65 81 1 14 92 37 91 29 78 
0 23 11 16 3 13 69 54 24 31 23 39 10 
5 18 6 11 8 8 74 59 19 36 18 44 5 
73 96 84 89 70 86 4 19 97 42 96 34 83 
44 67 55 60 41 57 25 10 68 13 67 5 54 
46 69 57 62 43 59 23 8 70 15 69 7 56 
51 74 62 67 48 64 18 3 75 20 74 12 61 
62 85 73 78 59 75 7 8 86 31 85 23 72 

3 10 25 7 62 14 33 66 58 23 54 15 22 
18 5 10 8 47 1 18 51 43 8 39 0 7 
23 10 5 13 42 6 13 46 38 3 34 5 2 
43 30 15 33 22 26 7 26 18 17 14 25 18 
2 15 30 12 67 19 38 71 63 28 59 20 27 
5 18 33 15 70 22 41 74 66 31 62 23 30 
63 50 35 53 2 46 27 6 2 37 6 45 38 
68 55 40 58 3 51 32 1 7 42 11 50 43 
10 23 38 20 75 27 46 79 71 36 67 28 35 
19 6 9 9 46 2 17 50 42 7 38 1 6 
17 4 11 7 48 0 19 52 44 9 40 1 8 
12 1 16 2 53 5 24 57 49 14 45 6 13 
1 12 27 9 64 16 35 68 60 25 56 17 24 

71 1 62 29 51 11 50 26 56 27 10 14 29 
56 14 47 14 36 4 35 11 41 12 25 29 14 
51 19 42 9 31 9 30 6 36 7 30 34 9 
31 39 22 11 11 29 10 14 16 13 50 54 11 
76 6 67 34 56 16 55 31 61 32 5 9 34 
79 9 70 37 59 19 58 34 64 35 2 6 37 
11 59 2 31 9 49 10 34 4 33 70 74 31 
6 64 3 36 14 54 15 39 9 38 75 79 36 
84 14 75 42 64 24 63 39 69 40 3 1 42 
55 15 46 13 35 5 34 10 40 11 26 30 13 
57 13 48 15 37 3 36 12 42 13 24 28 15 
62 8 53 20 42 2 41 17 47 18 19 23 20 
73 3 64 31 53 13 52 28 58 29 8 12 31 

81 74 69 34 68 45 42 73 1 8 20 42 3 
66 59 54 19 53 30 27 58 16 7 5 27 18 
61 54 49 14 48 25 22 53 21 12 0 22 23 
41 34 29 6 28 5 2 33 41 32 20 2 43 
86 79 74 39 73 50 47 78 4 13 25 47 2 
89 82 77 42 76 53 50 81 7 16 28 50 5 
21 14 9 26 8 15 18 13 61 52 40 18 63 
16 9 4 31 3 20 23 8 66 57 45 23 68 
94 87 82 47 81 58 55 86 12 21 33 55 10 
65 58 53 18 52 29 26 57 17 8 4 26 19 
67 60 55 20 54 31 28 59 15 6 6 28 17 
72 65 60 25 59 36 33 64 10 1 11 33 12 
83 76 71 36 70 47 44 75 1 10 22 44 1 

46 5 55 4 30 47 12 42 4 44 17 31 38 
31 20 40 19 15 32 27 27 19 29 2 16 23 
26 25 35 24 10 27 32 22 24 24 3 11 18 
6 45 15 44 10 7 52 2 44 4 23 9 2 
51 0 60 1 35 52 7 47 1 49 22 36 43 
54 3 63 4 38 55 4 50 4 52 25 39 46 
14 65 5 64 30 13 72 18 64 16 43 29 22 
19 70 10 69 35 18 77 23 69 21 48 34 27 
59 8 68 9 43 60 1 55 9 57 30 44 51 
30 21 39 20 14 31 28 26 20 28 1 15 22 
32 19 41 18 16 33 26 28 18 30 3 17 24 
37 14 46 13 21 38 21 33 13 35 8 22 29 
48 3 57 2 32 49 10 44 2 46 19 33 40 

5 32 31 83 10 6 32 60 36 84 32 60 20 
20 17 16 68 25 9 17 45 21 69 17 45 5 
25 12 11 63 30 14 12 40 16 64 12 40 0 
45 8 9 43 50 34 8 20 4 44 8 20 20 
0 37 36 88 5 11 37 65 41 89 37 65 25 
3 40 39 91 2 14 40 68 44 92 40 68 28 
65 28 29 23 70 54 28 0 24 24 28 0 40 
70 33 34 18 75 59 33 5 29 19 33 5 45 
8 45 44 96 3 19 45 73 49 97 45 73 33 
21 16 15 67 26 10 16 44 20 68 16 44 4 
19 18 17 69 24 8 18 46 22 70 18 46 6 
14 23 22 74 19 3 23 51 27 75 23 51 11 
3 34 33 85 8 8 34 62 38 86 34 62 22 

39 19 84 35 1 55 13 71 12 83 49 59 6 
24 4 69 20 16 40 2 56 3 68 34 44 9 
19 1 64 15 21 35 7 51 8 63 29 39 14 
1 21 44 5 41 15 27 31 28 43 9 19 34 
44 24 89 40 4 60 18 76 17 88 54 64 11 
47 27 92 43 7 63 21 79 20 91 57 67 14 
21 41 24 25 61 5 47 11 48 23 11 1 54 
26 46 19 30 66 10 52 6 53 18 16 6 59 
52 32 97 48 12 68 26 84 25 96 62 72 19 
23 3 68 19 17 39 3 55 4 67 33 43 10 
25 5 70 21 15 41 1 57 2 69 35 45 8 
30 10 75 26 10 46 4 62 3 74 40 50 3 
41 21 86 37 1 57 15 73 14 85 51 61 8 

20 37 11 76 55 46 53 72 47 5 8 59 51 
5 22 26 61 40 31 38 57 32 20 23 44 36 
0 17 31 56 35 26 33 52 27 25 28 39 31 
20 3 51 36 15 6 13 32 7 45 48 19 11 
25 42 6 81 60 51 58 77 52 0 3 64 56 
28 45 3 84 63 54 61 80 55 3 0 67 59 
40 23 71 16 5 14 7 12 13 65 68 1 9 
45 28 76 11 10 19 12 7 18 70 73 6 14 
33 50 2 89 68 59 66 85 60 8 5 72 64 
4 21 27 60 39 30 37 56 31 21 24 43 35 
6 23 25 62 41 32 39 58 33 19 22 45 37 
11 28 20 67 46 37 44 63 38 14 17 50 42 
22 39 9 78 57 48 55 74 49 3 6 61 53 

3 62 78 22 1 37 2 55 49 9 5 48 80 
12 47 63 7 14 22 13 40 34 24 20 33 65 
17 42 58 2 19 17 18 35 29 29 25 28 60 
37 22 38 18 39 3 38 15 9 49 45 8 40 
8 67 83 27 6 42 7 60 54 4 0 53 85 
11 70 86 30 9 45 10 63 57 1 3 56 88 
57 2 18 38 59 23 58 5 11 69 65 12 20 
62 3 13 43 64 28 63 10 16 74 70 17 15 
16 75 91 35 14 50 15 68 62 4 8 61 93 
13 46 62 6 15 21 14 39 33 25 21 32 64 
11 48 64 8 13 23 12 41 35 23 19 34 66 
6 53 69 13 8 28 7 46 40 18 14 39 71 
5 64 80 24 3 39 4 57 51 7 3 50 82 

33 20 23 46 69 39 29 69 5 81 10 71 10 
18 5 8 31 54 24 14 54 10 66 25 56 5 
13 0 3 26 49 19 9 49 15 61 30 51 10 
7 20 17 6 29 1 11 29 35 41 50 31 30 
38 25 28 51 74 44 34 74 10 86 5 76 15 
41 28 31 54 77 47 37 77 13 89 2 79 18 
27 40 37 14 9 21 31 9 55 21 70 11 50 
32 45 42 19 4 26 36 4 60 16 75 6 55 
46 33 36 59 82 52 42 82 18 94 3 84 23 
17 4 7 30 53 23 13 53 11 65 26 55 6 
19 6 9 32 55 25 15 55 9 67 24 57 4 
24 11 14 37 60 30 20 60 4 72 19 62 1 
35 22 25 48 71 41 31 71 7 83 8 73 12 

29 65 61 2 45 50 28 46 16 18 74 10 19 
8 28 24 39 8 13 9 9 21 55 37 47 18 
19 55 51 12 35 40 18 36 6 28 64 20 9 
22 58 54 9 38 43 21 39 9 25 67 17 12 
39 3 7 70 23 18 40 22 52 86 6 78 49 
9 45 41 22 25 30 8 26 4 38 54 30 1 
46 82 78 15 62 67 45 63 33 1 91 7 36 
10 26 22 41 6 11 11 7 23 57 35 49 20 
36 0 4 67 20 15 37 19 49 83 9 75 46 
34 2 2 65 18 13 35 17 47 81 11 73 44 
13 23 19 44 3 8 14 4 26 60 32 52 23 
46 10 14 77 30 25 47 29 59 93 1 85 56 
41 5 9 72 25 20 42 24 54 88 4 80 51 

44 64 8 24 62 59 18 28 80 5 14 13 59 
7 27 45 13 25 22 55 9 43 32 51 24 22 
34 54 18 14 52 49 28 18 70 5 24 3 49 
37 57 15 17 55 52 25 21 73 2 21 6 52 
24 4 76 44 6 9 86 40 12 63 82 55 9 
24 44 28 4 42 39 38 8 60 15 34 7 39 
61 81 9 41 79 76 1 45 97 22 3 30 76 
5 25 47 15 23 20 57 11 41 34 53 26 20 
21 1 73 41 3 6 83 37 15 60 79 52 6 
19 1 71 39 1 4 81 35 17 58 77 50 4 
2 22 50 18 20 17 60 14 38 37 56 29 17 
31 11 83 51 13 16 93 47 5 70 89 62 16 
26 6 78 46 8 11 88 42 10 65 84 57 11 

59 22 40 14 4 47 17 7 80 3 22 41 17 
22 15 3 51 41 10 20 44 43 40 15 4 20 
49 12 30 24 14 37 7 17 70 13 12 31 7 
52 15 33 21 11 40 10 14 73 10 15 34 10 
9 46 28 82 72 21 51 75 12 71 46 27 51 
39 2 20 34 24 27 3 27 60 23 2 21 3 
76 39 57 3 13 64 34 10 97 14 39 58 34 
20 17 1 53 43 8 22 46 41 42 17 2 22 
6 43 25 79 69 18 48 72 15 68 43 24 48 
4 41 23 77 67 16 46 70 17 66 41 22 46 
17 20 2 56 46 5 25 49 38 45 20 1 25 
16 53 35 89 79 28 58 82 5 78 53 34 58 
11 48 30 84 74 23 53 77 10 73 48 29 53 

3 11 58 15 45 18 71 4 7 13 35 38 7 
40 26 21 52 8 55 34 33 44 24 2 1 30 
13 1 48 25 35 28 61 6 17 3 25 28 3 
10 4 51 22 38 25 64 3 14 6 28 31 0 
71 57 10 83 23 86 3 64 75 55 33 30 61 
23 9 38 35 25 38 51 16 27 7 15 18 13 
14 28 75 2 62 1 88 21 10 30 52 55 24 
42 28 19 54 6 57 32 35 46 26 4 1 32 
68 54 7 80 20 83 6 61 72 52 30 27 58 
66 52 5 78 18 81 8 59 70 50 28 25 56 
45 31 16 57 3 60 29 38 49 29 7 4 35 
78 64 17 90 30 93 4 71 82 62 40 37 68 
73 59 12 85 25 88 1 66 77 57 35 32 63 

27 0 43 19 1 34 43 62 19 37 16 73 68 
10 37 6 18 36 3 6 25 18 0 21 36 31 
17 10 33 9 9 24 33 52 9 27 6 63 58 
20 7 36 12 6 27 36 55 12 30 9 66 61 
41 68 25 49 67 34 25 6 49 31 52 5 0 
7 20 23 1 19 14 23 42 1 17 4 53 48 
44 17 60 36 18 51 60 79 36 54 33 90 85 
12 39 4 20 38 5 4 23 20 2 23 34 29 
38 65 22 46 64 31 22 3 46 28 49 8 3 
36 63 20 44 62 29 20 1 44 26 47 10 5 
15 42 1 23 41 8 1 20 23 5 26 31 26 
48 75 32 56 74 41 32 13 56 38 59 2 7 
43 70 27 51 69 36 27 8 51 33 54 3 2 

14 22 63 46 15 1 4 63 7 50 15 6 25 
23 15 26 9 52 36 41 26 30 13 22 43 12 
4 12 53 36 25 9 14 53 3 40 5 16 15 
7 15 56 39 22 6 11 56 0 43 8 13 18 
54 46 5 22 83 67 72 5 61 18 53 74 43 
6 2 43 26 35 19 24 43 13 30 5 26 5 
31 39 80 63 2 18 13 80 24 67 32 11 42 
25 17 24 7 54 38 43 24 32 11 24 45 14 
51 43 2 19 80 64 69 2 58 15 50 71 40 
49 41 0 17 78 62 67 0 56 13 48 69 38 
28 20 21 4 57 41 46 21 35 8 27 48 17 
61 53 12 29 90 74 79 12 68 25 60 81 50 
56 48 7 24 85 69 74 7 63 20 55 76 45 

32 44 15 40 33 66 70 14 11 40 4 81 79 
5 7 22 3 4 29 33 51 48 3 41 44 42 
22 34 5 30 23 56 60 24 21 30 14 71 69 
25 37 8 33 26 59 63 21 18 33 11 74 72 
36 24 53 28 35 2 2 82 79 28 72 13 11 
12 24 5 20 13 46 50 34 31 20 24 61 59 
49 61 32 57 50 83 87 3 6 57 13 98 96 
7 5 24 1 6 27 31 53 50 1 43 42 40 
33 21 50 25 32 1 5 79 76 25 69 16 14 
31 19 48 23 30 3 7 77 74 23 67 18 16 
10 2 27 2 9 24 28 56 53 2 46 39 37 
43 31 60 35 42 9 5 89 86 35 79 6 4 
38 26 55 30 37 4 0 84 81 30 74 11 9 

7 16 4 9 10 6 76 61 17 38 16 46 3 
30 53 41 46 27 43 39 24 54 1 53 9 40 
3 26 14 19 0 16 66 51 27 28 26 36 13 
0 23 11 16 3 13 69 54 24 31 23 39 10 
61 84 72 77 58 74 8 7 85 30 84 22 71 
13 36 24 29 10 26 56 41 37 18 36 26 23 
24 1 13 8 27 11 93 78 0 55 1 63 14 
32 55 43 48 29 45 37 22 56 1 55 7 42 
58 81 69 74 55 71 11 4 82 27 81 19 68 
56 79 67 72 53 69 13 2 80 25 79 17 66 
35 58 46 51 32 48 34 19 59 4 58 4 45 
68 91 79 84 65 81 1 14 92 37 91 29 78 
63 86 74 79 60 76 6 9 87 32 86 24 73 

70 57 42 60 5 53 34 1 9 44 13 52 45 
33 20 5 23 32 16 3 36 28 7 24 15 8 
60 47 32 50 5 43 24 9 1 34 3 42 35 
63 50 35 53 2 46 27 6 2 37 6 45 38 
2 11 26 8 63 15 34 67 59 24 55 16 23 
50 37 22 40 15 33 14 19 11 24 7 32 25 
87 74 59 77 22 70 51 18 26 61 30 69 62 
31 18 3 21 34 14 5 38 30 5 26 13 6 
5 8 23 5 60 12 31 64 56 21 52 13 20 
7 6 21 3 58 10 29 62 54 19 50 11 18 
28 15 0 18 37 11 8 41 33 2 29 10 3 
5 18 33 15 70 22 41 74 66 31 62 23 30 
0 13 28 10 65 17 36 69 61 26 57 18 25 

4 66 5 38 16 56 17 41 11 40 77 81 38 
41 29 32 1 21 19 20 4 26 3 40 44 1 
14 56 5 28 6 46 7 31 1 30 67 71 28 
11 59 2 31 9 49 10 34 4 33 70 74 31 
72 2 63 30 52 12 51 27 57 28 9 13 30 
24 46 15 18 4 36 3 21 9 20 57 61 18 
13 83 22 55 33 73 34 58 28 57 94 98 55 
43 27 34 1 23 17 22 2 28 1 38 42 1 
69 1 60 27 49 9 48 24 54 25 12 16 27 
67 3 58 25 47 7 46 22 52 23 14 18 25 
46 24 37 4 26 14 25 1 31 2 35 39 4 
79 9 70 37 59 19 58 34 64 35 2 6 37 
74 4 65 32 54 14 53 29 59 30 7 11 32 

14 7 2 33 1 22 25 6 68 59 47 25 70 
51 44 39 4 38 15 12 43 31 22 10 12 33 
24 17 12 23 11 12 15 16 58 49 37 15 60 
21 14 9 26 8 15 18 13 61 52 40 18 63 
82 75 70 35 69 46 43 74 0 9 21 43 2 
34 27 22 13 21 2 5 26 48 39 27 5 50 
3 10 15 50 16 39 42 11 85 76 64 42 87 
53 46 41 6 40 17 14 45 29 20 8 14 31 
79 72 67 32 66 43 40 71 3 6 18 40 5 
77 70 65 30 64 41 38 69 5 4 16 38 7 
56 49 44 9 43 20 17 48 26 17 5 17 28 
89 82 77 42 76 53 50 81 7 16 28 50 5 
84 77 72 37 71 48 45 76 2 11 23 45 0 

21 72 12 71 37 20 79 25 71 23 50 36 29 
16 35 25 34 0 17 42 12 34 14 13 1 8 
11 62 2 61 27 10 69 15 61 13 40 26 19 
14 65 5 64 30 13 72 18 64 16 43 29 22 
47 4 56 3 31 48 11 43 3 45 18 32 39 
1 52 8 51 17 0 59 5 51 3 30 16 9 
38 89 29 88 54 37 96 42 88 40 67 53 46 
18 33 27 32 2 19 40 14 32 16 11 3 10 
44 7 53 6 28 45 14 40 6 42 15 29 36 
42 9 51 8 26 43 16 38 8 40 13 27 34 
21 30 30 29 5 22 37 17 29 19 8 6 13 
54 3 63 4 38 55 4 50 4 52 25 39 46 
49 2 58 1 33 50 9 45 1 47 20 34 41 

72 35 36 16 77 61 35 7 31 17 35 7 47 
35 2 1 53 40 24 2 30 6 54 2 30 10 
62 25 26 26 67 51 25 3 21 27 25 3 37 
65 28 29 23 70 54 28 0 24 24 28 0 40 
4 33 32 84 9 7 33 61 37 85 33 61 21 
52 15 16 36 57 41 15 13 11 37 15 13 27 
89 52 53 1 94 78 52 24 48 0 52 24 64 
33 4 3 55 38 22 4 32 8 56 4 32 8 
7 30 29 81 12 4 30 58 34 82 30 58 18 
9 28 27 79 14 2 28 56 32 80 28 56 16 
30 7 6 58 35 19 7 35 11 59 7 35 5 
3 40 39 91 2 14 40 68 44 92 40 68 28 
2 35 34 86 7 9 35 63 39 87 35 63 23 

28 48 17 32 68 12 54 4 55 16 18 8 61 
9 11 54 5 31 25 17 41 18 53 19 29 24 
18 38 27 22 58 2 44 14 45 26 8 2 51 
21 41 24 25 61 5 47 11 48 23 11 1 54 
40 20 85 36 0 56 14 72 13 84 50 60 7 
8 28 37 12 48 8 34 24 35 36 2 12 41 
45 65 0 49 85 29 71 13 72 1 35 25 78 
11 9 56 7 29 27 15 43 16 55 21 31 22 
37 17 82 33 3 53 11 69 10 81 47 57 4 
35 15 80 31 5 51 9 67 8 79 45 55 2 
14 6 59 10 26 30 12 46 13 58 24 34 19 
47 27 92 43 7 63 21 79 20 91 57 67 14 
42 22 87 38 2 58 16 74 15 86 52 62 9 

47 30 78 9 12 21 14 5 20 72 75 8 16 
10 7 41 46 25 16 23 42 17 35 38 29 21 
37 20 68 19 2 11 4 15 10 62 65 2 6 
40 23 71 16 5 14 7 12 13 65 68 1 9 
21 38 10 77 56 47 54 73 48 4 7 60 52 
27 10 58 29 8 1 6 25 0 52 55 12 4 
64 47 95 8 29 38 31 12 37 89 92 25 33 
8 9 39 48 27 18 25 44 19 33 36 31 23 
18 35 13 74 53 44 51 70 45 7 10 57 49 
16 33 15 72 51 42 49 68 43 9 12 55 47 
5 12 36 51 30 21 28 47 22 30 33 34 26 
28 45 3 84 63 54 61 80 55 3 0 67 59 
23 40 8 79 58 49 56 75 50 2 5 62 54 

64 5 11 45 66 30 65 12 18 76 72 19 13 
27 32 48 8 29 7 28 25 19 39 35 18 50 
54 5 21 35 56 20 55 2 8 66 62 9 23 
57 2 18 38 59 23 58 5 11 69 65 12 20 
4 63 79 23 2 38 3 56 50 8 4 49 81 
44 15 31 25 46 10 45 8 2 56 52 1 33 
81 22 6 62 83 47 82 29 35 93 89 36 4 
25 34 50 6 27 9 26 27 21 37 33 20 52 
1 60 76 20 1 35 0 53 47 11 7 46 78 
1 58 74 18 3 33 2 51 45 13 9 44 76 
22 37 53 3 24 12 23 30 24 34 30 23 55 
11 70 86 30 9 45 10 63 57 1 3 56 88 
6 65 81 25 4 40 5 58 52 6 2 51 83 

34 47 44 21 2 28 38 2 62 14 77 4 57 
3 10 7 16 39 9 1 39 25 51 40 41 20 
24 37 34 11 12 18 28 12 52 24 67 14 47 
27 40 37 14 9 21 31 9 55 21 70 11 50 
34 21 24 47 70 40 30 70 6 82 9 72 11 
14 27 24 1 22 8 18 22 42 34 57 24 37 
51 64 61 38 15 45 55 15 79 3 94 13 74 
5 8 5 18 41 11 1 41 23 53 38 43 18 
31 18 21 44 67 37 27 67 3 79 12 69 8 
29 16 19 42 65 35 25 65 1 77 14 67 6 
8 5 2 21 44 14 4 44 20 56 35 46 15 
41 28 31 54 77 47 37 77 13 89 2 79 18 
36 23 26 49 72 42 32 72 8 84 7 74 13 

15 35 37 5 33 30 47 1 51 24 43 16 30 
21 1 73 41 3 6 83 37 15 60 79 52 6 
17 3 69 37 1 2 79 33 19 56 75 48 2 
46 66 6 26 64 61 16 30 82 7 12 15 61 
1 19 53 21 17 14 63 17 35 40 59 32 14 
6 14 58 26 12 9 68 22 30 45 64 37 9 
16 36 36 4 34 31 46 0 52 23 42 15 31 
2 18 54 22 16 13 64 18 34 41 60 33 13 
28 48 24 8 46 43 34 12 64 11 30 3 43 
62 82 10 42 80 77 0 46 98 23 4 31 77 
30 10 82 50 12 15 92 46 6 69 88 61 15 
54 74 2 34 72 69 8 38 90 15 4 23 69 
25 45 27 5 43 40 37 9 61 14 33 6 40 

30 7 11 43 33 18 12 36 51 32 7 12 12 
6 43 25 79 69 18 48 72 15 68 43 24 48 
2 39 21 75 65 14 44 68 19 64 39 20 44 
61 24 42 12 2 49 19 5 82 1 24 43 19 
14 23 5 59 49 2 28 52 35 48 23 4 28 
9 28 10 64 54 3 33 57 30 53 28 9 33 
31 6 12 42 32 19 11 35 52 31 6 13 11 
13 24 6 60 50 1 29 53 34 49 24 5 29 
43 6 24 30 20 31 1 23 64 19 6 25 1 
77 40 58 4 14 65 35 11 98 15 40 59 35 
15 52 34 88 78 27 57 81 6 77 52 33 57 
69 32 50 4 6 57 27 3 90 7 32 51 27 
40 3 21 33 23 28 2 26 61 22 3 22 2 

32 18 29 44 16 47 42 25 36 16 6 9 22 
68 54 7 80 20 83 6 61 72 52 30 27 58 
64 50 3 76 16 79 10 57 68 48 26 23 54 
1 13 60 13 47 16 73 6 5 15 37 40 9 
48 34 13 60 0 63 26 41 52 32 10 7 38 
53 39 8 65 5 68 21 46 57 37 15 12 43 
31 17 30 43 17 46 43 24 35 15 7 10 21 
49 35 12 61 1 64 25 42 53 33 11 8 39 
19 5 42 31 29 34 55 12 23 3 19 22 9 
15 29 76 3 63 0 89 22 11 31 53 56 25 
77 63 16 89 29 92 3 70 81 61 39 36 67 
7 21 68 5 55 8 81 14 3 23 45 48 17 
22 8 39 34 26 37 52 15 26 6 16 19 12 

2 29 14 10 28 5 14 33 10 8 13 44 39 
38 65 22 46 64 31 22 3 46 28 49 8 3 
34 61 18 42 60 27 18 1 42 24 45 12 7 
29 2 45 21 3 36 45 64 21 39 18 75 70 
18 45 2 26 44 11 2 17 26 8 29 28 23 
23 50 7 31 49 16 7 12 31 13 34 23 18 
1 28 15 9 27 6 15 34 9 9 12 45 40 
19 46 3 27 45 12 3 16 27 9 30 27 22 
11 16 27 3 15 18 27 46 3 21 0 57 52 
45 18 61 37 19 52 61 80 37 55 34 91 86 
47 74 31 55 73 40 31 12 55 37 58 1 6 
37 10 53 29 11 44 53 72 29 47 26 83 78 
8 19 24 0 18 15 24 43 0 18 3 54 49 

15 7 34 17 44 28 33 34 22 21 14 35 4 
51 43 2 19 80 64 69 2 58 15 50 71 40 
47 39 2 15 76 60 65 2 54 11 46 67 36 
16 24 65 48 13 3 2 65 9 52 17 4 27 
31 23 18 1 60 44 49 18 38 5 30 51 20 
36 28 13 4 65 49 54 13 43 0 35 56 25 
14 6 35 18 43 27 32 35 21 22 13 34 3 
32 24 17 0 61 45 50 17 39 4 31 52 21 
2 6 47 30 31 15 20 47 9 34 1 22 9 
32 40 81 64 3 19 14 81 25 68 33 12 43 
60 52 11 28 89 73 78 11 67 24 59 80 49 
24 32 73 56 5 11 6 73 17 60 25 4 35 
5 3 44 27 34 18 23 44 12 31 4 25 6 

3 15 14 11 4 37 41 43 40 11 33 52 50 
33 21 50 25 32 1 5 79 76 25 69 16 14 
29 17 46 21 28 5 9 75 72 21 65 20 18 
34 46 17 42 35 68 72 12 9 42 2 83 81 
13 1 30 5 12 21 25 59 56 5 49 36 34 
18 6 35 10 17 16 20 64 61 10 54 31 29 
4 16 13 12 5 38 42 42 39 12 32 53 51 
14 2 31 6 13 20 24 60 57 6 50 35 33 
16 28 1 24 17 50 54 30 27 24 20 65 63 
50 62 33 58 51 84 88 4 7 58 14 99 97 
42 30 59 34 41 8 4 88 85 34 78 7 5 
42 54 25 50 43 76 80 4 1 50 6 91 89 
13 25 4 21 14 47 51 33 30 21 23 62 60 

22 45 33 38 19 35 47 32 46 9 45 17 32 
58 81 69 74 55 71 11 4 82 27 81 19 68 
54 77 65 70 51 67 15 0 78 23 77 15 64 
9 14 2 7 12 4 78 63 15 40 14 48 1 
38 61 49 54 35 51 31 16 62 7 61 1 48 
43 66 54 59 40 56 26 11 67 12 66 4 53 
21 44 32 37 18 34 48 33 45 10 44 18 31 
39 62 50 55 36 52 30 15 63 8 62 0 49 
9 32 20 25 6 22 60 45 33 22 32 30 19 
25 2 14 9 28 12 94 79 1 56 2 64 15 
67 90 78 83 64 80 2 13 91 36 90 28 77 
17 6 6 1 20 4 86 71 7 48 6 56 7 
12 35 23 28 9 25 57 42 36 19 35 27 22 

41 28 13 31 24 24 5 28 20 15 16 23 16 
5 8 23 5 60 12 31 64 56 21 52 13 20 
9 4 19 1 56 8 27 60 52 17 48 9 16 
72 59 44 62 7 55 36 3 11 46 15 54 47 
25 12 3 15 40 8 11 44 36 1 32 7 0 
20 7 8 10 45 3 16 49 41 6 37 2 5 
42 29 14 32 23 25 6 27 19 16 15 24 17 
24 11 4 14 41 7 12 45 37 2 33 6 1 
54 41 26 44 11 37 18 15 7 28 3 36 29 
88 75 60 78 23 71 52 19 27 62 31 70 63 
4 17 32 14 69 21 40 73 65 30 61 22 29 
80 67 52 70 15 63 44 11 19 54 23 62 55 
51 38 23 41 14 34 15 18 10 25 6 33 26 

33 37 24 9 13 27 12 12 18 11 48 52 9 
69 1 60 27 49 9 48 24 54 25 12 16 27 
65 5 56 23 45 5 44 20 50 21 16 20 23 
2 68 7 40 18 58 19 43 13 42 79 83 40 
49 21 40 7 29 11 28 4 34 5 32 36 7 
54 16 45 12 34 6 33 9 39 10 27 31 12 
32 38 23 10 12 28 11 13 17 12 49 53 10 
50 20 41 8 30 10 29 5 35 6 31 35 8 
20 50 11 22 0 40 1 25 5 24 61 65 22 
14 84 23 56 34 74 35 59 29 58 95 99 56 
78 8 69 36 58 18 57 33 63 34 3 7 36 
6 76 15 48 26 66 27 51 21 50 87 91 48 
23 47 14 19 3 37 2 22 8 21 58 62 19 

43 36 31 4 30 7 4 35 39 30 18 4 41 
79 72 67 32 66 43 40 71 3 6 18 40 5 
75 68 63 28 62 39 36 67 7 2 14 36 9 
12 5 0 35 1 24 27 4 70 61 49 27 72 
59 52 47 12 46 23 20 51 23 14 2 20 25 
64 57 52 17 51 28 25 56 18 9 3 25 20 
42 35 30 5 29 6 3 34 40 31 19 3 42 
60 53 48 13 47 24 21 52 22 13 1 21 24 
30 23 18 17 17 6 9 22 52 43 31 9 54 
4 11 16 51 17 40 43 12 86 77 65 43 88 
88 81 76 41 75 52 49 80 6 15 27 49 4 
4 3 8 43 9 32 35 4 78 69 57 35 80 
33 26 21 14 20 3 6 25 49 40 28 6 51 

8 43 17 42 8 9 50 4 42 6 21 7 0 
44 7 53 6 28 45 14 40 6 42 15 29 36 
40 11 49 10 24 41 18 36 10 38 11 25 32 
23 74 14 73 39 22 81 27 73 25 52 38 31 
24 27 33 26 8 25 34 20 26 22 5 9 16 
29 22 38 21 13 30 29 25 21 27 0 14 21 
7 44 16 43 9 8 51 3 43 5 22 8 1 
25 26 34 25 9 26 33 21 25 23 4 10 17 
5 56 4 55 21 4 63 9 55 7 34 20 13 
39 90 30 89 55 38 97 43 89 41 68 54 47 
53 2 62 3 37 54 5 49 3 51 24 38 45 
31 82 22 81 47 30 89 35 81 33 60 46 39 
2 53 7 52 18 1 60 6 52 4 31 17 10 

43 6 7 45 48 32 6 22 2 46 6 22 18 
7 30 29 81 12 4 30 58 34 82 30 58 18 
11 26 25 77 16 0 26 54 30 78 26 54 14 
74 37 38 14 79 63 37 9 33 15 37 9 49 
27 10 9 61 32 16 10 38 14 62 10 38 2 
22 15 14 66 27 11 15 43 19 67 15 43 3 
44 7 8 44 49 33 7 21 3 45 7 21 19 
26 11 10 62 31 15 11 39 15 63 11 39 1 
56 19 20 32 61 45 19 9 15 33 19 9 31 
90 53 54 2 95 79 53 25 49 1 53 25 65 
2 39 38 90 3 13 39 67 43 91 39 67 27 
82 45 46 6 87 71 45 17 41 7 45 17 57 
53 16 17 35 58 42 16 12 12 36 16 12 28 

1 19 46 3 39 17 25 33 26 45 11 21 32 
37 17 82 33 3 53 11 69 10 81 47 57 4 
33 13 78 29 7 49 7 65 6 77 43 53 0 
30 50 15 34 70 14 56 2 57 14 20 10 63 
17 3 62 13 23 33 9 49 10 61 27 37 16 
22 2 67 18 18 38 4 54 5 66 32 42 11 
0 20 45 4 40 16 26 32 27 44 10 20 33 
18 2 63 14 22 34 8 50 9 62 28 38 15 
12 32 33 16 52 4 38 20 39 32 2 8 45 
46 66 1 50 86 30 72 14 73 2 36 26 79 
46 26 91 42 6 62 20 78 19 90 56 66 13 
38 58 7 42 78 22 64 6 65 6 28 18 71 
9 29 36 13 49 7 35 23 36 35 1 11 42 

18 1 49 38 17 8 15 34 9 43 46 21 13 
18 35 13 74 53 44 51 70 45 7 10 57 49 
14 31 17 70 49 40 47 66 41 11 14 53 45 
49 32 80 7 14 23 16 3 22 74 77 10 18 
2 15 33 54 33 24 31 50 25 27 30 37 29 
3 20 28 59 38 29 36 55 30 22 25 42 34 
19 2 50 37 16 7 14 33 8 44 47 20 12 
1 16 32 55 34 25 32 51 26 26 29 38 30 
31 14 62 25 4 5 2 21 4 56 59 8 0 
65 48 96 9 30 39 32 13 38 90 93 26 34 
27 44 4 83 62 53 60 79 54 2 1 66 58 
57 40 88 1 22 31 24 5 30 82 85 18 26 
28 11 59 28 7 2 5 24 1 53 56 11 3 

35 24 40 16 37 1 36 17 11 47 43 10 42 
1 60 76 20 1 35 0 53 47 11 7 46 78 
3 56 72 16 5 31 4 49 43 15 11 42 74 
66 7 9 47 68 32 67 14 20 78 74 21 11 
19 40 56 0 21 15 20 33 27 31 27 26 58 
14 45 61 5 16 20 15 38 32 26 22 31 63 
36 23 39 17 38 2 37 16 10 48 44 9 41 
18 41 57 1 20 16 19 34 28 30 26 27 59 
48 11 27 29 50 14 49 4 2 60 56 3 29 
82 23 7 63 84 48 83 30 36 94 90 37 5 
10 69 85 29 8 44 9 62 56 2 2 55 87 
74 15 1 55 76 40 75 22 28 86 82 29 3 
45 14 30 26 47 11 46 7 1 57 53 0 32 

5 18 15 8 31 1 9 31 33 43 48 33 28 
31 18 21 44 67 37 27 67 3 79 12 69 8 
27 14 17 40 63 33 23 63 1 75 16 65 4 
36 49 46 23 0 30 40 0 64 12 79 2 59 
11 2 1 24 47 17 7 47 17 59 32 49 12 
16 3 6 29 52 22 12 52 12 64 27 54 7 
6 19 16 7 30 0 10 30 34 42 49 32 29 
12 1 2 25 48 18 8 48 16 60 31 50 11 
18 31 28 5 18 12 22 18 46 30 61 20 41 
52 65 62 39 16 46 56 16 80 4 95 14 75 
40 27 30 53 76 46 36 76 12 88 3 78 17 
44 57 54 31 8 38 48 8 72 4 87 6 67 
15 28 25 2 21 9 19 21 43 33 58 23 38 

15 22 4 58 48 3 27 51 36 47 22 3 27 
5 42 24 78 68 17 47 71 16 67 42 23 47 
67 30 48 6 4 55 25 1 88 5 30 49 25 
35 2 16 38 28 23 7 31 56 27 2 17 7 
3 40 22 76 66 15 45 69 18 65 40 21 45 
0 37 19 73 63 12 42 66 21 62 37 18 42 
77 40 58 4 14 65 35 11 98 15 40 59 35 
31 6 12 42 32 19 11 35 52 31 6 13 11 
21 58 40 94 84 33 63 87 0 83 58 39 63 
54 17 35 19 9 42 12 12 75 8 17 36 12 
73 36 54 0 10 61 31 7 94 11 36 55 31 
46 9 27 27 17 34 4 20 67 16 9 28 4 
0 37 19 73 63 12 42 66 21 62 37 18 42 

47 33 14 59 1 62 27 40 51 31 9 6 37 
67 53 6 79 19 82 7 60 71 51 29 26 57 
5 19 66 7 53 10 79 12 1 21 43 46 15 
27 13 34 39 21 42 47 20 31 11 11 14 17 
65 51 4 77 17 80 9 58 69 49 27 24 55 
62 48 1 74 14 77 12 55 66 46 24 21 52 
15 29 76 3 63 0 89 22 11 31 53 56 25 
31 17 30 43 17 46 43 24 35 15 7 10 21 
83 69 22 95 35 98 9 76 87 67 45 42 73 
8 6 53 20 40 23 66 1 12 8 30 33 2 
11 25 72 1 59 4 85 18 7 27 49 52 21 
16 2 45 28 32 31 58 9 20 0 22 25 6 
62 48 1 74 14 77 12 55 66 46 24 21 52 

17 44 1 25 43 10 1 18 25 7 28 29 24 
37 64 21 45 63 30 21 2 45 27 48 9 4 
35 8 51 27 9 42 51 70 27 45 24 81 76 
3 24 19 5 23 10 19 38 5 13 8 49 44 
35 62 19 43 61 28 19 0 43 25 46 11 6 
32 59 16 40 58 25 16 3 40 22 43 14 9 
45 18 61 37 19 52 61 80 37 55 34 91 86 
1 28 15 9 27 6 15 34 9 9 12 45 40 
53 80 37 61 79 46 37 18 61 43 64 7 12 
22 5 38 14 4 29 38 57 14 32 11 68 63 
41 14 57 33 15 48 57 76 33 51 30 87 82 
14 13 30 6 12 21 30 49 6 24 3 60 55 
32 59 16 40 58 25 16 3 40 22 43 14 9 

30 22 19 2 59 43 48 19 37 6 29 50 19 
50 42 1 18 79 63 68 1 57 14 49 70 39 
22 30 71 54 7 9 4 71 15 58 23 2 33 
10 2 39 22 39 23 28 39 17 26 9 30 1 
48 40 1 16 77 61 66 1 55 12 47 68 37 
45 37 4 13 74 58 63 4 52 9 44 65 34 
32 40 81 64 3 19 14 81 25 68 33 12 43 
14 6 35 18 43 27 32 35 21 22 13 34 3 
66 58 17 34 95 79 84 17 73 30 65 86 55 
9 17 58 41 20 4 9 58 2 45 10 11 20 
28 36 77 60 1 15 10 77 21 64 29 8 39 
1 9 50 33 28 12 17 50 6 37 2 19 12 
45 37 4 13 74 58 63 4 52 9 44 65 34 

12 0 29 4 11 22 26 58 55 4 48 37 35 
32 20 49 24 31 2 6 78 75 24 68 17 15 
40 52 23 48 41 74 78 6 3 48 4 89 87 
8 20 9 16 9 42 46 38 35 16 28 57 55 
30 18 47 22 29 4 8 76 73 22 66 19 17 
27 15 44 19 26 7 11 73 70 19 63 22 20 
50 62 33 58 51 84 88 4 7 58 14 99 97 
4 16 13 12 5 38 42 42 39 12 32 53 51 
48 36 65 40 47 14 10 94 91 40 84 1 1 
27 39 10 35 28 61 65 19 16 35 9 76 74 
46 58 29 54 47 80 84 0 3 54 10 95 93 
19 31 2 27 20 53 57 27 24 27 17 68 66 
27 15 44 19 26 7 11 73 70 19 63 22 20 

37 60 48 53 34 50 32 17 61 6 60 2 47 
57 80 68 73 54 70 12 3 81 26 80 18 67 
15 8 4 1 18 2 84 69 9 46 8 54 5 
17 40 28 33 14 30 52 37 41 14 40 22 27 
55 78 66 71 52 68 14 1 79 24 78 16 65 
52 75 63 68 49 65 17 2 76 21 75 13 62 
25 2 14 9 28 12 94 79 1 56 2 64 15 
21 44 32 37 18 34 48 33 45 10 44 18 31 
73 96 84 89 70 86 4 19 97 42 96 34 83 
2 21 9 14 5 11 71 56 22 33 21 41 8 
21 2 10 5 24 8 90 75 3 52 2 60 11 
6 29 17 22 3 19 63 48 30 25 29 33 16 
52 75 63 68 49 65 17 2 76 21 75 13 62 

26 13 2 16 39 9 10 43 35 0 31 8 1 
6 7 22 4 59 11 30 63 55 20 51 12 19 
78 65 50 68 13 61 42 9 17 52 21 60 53 
46 33 18 36 19 29 10 23 15 20 11 28 21 
8 5 20 2 57 9 28 61 53 18 49 10 17 
11 2 17 1 54 6 25 58 50 15 46 7 14 
88 75 60 78 23 71 52 19 27 62 31 70 63 
42 29 14 32 23 25 6 27 19 16 15 24 17 
10 23 38 20 75 27 46 79 71 36 67 28 35 
65 52 37 55 0 48 29 4 4 39 8 47 40 
84 71 56 74 19 67 48 15 23 58 27 66 59 
57 44 29 47 8 40 21 12 4 31 0 39 32 
11 2 17 1 54 6 25 58 50 15 46 7 14 

48 22 39 6 28 12 27 3 33 4 33 37 6 
68 2 59 26 48 8 47 23 53 24 13 17 26 
4 74 13 46 24 64 25 49 19 48 85 89 46 
28 42 19 14 8 32 7 17 13 16 53 57 14 
66 4 57 24 46 6 45 21 51 22 15 19 24 
63 7 54 21 43 3 42 18 48 19 18 22 21 
14 84 23 56 34 74 35 59 29 58 95 99 56 
32 38 23 10 12 28 11 13 17 12 49 53 10 
84 14 75 42 64 24 63 39 69 40 3 1 42 
9 61 0 33 11 51 12 36 6 35 72 76 33 
10 80 19 52 30 70 31 55 25 54 91 95 52 
17 53 8 25 3 43 4 28 2 27 64 68 25 
63 7 54 21 43 3 42 18 48 19 18 22 21 

58 51 46 11 45 22 19 50 24 15 3 19 26 
78 71 66 31 65 42 39 70 4 5 17 39 6 
6 1 6 41 7 30 33 2 76 67 55 33 78 
38 31 26 9 25 2 1 30 44 35 23 1 46 
76 69 64 29 63 40 37 68 6 3 15 37 8 
73 66 61 26 60 37 34 65 9 0 12 34 11 
4 11 16 51 17 40 43 12 86 77 65 43 88 
42 35 30 5 29 6 3 34 40 31 19 3 42 
94 87 82 47 81 58 55 86 12 21 33 55 10 
19 12 7 28 6 17 20 11 63 54 42 20 65 
0 7 12 47 13 36 39 8 82 73 61 39 84 
27 20 15 20 14 9 12 19 55 46 34 12 57 
73 66 61 26 60 37 34 65 9 0 12 34 11 

23 28 32 27 7 24 35 19 27 21 6 8 15 
43 8 52 7 27 44 15 39 7 41 14 28 35 
29 80 20 79 45 28 87 33 79 31 58 44 37 
3 48 12 47 13 4 55 1 47 1 26 12 5 
41 10 50 9 25 42 17 37 9 39 12 26 33 
38 13 47 12 22 39 20 34 12 36 9 23 30 
39 90 30 89 55 38 97 43 89 41 68 54 47 
7 44 16 43 9 8 51 3 43 5 22 8 1 
59 8 68 9 43 60 1 55 9 57 30 44 51 
16 67 7 66 32 15 74 20 66 18 45 31 24 
35 86 26 85 51 34 93 39 85 37 64 50 43 
8 59 1 58 24 7 66 12 58 10 37 23 16 
38 13 47 12 22 39 20 34 12 36 9 23 30 

28 9 8 60 33 17 9 37 13 61 9 37 3 
8 29 28 80 13 3 29 57 33 81 29 57 17 
80 43 44 8 85 69 43 15 39 9 43 15 55 
48 11 12 40 53 37 11 17 7 41 11 17 23 
10 27 26 78 15 1 27 55 31 79 27 55 15 
13 24 23 75 18 2 24 52 28 76 24 52 12 
90 53 54 2 95 79 53 25 49 1 53 25 65 
44 7 8 44 49 33 7 21 3 45 7 21 19 
8 45 44 96 3 19 45 73 49 97 45 73 33 
67 30 31 21 72 56 30 2 26 22 30 2 42 
86 49 50 2 91 75 49 21 45 3 49 21 61 
59 22 23 29 64 48 22 6 18 30 22 6 34 
13 24 23 75 18 2 24 52 28 76 24 52 12 

16 4 61 12 24 32 10 48 11 60 26 36 17 
36 16 81 32 4 52 10 68 9 80 46 56 3 
36 56 9 40 76 20 62 4 63 8 26 16 69 
4 24 41 8 44 12 30 28 31 40 6 16 37 
34 14 79 30 6 50 8 66 7 78 44 54 1 
31 11 76 27 9 47 5 63 4 75 41 51 2 
46 66 1 50 86 30 72 14 73 2 36 26 79 
0 20 45 4 40 16 26 32 27 44 10 20 33 
52 32 97 48 12 68 26 84 25 96 62 72 19 
23 43 22 27 63 7 49 9 50 21 13 3 56 
42 62 3 46 82 26 68 10 69 2 32 22 75 
15 35 30 19 55 1 41 17 42 29 5 5 48 
31 11 76 27 9 47 5 63 4 75 41 51 2 

3 14 34 53 32 23 30 49 24 28 31 36 28 
17 34 14 73 52 43 50 69 44 8 11 56 48 
55 38 86 1 20 29 22 3 28 80 83 16 24 
23 6 54 33 12 3 10 29 4 48 51 16 8 
15 32 16 71 50 41 48 67 42 10 13 54 46 
12 29 19 68 47 38 45 64 39 13 16 51 43 
65 48 96 9 30 39 32 13 38 90 93 26 34 
19 2 50 37 16 7 14 33 8 44 47 20 12 
33 50 2 89 68 59 66 85 60 8 5 72 64 
42 25 73 14 7 16 9 10 15 67 70 3 11 
61 44 92 5 26 35 28 9 34 86 89 22 30 
34 17 65 22 1 8 1 18 7 59 62 5 3 
12 29 19 68 47 38 45 64 39 13 16 51 43 

20 39 55 1 22 14 21 32 26 32 28 25 57 
0 59 75 19 2 34 1 52 46 12 8 45 77 
72 13 3 53 74 38 73 20 26 84 80 27 5 
40 19 35 21 42 6 41 12 6 52 48 5 37 
2 57 73 17 4 32 3 50 44 14 10 43 75 
5 54 70 14 7 29 6 47 41 17 13 40 72 
82 23 7 63 84 48 83 30 36 94 90 37 5 
36 23 39 17 38 2 37 16 10 48 44 9 41 
16 75 91 35 14 50 15 68 62 4 8 61 93 
59 0 16 40 61 25 60 7 13 71 67 14 18 
78 19 3 59 80 44 79 26 32 90 86 33 1 
51 8 24 32 53 17 52 1 5 63 59 6 26 
5 54 70 14 7 29 6 47 41 17 13 40 72 

10 3 0 23 46 16 6 46 18 58 33 48 13 
30 17 20 43 66 36 26 66 2 78 13 68 7 
42 55 52 29 6 36 46 6 70 6 85 4 65 
10 23 20 3 26 4 14 26 38 38 53 28 33 
28 15 18 41 64 34 24 64 0 76 15 66 5 
25 12 15 38 61 31 21 61 3 73 18 63 2 
52 65 62 39 16 46 56 16 80 4 95 14 75 
6 19 16 7 30 0 10 30 34 42 49 32 29 
46 33 36 59 82 52 42 82 18 94 3 84 23 
29 42 39 16 7 23 33 7 57 19 72 9 52 
48 61 58 35 12 42 52 12 76 0 91 10 71 
21 34 31 8 15 15 25 15 49 27 64 17 44 
25 12 15 38 61 31 21 61 3 73 18 63 2 

62 48 1 74 14 77 12 55 66 46 24 21 52 
25 11 36 37 23 40 49 18 29 9 13 16 15 
43 29 18 55 5 58 31 36 47 27 5 2 33 
11 25 72 1 59 4 85 18 7 27 49 52 21 
1 15 62 11 49 14 75 8 3 17 39 42 11 
50 36 11 62 2 65 24 43 54 34 12 9 40 
20 6 41 32 28 35 54 13 24 4 18 21 10 
4 18 65 8 52 11 78 11 0 20 42 45 14 
83 69 22 95 35 98 9 76 87 67 45 42 73 
0 14 61 12 48 15 74 7 4 16 38 41 10 
25 11 36 37 23 40 49 18 29 9 13 16 15 
44 30 17 56 4 59 30 37 48 28 6 3 34 
20 6 41 32 28 35 54 13 24 4 18 21 10 

32 59 16 40 58 25 16 3 40 22 43 14 9 
5 22 21 3 21 12 21 40 3 15 6 51 46 
13 40 3 21 39 6 3 22 21 3 24 33 28 
41 14 57 33 15 48 57 76 33 51 30 87 82 
31 4 47 23 5 38 47 66 23 41 20 77 72 
20 47 4 28 46 13 4 15 28 10 31 26 21 
10 17 26 2 16 17 26 45 2 20 1 56 51 
34 7 50 26 8 41 50 69 26 44 23 80 75 
53 80 37 61 79 46 37 18 61 43 64 7 12 
30 3 46 22 4 37 46 65 22 40 19 76 71 
5 22 21 3 21 12 21 40 3 15 6 51 46 
14 41 2 22 40 7 2 21 22 4 25 32 27 
10 17 26 2 16 17 26 45 2 20 1 56 51 

45 37 4 13 74 58 63 4 52 9 44 65 34 
8 0 41 24 37 21 26 41 15 28 7 28 3 
26 18 23 6 55 39 44 23 33 10 25 46 15 
28 36 77 60 1 15 10 77 21 64 29 8 39 
18 26 67 50 11 5 0 67 11 54 19 2 29 
33 25 16 1 62 46 51 16 40 3 32 53 22 
3 5 46 29 32 16 21 46 10 33 2 23 8 
21 29 70 53 8 8 3 70 14 57 22 1 32 
66 58 17 34 95 79 84 17 73 30 65 86 55 
17 25 66 49 12 4 1 66 10 53 18 3 28 
8 0 41 24 37 21 26 41 15 28 7 28 3 
27 19 22 5 56 40 45 22 34 9 26 47 16 
3 5 46 29 32 16 21 46 10 33 2 23 8 

27 15 44 19 26 7 11 73 70 19 63 22 20 
10 22 7 18 11 44 48 36 33 18 26 59 57 
8 4 25 0 7 26 30 54 51 0 44 41 39 
46 58 29 54 47 80 84 0 3 54 10 95 93 
36 48 19 44 37 70 74 10 7 44 0 85 83 
15 3 32 7 14 19 23 61 58 7 51 34 32 
15 27 2 23 16 49 53 31 28 23 21 64 62 
39 51 22 47 40 73 77 7 4 47 3 88 86 
48 36 65 40 47 14 10 94 91 40 84 1 1 
35 47 18 43 36 69 73 11 8 43 1 84 82 
10 22 7 18 11 44 48 36 33 18 26 59 57 
9 3 26 1 8 25 29 55 52 1 45 40 38 
15 27 2 23 16 49 53 31 28 23 21 64 62 

52 75 63 68 49 65 17 2 76 21 75 13 62 
15 38 26 31 12 28 54 39 39 16 38 24 25 
33 56 44 49 30 46 36 21 57 2 56 6 43 
21 2 10 5 24 8 90 75 3 52 2 60 11 
11 12 0 5 14 2 80 65 13 42 12 50 1 
40 63 51 56 37 53 29 14 64 9 63 1 50 
10 33 21 26 7 23 59 44 34 21 33 29 20 
14 9 3 2 17 1 83 68 10 45 9 53 4 
73 96 84 89 70 86 4 19 97 42 96 34 83 
10 13 1 6 13 3 79 64 14 41 13 49 0 
15 38 26 31 12 28 54 39 39 16 38 24 25 
34 57 45 50 31 47 35 20 58 3 57 5 44 
10 33 21 26 7 23 59 44 34 21 33 29 20 

11 2 17 1 54 6 25 58 50 15 46 7 14 
48 35 20 38 17 31 12 21 13 22 9 30 23 
30 17 2 20 35 13 6 39 31 4 27 12 5 
84 71 56 74 19 67 48 15 23 58 27 66 59 
74 61 46 64 9 57 38 5 13 48 17 56 49 
23 10 5 13 42 6 13 46 38 3 34 5 2 
53 40 25 43 12 36 17 16 8 27 4 35 28 
77 64 49 67 12 60 41 8 16 51 20 59 52 
10 23 38 20 75 27 46 79 71 36 67 28 35 
73 60 45 63 8 56 37 4 12 47 16 55 48 
48 35 20 38 17 31 12 21 13 22 9 30 23 
29 16 1 19 36 12 7 40 32 3 28 11 4 
53 40 25 43 12 36 17 16 8 27 4 35 28 

63 7 54 21 43 3 42 18 48 19 18 22 21 
26 44 17 16 6 34 5 19 11 18 55 59 16 
44 26 35 2 24 16 23 1 29 0 37 41 2 
10 80 19 52 30 70 31 55 25 54 91 95 52 
0 70 9 42 20 60 21 45 15 44 81 85 42 
51 19 42 9 31 9 30 6 36 7 30 34 9 
21 49 12 21 1 39 0 24 6 23 60 64 21 
3 73 12 45 23 63 24 48 18 47 84 88 45 
84 14 75 42 64 24 63 39 69 40 3 1 42 
1 69 8 41 19 59 20 44 14 43 80 84 41 
26 44 17 16 6 34 5 19 11 18 55 59 16 
45 25 36 3 25 15 24 0 30 1 36 40 3 
21 49 12 21 1 39 0 24 6 23 60 64 21 

73 66 61 26 60 37 34 65 9 0 12 34 11 
36 29 24 11 23 0 3 28 46 37 25 3 48 
54 47 42 7 41 18 15 46 28 19 7 15 30 
0 7 12 47 13 36 39 8 82 73 61 39 84 
10 3 2 37 3 26 29 2 72 63 51 29 74 
61 54 49 14 48 25 22 53 21 12 0 22 23 
31 24 19 16 18 5 8 23 51 42 30 8 53 
7 0 5 40 6 29 32 1 75 66 54 32 77 
94 87 82 47 81 58 55 86 12 21 33 55 10 
11 4 1 36 2 25 28 3 71 62 50 28 73 
36 29 24 11 23 0 3 28 46 37 25 3 48 
55 48 43 8 42 19 16 47 27 18 6 16 29 
31 24 19 16 18 5 8 23 51 42 30 8 53 

38 13 47 12 22 39 20 34 12 36 9 23 30 
1 50 10 49 15 2 57 3 49 1 28 14 7 
19 32 28 31 3 20 39 15 31 17 10 4 11 
35 86 26 85 51 34 93 39 85 37 64 50 43 
25 76 16 75 41 24 83 29 75 27 54 40 33 
26 25 35 24 10 27 32 22 24 24 3 11 18 
4 55 5 54 20 3 62 8 54 6 33 19 12 
28 79 19 78 44 27 86 32 78 30 57 43 36 
59 8 68 9 43 60 1 55 9 57 30 44 51 
24 75 15 74 40 23 82 28 74 26 53 39 32 
1 50 10 49 15 2 57 3 49 1 28 14 7 
20 31 29 30 4 21 38 16 30 18 9 5 12 
4 55 5 54 20 3 62 8 54 6 33 19 12 

13 24 23 75 18 2 24 52 28 76 24 52 12 
50 13 14 38 55 39 13 15 9 39 13 15 25 
32 5 4 56 37 21 5 33 9 57 5 33 7 
86 49 50 2 91 75 49 21 45 3 49 21 61 
76 39 40 12 81 65 39 11 35 13 39 11 51 
25 12 11 63 30 14 12 40 16 64 12 40 0 
55 18 19 33 60 44 18 10 14 34 18 10 30 
79 42 43 9 84 68 42 14 38 10 42 14 54 
8 45 44 96 3 19 45 73 49 97 45 73 33 
75 38 39 13 80 64 38 10 34 14 38 10 50 
50 13 14 38 55 39 13 15 9 39 13 15 25 
31 6 5 57 36 20 6 34 10 58 6 34 6 
55 18 19 33 60 44 18 10 14 34 18 10 30 

31 11 76 27 9 47 5 63 4 75 41 51 2 
6 26 39 10 46 10 32 26 33 38 4 14 39 
12 8 57 8 28 28 14 44 15 56 22 32 21 
42 62 3 46 82 26 68 10 69 2 32 22 75 
32 52 13 36 72 16 58 0 59 12 22 12 65 
19 1 64 15 21 35 7 51 8 63 29 39 14 
11 31 34 15 51 5 37 21 38 33 1 9 44 
35 55 10 39 75 19 61 3 62 9 25 15 68 
52 32 97 48 12 68 26 84 25 96 62 72 19 
31 51 14 35 71 15 57 1 58 13 21 11 64 
6 26 39 10 46 10 32 26 33 38 4 14 39 
13 7 58 9 27 29 13 45 14 57 23 33 20 
11 31 34 15 51 5 37 21 38 33 1 9 44 

12 29 19 68 47 38 45 64 39 13 16 51 43 
25 8 56 31 10 1 8 27 2 50 53 14 6 
7 10 38 49 28 19 26 45 20 32 35 32 24 
61 44 92 5 26 35 28 9 34 86 89 22 30 
51 34 82 5 16 25 18 1 24 76 79 12 20 
0 17 31 56 35 26 33 52 27 25 28 39 31 
30 13 61 26 5 4 3 22 3 55 58 9 1 
54 37 85 2 19 28 21 2 27 79 82 15 23 
33 50 2 89 68 59 66 85 60 8 5 72 64 
50 33 81 6 15 24 17 2 23 75 78 11 19 
25 8 56 31 10 1 8 27 2 50 53 14 6 
6 11 37 50 29 20 27 46 21 31 34 33 25 
30 13 61 26 5 4 3 22 3 55 58 9 1 

5 54 70 14 7 29 6 47 41 17 13 40 72 
42 17 33 23 44 8 43 10 4 54 50 3 35 
24 35 51 5 26 10 25 28 22 36 32 21 53 
78 19 3 59 80 44 79 26 32 90 86 33 1 
68 9 7 49 70 34 69 16 22 80 76 23 9 
17 42 58 2 19 17 18 35 29 29 25 28 60 
47 12 28 28 49 13 48 5 1 59 55 2 30 
71 12 4 52 73 37 72 19 25 83 79 26 6 
16 75 91 35 14 50 15 68 62 4 8 61 93 
67 8 8 48 69 33 68 15 21 79 75 22 10 
42 17 33 23 44 8 43 10 4 54 50 3 35 
23 36 52 4 25 11 24 29 23 35 31 22 54 
47 12 28 28 49 13 48 5 1 59 55 2 30 

25 12 15 38 61 31 21 61 3 73 18 63 2 
12 25 22 1 24 6 16 24 40 36 55 26 35 
6 7 4 19 42 12 2 42 22 54 37 44 17 
48 61 58 35 12 42 52 12 76 0 91 10 71 
38 51 48 25 2 32 42 2 66 10 81 0 61 
13 0 3 26 49 19 9 49 15 61 30 51 10 
17 30 27 4 19 11 21 19 45 31 60 21 40 
41 54 51 28 5 35 45 5 69 7 84 3 64 
46 33 36 59 82 52 42 82 18 94 3 84 23 
37 50 47 24 1 31 41 1 65 11 80 1 60 
12 25 22 1 24 6 16 24 40 36 55 26 35 
7 6 3 20 43 13 3 43 21 55 36 45 16 
17 30 27 4 19 11 21 19 45 31 60 21 40 

30 3 46 22 4 37 46 65 22 40 19 76 71 
16 11 32 8 10 23 32 51 8 26 5 62 57 
31 58 15 39 57 24 15 4 39 21 42 15 10 
42 15 58 34 16 49 58 77 34 52 31 88 83 
18 45 2 26 44 11 2 17 26 8 29 28 23 
45 18 61 37 19 52 61 80 37 55 34 91 86 
44 71 28 52 70 37 28 9 52 34 55 2 3 
23 4 39 15 3 30 39 58 15 33 12 69 64 
34 7 50 26 8 41 50 69 26 44 23 80 75 
14 13 30 6 12 21 30 49 6 24 3 60 55 
8 35 8 16 34 1 8 27 16 2 19 38 33 
11 38 5 19 37 4 5 24 19 1 22 35 30 
20 7 36 12 6 27 36 55 12 30 9 66 61 

17 25 66 49 12 4 1 66 10 53 18 3 28 
3 11 52 35 26 10 15 52 4 39 4 17 14 
44 36 5 12 73 57 62 5 51 8 43 64 33 
29 37 78 61 0 16 11 78 22 65 30 9 40 
31 23 18 1 60 44 49 18 38 5 30 51 20 
32 40 81 64 3 19 14 81 25 68 33 12 43 
57 49 8 25 86 70 75 8 64 21 56 77 46 
10 18 59 42 19 3 8 59 3 46 11 10 21 
21 29 70 53 8 8 3 70 14 57 22 1 32 
1 9 50 33 28 12 17 50 6 37 2 19 12 
21 13 28 11 50 34 39 28 28 15 20 41 10 
24 16 25 8 53 37 42 25 31 12 23 44 13 
7 15 56 39 22 6 11 56 0 43 8 13 18 

35 47 18 43 36 69 73 11 8 43 1 84 82 
21 33 4 29 22 55 59 25 22 29 15 70 68 
26 14 43 18 25 8 12 72 69 18 62 23 21 
47 59 30 55 48 81 85 1 4 55 11 96 94 
13 1 30 5 12 21 25 59 56 5 49 36 34 
50 62 33 58 51 84 88 4 7 58 14 99 97 
39 27 56 31 38 5 1 85 82 31 75 10 8 
28 40 11 36 29 62 66 18 15 36 8 77 75 
39 51 22 47 40 73 77 7 4 47 3 88 86 
19 31 2 27 20 53 57 27 24 27 17 68 66 
3 9 20 5 2 31 35 49 46 5 39 46 44 
6 6 23 2 5 28 32 52 49 2 42 43 41 
25 37 8 33 26 59 63 21 18 33 11 74 72 

10 13 1 6 13 3 79 64 14 41 13 49 0 
4 27 15 20 1 17 65 50 28 27 27 35 14 
51 74 62 67 48 64 18 3 75 20 74 12 61 
22 1 11 6 25 9 91 76 2 53 1 61 12 
38 61 49 54 35 51 31 16 62 7 61 1 48 
25 2 14 9 28 12 94 79 1 56 2 64 15 
64 87 75 80 61 77 5 10 88 33 87 25 74 
3 20 8 13 6 10 72 57 21 34 20 42 7 
14 9 3 2 17 1 83 68 10 45 9 53 4 
6 29 17 22 3 19 63 48 30 25 29 33 16 
28 51 39 44 25 41 41 26 52 3 51 11 38 
31 54 42 47 28 44 38 23 55 0 54 8 41 
0 23 11 16 3 13 69 54 24 31 23 39 10 

73 60 45 63 8 56 37 4 12 47 16 55 48 
59 46 31 49 6 42 23 10 2 33 2 41 34 
12 1 16 2 53 5 24 57 49 14 45 6 13 
85 72 57 75 20 68 49 16 24 59 28 67 60 
25 12 3 15 40 8 11 44 36 1 32 7 0 
88 75 60 78 23 71 52 19 27 62 31 70 63 
1 14 29 11 66 18 37 70 62 27 58 19 26 
66 53 38 56 1 49 30 3 5 40 9 48 41 
77 64 49 67 12 60 41 8 16 51 20 59 52 
57 44 29 47 8 40 21 12 4 31 0 39 32 
35 22 7 25 30 18 1 34 26 9 22 17 10 
32 19 4 22 33 15 4 37 29 6 25 14 7 
63 50 35 53 2 46 27 6 2 37 6 45 38 

1 69 8 41 19 59 20 44 14 43 80 84 41 
15 55 6 27 5 45 6 30 0 29 66 70 27 
62 8 53 20 42 2 41 17 47 18 19 23 20 
11 81 20 53 31 71 32 56 26 55 92 96 53 
49 21 40 7 29 11 28 4 34 5 32 36 7 
14 84 23 56 34 74 35 59 29 58 95 99 56 
75 5 66 33 55 15 54 30 60 31 6 10 33 
8 62 1 34 12 52 13 37 7 36 73 77 34 
3 73 12 45 23 63 24 48 18 47 84 88 45 
17 53 8 25 3 43 4 28 2 27 64 68 25 
39 31 30 3 19 21 18 6 24 5 42 46 3 
42 28 33 0 22 18 21 3 27 2 39 43 0 
11 59 2 31 9 49 10 34 4 33 70 74 31 

11 4 1 36 2 25 28 3 71 62 50 28 73 
25 18 13 22 12 11 14 17 57 48 36 14 59 
72 65 60 25 59 36 33 64 10 1 11 33 12 
1 8 13 48 14 37 40 9 83 74 62 40 85 
59 52 47 12 46 23 20 51 23 14 2 20 25 
4 11 16 51 17 40 43 12 86 77 65 43 88 
85 78 73 38 72 49 46 77 3 12 24 46 1 
18 11 6 29 5 18 21 10 64 55 43 21 66 
7 0 5 40 6 29 32 1 75 66 54 32 77 
27 20 15 20 14 9 12 19 55 46 34 12 57 
49 42 37 2 36 13 10 41 33 24 12 10 35 
52 45 40 5 39 16 13 44 30 21 9 13 32 
21 14 9 26 8 15 18 13 61 52 40 18 63 

24 75 15 74 40 23 82 28 74 26 53 39 32 
10 61 1 60 26 9 68 14 60 12 39 25 18 
37 14 46 13 21 38 21 33 13 35 8 22 29 
36 87 27 86 52 35 94 40 86 38 65 51 44 
24 27 33 26 8 25 34 20 26 22 5 9 16 
39 90 30 89 55 38 97 43 89 41 68 54 47 
50 1 59 0 34 51 8 46 0 48 21 35 42 
17 68 8 67 33 16 75 21 67 19 46 32 25 
28 79 19 78 44 27 86 32 78 30 57 43 36 
8 59 1 58 24 7 66 12 58 10 37 23 16 
14 37 23 36 2 15 44 10 36 12 15 1 6 
17 34 26 33 1 18 41 13 33 15 12 2 9 
14 65 5 64 30 13 72 18 64 16 43 29 22 

75 38 39 13 80 64 38 10 34 14 38 10 50 
61 24 25 27 66 50 24 4 20 28 24 4 36 
14 23 22 74 19 3 23 51 27 75 23 51 11 
87 50 51 1 92 76 50 22 46 2 50 22 62 
27 10 9 61 32 16 10 38 14 62 10 38 2 
90 53 54 2 95 79 53 25 49 1 53 25 65 
1 36 35 87 6 10 36 64 40 88 36 64 24 
68 31 32 20 73 57 31 3 27 21 31 3 43 
79 42 43 9 84 68 42 14 38 10 42 14 54 
59 22 23 29 64 48 22 6 18 30 22 6 34 
37 0 1 51 42 26 0 28 4 52 0 28 12 
34 3 2 54 39 23 3 31 7 55 3 31 9 
65 28 29 23 70 54 28 0 24 24 28 0 40 

31 51 14 35 71 15 57 1 58 13 21 11 64 
17 37 28 21 57 1 43 15 44 27 7 3 50 
30 10 75 26 10 46 4 62 3 74 40 50 3 
43 63 2 47 83 27 69 11 70 1 33 23 76 
17 3 62 13 23 33 9 49 10 61 27 37 16 
46 66 1 50 86 30 72 14 73 2 36 26 79 
43 23 88 39 3 59 17 75 16 87 53 63 10 
24 44 21 28 64 8 50 8 51 20 14 4 57 
35 55 10 39 75 19 61 3 62 9 25 15 68 
15 35 30 19 55 1 41 17 42 29 5 5 48 
7 13 52 3 33 23 19 39 20 51 17 27 26 
10 10 55 6 30 26 16 42 17 54 20 30 23 
21 41 24 25 61 5 47 11 48 23 11 1 54 

50 33 81 6 15 24 17 2 23 75 78 11 19 
36 19 67 20 1 10 3 16 9 61 64 3 5 
11 28 20 67 46 37 44 63 38 14 17 50 42 
62 45 93 6 27 36 29 10 35 87 90 23 31 
2 15 33 54 33 24 31 50 25 27 30 37 29 
65 48 96 9 30 39 32 13 38 90 93 26 34 
24 41 7 80 59 50 57 76 51 1 4 63 55 
43 26 74 13 8 17 10 9 16 68 71 4 12 
54 37 85 2 19 28 21 2 27 79 82 15 23 
34 17 65 22 1 8 1 18 7 59 62 5 3 
12 5 43 44 23 14 21 40 15 37 40 27 19 
9 8 40 47 26 17 24 43 18 34 37 30 22 
40 23 71 16 5 14 7 12 13 65 68 1 9 

67 8 8 48 69 33 68 15 21 79 75 22 10 
53 6 22 34 55 19 54 1 7 65 61 8 24 
6 53 69 13 8 28 7 46 40 18 14 39 71 
79 20 4 60 81 45 80 27 33 91 87 34 2 
19 40 56 0 21 15 20 33 27 31 27 26 58 
82 23 7 63 84 48 83 30 36 94 90 37 5 
7 66 82 26 5 41 6 59 53 5 1 52 84 
60 1 15 41 62 26 61 8 14 72 68 15 17 
71 12 4 52 73 37 72 19 25 83 79 26 6 
51 8 24 32 53 17 52 1 5 63 59 6 26 
29 30 46 10 31 5 30 23 17 41 37 16 48 
26 33 49 7 28 8 27 26 20 38 34 19 51 
57 2 18 38 59 23 58 5 11 69 65 12 20 

37 50 47 24 1 31 41 1 65 11 80 1 60 
23 36 33 10 13 17 27 13 51 25 66 15 46 
24 11 14 37 60 30 20 60 4 72 19 62 1 
49 62 59 36 13 43 53 13 77 1 92 11 72 
11 2 1 24 47 17 7 47 17 59 32 49 12 
52 65 62 39 16 46 56 16 80 4 95 14 75 
37 24 27 50 73 43 33 73 9 85 6 75 14 
30 43 40 17 6 24 34 6 58 18 73 8 53 
41 54 51 28 5 35 45 5 69 7 84 3 64 
21 34 31 8 15 15 25 15 49 27 64 17 44 
1 12 9 14 37 7 3 37 27 49 42 39 22 
4 9 6 17 40 10 0 40 24 52 39 42 19 
27 40 37 14 9 21 31 9 55 21 70 11 50 

13 5 36 19 42 26 31 36 20 23 12 33 2 
14 22 63 46 15 1 4 63 7 50 15 6 25 
29 21 20 3 58 42 47 20 36 7 28 49 18 
5 3 44 27 34 18 23 44 12 31 4 25 6 
13 21 62 45 16 0 5 62 6 49 14 7 24 
20 12 29 12 49 33 38 29 27 16 19 40 9 
29 21 20 3 58 42 47 20 36 7 28 49 18 
48 40 1 16 77 61 66 1 55 12 47 68 37 
5 3 44 27 34 18 23 44 12 31 4 25 6 
23 15 26 9 52 36 41 26 30 13 22 43 12 
2 6 47 30 31 15 20 47 9 34 1 22 9 
59 51 10 27 88 72 77 10 66 23 58 79 48 
54 46 5 22 83 67 72 5 61 18 53 74 43 

5 17 12 13 6 39 43 41 38 13 31 54 52 
32 44 15 40 33 66 70 14 11 40 4 81 79 
11 1 28 3 10 23 27 57 54 3 47 38 36 
13 25 4 21 14 47 51 33 30 21 23 62 60 
31 43 14 39 32 65 69 15 12 39 5 80 78 
2 10 19 6 1 32 36 48 45 6 38 47 45 
11 1 28 3 10 23 27 57 54 3 47 38 36 
30 18 47 22 29 4 8 76 73 22 66 19 17 
13 25 4 21 14 47 51 33 30 21 23 62 60 
5 7 22 3 4 29 33 51 48 3 41 44 42 
16 28 1 24 17 50 54 30 27 24 20 65 63 
41 29 58 33 40 7 3 87 84 33 77 8 6 
36 24 53 28 35 2 2 82 79 28 72 13 11 

20 43 31 36 17 33 49 34 44 11 43 19 30 
7 16 4 9 10 6 76 61 17 38 16 46 3 
36 59 47 52 33 49 33 18 60 5 59 3 46 
12 35 23 28 9 25 57 42 36 19 35 27 22 
6 17 5 10 9 7 75 60 18 37 17 45 4 
27 50 38 43 24 40 42 27 51 4 50 12 37 
36 59 47 52 33 49 33 18 60 5 59 3 46 
55 78 66 71 52 68 14 1 79 24 78 16 65 
12 35 23 28 9 25 57 42 36 19 35 27 22 
30 53 41 46 27 43 39 24 54 1 53 9 40 
9 32 20 25 6 22 60 45 33 22 32 30 19 
66 89 77 82 63 79 3 12 90 35 89 27 76 
61 84 72 77 58 74 8 7 85 30 84 22 71 

43 30 15 33 22 26 7 26 18 17 14 25 18 
70 57 42 60 5 53 34 1 9 44 13 52 45 
27 14 1 17 38 10 9 42 34 1 30 9 2 
51 38 23 41 14 34 15 18 10 25 6 33 26 
69 56 41 59 4 52 33 0 8 43 12 51 44 
36 23 8 26 29 19 0 33 25 10 21 18 11 
27 14 1 17 38 10 9 42 34 1 30 9 2 
8 5 20 2 57 9 28 61 53 18 49 10 17 
51 38 23 41 14 34 15 18 10 25 6 33 26 
33 20 5 23 32 16 3 36 28 7 24 15 8 
54 41 26 44 11 37 18 15 7 28 3 36 29 
3 16 31 13 68 20 39 72 64 29 60 21 28 
2 11 26 8 63 15 34 67 59 24 55 16 23 

31 39 22 11 11 29 10 14 16 13 50 54 11 
4 66 5 38 16 56 17 41 11 40 77 81 38 
47 23 38 5 27 13 26 2 32 3 34 38 5 
23 47 14 19 3 37 2 22 8 21 58 62 19 
5 65 4 37 15 55 16 40 10 39 76 80 37 
38 32 29 4 18 22 17 7 23 6 43 47 4 
47 23 38 5 27 13 26 2 32 3 34 38 5 
66 4 57 24 46 6 45 21 51 22 15 19 24 
23 47 14 19 3 37 2 22 8 21 58 62 19 
41 29 32 1 21 19 20 4 26 3 40 44 1 
20 50 11 22 0 40 1 25 5 24 61 65 22 
77 7 68 35 57 17 56 32 62 33 4 8 35 
72 2 63 30 52 12 51 27 57 28 9 13 30 

41 34 29 6 28 5 2 33 41 32 20 2 43 
14 7 2 33 1 22 25 6 68 59 47 25 70 
57 50 45 10 44 21 18 49 25 16 4 18 27 
33 26 21 14 20 3 6 25 49 40 28 6 51 
15 8 3 32 2 21 24 7 67 58 46 24 69 
48 41 36 1 35 12 9 40 34 25 13 9 36 
57 50 45 10 44 21 18 49 25 16 4 18 27 
76 69 64 29 63 40 37 68 6 3 15 37 8 
33 26 21 14 20 3 6 25 49 40 28 6 51 
51 44 39 4 38 15 12 43 31 22 10 12 33 
30 23 18 17 17 6 9 22 52 43 31 9 54 
87 80 75 40 74 51 48 79 5 14 26 48 3 
82 75 70 35 69 46 43 74 0 9 21 43 2 

6 45 15 44 10 7 52 2 44 4 23 9 2 
21 72 12 71 37 20 79 25 71 23 50 36 29 
22 29 31 28 6 23 36 18 28 20 7 7 14 
2 53 7 52 18 1 60 6 52 4 31 17 10 
20 71 11 70 36 19 78 24 70 22 49 35 28 
13 38 22 37 3 14 45 9 37 11 16 2 5 
22 29 31 28 6 23 36 18 28 20 7 7 14 
41 10 50 9 25 42 17 37 9 39 12 26 33 
2 53 7 52 18 1 60 6 52 4 31 17 10 
16 35 25 34 0 17 42 12 34 14 13 1 8 
5 56 4 55 21 4 63 9 55 7 34 20 13 
52 1 61 2 36 53 6 48 2 50 23 37 44 
47 4 56 3 31 48 11 43 3 45 18 32 39 

45 8 9 43 50 34 8 20 4 44 8 20 20 
72 35 36 16 77 61 35 7 31 17 35 7 47 
29 8 7 59 34 18 8 36 12 60 8 36 4 
53 16 17 35 58 42 16 12 12 36 16 12 28 
71 34 35 17 76 60 34 6 30 18 34 6 46 
38 1 2 50 43 27 1 27 3 51 1 27 13 
29 8 7 59 34 18 8 36 12 60 8 36 4 
10 27 26 78 15 1 27 55 31 79 27 55 15 
53 16 17 35 58 42 16 12 12 36 16 12 28 
35 2 1 53 40 24 2 30 6 54 2 30 10 
56 19 20 32 61 45 19 9 15 33 19 9 31 
1 38 37 89 4 12 38 66 42 90 38 66 26 
4 33 32 84 9 7 33 61 37 85 33 61 21 

1 21 44 5 41 15 27 31 28 43 9 19 34 
28 48 17 32 68 12 54 4 55 16 18 8 61 
15 5 60 11 25 31 11 47 12 59 25 35 18 
9 29 36 13 49 7 35 23 36 35 1 11 42 
27 47 18 31 67 11 53 5 54 17 17 7 60 
6 14 51 2 34 22 20 38 21 50 16 26 27 
15 5 60 11 25 31 11 47 12 59 25 35 18 
34 14 79 30 6 50 8 66 7 78 44 54 1 
9 29 36 13 49 7 35 23 36 35 1 11 42 
9 11 54 5 31 25 17 41 18 53 19 29 24 
12 32 33 16 52 4 38 20 39 32 2 8 45 
45 25 90 41 5 61 19 77 18 89 55 65 12 
40 20 85 36 0 56 14 72 13 84 50 60 7 

20 3 51 36 15 6 13 32 7 45 48 19 11 
47 30 78 9 12 21 14 5 20 72 75 8 16 
4 13 35 52 31 22 29 48 23 29 32 35 27 
28 11 59 28 7 2 5 24 1 53 56 11 3 
46 29 77 10 11 20 13 6 19 71 74 7 15 
13 4 44 43 22 13 20 39 14 38 41 26 18 
4 13 35 52 31 22 29 48 23 29 32 35 27 
15 32 16 71 50 41 48 67 42 10 13 54 46 
28 11 59 28 7 2 5 24 1 53 56 11 3 
10 7 41 46 25 16 23 42 17 35 38 29 21 
31 14 62 25 4 5 2 21 4 56 59 8 0 
26 43 5 82 61 52 59 78 53 1 2 65 57 
21 38 10 77 56 47 54 73 48 4 7 60 52 

37 22 38 18 39 3 38 15 9 49 45 8 40 
64 5 11 45 66 30 65 12 18 76 72 19 13 
21 38 54 2 23 13 22 31 25 33 29 24 56 
45 14 30 26 47 11 46 7 1 57 53 0 32 
63 4 12 44 65 29 64 11 17 75 71 18 14 
30 29 45 11 32 4 31 22 16 42 38 15 47 
21 38 54 2 23 13 22 31 25 33 29 24 56 
2 57 73 17 4 32 3 50 44 14 10 43 75 
45 14 30 26 47 11 46 7 1 57 53 0 32 
27 32 48 8 29 7 28 25 19 39 35 18 50 
48 11 27 29 50 14 49 4 2 60 56 3 29 
9 68 84 28 7 43 8 61 55 3 1 54 86 
4 63 79 23 2 38 3 56 50 8 4 49 81 

7 20 17 6 29 1 11 29 35 41 50 31 30 
34 47 44 21 2 28 38 2 62 14 77 4 57 
9 4 1 22 45 15 5 45 19 57 34 47 14 
15 28 25 2 21 9 19 21 43 33 58 23 38 
33 46 43 20 3 27 37 3 61 15 76 5 56 
0 13 10 13 36 6 4 36 28 48 43 38 23 
9 4 1 22 45 15 5 45 19 57 34 47 14 
28 15 18 41 64 34 24 64 0 76 15 66 5 
15 28 25 2 21 9 19 21 43 33 58 23 38 
3 10 7 16 39 9 1 39 25 51 40 41 20 
18 31 28 5 18 12 22 18 46 30 61 20 41 
39 26 29 52 75 45 35 75 11 87 4 77 16 
34 21 24 47 70 40 30 70 6 82 9 72 11 

18 30 1 26 19 52 56 28 25 26 18 67 65 
10 22 7 18 11 44 48 36 33 18 26 59 57 
31 19 48 23 30 3 7 77 74 23 67 18 16 
14 2 31 6 13 20 24 60 57 6 50 35 33 
47 59 30 55 48 81 85 1 4 55 11 96 94 
31 43 14 39 32 65 69 15 12 39 5 80 78 
36 48 19 44 37 70 74 10 7 44 0 85 83 
31 19 48 23 30 3 7 77 74 23 67 18 16 
25 37 8 33 26 59 63 21 18 33 11 74 72 
18 6 35 10 17 16 20 64 61 10 54 31 29 
17 29 0 25 18 51 55 29 26 25 19 66 64 
38 50 21 46 39 72 76 8 5 46 2 87 85 
7 19 10 15 8 41 45 39 36 15 29 56 54 

7 30 18 23 4 20 62 47 31 24 30 32 17 
15 38 26 31 12 28 54 39 39 16 38 24 25 
56 79 67 72 53 69 13 2 80 25 79 17 66 
39 62 50 55 36 52 30 15 63 8 62 0 49 
22 1 11 6 25 9 91 76 2 53 1 61 12 
6 17 5 10 9 7 75 60 18 37 17 45 4 
11 12 0 5 14 2 80 65 13 42 12 50 1 
56 79 67 72 53 69 13 2 80 25 79 17 66 
0 23 11 16 3 13 69 54 24 31 23 39 10 
43 66 54 59 40 56 26 11 67 12 66 4 53 
8 31 19 24 5 21 61 46 32 23 31 31 18 
13 10 2 3 16 0 82 67 11 44 10 52 3 
18 41 29 34 15 31 51 36 42 13 41 21 28 

56 43 28 46 9 39 20 13 5 30 1 38 31 
48 35 20 38 17 31 12 21 13 22 9 30 23 
7 6 21 3 58 10 29 62 54 19 50 11 18 
24 11 4 14 41 7 12 45 37 2 33 6 1 
85 72 57 75 20 68 49 16 24 59 28 67 60 
69 56 41 59 4 52 33 0 8 43 12 51 44 
74 61 46 64 9 57 38 5 13 48 17 56 49 
7 6 21 3 58 10 29 62 54 19 50 11 18 
63 50 35 53 2 46 27 6 2 37 6 45 38 
20 7 8 10 45 3 16 49 41 6 37 2 5 
55 42 27 45 10 38 19 14 6 29 2 37 30 
76 63 48 66 11 59 40 7 15 50 19 58 51 
45 32 17 35 20 28 9 24 16 19 12 27 20 

18 52 9 24 2 42 3 27 3 26 63 67 24 
26 44 17 16 6 34 5 19 11 18 55 59 16 
67 3 58 25 47 7 46 22 52 23 14 18 25 
50 20 41 8 30 10 29 5 35 6 31 35 8 
11 81 20 53 31 71 32 56 26 55 92 96 53 
5 65 4 37 15 55 16 40 10 39 76 80 37 
0 70 9 42 20 60 21 45 15 44 81 85 42 
67 3 58 25 47 7 46 22 52 23 14 18 25 
11 59 2 31 9 49 10 34 4 33 70 74 31 
54 16 45 12 34 6 33 9 39 10 27 31 12 
19 51 10 23 1 41 2 26 4 25 62 66 23 
2 72 11 44 22 62 23 47 17 46 83 87 44 
29 41 20 13 9 31 8 16 14 15 52 56 13 

28 21 16 19 15 8 11 20 54 45 33 11 56 
36 29 24 11 23 0 3 28 46 37 25 3 48 
77 70 65 30 64 41 38 69 5 4 16 38 7 
60 53 48 13 47 24 21 52 22 13 1 21 24 
1 8 13 48 14 37 40 9 83 74 62 40 85 
15 8 3 32 2 21 24 7 67 58 46 24 69 
10 3 2 37 3 26 29 2 72 63 51 29 74 
77 70 65 30 64 41 38 69 5 4 16 38 7 
21 14 9 26 8 15 18 13 61 52 40 18 63 
64 57 52 17 51 28 25 56 18 9 3 25 20 
29 22 17 18 16 7 10 21 53 44 32 10 55 
8 1 4 39 5 28 31 0 74 65 53 31 76 
39 32 27 8 26 3 0 31 43 34 22 0 45 

7 58 2 57 23 6 65 11 57 9 36 22 15 
1 50 10 49 15 2 57 3 49 1 28 14 7 
42 9 51 8 26 43 16 38 8 40 13 27 34 
25 26 34 25 9 26 33 21 25 23 4 10 17 
36 87 27 86 52 35 94 40 86 38 65 51 44 
20 71 11 70 36 19 78 24 70 22 49 35 28 
25 76 16 75 41 24 83 29 75 27 54 40 33 
42 9 51 8 26 43 16 38 8 40 13 27 34 
14 65 5 64 30 13 72 18 64 16 43 29 22 
29 22 38 21 13 30 29 25 21 27 0 14 21 
6 57 3 56 22 5 64 10 56 8 35 21 14 
27 78 18 77 43 26 85 31 77 29 56 42 35 
4 47 13 46 12 5 54 0 46 2 25 11 4 

58 21 22 30 63 47 21 7 17 31 21 7 33 
50 13 14 38 55 39 13 15 9 39 13 15 25 
9 28 27 79 14 2 28 56 32 80 28 56 16 
26 11 10 62 31 15 11 39 15 63 11 39 1 
87 50 51 1 92 76 50 22 46 2 50 22 62 
71 34 35 17 76 60 34 6 30 18 34 6 46 
76 39 40 12 81 65 39 11 35 13 39 11 51 
9 28 27 79 14 2 28 56 32 80 28 56 16 
65 28 29 23 70 54 28 0 24 24 28 0 40 
22 15 14 66 27 11 15 43 19 67 15 43 3 
57 20 21 31 62 46 20 8 16 32 20 8 32 
78 41 42 10 83 67 41 13 37 11 41 13 53 
47 10 11 41 52 36 10 18 6 42 10 18 22 

14 34 31 18 54 2 40 18 41 30 4 6 47 
6 26 39 10 46 10 32 26 33 38 4 14 39 
35 15 80 31 5 51 9 67 8 79 45 55 2 
18 2 63 14 22 34 8 50 9 62 28 38 15 
43 63 2 47 83 27 69 11 70 1 33 23 76 
27 47 18 31 67 11 53 5 54 17 17 7 60 
32 52 13 36 72 16 58 0 59 12 22 12 65 
35 15 80 31 5 51 9 67 8 79 45 55 2 
21 41 24 25 61 5 47 11 48 23 11 1 54 
22 2 67 18 18 38 4 54 5 66 32 42 11 
13 33 32 17 53 3 39 19 40 31 3 7 46 
34 54 11 38 74 18 60 2 61 10 24 14 67 
3 23 42 7 43 13 29 29 30 41 7 17 36 

33 16 64 23 2 7 0 19 6 58 61 6 2 
25 8 56 31 10 1 8 27 2 50 53 14 6 
16 33 15 72 51 42 49 68 43 9 12 55 47 
1 16 32 55 34 25 32 51 26 26 29 38 30 
62 45 93 6 27 36 29 10 35 87 90 23 31 
46 29 77 10 11 20 13 6 19 71 74 7 15 
51 34 82 5 16 25 18 1 24 76 79 12 20 
16 33 15 72 51 42 49 68 43 9 12 55 47 
40 23 71 16 5 14 7 12 13 65 68 1 9 
3 20 28 59 38 29 36 55 30 22 25 42 34 
32 15 63 24 3 6 1 20 5 57 60 7 1 
53 36 84 3 18 27 20 1 26 78 81 14 22 
22 5 53 34 13 4 11 30 5 47 50 17 9 

50 9 25 31 52 16 51 2 4 62 58 5 27 
42 17 33 23 44 8 43 10 4 54 50 3 35 
1 58 74 18 3 33 2 51 45 13 9 44 76 
18 41 57 1 20 16 19 34 28 30 26 27 59 
79 20 4 60 81 45 80 27 33 91 87 34 2 
63 4 12 44 65 29 64 11 17 75 71 18 14 
68 9 7 49 70 34 69 16 22 80 76 23 9 
1 58 74 18 3 33 2 51 45 13 9 44 76 
57 2 18 38 59 23 58 5 11 69 65 12 20 
14 45 61 5 16 20 15 38 32 26 22 31 63 
49 10 26 30 51 15 50 3 3 61 57 4 28 
70 11 5 51 72 36 71 18 24 82 78 25 7 
39 20 36 20 41 5 40 13 7 51 47 6 38 

20 33 30 7 16 14 24 16 48 28 63 18 43 
12 25 22 1 24 6 16 24 40 36 55 26 35 
29 16 19 42 65 35 25 65 1 77 14 67 6 
12 1 2 25 48 18 8 48 16 60 31 50 11 
49 62 59 36 13 43 53 13 77 1 92 11 72 
33 46 43 20 3 27 37 3 61 15 76 5 56 
38 51 48 25 2 32 42 2 66 10 81 0 61 
29 16 19 42 65 35 25 65 1 77 14 67 6 
27 40 37 14 9 21 31 9 55 21 70 11 50 
16 3 6 29 52 22 12 52 12 64 27 54 7 
19 32 29 6 17 13 23 17 47 29 62 19 42 
40 53 50 27 4 34 44 4 68 8 83 2 63 
9 22 19 4 27 3 13 27 37 39 52 29 32 

25 48 36 41 22 38 44 29 49 6 48 14 35 
37 60 48 53 34 50 32 17 61 6 60 2 47 
8 31 19 24 5 21 61 46 32 23 31 31 18 
33 56 44 49 30 46 36 21 57 2 56 6 43 
26 49 37 42 23 39 43 28 50 5 49 13 36 
59 82 70 75 56 72 10 5 83 28 82 20 69 
63 86 74 79 60 76 6 9 87 32 86 24 73 
21 2 10 5 24 8 90 75 3 52 2 60 11 
18 5 7 2 21 5 87 72 6 49 5 57 8 
33 56 44 49 30 46 36 21 57 2 56 6 43 
11 12 0 5 14 2 80 65 13 42 12 50 1 
74 97 85 90 71 87 5 20 98 43 97 35 84 
72 95 83 88 69 85 3 18 96 41 95 33 82 

38 25 10 28 27 21 2 31 23 12 19 20 13 
26 13 2 16 39 9 10 43 35 0 31 8 1 
55 42 27 45 10 38 19 14 6 29 2 37 30 
30 17 2 20 35 13 6 39 31 4 27 12 5 
37 24 9 27 28 20 1 32 24 11 20 19 12 
4 9 24 6 61 13 32 65 57 22 53 14 21 
0 13 28 10 65 17 36 69 61 26 57 18 25 
84 71 56 74 19 67 48 15 23 58 27 66 59 
81 68 53 71 16 64 45 12 20 55 24 63 56 
30 17 2 20 35 13 6 39 31 4 27 12 5 
74 61 46 64 9 57 38 5 13 48 17 56 49 
11 24 39 21 76 28 47 80 72 37 68 29 36 
9 22 37 19 74 26 45 78 70 35 66 27 34 

36 34 27 6 16 24 15 9 21 8 45 49 6 
48 22 39 6 28 12 27 3 33 4 33 37 6 
19 51 10 23 1 41 2 26 4 25 62 66 23 
44 26 35 2 24 16 23 1 29 0 37 41 2 
37 33 28 5 17 23 16 8 22 7 44 48 5 
70 0 61 28 50 10 49 25 55 26 11 15 28 
74 4 65 32 54 14 53 29 59 30 7 11 32 
10 80 19 52 30 70 31 55 25 54 91 95 52 
7 77 16 49 27 67 28 52 22 51 88 92 49 
44 26 35 2 24 16 23 1 29 0 37 41 2 
0 70 9 42 20 60 21 45 15 44 81 85 42 
85 15 76 43 65 25 64 40 70 41 4 0 43 
83 13 74 41 63 23 62 38 68 39 2 2 41 

46 39 34 1 33 10 7 38 36 27 15 7 38 
58 51 46 11 45 22 19 50 24 15 3 19 26 
29 22 17 18 16 7 10 21 53 44 32 10 55 
54 47 42 7 41 18 15 46 28 19 7 15 30 
47 40 35 0 34 11 8 39 35 26 14 8 37 
80 73 68 33 67 44 41 72 2 7 19 41 4 
84 77 72 37 71 48 45 76 2 11 23 45 0 
0 7 12 47 13 36 39 8 82 73 61 39 84 
3 4 9 44 10 33 36 5 79 70 58 36 81 
54 47 42 7 41 18 15 46 28 19 7 15 30 
10 3 2 37 3 26 29 2 72 63 51 29 74 
95 88 83 48 82 59 56 87 13 22 34 56 11 
93 86 81 46 80 57 54 85 11 20 32 54 9 

11 40 20 39 5 12 47 7 39 9 18 4 3 
23 28 32 27 7 24 35 19 27 21 6 8 15 
6 57 3 56 22 5 64 10 56 8 35 21 14 
19 32 28 31 3 20 39 15 31 17 10 4 11 
12 39 21 38 4 13 46 8 38 10 17 3 4 
45 6 54 5 29 46 13 41 5 43 16 30 37 
49 2 58 1 33 50 9 45 1 47 20 34 41 
35 86 26 85 51 34 93 39 85 37 64 50 43 
32 83 23 82 48 31 90 36 82 34 61 47 40 
19 32 28 31 3 20 39 15 31 17 10 4 11 
25 76 16 75 41 24 83 29 75 27 54 40 33 
60 9 69 10 44 61 2 56 10 58 31 45 52 
58 7 67 8 42 59 0 54 8 56 29 43 50 

40 3 4 48 45 29 3 25 1 49 3 25 15 
28 9 8 60 33 17 9 37 13 61 9 37 3 
57 20 21 31 62 46 20 8 16 32 20 8 32 
32 5 4 56 37 21 5 33 9 57 5 33 7 
39 2 3 49 44 28 2 26 2 50 2 26 14 
6 31 30 82 11 5 31 59 35 83 31 59 19 
2 35 34 86 7 9 35 63 39 87 35 63 23 
86 49 50 2 91 75 49 21 45 3 49 21 61 
83 46 47 5 88 72 46 18 42 6 46 18 58 
32 5 4 56 37 21 5 33 9 57 5 33 7 
76 39 40 12 81 65 39 11 35 13 39 11 51 
9 46 45 97 4 20 46 74 50 98 46 74 34 
7 44 43 95 2 18 44 72 48 96 44 72 32 

4 16 49 0 36 20 22 36 23 48 14 24 29 
16 4 61 12 24 32 10 48 11 60 26 36 17 
13 33 32 17 53 3 39 19 40 31 3 7 46 
12 8 57 8 28 28 14 44 15 56 22 32 21 
5 15 50 1 35 21 21 37 22 49 15 25 28 
38 18 83 34 2 54 12 70 11 82 48 58 5 
42 22 87 38 2 58 16 74 15 86 52 62 9 
42 62 3 46 82 26 68 10 69 2 32 22 75 
39 59 6 43 79 23 65 7 66 5 29 19 72 
12 8 57 8 28 28 14 44 15 56 22 32 21 
32 52 13 36 72 16 58 0 59 12 22 12 65 
53 33 98 49 13 69 27 85 26 97 63 73 20 
51 31 96 47 11 67 25 83 24 95 61 71 18 

15 2 46 41 20 11 18 37 12 40 43 24 16 
3 14 34 53 32 23 30 49 24 28 31 36 28 
32 15 63 24 3 6 1 20 5 57 60 7 1 
7 10 38 49 28 19 26 45 20 32 35 32 24 
14 3 45 42 21 12 19 38 13 39 42 25 17 
19 36 12 75 54 45 52 71 46 6 9 58 50 
23 40 8 79 58 49 56 75 50 2 5 62 54 
61 44 92 5 26 35 28 9 34 86 89 22 30 
58 41 89 2 23 32 25 6 31 83 86 19 27 
7 10 38 49 28 19 26 45 20 32 35 32 24 
51 34 82 5 16 25 18 1 24 76 79 12 20 
34 51 3 90 69 60 67 86 61 9 6 73 65 
32 49 1 88 67 58 65 84 59 7 4 71 63 

32 27 43 13 34 2 33 20 14 44 40 13 45 
20 39 55 1 22 14 21 32 26 32 28 25 57 
49 10 26 30 51 15 50 3 3 61 57 4 28 
24 35 51 5 26 10 25 28 22 36 32 21 53 
31 28 44 12 33 3 32 21 15 43 39 14 46 
2 61 77 21 0 36 1 54 48 10 6 47 79 
6 65 81 25 4 40 5 58 52 6 2 51 83 
78 19 3 59 80 44 79 26 32 90 86 33 1 
75 16 0 56 77 41 76 23 29 87 83 30 2 
24 35 51 5 26 10 25 28 22 36 32 21 53 
68 9 7 49 70 34 69 16 22 80 76 23 9 
17 76 92 36 15 51 16 69 63 5 9 62 94 
15 74 90 34 13 49 14 67 61 3 7 60 92 

2 15 12 11 34 4 6 34 30 46 45 36 25 
10 3 0 23 46 16 6 46 18 58 33 48 13 
19 32 29 6 17 13 23 17 47 29 62 19 42 
6 7 4 19 42 12 2 42 22 54 37 44 17 
1 14 11 12 35 5 5 35 29 47 44 37 24 
32 19 22 45 68 38 28 68 4 80 11 70 9 
36 23 26 49 72 42 32 72 8 84 7 74 13 
48 61 58 35 12 42 52 12 76 0 91 10 71 
45 58 55 32 9 39 49 9 73 3 88 7 68 
6 7 4 19 42 12 2 42 22 54 37 44 17 
38 51 48 25 2 32 42 2 66 10 81 0 61 
47 34 37 60 83 53 43 83 19 95 4 85 24 
45 32 35 58 81 51 41 81 17 93 2 83 22 

63 50 35 53 2 46 27 6 2 37 6 45 38 
86 73 58 76 21 69 50 17 25 60 29 68 61 
74 61 46 64 9 57 38 5 13 48 17 56 49 
79 66 51 69 14 62 43 10 18 53 22 61 54 
60 47 32 50 5 43 24 9 1 34 3 42 35 
76 63 48 66 11 59 40 7 15 50 19 58 51 
6 19 34 16 71 23 42 75 67 32 63 24 31 
9 4 19 1 56 8 27 60 52 17 48 9 16 
87 74 59 77 22 70 51 18 26 61 30 69 62 
32 19 4 22 33 15 4 37 29 6 25 14 7 
86 73 58 76 21 69 50 17 25 60 29 68 61 
24 11 4 14 41 7 12 45 37 2 33 6 1 
73 60 45 63 8 56 37 4 12 47 16 55 48 

11 59 2 31 9 49 10 34 4 33 70 74 31 
12 82 21 54 32 72 33 57 27 56 93 97 54 
0 70 9 42 20 60 21 45 15 44 81 85 42 
5 75 14 47 25 65 26 50 20 49 86 90 47 
14 56 5 28 6 46 7 31 1 30 67 71 28 
2 72 11 44 22 62 23 47 17 46 83 87 44 
80 10 71 38 60 20 59 35 65 36 1 5 38 
65 5 56 23 45 5 44 20 50 21 16 20 23 
13 83 22 55 33 73 34 58 28 57 94 98 55 
42 28 33 0 22 18 21 3 27 2 39 43 0 
12 82 21 54 32 72 33 57 27 56 93 97 54 
50 20 41 8 30 10 29 5 35 6 31 35 8 
1 69 8 41 19 59 20 44 14 43 80 84 41 

21 14 9 26 8 15 18 13 61 52 40 18 63 
2 9 14 49 15 38 41 10 84 75 63 41 86 
10 3 2 37 3 26 29 2 72 63 51 29 74 
5 2 7 42 8 31 34 3 77 68 56 34 79 
24 17 12 23 11 12 15 16 58 49 37 15 60 
8 1 4 39 5 28 31 0 74 65 53 31 76 
90 83 78 43 77 54 51 82 8 17 29 51 6 
75 68 63 28 62 39 36 67 7 2 14 36 9 
3 10 15 50 16 39 42 11 85 76 64 42 87 
52 45 40 5 39 16 13 44 30 21 9 13 32 
2 9 14 49 15 38 41 10 84 75 63 41 86 
60 53 48 13 47 24 21 52 22 13 1 21 24 
11 4 1 36 2 25 28 3 71 62 50 28 73 

14 65 5 64 30 13 72 18 64 16 43 29 22 
37 88 28 87 53 36 95 41 87 39 66 52 45 
25 76 16 75 41 24 83 29 75 27 54 40 33 
30 81 21 80 46 29 88 34 80 32 59 45 38 
11 62 2 61 27 10 69 15 61 13 40 26 19 
27 78 18 77 43 26 85 31 77 29 56 42 35 
55 4 64 5 39 56 3 51 5 53 26 40 47 
40 11 49 10 24 41 18 36 10 38 11 25 32 
38 89 29 88 54 37 96 42 88 40 67 53 46 
17 34 26 33 1 18 41 13 33 15 12 2 9 
37 88 28 87 53 36 95 41 87 39 66 52 45 
25 26 34 25 9 26 33 21 25 23 4 10 17 
24 75 15 74 40 23 82 28 74 26 53 39 32 

65 28 29 23 70 54 28 0 24 24 28 0 40 
88 51 52 0 93 77 51 23 47 1 51 23 63 
76 39 40 12 81 65 39 11 35 13 39 11 51 
81 44 45 7 86 70 44 16 40 8 44 16 56 
62 25 26 26 67 51 25 3 21 27 25 3 37 
78 41 42 10 83 67 41 13 37 11 41 13 53 
4 41 40 92 1 15 41 69 45 93 41 69 29 
11 26 25 77 16 0 26 54 30 78 26 54 14 
89 52 53 1 94 78 52 24 48 0 52 24 64 
34 3 2 54 39 23 3 31 7 55 3 31 9 
88 51 52 0 93 77 51 23 47 1 51 23 63 
26 11 10 62 31 15 11 39 15 63 11 39 1 
75 38 39 13 80 64 38 10 34 14 38 10 50 

21 41 24 25 61 5 47 11 48 23 11 1 54 
44 64 1 48 84 28 70 12 71 0 34 24 77 
32 52 13 36 72 16 58 0 59 12 22 12 65 
37 57 8 41 77 21 63 5 64 7 27 17 70 
18 38 27 22 58 2 44 14 45 26 8 2 51 
34 54 11 38 74 18 60 2 61 10 24 14 67 
48 28 93 44 8 64 22 80 21 92 58 68 15 
33 13 78 29 7 49 7 65 6 77 43 53 0 
45 65 0 49 85 29 71 13 72 1 35 25 78 
10 10 55 6 30 26 16 42 17 54 20 30 23 
44 64 1 48 84 28 70 12 71 0 34 24 77 
18 2 63 14 22 34 8 50 9 62 28 38 15 
31 51 14 35 71 15 57 1 58 13 21 11 64 

40 23 71 16 5 14 7 12 13 65 68 1 9 
63 46 94 7 28 37 30 11 36 88 91 24 32 
51 34 82 5 16 25 18 1 24 76 79 12 20 
56 39 87 0 21 30 23 4 29 81 84 17 25 
37 20 68 19 2 11 4 15 10 62 65 2 6 
53 36 84 3 18 27 20 1 26 78 81 14 22 
29 46 2 85 64 55 62 81 56 4 1 68 60 
14 31 17 70 49 40 47 66 41 11 14 53 45 
64 47 95 8 29 38 31 12 37 89 92 25 33 
9 8 40 47 26 17 24 43 18 34 37 30 22 
63 46 94 7 28 37 30 11 36 88 91 24 32 
1 16 32 55 34 25 32 51 26 26 29 38 30 
50 33 81 6 15 24 17 2 23 75 78 11 19 

57 2 18 38 59 23 58 5 11 69 65 12 20 
80 21 5 61 82 46 81 28 34 92 88 35 3 
68 9 7 49 70 34 69 16 22 80 76 23 9 
73 14 2 54 75 39 74 21 27 85 81 28 4 
54 5 21 35 56 20 55 2 8 66 62 9 23 
70 11 5 51 72 36 71 18 24 82 78 25 7 
12 71 87 31 10 46 11 64 58 0 4 57 89 
3 56 72 16 5 31 4 49 43 15 11 42 74 
81 22 6 62 83 47 82 29 35 93 89 36 4 
26 33 49 7 28 8 27 26 20 38 34 19 51 
80 21 5 61 82 46 81 28 34 92 88 35 3 
18 41 57 1 20 16 19 34 28 30 26 27 59 
67 8 8 48 69 33 68 15 21 79 75 22 10 

27 40 37 14 9 21 31 9 55 21 70 11 50 
50 63 60 37 14 44 54 14 78 2 93 12 73 
38 51 48 25 2 32 42 2 66 10 81 0 61 
43 56 53 30 7 37 47 7 71 5 86 5 66 
24 37 34 11 12 18 28 12 52 24 67 14 47 
40 53 50 27 4 34 44 4 68 8 83 2 63 
42 29 32 55 78 48 38 78 14 90 1 80 19 
27 14 17 40 63 33 23 63 1 75 16 65 4 
51 64 61 38 15 45 55 15 79 3 94 13 74 
4 9 6 17 40 10 0 40 24 52 39 42 19 
50 63 60 37 14 44 54 14 78 2 93 12 73 
12 1 2 25 48 18 8 48 16 60 31 50 11 
37 50 47 24 1 31 41 1 65 11 80 1 60 

74 4 65 32 54 14 53 29 59 30 7 11 32 
61 9 52 19 41 1 40 16 46 17 20 24 19 
46 24 37 4 26 14 25 1 31 2 35 39 4 
64 6 55 22 44 4 43 19 49 20 17 21 22 
9 61 0 33 11 51 12 36 6 35 72 76 33 
57 13 48 15 37 3 36 12 42 13 24 28 15 
38 32 29 4 18 22 17 7 23 6 43 47 4 
5 65 4 37 15 55 16 40 10 39 76 80 37 
13 57 4 29 7 47 8 32 2 31 68 72 29 
48 22 39 6 28 12 27 3 33 4 33 37 6 
17 53 8 25 3 43 4 28 2 27 64 68 25 
56 14 47 14 36 4 35 11 41 12 25 29 14 
49 21 40 7 29 11 28 4 34 5 32 36 7 

84 77 72 37 71 48 45 76 2 11 23 45 0 
71 64 59 24 58 35 32 63 11 2 10 32 13 
56 49 44 9 43 20 17 48 26 17 5 17 28 
74 67 62 27 61 38 35 66 8 1 13 35 10 
19 12 7 28 6 17 20 11 63 54 42 20 65 
67 60 55 20 54 31 28 59 15 6 6 28 17 
48 41 36 1 35 12 9 40 34 25 13 9 36 
15 8 3 32 2 21 24 7 67 58 46 24 69 
23 16 11 24 10 13 16 15 59 50 38 16 61 
58 51 46 11 45 22 19 50 24 15 3 19 26 
27 20 15 20 14 9 12 19 55 46 34 12 57 
66 59 54 19 53 30 27 58 16 7 5 27 18 
59 52 47 12 46 23 20 51 23 14 2 20 25 

49 2 58 1 33 50 9 45 1 47 20 34 41 
36 15 45 14 20 37 22 32 14 34 7 21 28 
21 30 30 29 5 22 37 17 29 19 8 6 13 
39 12 48 11 23 40 19 35 11 37 10 24 31 
16 67 7 66 32 15 74 20 66 18 45 31 24 
32 19 41 18 16 33 26 28 18 30 3 17 24 
13 38 22 37 3 14 45 9 37 11 16 2 5 
20 71 11 70 36 19 78 24 70 22 49 35 28 
12 63 3 62 28 11 70 16 62 14 41 27 20 
23 28 32 27 7 24 35 19 27 21 6 8 15 
8 59 1 58 24 7 66 12 58 10 37 23 16 
31 20 40 19 15 32 27 27 19 29 2 16 23 
24 27 33 26 8 25 34 20 26 22 5 9 16 

2 35 34 86 7 9 35 63 39 87 35 63 23 
15 22 21 73 20 4 22 50 26 74 22 50 10 
30 7 6 58 35 19 7 35 11 59 7 35 5 
12 25 24 76 17 1 25 53 29 77 25 53 13 
67 30 31 21 72 56 30 2 26 22 30 2 42 
19 18 17 69 24 8 18 46 22 70 18 46 6 
38 1 2 50 43 27 1 27 3 51 1 27 13 
71 34 35 17 76 60 34 6 30 18 34 6 46 
63 26 27 25 68 52 26 2 22 26 26 2 38 
28 9 8 60 33 17 9 37 13 61 9 37 3 
59 22 23 29 64 48 22 6 18 30 22 6 34 
20 17 16 68 25 9 17 45 21 69 17 45 5 
27 10 9 61 32 16 10 38 14 62 10 38 2 

42 22 87 38 2 58 16 74 15 86 52 62 9 
29 9 74 25 11 45 3 61 2 73 39 49 4 
14 6 59 10 26 30 12 46 13 58 24 34 19 
32 12 77 28 8 48 6 64 5 76 42 52 1 
23 43 22 27 63 7 49 9 50 21 13 3 56 
25 5 70 21 15 41 1 57 2 69 35 45 8 
6 14 51 2 34 22 20 38 21 50 16 26 27 
27 47 18 31 67 11 53 5 54 17 17 7 60 
19 39 26 23 59 3 45 13 46 25 9 1 52 
16 4 61 12 24 32 10 48 11 60 26 36 17 
15 35 30 19 55 1 41 17 42 29 5 5 48 
24 4 69 20 16 40 2 56 3 68 34 44 9 
17 3 62 13 23 33 9 49 10 61 27 37 16 

23 40 8 79 58 49 56 75 50 2 5 62 54 
10 27 21 66 45 36 43 62 37 15 18 49 41 
5 12 36 51 30 21 28 47 22 30 33 34 26 
13 30 18 69 48 39 46 65 40 12 15 52 44 
42 25 73 14 7 16 9 10 15 67 70 3 11 
6 23 25 62 41 32 39 58 33 19 22 45 37 
13 4 44 43 22 13 20 39 14 38 41 26 18 
46 29 77 10 11 20 13 6 19 71 74 7 15 
38 21 69 18 3 12 5 14 11 63 66 1 7 
3 14 34 53 32 23 30 49 24 28 31 36 28 
34 17 65 22 1 8 1 18 7 59 62 5 3 
5 22 26 61 40 31 38 57 32 20 23 44 36 
2 15 33 54 33 24 31 50 25 27 30 37 29 

6 65 81 25 4 40 5 58 52 6 2 51 83 
7 52 68 12 9 27 8 45 39 19 15 38 70 
22 37 53 3 24 12 23 30 24 34 30 23 55 
4 55 71 15 6 30 5 48 42 16 12 41 73 
59 0 16 40 61 25 60 7 13 71 67 14 18 
11 48 64 8 13 23 12 41 35 23 19 34 66 
30 29 45 11 32 4 31 22 16 42 38 15 47 
63 4 12 44 65 29 64 11 17 75 71 18 14 
55 4 20 36 57 21 56 3 9 67 63 10 22 
20 39 55 1 22 14 21 32 26 32 28 25 57 
51 8 24 32 53 17 52 1 5 63 59 6 26 
12 47 63 7 14 22 13 40 34 24 20 33 65 
19 40 56 0 21 15 20 33 27 31 27 26 58 

36 23 26 49 72 42 32 72 8 84 7 74 13 
23 10 13 36 59 29 19 59 5 71 20 61 0 
8 5 2 21 44 14 4 44 20 56 35 46 15 
26 13 16 39 62 32 22 62 2 74 17 64 3 
29 42 39 16 7 23 33 7 57 19 72 9 52 
19 6 9 32 55 25 15 55 9 67 24 57 4 
0 13 10 13 36 6 4 36 28 48 43 38 23 
33 46 43 20 3 27 37 3 61 15 76 5 56 
25 38 35 12 11 19 29 11 53 23 68 13 48 
10 3 0 23 46 16 6 46 18 58 33 48 13 
21 34 31 8 15 15 25 15 49 27 64 17 44 
18 5 8 31 54 24 14 54 10 66 25 56 5 
11 2 1 24 47 17 7 47 17 59 32 49 12 

10 3 2 37 3 26 29 2 72 63 51 29 74 
80 73 68 33 67 44 41 72 2 7 19 41 4 
19 12 7 28 6 17 20 11 63 54 42 20 65 
52 45 40 5 39 16 13 44 30 21 9 13 32 
30 23 18 17 17 6 9 22 52 43 31 9 54 
70 63 58 23 57 34 31 62 12 3 9 31 14 
31 24 19 16 18 5 8 23 51 42 30 8 53 
55 48 43 8 42 19 16 47 27 18 6 16 29 
25 18 13 22 12 11 14 17 57 48 36 14 59 
54 47 42 7 41 18 15 46 28 19 7 15 30 
91 84 79 44 78 55 52 83 9 18 30 52 7 
95 88 83 48 82 59 56 87 13 22 34 56 11 
52 45 40 5 39 16 13 44 30 21 9 13 32 

25 76 16 75 41 24 83 29 75 27 54 40 33 
45 6 54 5 29 46 13 41 5 43 16 30 37 
16 67 7 66 32 15 74 20 66 18 45 31 24 
17 34 26 33 1 18 41 13 33 15 12 2 9 
5 56 4 55 21 4 63 9 55 7 34 20 13 
35 16 44 15 19 36 23 31 15 33 6 20 27 
4 55 5 54 20 3 62 8 54 6 33 19 12 
20 31 29 30 4 21 38 16 30 18 9 5 12 
10 61 1 60 26 9 68 14 60 12 39 25 18 
19 32 28 31 3 20 39 15 31 17 10 4 11 
56 5 65 6 40 57 2 52 6 54 27 41 48 
60 9 69 10 44 61 2 56 10 58 31 45 52 
17 34 26 33 1 18 41 13 33 15 12 2 9 

76 39 40 12 81 65 39 11 35 13 39 11 51 
6 31 30 82 11 5 31 59 35 83 31 59 19 
67 30 31 21 72 56 30 2 26 22 30 2 42 
34 3 2 54 39 23 3 31 7 55 3 31 9 
56 19 20 32 61 45 19 9 15 33 19 9 31 
16 21 20 72 21 5 21 49 25 73 21 49 9 
55 18 19 33 60 44 18 10 14 34 18 10 30 
31 6 5 57 36 20 6 34 10 58 6 34 6 
61 24 25 27 66 50 24 4 20 28 24 4 36 
32 5 4 56 37 21 5 33 9 57 5 33 7 
5 42 41 93 0 16 42 70 46 94 42 70 30 
9 46 45 97 4 20 46 74 50 98 46 74 34 
34 3 2 54 39 23 3 31 7 55 3 31 9 

32 52 13 36 72 16 58 0 59 12 22 12 65 
38 18 83 34 2 54 12 70 11 82 48 58 5 
23 43 22 27 63 7 49 9 50 21 13 3 56 
10 10 55 6 30 26 16 42 17 54 20 30 23 
12 32 33 16 52 4 38 20 39 32 2 8 45 
28 8 73 24 12 44 2 60 1 72 38 48 5 
11 31 34 15 51 5 37 21 38 33 1 9 44 
13 7 58 9 27 29 13 45 14 57 23 33 20 
17 37 28 21 57 1 43 15 44 27 7 3 50 
12 8 57 8 28 28 14 44 15 56 22 32 21 
49 29 94 45 9 65 23 81 22 93 59 69 16 
53 33 98 49 13 69 27 85 26 97 63 73 20 
10 10 55 6 30 26 16 42 17 54 20 30 23 

51 34 82 5 16 25 18 1 24 76 79 12 20 
19 36 12 75 54 45 52 71 46 6 9 58 50 
42 25 73 14 7 16 9 10 15 67 70 3 11 
9 8 40 47 26 17 24 43 18 34 37 30 22 
31 14 62 25 4 5 2 21 4 56 59 8 0 
9 26 22 65 44 35 42 61 36 16 19 48 40 
30 13 61 26 5 4 3 22 3 55 58 9 1 
6 11 37 50 29 20 27 46 21 31 34 33 25 
36 19 67 20 1 10 3 16 9 61 64 3 5 
7 10 38 49 28 19 26 45 20 32 35 32 24 
30 47 1 86 65 56 63 82 57 5 2 69 61 
34 51 3 90 69 60 67 86 61 9 6 73 65 
9 8 40 47 26 17 24 43 18 34 37 30 22 

68 9 7 49 70 34 69 16 22 80 76 23 9 
2 61 77 21 0 36 1 54 48 10 6 47 79 
59 0 16 40 61 25 60 7 13 71 67 14 18 
26 33 49 7 28 8 27 26 20 38 34 19 51 
48 11 27 29 50 14 49 4 2 60 56 3 29 
8 51 67 11 10 26 9 44 38 20 16 37 69 
47 12 28 28 49 13 48 5 1 59 55 2 30 
23 36 52 4 25 11 24 29 23 35 31 22 54 
53 6 22 34 55 19 54 1 7 65 61 8 24 
24 35 51 5 26 10 25 28 22 36 32 21 53 
13 72 88 32 11 47 12 65 59 1 5 58 90 
17 76 92 36 15 51 16 69 63 5 9 62 94 
26 33 49 7 28 8 27 26 20 38 34 19 51 

38 51 48 25 2 32 42 2 66 10 81 0 61 
32 19 22 45 68 38 28 68 4 80 11 70 9 
29 42 39 16 7 23 33 7 57 19 72 9 52 
4 9 6 17 40 10 0 40 24 52 39 42 19 
18 31 28 5 18 12 22 18 46 30 61 20 41 
22 9 12 35 58 28 18 58 6 70 21 60 1 
17 30 27 4 19 11 21 19 45 31 60 21 40 
7 6 3 20 43 13 3 43 21 55 36 45 16 
23 36 33 10 13 17 27 13 51 25 66 15 46 
6 7 4 19 42 12 2 42 22 54 37 44 17 
43 30 33 56 79 49 39 79 15 91 0 81 20 
47 34 37 60 83 53 43 83 19 95 4 85 24 
4 9 6 17 40 10 0 40 24 52 39 42 19 

35 86 26 85 51 34 93 39 85 37 64 50 43 
28 79 19 78 44 27 86 32 78 30 57 43 36 
23 74 14 73 39 22 81 27 73 25 52 38 31 
12 39 21 38 4 13 46 8 38 10 17 3 4 
22 73 13 72 38 21 80 26 72 24 51 37 30 
1 50 10 49 15 2 57 3 49 1 28 14 7 
4 47 13 46 12 5 54 0 46 2 25 11 4 
27 78 18 77 43 26 85 31 77 29 56 42 35 
47 4 56 3 31 48 11 43 3 45 18 32 39 
38 13 47 12 22 39 20 34 12 36 9 23 30 
26 25 35 24 10 27 32 22 24 24 3 11 18 
4 47 13 46 12 5 54 0 46 2 25 11 4 
49 2 58 1 33 50 9 45 1 47 20 34 41 

86 49 50 2 91 75 49 21 45 3 49 21 61 
79 42 43 9 84 68 42 14 38 10 42 14 54 
74 37 38 14 79 63 37 9 33 15 37 9 49 
39 2 3 49 44 28 2 26 2 50 2 26 14 
73 36 37 15 78 62 36 8 32 16 36 8 48 
50 13 14 38 55 39 13 15 9 39 13 15 25 
47 10 11 41 52 36 10 18 6 42 10 18 22 
78 41 42 10 83 67 41 13 37 11 41 13 53 
4 33 32 84 9 7 33 61 37 85 33 61 21 
13 24 23 75 18 2 24 52 28 76 24 52 12 
25 12 11 63 30 14 12 40 16 64 12 40 0 
47 10 11 41 52 36 10 18 6 42 10 18 22 
2 35 34 86 7 9 35 63 39 87 35 63 23 

42 62 3 46 82 26 68 10 69 2 32 22 75 
35 55 10 39 75 19 61 3 62 9 25 15 68 
30 50 15 34 70 14 56 2 57 14 20 10 63 
5 15 50 1 35 21 21 37 22 49 15 25 28 
29 49 16 33 69 13 55 3 56 15 19 9 62 
6 26 39 10 46 10 32 26 33 38 4 14 39 
3 23 42 7 43 13 29 29 30 41 7 17 36 
34 54 11 38 74 18 60 2 61 10 24 14 67 
40 20 85 36 0 56 14 72 13 84 50 60 7 
31 11 76 27 9 47 5 63 4 75 41 51 2 
19 1 64 15 21 35 7 51 8 63 29 39 14 
3 23 42 7 43 13 29 29 30 41 7 17 36 
42 22 87 38 2 58 16 74 15 86 52 62 9 

61 44 92 5 26 35 28 9 34 86 89 22 30 
54 37 85 2 19 28 21 2 27 79 82 15 23 
49 32 80 7 14 23 16 3 22 74 77 10 18 
14 3 45 42 21 12 19 38 13 39 42 25 17 
48 31 79 8 13 22 15 4 21 73 76 9 17 
25 8 56 31 10 1 8 27 2 50 53 14 6 
22 5 53 34 13 4 11 30 5 47 50 17 9 
53 36 84 3 18 27 20 1 26 78 81 14 22 
21 38 10 77 56 47 54 73 48 4 7 60 52 
12 29 19 68 47 38 45 64 39 13 16 51 43 
0 17 31 56 35 26 33 52 27 25 28 39 31 
22 5 53 34 13 4 11 30 5 47 50 17 9 
23 40 8 79 58 49 56 75 50 2 5 62 54 

78 19 3 59 80 44 79 26 32 90 86 33 1 
71 12 4 52 73 37 72 19 25 83 79 26 6 
66 7 9 47 68 32 67 14 20 78 74 21 11 
31 28 44 12 33 3 32 21 15 43 39 14 46 
65 6 10 46 67 31 66 13 19 77 73 20 12 
42 17 33 23 44 8 43 10 4 54 50 3 35 
39 20 36 20 41 5 40 13 7 51 47 6 38 
70 11 5 51 72 36 71 18 24 82 78 25 7 
4 63 79 23 2 38 3 56 50 8 4 49 81 
5 54 70 14 7 29 6 47 41 17 13 40 72 
17 42 58 2 19 17 18 35 29 29 25 28 60 
39 20 36 20 41 5 40 13 7 51 47 6 38 
6 65 81 25 4 40 5 58 52 6 2 51 83 

48 61 58 35 12 42 52 12 76 0 91 10 71 
41 54 51 28 5 35 45 5 69 7 84 3 64 
36 49 46 23 0 30 40 0 64 12 79 2 59 
1 14 11 12 35 5 5 35 29 47 44 37 24 
35 48 45 22 1 29 39 1 63 13 78 3 58 
12 25 22 1 24 6 16 24 40 36 55 26 35 
9 22 19 4 27 3 13 27 37 39 52 29 32 
40 53 50 27 4 34 44 4 68 8 83 2 63 
34 21 24 47 70 40 30 70 6 82 9 72 11 
25 12 15 38 61 31 21 61 3 73 18 63 2 
13 0 3 26 49 19 9 49 15 61 30 51 10 
9 22 19 4 27 3 13 27 37 39 52 29 32 
36 23 26 49 72 42 32 72 8 84 7 74 13 

51 14 15 37 56 40 14 14 10 38 14 14 26 
0 37 36 88 5 11 37 65 41 89 37 65 25 
60 23 24 28 65 49 23 5 19 29 23 5 35 
1 36 35 87 6 10 36 64 40 88 36 64 24 
35 2 1 53 40 24 2 30 6 54 2 30 10 
52 15 16 36 57 41 15 13 11 37 15 13 27 
7 44 43 95 2 18 44 72 48 96 44 72 32 
47 10 11 41 52 36 10 18 6 42 10 18 22 
1 36 35 87 6 10 36 64 40 88 36 64 24 
49 12 13 39 54 38 12 16 8 40 12 16 24 
22 15 14 66 27 11 15 43 19 67 15 43 3 
36 1 0 52 41 25 1 29 5 53 1 29 11 
43 6 7 45 48 32 6 22 2 46 6 22 18 

7 27 38 11 47 9 33 25 34 37 3 13 40 
44 24 89 40 4 60 18 76 17 88 54 64 11 
16 36 29 20 56 0 42 16 43 28 6 4 49 
43 23 88 39 3 59 17 75 16 87 53 63 10 
9 11 54 5 31 25 17 41 18 53 19 29 24 
8 28 37 12 48 8 34 24 35 36 2 12 41 
51 31 96 47 11 67 25 83 24 95 61 71 18 
3 23 42 7 43 13 29 29 30 41 7 17 36 
43 23 88 39 3 59 17 75 16 87 53 63 10 
5 25 40 9 45 11 31 27 32 39 5 15 38 
22 2 67 18 18 38 4 54 5 66 32 42 11 
8 12 53 4 32 24 18 40 19 52 18 28 25 
1 19 46 3 39 17 25 33 26 45 11 21 32 

26 9 57 30 9 0 7 26 1 51 54 13 5 
25 42 6 81 60 51 58 77 52 0 3 64 56 
35 18 66 21 0 9 2 17 8 60 63 4 4 
24 41 7 80 59 50 57 76 51 1 4 63 55 
10 7 41 46 25 16 23 42 17 35 38 29 21 
27 10 58 29 8 1 6 25 0 52 55 12 4 
32 49 1 88 67 58 65 84 59 7 4 71 63 
22 5 53 34 13 4 11 30 5 47 50 17 9 
24 41 7 80 59 50 57 76 51 1 4 63 55 
24 7 55 32 11 2 9 28 3 49 52 15 7 
3 20 28 59 38 29 36 55 30 22 25 42 34 
11 6 42 45 24 15 22 41 16 36 39 28 20 
18 1 49 38 17 8 15 34 9 43 46 21 13 

43 16 32 24 45 9 44 9 3 55 51 2 34 
8 67 83 27 6 42 7 60 54 4 0 53 85 
52 7 23 33 54 18 53 0 6 64 60 7 25 
7 66 82 26 5 41 6 59 53 5 1 52 84 
27 32 48 8 29 7 28 25 19 39 35 18 50 
44 15 31 25 46 10 45 8 2 56 52 1 33 
15 74 90 34 13 49 14 67 61 3 7 60 92 
39 20 36 20 41 5 40 13 7 51 47 6 38 
7 66 82 26 5 41 6 59 53 5 1 52 84 
41 18 34 22 43 7 42 11 5 53 49 4 36 
14 45 61 5 16 20 15 38 32 26 22 31 63 
28 31 47 9 30 6 29 24 18 40 36 17 49 
35 24 40 16 37 1 36 17 11 47 43 10 42 

13 26 23 0 23 7 17 23 41 35 56 25 36 
38 25 28 51 74 44 34 74 10 86 5 76 15 
22 35 32 9 14 16 26 14 50 26 65 16 45 
37 24 27 50 73 43 33 73 9 85 6 75 14 
3 10 7 16 39 9 1 39 25 51 40 41 20 
14 27 24 1 22 8 18 22 42 34 57 24 37 
45 32 35 58 81 51 41 81 17 93 2 83 22 
9 22 19 4 27 3 13 27 37 39 52 29 32 
37 24 27 50 73 43 33 73 9 85 6 75 14 
11 24 21 2 25 5 15 25 39 37 54 27 34 
16 3 6 29 52 22 12 52 12 64 27 54 7 
2 11 8 15 38 8 2 38 26 50 41 40 21 
5 18 15 8 31 1 9 31 33 43 48 33 28 

44 24 89 40 4 60 18 76 17 88 54 64 11 
7 13 52 3 33 23 19 39 20 51 17 27 26 
8 12 53 4 32 24 18 40 19 52 18 28 25 
44 64 1 48 84 28 70 12 71 0 34 24 77 
49 29 94 45 9 65 23 81 22 93 59 69 16 
33 13 78 29 7 49 7 65 6 77 43 53 0 
7 13 52 3 33 23 19 39 20 51 17 27 26 
21 41 24 25 61 5 47 11 48 23 11 1 54 
3 17 48 1 37 19 23 35 24 47 13 23 30 
45 65 0 49 85 29 71 13 72 1 35 25 78 
7 13 52 3 33 23 19 39 20 51 17 27 26 
21 41 24 25 61 5 47 11 48 23 11 1 54 
19 1 64 15 21 35 7 51 8 63 29 39 14 

25 42 6 81 60 51 58 77 52 0 3 64 56 
12 5 43 44 23 14 21 40 15 37 40 27 19 
11 6 42 45 24 15 22 41 16 36 39 28 20 
63 46 94 7 28 37 30 11 36 88 91 24 32 
30 47 1 86 65 56 63 82 57 5 2 69 61 
14 31 17 70 49 40 47 66 41 11 14 53 45 
12 5 43 44 23 14 21 40 15 37 40 27 19 
40 23 71 16 5 14 7 12 13 65 68 1 9 
16 1 47 40 19 10 17 36 11 41 44 23 15 
64 47 95 8 29 38 31 12 37 89 92 25 33 
12 5 43 44 23 14 21 40 15 37 40 27 19 
40 23 71 16 5 14 7 12 13 65 68 1 9 
0 17 31 56 35 26 33 52 27 25 28 39 31 

8 67 83 27 6 42 7 60 54 4 0 53 85 
29 30 46 10 31 5 30 23 17 41 37 16 48 
28 31 47 9 30 6 29 24 18 40 36 17 49 
80 21 5 61 82 46 81 28 34 92 88 35 3 
13 72 88 32 11 47 12 65 59 1 5 58 90 
3 56 72 16 5 31 4 49 43 15 11 42 74 
29 30 46 10 31 5 30 23 17 41 37 16 48 
57 2 18 38 59 23 58 5 11 69 65 12 20 
33 26 42 14 35 1 34 19 13 45 41 12 44 
81 22 6 62 83 47 82 29 35 93 89 36 4 
29 30 46 10 31 5 30 23 17 41 37 16 48 
57 2 18 38 59 23 58 5 11 69 65 12 20 
17 42 58 2 19 17 18 35 29 29 25 28 60 

38 25 28 51 74 44 34 74 10 86 5 76 15 
1 12 9 14 37 7 3 37 27 49 42 39 22 
2 11 8 15 38 8 2 38 26 50 41 40 21 
50 63 60 37 14 44 54 14 78 2 93 12 73 
43 30 33 56 79 49 39 79 15 91 0 81 20 
27 14 17 40 63 33 23 63 1 75 16 65 4 
1 12 9 14 37 7 3 37 27 49 42 39 22 
27 40 37 14 9 21 31 9 55 21 70 11 50 
3 16 13 10 33 3 7 33 31 45 46 35 26 
51 64 61 38 15 45 55 15 79 3 94 13 74 
1 12 9 14 37 7 3 37 27 49 42 39 22 
27 40 37 14 9 21 31 9 55 21 70 11 50 
13 0 3 26 49 19 9 49 15 61 30 51 10 

19 2 50 37 16 7 14 33 8 44 47 20 12 
1 18 30 57 36 27 34 53 28 24 27 40 32 
64 47 95 8 29 38 31 12 37 89 92 25 33 
15 2 46 41 20 11 18 37 12 40 43 24 16 
21 38 10 77 56 47 54 73 48 4 7 60 52 
35 18 66 21 0 9 2 17 8 60 63 4 4 
7 24 24 63 42 33 40 59 34 18 21 46 38 
51 34 82 5 16 25 18 1 24 76 79 12 20 
8 25 23 64 43 34 41 60 35 17 20 47 39 
63 46 94 7 28 37 30 11 36 88 91 24 32 
29 12 60 27 6 3 4 23 2 54 57 10 2 
39 22 70 17 4 13 6 13 12 64 67 0 8 
14 31 17 70 49 40 47 66 41 11 14 53 45 

36 23 39 17 38 2 37 16 10 48 44 9 41 
16 43 59 3 18 18 17 36 30 28 24 29 61 
81 22 6 62 83 47 82 29 35 93 89 36 4 
32 27 43 13 34 2 33 20 14 44 40 13 45 
4 63 79 23 2 38 3 56 50 8 4 49 81 
52 7 23 33 54 18 53 0 6 64 60 7 25 
10 49 65 9 12 24 11 42 36 22 18 35 67 
68 9 7 49 70 34 69 16 22 80 76 23 9 
9 50 66 10 11 25 10 43 37 21 17 36 68 
80 21 5 61 82 46 81 28 34 92 88 35 3 
46 13 29 27 48 12 47 6 0 58 54 1 31 
56 3 19 37 58 22 57 4 10 68 64 11 21 
3 56 72 16 5 31 4 49 43 15 11 42 74 

6 19 16 7 30 0 10 30 34 42 49 32 29 
14 1 4 27 50 20 10 50 14 62 29 52 9 
51 64 61 38 15 45 55 15 79 3 94 13 74 
2 15 12 11 34 4 6 34 30 46 45 36 25 
34 21 24 47 70 40 30 70 6 82 9 72 11 
22 35 32 9 14 16 26 14 50 26 65 16 45 
20 7 10 33 56 26 16 56 8 68 23 58 3 
38 51 48 25 2 32 42 2 66 10 81 0 61 
21 8 11 34 57 27 17 57 7 69 22 59 2 
50 63 60 37 14 44 54 14 78 2 93 12 73 
16 29 26 3 20 10 20 20 44 32 59 22 39 
26 39 36 13 10 20 30 10 54 22 69 12 49 
27 14 17 40 63 33 23 63 1 75 16 65 4 

17 42 58 2 19 17 18 35 29 29 25 28 60 
34 25 41 15 36 0 35 18 12 46 42 11 43 
14 73 89 33 12 48 13 66 60 2 6 59 91 
73 14 2 54 75 39 74 21 27 85 81 28 4 
52 7 23 33 54 18 53 0 6 64 60 7 25 
43 16 32 24 45 9 44 9 3 55 51 2 34 
50 9 25 31 52 16 51 2 4 62 58 5 27 
69 10 6 50 71 35 70 17 23 81 77 24 8 
44 15 31 25 46 10 45 8 2 56 52 1 33 
8 67 83 27 6 42 7 60 54 4 0 53 85 
11 70 86 30 9 45 10 63 57 1 3 56 88 
56 3 19 37 58 22 57 4 10 68 64 11 21 
48 11 27 29 50 14 49 4 2 60 56 3 29 

13 0 3 26 49 19 9 49 15 61 30 51 10 
4 17 14 9 32 2 8 32 32 44 47 34 27 
44 31 34 57 80 50 40 80 16 92 1 82 21 
43 56 53 30 7 37 47 7 71 5 86 5 66 
22 35 32 9 14 16 26 14 50 26 65 16 45 
13 26 23 0 23 7 17 23 41 35 56 25 36 
20 33 30 7 16 14 24 16 48 28 63 18 43 
39 52 49 26 3 33 43 3 67 9 82 1 62 
14 27 24 1 22 8 18 22 42 34 57 24 37 
38 25 28 51 74 44 34 74 10 86 5 76 15 
41 28 31 54 77 47 37 77 13 89 2 79 18 
26 39 36 13 10 20 30 10 54 22 69 12 49 
18 31 28 5 18 12 22 18 46 30 61 20 41 

30 17 20 43 66 36 26 66 2 78 13 68 7 
29 42 39 16 7 23 33 7 57 19 72 9 52 
45 58 55 32 9 39 49 9 73 3 88 7 68 
11 2 1 24 47 17 7 47 17 59 32 49 12 
32 19 22 45 68 38 28 68 4 80 11 70 9 
4 17 14 9 32 2 8 32 32 44 47 34 27 
31 18 21 44 67 37 27 67 3 79 12 69 8 
22 35 32 9 14 16 26 14 50 26 65 16 45 
16 29 26 3 20 10 20 20 44 32 59 22 39 
42 29 32 55 78 48 38 78 14 90 1 80 19 
38 25 28 51 74 44 34 74 10 86 5 76 15 
15 28 25 2 21 9 19 21 43 33 58 23 38 
47 60 57 34 11 41 51 11 75 1 90 9 70 

