13 20 

41 23 45 26 13 31 37 36 26 43 3 41 6 
24 40 62 43 4 48 20 19 43 26 20 24 23 
24 40 62 43 4 48 20 19 43 26 20 24 23 
85 21 1 18 57 13 81 80 18 87 41 85 38 
39 25 47 28 11 33 35 34 28 41 5 39 8 
85 21 1 18 57 13 81 80 18 87 41 85 38 
2 66 88 69 30 74 6 7 69 0 46 2 49 
73 9 13 6 45 1 69 68 6 75 29 73 26 
35 29 51 32 7 37 31 30 32 37 9 35 12 
2 62 84 65 26 70 2 3 65 4 42 2 45 
53 11 33 14 25 19 49 48 14 55 9 53 6 
59 5 27 8 31 13 55 54 8 61 15 59 12 
60 4 26 7 32 12 56 55 7 62 16 60 13 

40 4 12 18 39 6 0 23 28 39 14 50 1 
57 21 5 35 22 23 17 40 11 22 31 67 16 
57 21 5 35 22 23 17 40 11 22 31 67 16 
4 40 56 26 83 38 44 21 72 83 30 6 45 
42 6 10 20 37 8 2 25 26 37 16 52 1 
4 40 56 26 83 38 44 21 72 83 30 6 45 
83 47 31 61 4 49 43 66 15 4 57 93 42 
8 28 44 14 71 26 32 9 60 71 18 18 33 
46 10 6 24 33 12 6 29 22 33 20 56 5 
79 43 27 57 0 45 39 62 11 0 53 89 38 
28 8 24 6 51 6 12 11 40 51 2 38 13 
22 14 30 0 57 12 18 5 46 57 4 32 19 
21 15 31 1 58 13 19 4 47 58 5 31 20 

44 12 36 46 21 43 16 4 19 1 37 35 18 
61 29 53 29 38 60 33 21 2 18 54 18 1 
61 29 53 29 38 60 33 21 2 18 54 18 1 
0 32 8 90 23 1 28 40 63 43 7 79 62 
46 14 38 44 23 45 18 6 17 3 39 33 16 
0 32 8 90 23 1 28 40 63 43 7 79 62 
87 55 79 3 64 86 59 47 24 44 80 8 25 
12 20 4 78 11 11 16 28 51 31 5 67 50 
50 18 42 40 27 49 22 10 13 7 43 29 12 
83 51 75 7 60 82 55 43 20 40 76 4 21 
32 0 24 58 9 31 4 8 31 11 25 47 30 
26 6 18 64 3 25 2 14 37 17 19 53 36 
25 7 17 65 2 24 3 15 38 18 18 54 37 

32 23 44 48 42 21 8 1 31 49 31 15 26 
49 40 61 65 59 4 9 18 48 66 48 2 9 
49 40 61 65 59 4 9 18 48 66 48 2 9 
12 21 0 4 2 65 52 43 13 5 13 59 70 
34 25 46 50 44 19 6 3 33 51 33 13 24 
12 21 0 4 2 65 52 43 13 5 13 59 70 
75 66 87 91 85 22 35 44 74 92 74 28 17 
0 9 12 16 10 53 40 31 1 17 1 47 58 
38 29 50 54 48 15 2 7 37 55 37 9 20 
71 62 83 87 81 18 31 40 70 88 70 24 13 
20 11 32 36 30 33 20 11 19 37 19 27 38 
14 5 26 30 24 39 26 17 13 31 13 33 44 
13 4 25 29 23 40 27 18 12 30 12 34 45 

36 5 37 26 41 46 29 6 33 33 39 18 16 
53 22 54 9 24 63 12 11 16 50 56 1 1 
53 22 54 9 24 63 12 11 16 50 56 1 1 
8 39 7 70 85 2 73 50 77 11 5 62 60 
38 7 39 24 39 48 27 4 31 35 41 16 14 
8 39 7 70 85 2 73 50 77 11 5 62 60 
79 48 80 17 2 89 14 37 10 76 82 25 27 
4 27 5 58 73 14 61 38 65 1 7 50 48 
42 11 43 20 35 52 23 0 27 39 45 12 10 
75 44 76 13 2 85 10 33 6 72 78 21 23 
24 7 25 38 53 34 41 18 45 21 27 30 28 
18 13 19 44 59 28 47 24 51 15 21 36 34 
17 14 18 45 60 27 48 25 52 14 20 37 35 

1 22 39 23 31 3 21 39 22 4 43 22 14 
16 39 22 6 48 14 4 22 39 13 26 5 31 
16 39 22 6 48 14 4 22 39 13 26 5 31 
45 22 83 67 13 47 65 83 22 48 87 66 30 
1 24 37 21 33 1 19 37 24 2 41 20 16 
45 22 83 67 13 47 65 83 22 48 87 66 30 
42 65 4 20 74 40 22 4 65 39 0 21 57 
33 10 71 55 1 35 53 71 10 36 75 54 18 
5 28 33 17 37 3 15 33 28 2 37 16 20 
38 61 0 16 70 36 18 0 61 35 4 17 53 
13 10 51 35 19 15 33 51 10 16 55 34 2 
19 4 57 41 13 21 39 57 4 22 61 40 4 
20 3 58 42 12 22 40 58 3 23 62 41 5 

48 42 18 40 39 3 42 0 43 14 22 22 47 
65 25 35 57 56 14 59 17 26 3 5 39 64 
65 25 35 57 56 14 59 17 26 3 5 39 64 
4 86 26 4 5 47 2 44 87 58 66 22 3 
50 40 20 42 41 1 44 2 41 12 20 24 49 
4 86 26 4 5 47 2 44 87 58 66 22 3 
91 1 61 83 82 40 85 43 0 29 21 65 90 
16 74 14 8 7 35 10 32 75 46 54 10 15 
54 36 24 46 45 3 48 6 37 8 16 28 53 
87 3 57 79 78 36 81 39 4 25 17 61 86 
36 54 6 28 27 15 30 12 55 26 34 10 35 
30 60 0 22 21 21 24 18 61 32 40 4 29 
29 61 1 21 20 22 23 19 62 33 41 3 28 

32 51 30 20 34 33 52 38 51 20 16 12 48 
49 68 47 37 17 50 69 55 68 37 1 29 65 
49 68 47 37 17 50 69 55 68 37 1 29 65 
12 7 14 24 78 11 8 6 7 24 60 32 4 
34 53 32 22 32 35 54 40 53 22 14 14 50 
12 7 14 24 78 11 8 6 7 24 60 32 4 
75 94 73 63 9 76 95 81 94 63 27 55 91 
0 19 2 12 66 1 20 6 19 12 48 20 16 
38 57 36 26 28 39 58 44 57 26 10 18 54 
71 90 69 59 5 72 91 77 90 59 23 51 87 
20 39 18 8 46 21 40 26 39 8 28 0 36 
14 33 12 2 52 15 34 20 33 2 34 6 30 
13 32 11 1 53 14 33 19 32 1 35 7 29 

0 35 9 5 9 50 40 30 51 20 39 45 12 
17 18 26 12 26 67 23 13 68 3 22 62 29 
17 18 26 12 26 67 23 13 68 3 22 62 29 
44 79 35 49 35 6 84 74 7 64 83 1 32 
2 33 11 3 11 52 38 28 53 18 37 47 14 
44 79 35 49 35 6 84 74 7 64 83 1 32 
43 8 52 38 52 93 3 13 94 23 4 88 55 
32 67 23 37 23 18 72 62 19 52 71 13 20 
6 29 15 1 15 56 34 24 57 14 33 51 18 
39 4 48 34 48 89 1 9 90 19 0 84 51 
12 47 3 17 3 38 52 42 39 32 51 33 0 
18 53 9 23 9 32 58 48 33 38 57 27 6 
19 54 10 24 10 31 59 49 32 39 58 26 7 

34 12 26 26 43 12 44 12 17 31 43 35 15 
51 29 43 9 26 29 61 29 34 48 26 18 32 
51 29 43 9 26 29 61 29 34 48 26 18 32 
10 32 18 70 87 32 0 32 27 13 87 79 29 
36 14 28 24 41 14 46 14 19 33 41 33 17 
10 32 18 70 87 32 0 32 27 13 87 79 29 
77 55 69 17 0 55 87 55 60 74 0 8 58 
2 20 6 58 75 20 12 20 15 1 75 67 17 
40 18 32 20 37 18 50 18 23 37 37 29 21 
73 51 65 13 4 51 83 51 56 70 4 4 54 
22 0 14 38 55 0 32 0 5 19 55 47 3 
16 6 8 44 61 6 26 6 1 13 61 53 3 
15 7 7 45 62 7 25 7 2 12 62 54 4 

36 18 21 21 31 18 15 27 8 4 2 7 7 
19 35 4 38 48 35 32 10 9 13 15 10 24 
19 35 4 38 48 35 32 10 9 13 15 10 24 
80 26 65 23 13 26 29 71 52 48 46 51 37 
34 20 19 23 33 20 17 25 6 2 0 5 9 
80 26 65 23 13 26 29 71 52 48 46 51 37 
7 61 22 64 74 61 58 16 35 39 41 36 50 
68 14 53 11 1 14 17 59 40 36 34 39 25 
30 24 15 27 37 24 21 21 2 2 4 1 13 
3 57 18 60 70 57 54 12 31 35 37 32 46 
48 6 33 9 19 6 3 39 20 16 14 19 5 
54 0 39 3 13 0 3 45 26 22 20 25 11 
55 1 40 2 12 1 4 46 27 23 21 26 12 

3 42 13 40 23 0 5 35 41 11 39 25 40 
14 59 4 23 6 17 12 18 24 28 22 42 57 
14 59 4 23 6 17 12 18 24 28 22 42 57 
47 2 57 84 67 44 49 79 85 33 83 19 4 
1 44 11 38 21 2 3 33 39 13 37 27 42 
47 2 57 84 67 44 49 79 85 33 83 19 4 
40 85 30 3 20 43 38 8 2 54 4 68 83 
35 10 45 72 55 32 37 67 73 21 71 7 8 
3 48 7 34 17 6 1 29 35 17 33 31 46 
36 81 26 1 16 39 34 4 2 50 0 64 79 
15 30 25 52 35 12 17 47 53 1 51 13 28 
21 24 31 58 41 18 23 53 59 7 57 7 22 
22 23 32 59 42 19 24 54 60 8 58 6 21 

11 22 14 39 15 30 18 34 1 49 3 35 16 
6 39 3 22 2 13 35 17 16 66 20 18 33 
6 39 3 22 2 13 35 17 16 66 20 18 33 
55 22 58 83 59 74 26 78 45 5 41 79 28 
9 24 12 37 13 28 20 32 1 51 5 33 18 
55 22 58 83 59 74 26 78 45 5 41 79 28 
32 65 29 4 28 13 61 9 42 92 46 8 59 
43 10 46 71 47 62 14 66 33 17 29 67 16 
5 28 8 33 9 24 24 28 5 55 9 29 22 
28 61 25 0 24 9 57 5 38 88 42 4 55 
23 10 26 51 27 42 6 46 13 37 9 47 4 
29 4 32 57 33 48 0 52 19 31 15 53 2 
30 3 33 58 34 49 1 53 20 30 16 54 3 

10 10 23 23 27 15 7 29 18 41 32 35 38 
7 27 6 6 10 2 24 46 1 58 15 18 55 
7 27 6 6 10 2 24 46 1 58 15 18 55 
54 34 67 67 71 59 37 15 62 3 76 79 6 
8 12 21 21 25 13 9 31 16 43 30 33 40 
54 34 67 67 71 59 37 15 62 3 76 79 6 
33 53 20 20 16 28 50 72 25 84 11 8 81 
42 22 55 55 59 47 25 3 50 9 64 67 6 
4 16 17 17 21 9 13 35 12 47 26 29 44 
29 49 16 16 12 24 46 68 21 80 7 4 77 
22 2 35 35 39 27 5 17 30 29 44 47 26 
28 8 41 41 45 33 11 11 36 23 50 53 20 
29 9 42 42 46 34 12 10 37 22 51 54 19 

13 18 43 10 14 49 5 46 7 20 46 6 6 
4 1 60 7 3 66 22 29 24 37 29 23 11 
4 1 60 7 3 66 22 29 24 37 29 23 11 
57 62 1 54 58 5 39 90 37 24 90 38 50 
11 16 45 8 12 51 7 44 9 22 44 8 4 
57 62 1 54 58 5 39 90 37 24 90 38 50 
30 25 86 33 29 92 48 3 50 63 3 49 37 
45 50 11 42 46 17 27 78 25 12 78 26 38 
7 12 49 4 8 55 11 40 13 26 40 12 0 
26 21 82 29 25 88 44 7 46 59 7 45 33 
25 30 31 22 26 37 7 58 5 8 58 6 18 
31 36 25 28 32 31 13 64 11 2 64 12 24 
32 37 24 29 33 30 14 65 12 1 65 13 25 

41 35 24 52 21 46 27 52 32 17 0 8 11 
58 52 41 69 38 63 44 69 15 0 17 9 6 
58 52 41 69 38 63 44 69 15 0 17 9 6 
3 9 20 8 23 2 17 8 76 61 44 52 55 
43 37 26 54 23 48 29 54 30 15 2 6 9 
3 9 20 8 23 2 17 8 76 61 44 52 55 
84 78 67 95 64 89 70 95 11 26 43 35 32 
9 3 8 20 11 14 5 20 64 49 32 40 43 
47 41 30 58 27 52 33 58 26 11 6 2 5 
80 74 63 91 60 85 66 91 7 22 39 31 28 
29 23 12 40 9 34 15 40 44 29 12 20 23 
23 17 6 34 3 28 9 34 50 35 18 26 29 
22 16 5 33 2 27 8 33 51 36 19 27 30 

11 34 29 40 2 20 15 1 46 38 38 43 32 
28 17 12 23 15 3 2 18 63 55 55 26 15 
28 17 12 23 15 3 2 18 63 55 55 26 15 
33 78 73 84 46 64 59 43 2 6 6 87 76 
13 32 27 38 0 18 13 3 48 40 40 41 30 
33 78 73 84 46 64 59 43 2 6 6 87 76 
54 9 14 3 41 23 28 44 89 81 81 0 11 
21 66 61 72 34 52 47 31 14 6 6 75 64 
17 28 23 34 4 14 9 7 52 44 44 37 26 
50 5 10 1 37 19 24 40 85 77 77 4 7 
1 46 41 52 14 32 27 11 34 26 26 55 44 
7 52 47 58 20 38 33 17 28 20 20 61 50 
8 53 48 59 21 39 34 18 27 19 19 62 51 

26 42 25 52 50 38 22 1 32 47 45 14 47 
9 25 8 69 67 55 5 18 49 30 28 31 64 
9 25 8 69 67 55 5 18 49 30 28 31 64 
70 86 69 8 6 6 66 43 12 91 89 30 3 
24 40 23 54 52 40 20 3 34 45 43 16 49 
70 86 69 8 6 6 66 43 12 91 89 30 3 
17 1 18 95 93 81 21 44 75 4 2 57 90 
58 74 57 20 18 6 54 31 0 79 77 18 15 
20 36 19 58 56 44 16 7 38 41 39 20 53 
13 3 14 91 89 77 17 40 71 8 6 53 86 
38 54 37 40 38 26 34 11 20 59 57 2 35 
44 60 43 34 32 20 40 17 14 65 63 4 29 
45 61 44 33 31 19 41 18 13 66 64 5 28 

21 42 43 29 30 39 30 42 49 6 45 4 34 
4 59 60 12 47 22 47 25 66 23 28 13 51 
4 59 60 12 47 22 47 25 66 23 28 13 51 
65 2 1 73 14 83 14 86 5 38 89 48 10 
19 44 45 27 32 37 32 40 51 8 43 2 36 
65 2 1 73 14 83 14 86 5 38 89 48 10 
22 85 86 14 73 4 73 1 92 49 2 39 77 
53 10 11 61 2 71 2 74 17 26 77 36 2 
15 48 49 23 36 33 36 36 55 12 39 2 40 
18 81 82 10 69 0 69 3 88 45 6 35 73 
33 30 31 41 18 51 18 54 37 6 57 16 22 
39 24 25 47 12 57 12 60 31 12 63 22 16 
40 23 24 48 11 58 11 61 30 13 64 23 15 

81 45 29 59 2 47 41 64 13 2 55 91 40 
17 19 35 5 62 17 23 0 51 62 9 27 24 
5 41 57 27 84 39 45 22 73 84 31 5 46 
14 22 38 8 65 20 26 3 54 65 12 24 27 
53 17 1 31 26 19 13 36 15 26 27 63 12 
9 27 43 13 70 25 31 8 59 70 17 19 32 
77 41 25 55 2 43 37 60 9 2 51 87 36 
76 40 24 54 3 42 36 59 8 3 50 86 35 
14 22 38 8 65 20 26 3 54 65 12 24 27 
83 47 31 61 4 49 43 66 15 4 57 93 42 
37 1 15 15 42 3 3 20 31 42 11 47 4 
81 45 29 59 2 47 41 64 13 2 55 91 40 
34 2 18 12 45 0 6 17 34 45 8 44 7 

85 53 77 5 62 84 57 45 22 42 78 6 23 
21 11 13 69 2 20 7 19 42 22 14 58 41 
1 33 9 91 24 2 29 41 64 44 8 80 63 
18 14 10 72 5 17 10 22 45 25 11 61 44 
57 25 49 33 34 56 29 17 6 14 50 22 5 
13 19 5 77 10 12 15 27 50 30 6 66 49 
81 49 73 9 58 80 53 41 18 38 74 2 19 
80 48 72 10 57 79 52 40 17 37 73 1 18 
18 14 10 72 5 17 10 22 45 25 11 61 44 
87 55 79 3 64 86 59 47 24 44 80 8 25 
41 9 33 49 18 40 13 1 22 2 34 38 21 
85 53 77 5 62 84 57 45 22 42 78 6 23 
38 6 30 52 15 37 10 2 25 5 31 41 24 

73 64 85 89 83 20 33 42 72 90 72 26 15 
9 0 21 25 19 44 31 22 8 26 8 38 49 
13 22 1 3 3 66 53 44 14 4 14 60 71 
6 3 18 22 16 47 34 25 5 23 5 41 52 
45 36 57 61 55 8 5 14 44 62 44 2 13 
1 8 13 17 11 52 39 30 0 18 0 46 57 
69 60 81 85 79 16 29 38 68 86 68 22 11 
68 59 80 84 78 15 28 37 67 85 67 21 10 
6 3 18 22 16 47 34 25 5 23 5 41 52 
75 66 87 91 85 22 35 44 74 92 74 28 17 
29 20 41 45 39 24 11 2 28 46 28 18 29 
73 64 85 89 83 20 33 42 72 90 72 26 15 
26 17 38 42 36 27 14 5 25 43 25 21 32 

77 46 78 15 0 87 12 35 8 74 80 23 25 
13 18 14 49 64 23 52 29 56 10 16 41 39 
9 40 8 71 86 1 74 51 78 12 6 63 61 
10 21 11 52 67 20 55 32 59 7 13 44 42 
49 18 50 13 28 59 16 7 20 46 52 5 3 
5 26 6 57 72 15 60 37 64 2 8 49 47 
73 42 74 11 4 83 8 31 4 70 76 19 21 
72 41 73 10 5 82 7 30 3 69 75 18 20 
10 21 11 52 67 20 55 32 59 7 13 44 42 
79 48 80 17 2 89 14 37 10 76 82 25 27 
33 2 34 29 44 43 32 9 36 30 36 21 19 
77 46 78 15 0 87 12 35 8 74 80 23 25 
30 1 31 32 47 40 35 12 39 27 33 24 22 

40 63 2 18 72 38 20 2 63 37 2 19 55 
24 1 62 46 8 26 44 62 1 27 66 45 9 
46 23 84 68 14 48 66 84 23 49 88 67 31 
27 4 65 49 5 29 47 65 4 30 69 48 12 
12 35 26 10 44 10 8 26 35 9 30 9 27 
32 9 70 54 0 34 52 70 9 35 74 53 17 
36 59 2 14 68 34 16 2 59 33 6 15 51 
35 58 3 13 67 33 15 3 58 32 7 14 50 
27 4 65 49 5 29 47 65 4 30 69 48 12 
42 65 4 20 74 40 22 4 65 39 0 21 57 
4 19 42 26 28 6 24 42 19 7 46 25 11 
40 63 2 18 72 38 20 2 63 37 2 19 55 
7 16 45 29 25 9 27 45 16 10 49 28 8 

89 1 59 81 80 38 83 41 2 27 19 63 88 
25 65 5 17 16 26 19 23 66 37 45 1 24 
3 87 27 5 6 48 3 45 88 59 67 23 2 
22 68 8 14 13 29 16 26 69 40 48 4 21 
61 29 31 53 52 10 55 13 30 1 9 35 60 
17 73 13 9 8 34 11 31 74 45 53 9 16 
85 5 55 77 76 34 79 37 6 23 15 59 84 
84 6 54 76 75 33 78 36 7 22 14 58 83 
22 68 8 14 13 29 16 26 69 40 48 4 21 
91 1 61 83 82 40 85 43 0 29 21 65 90 
45 45 15 37 36 6 39 3 46 17 25 19 44 
89 1 59 81 80 38 83 41 2 27 19 63 88 
42 48 12 34 33 9 36 6 49 20 28 16 41 

73 92 71 61 7 74 93 79 92 61 25 53 89 
9 28 7 3 57 10 29 15 28 3 39 11 25 
13 6 15 25 79 12 7 7 6 25 61 33 3 
6 25 4 6 60 7 26 12 25 6 42 14 22 
45 64 43 33 21 46 65 51 64 33 3 25 61 
1 20 1 11 65 2 21 7 20 11 47 19 17 
69 88 67 57 3 70 89 75 88 57 21 49 85 
68 87 66 56 2 69 88 74 87 56 20 48 84 
6 25 4 6 60 7 26 12 25 6 42 14 22 
75 94 73 63 9 76 95 81 94 63 27 55 91 
29 48 27 17 37 30 49 35 48 17 19 9 45 
73 92 71 61 7 74 93 79 92 61 25 53 89 
26 45 24 14 40 27 46 32 45 14 22 6 42 

41 6 50 36 50 91 1 11 92 21 2 86 53 
23 58 14 28 14 27 63 53 28 43 62 22 11 
45 80 36 50 36 5 85 75 6 65 84 0 33 
26 61 17 31 17 24 66 56 25 46 65 19 14 
13 22 22 8 22 63 27 17 64 7 26 58 25 
31 66 22 36 22 19 71 61 20 51 70 14 19 
37 2 46 32 46 87 3 7 88 17 2 82 49 
36 1 45 31 45 86 4 6 87 16 3 81 48 
26 61 17 31 17 24 66 56 25 46 65 19 14 
43 8 52 38 52 93 3 13 94 23 4 88 55 
3 38 6 8 6 47 43 33 48 23 42 42 9 
41 6 50 36 50 91 1 11 92 21 2 86 53 
6 41 3 11 3 44 46 36 45 26 45 39 6 

75 53 67 15 2 53 85 53 58 72 2 6 56 
11 11 3 49 66 11 21 11 6 8 66 58 8 
11 33 19 71 88 33 1 33 28 14 88 80 30 
8 14 0 52 69 14 18 14 9 5 69 61 11 
47 25 39 13 30 25 57 25 30 44 30 22 28 
3 19 5 57 74 19 13 19 14 0 74 66 16 
71 49 63 11 6 49 81 49 54 68 6 2 52 
70 48 62 10 7 48 80 48 53 67 7 1 51 
8 14 0 52 69 14 18 14 9 5 69 61 11 
77 55 69 17 0 55 87 55 60 74 0 8 58 
31 9 23 29 46 9 41 9 14 28 46 38 12 
75 53 67 15 2 53 85 53 58 72 2 6 56 
28 6 20 32 49 6 38 6 11 25 49 41 9 

5 59 20 62 72 59 56 14 33 37 39 34 48 
59 5 44 2 8 5 8 50 31 27 25 30 16 
81 27 66 24 14 27 30 72 53 49 47 52 38 
62 8 47 5 5 8 11 53 34 30 28 33 19 
23 31 8 34 44 31 28 14 5 9 11 6 20 
67 13 52 10 0 13 16 58 39 35 33 38 24 
1 55 16 58 68 55 52 10 29 33 35 30 44 
0 54 15 57 67 54 51 9 28 32 34 29 43 
62 8 47 5 5 8 11 53 34 30 28 33 19 
7 61 22 64 74 61 58 16 35 39 41 36 50 
39 15 24 18 28 15 12 30 11 7 5 10 4 
5 59 20 62 72 59 56 14 33 37 39 34 48 
42 12 27 15 25 12 9 33 14 10 8 13 1 

38 83 28 1 18 41 36 6 0 52 2 66 81 
26 19 36 63 46 23 28 58 64 12 62 2 17 
48 3 58 85 68 45 50 80 86 34 84 20 5 
29 16 39 66 49 26 31 61 67 15 65 1 14 
10 55 0 27 10 13 8 22 28 24 26 38 53 
34 11 44 71 54 31 36 66 72 20 70 6 9 
34 79 24 3 14 37 32 2 4 48 2 62 77 
33 78 23 4 13 36 31 1 5 47 3 61 76 
29 16 39 66 49 26 31 61 67 15 65 1 14 
40 85 30 3 20 43 38 8 2 54 4 68 83 
6 39 16 43 26 3 8 38 44 8 42 22 37 
38 83 28 1 18 41 36 6 0 52 2 66 81 
9 36 19 46 29 6 11 41 47 5 45 19 34 

30 63 27 2 26 11 59 7 40 90 44 6 57 
34 1 37 62 38 53 5 57 24 26 20 58 7 
56 23 59 84 60 75 27 79 46 4 42 80 29 
37 4 40 65 41 56 8 60 27 23 23 61 10 
2 35 1 26 2 17 31 21 12 62 16 22 29 
42 9 45 70 46 61 13 65 32 18 28 66 15 
26 59 23 2 22 7 55 3 36 86 40 2 53 
25 58 22 3 21 6 54 2 35 85 39 1 52 
37 4 40 65 41 56 8 60 27 23 23 61 10 
32 65 29 4 28 13 61 9 42 92 46 8 59 
14 19 17 42 18 33 15 37 4 46 0 38 13 
30 63 27 2 26 11 59 7 40 90 44 6 57 
17 16 20 45 21 36 12 40 7 43 3 41 10 

31 51 18 18 14 26 48 70 23 82 9 6 79 
33 13 46 46 50 38 16 6 41 18 55 58 15 
55 35 68 68 72 60 38 16 63 4 77 80 7 
36 16 49 49 53 41 19 3 44 15 58 61 12 
3 23 10 10 14 2 20 42 5 54 19 22 51 
41 21 54 54 58 46 24 2 49 10 63 66 7 
27 47 14 14 10 22 44 66 19 78 5 2 75 
26 46 13 13 9 21 43 65 18 77 4 1 74 
36 16 49 49 53 41 19 3 44 15 58 61 12 
33 53 20 20 16 28 50 72 25 84 11 8 81 
13 7 26 26 30 18 4 26 21 38 35 38 35 
31 51 18 18 14 26 48 70 23 82 9 6 79 
16 4 29 29 33 21 1 23 24 35 38 41 32 

28 23 84 31 27 90 46 5 48 61 5 47 35 
36 41 20 33 37 26 18 69 16 3 69 17 29 
58 63 2 55 59 4 40 91 38 25 91 39 51 
39 44 17 36 40 23 21 72 19 6 72 20 32 
0 5 56 3 1 62 18 33 20 33 33 19 7 
44 49 12 41 45 18 26 77 24 11 77 25 37 
24 19 80 27 23 86 42 9 44 57 9 43 31 
23 18 79 26 22 85 41 10 43 56 10 42 30 
39 44 17 36 40 23 21 72 19 6 72 20 32 
30 25 86 33 29 92 48 3 50 63 3 49 37 
16 21 40 13 17 46 2 49 4 17 49 3 9 
28 23 84 31 27 90 46 5 48 61 5 47 35 
19 24 37 16 20 43 1 52 1 14 52 0 12 

82 76 65 93 62 87 68 93 9 24 41 33 30 
18 12 1 29 2 23 4 29 55 40 23 31 34 
4 10 21 7 24 1 18 7 77 62 45 53 56 
15 9 2 26 5 20 1 26 58 43 26 34 37 
54 48 37 65 34 59 40 65 19 4 13 5 2 
10 4 7 21 10 15 4 21 63 48 31 39 42 
78 72 61 89 58 83 64 89 5 20 37 29 26 
77 71 60 88 57 82 63 88 4 19 36 28 25 
15 9 2 26 5 20 1 26 58 43 26 34 37 
84 78 67 95 64 89 70 95 11 26 43 35 32 
38 32 21 49 18 43 24 49 35 20 3 11 14 
82 76 65 93 62 87 68 93 9 24 41 33 30 
35 29 18 46 15 40 21 46 38 23 6 14 17 

52 7 12 1 39 21 26 42 87 79 79 2 9 
12 57 52 63 25 43 38 22 23 15 15 66 55 
34 79 74 85 47 65 60 44 1 7 7 88 77 
15 60 55 66 28 46 41 25 20 12 12 69 58 
24 21 16 27 11 7 2 14 59 51 51 30 19 
20 65 60 71 33 51 46 30 15 7 7 74 63 
48 3 8 3 35 17 22 38 83 75 75 6 5 
47 2 7 4 34 16 21 37 82 74 74 7 4 
15 60 55 66 28 46 41 25 20 12 12 69 58 
54 9 14 3 41 23 28 44 89 81 81 0 11 
8 37 32 43 5 23 18 2 43 35 35 46 35 
52 7 12 1 39 21 26 42 87 79 79 2 9 
5 40 35 46 8 26 21 5 40 32 32 49 38 

15 1 16 93 91 79 19 42 73 6 4 55 88 
49 65 48 29 27 15 45 22 9 70 68 9 24 
71 87 70 7 5 7 67 44 13 92 90 31 2 
52 68 51 26 24 12 48 25 6 73 71 12 21 
13 29 12 65 63 51 9 14 45 34 32 27 60 
57 73 56 21 19 7 53 30 1 78 76 17 16 
11 5 12 89 87 75 15 38 69 10 8 51 84 
10 6 11 88 86 74 14 37 68 11 9 50 83 
52 68 51 26 24 12 48 25 6 73 71 12 21 
17 1 18 95 93 81 21 44 75 4 2 57 90 
29 45 28 49 47 35 25 2 29 50 48 11 44 
15 1 16 93 91 79 19 42 73 6 4 55 88 
32 48 31 46 44 32 28 5 26 53 51 8 41 

20 83 84 12 71 2 71 1 90 47 4 37 75 
44 19 20 52 7 62 7 65 26 17 68 27 11 
66 3 2 74 15 84 15 87 4 39 90 49 11 
47 16 17 55 4 65 4 68 23 20 71 30 8 
8 55 56 16 43 26 43 29 62 19 32 9 47 
52 11 12 60 1 70 1 73 18 25 76 35 3 
16 79 80 8 67 2 67 5 86 43 8 33 71 
15 78 79 7 66 3 66 6 85 42 9 32 70 
47 16 17 55 4 65 4 68 23 20 71 30 8 
22 85 86 14 73 4 73 1 92 49 2 39 77 
24 39 40 32 27 42 27 45 46 3 48 7 31 
20 83 84 12 71 2 71 1 90 47 4 37 75 
27 36 37 35 24 45 24 48 43 0 51 10 28 

4 28 4 86 19 3 24 36 59 39 3 75 58 
40 8 32 50 17 39 12 0 23 3 33 39 22 
56 24 48 34 33 55 28 16 7 13 49 23 6 
26 6 18 64 3 25 2 14 37 17 19 53 36 
83 51 75 7 60 82 55 43 20 40 76 4 21 
38 6 30 52 15 37 10 2 25 5 31 41 24 
44 12 36 46 21 43 16 4 19 1 37 35 18 
21 11 13 69 2 20 7 19 42 22 14 58 41 
72 40 64 18 49 71 44 32 9 29 65 7 10 
83 51 75 7 60 82 55 43 20 40 76 4 21 
30 2 22 60 7 29 2 10 33 13 23 49 32 
6 38 14 96 29 7 34 46 69 49 13 85 68 
45 13 37 45 22 44 17 5 18 2 38 34 17 

8 17 4 8 2 61 48 39 9 9 9 55 66 
28 19 40 44 38 25 12 3 27 45 27 19 30 
44 35 56 60 54 9 4 13 43 61 43 3 14 
14 5 26 30 24 39 26 17 13 31 13 33 44 
71 62 83 87 81 18 31 40 70 88 70 24 13 
26 17 38 42 36 27 14 5 25 43 25 21 32 
32 23 44 48 42 21 8 1 31 49 31 15 26 
9 0 21 25 19 44 31 22 8 26 8 38 49 
60 51 72 76 70 7 20 29 59 77 59 13 2 
71 62 83 87 81 18 31 40 70 88 70 24 13 
18 9 30 34 28 35 22 13 17 35 17 29 40 
18 27 6 2 8 71 58 49 19 1 19 65 76 
33 24 45 49 43 20 7 2 32 50 32 14 25 

4 35 3 66 81 6 69 46 73 7 1 58 56 
32 1 33 30 45 42 33 10 37 29 35 22 20 
48 17 49 14 29 58 17 6 21 45 51 6 4 
18 13 19 44 59 28 47 24 51 15 21 36 34 
75 44 76 13 2 85 10 33 6 72 78 21 23 
30 1 31 32 47 40 35 12 39 27 33 24 22 
36 5 37 26 41 46 29 6 33 33 39 18 16 
13 18 14 49 64 23 52 29 56 10 16 41 39 
64 33 65 2 13 74 1 22 5 61 67 10 12 
75 44 76 13 2 85 10 33 6 72 78 21 23 
22 9 23 40 55 32 43 20 47 19 25 32 30 
14 45 13 76 91 4 79 56 83 17 11 68 66 
37 6 38 25 40 47 28 5 32 34 40 17 15 

41 18 79 63 9 43 61 79 18 44 83 62 26 
5 18 43 27 27 7 25 43 18 8 47 26 10 
11 34 27 11 43 9 9 27 34 8 31 10 26 
19 4 57 41 13 21 39 57 4 22 61 40 4 
38 61 0 16 70 36 18 0 61 35 4 17 53 
7 16 45 29 25 9 27 45 16 10 49 28 8 
1 22 39 23 31 3 21 39 22 4 43 22 14 
24 1 62 46 8 26 44 62 1 27 66 45 9 
27 50 11 5 59 25 7 11 50 24 15 6 42 
38 61 0 16 70 36 18 0 61 35 4 17 53 
15 8 53 37 17 17 35 53 8 18 57 36 0 
51 28 89 73 19 53 71 89 28 54 93 72 36 
0 23 38 22 32 2 20 38 23 3 42 21 15 

8 82 22 0 1 43 2 40 83 54 62 18 7 
44 46 14 36 35 7 38 4 47 18 26 18 43 
60 30 30 52 51 9 54 12 31 2 10 34 59 
30 60 0 22 21 21 24 18 61 32 40 4 29 
87 3 57 79 78 36 81 39 4 25 17 61 86 
42 48 12 34 33 9 36 6 49 20 28 16 41 
48 42 18 40 39 3 42 0 43 14 22 22 47 
25 65 5 17 16 26 19 23 66 37 45 1 24 
76 14 46 68 67 25 70 28 15 14 6 50 75 
87 3 57 79 78 36 81 39 4 25 17 61 86 
34 56 4 26 25 17 28 14 57 28 36 8 33 
2 92 32 10 11 53 8 50 93 64 72 28 3 
49 41 19 41 40 2 43 1 42 13 21 23 48 

8 11 10 20 74 7 12 2 11 20 56 28 8 
28 47 26 16 38 29 48 34 47 16 20 8 44 
44 63 42 32 22 45 64 50 63 32 4 24 60 
14 33 12 2 52 15 34 20 33 2 34 6 30 
71 90 69 59 5 72 91 77 90 59 23 51 87 
26 45 24 14 40 27 46 32 45 14 22 6 42 
32 51 30 20 34 33 52 38 51 20 16 12 48 
9 28 7 3 57 10 29 15 28 3 39 11 25 
60 79 58 48 6 61 80 66 79 48 12 40 76 
71 90 69 59 5 72 91 77 90 59 23 51 87 
18 37 16 6 48 19 38 24 37 6 30 2 34 
18 1 20 30 84 17 2 12 1 30 66 38 2 
33 52 31 21 33 34 53 39 52 21 15 13 49 

40 75 31 45 31 10 80 70 11 60 79 5 28 
4 39 5 9 5 46 44 34 47 24 43 41 8 
12 23 21 7 21 62 28 18 63 8 27 57 24 
18 53 9 23 9 32 58 48 33 38 57 27 6 
39 4 48 34 48 89 1 9 90 19 0 84 51 
6 41 3 11 3 44 46 36 45 26 45 39 6 
0 35 9 5 9 50 40 30 51 20 39 45 12 
23 58 14 28 14 27 63 53 28 43 62 22 11 
28 7 37 23 37 78 12 2 79 8 11 73 40 
39 4 48 34 48 89 1 9 90 19 0 84 51 
14 49 5 19 5 36 54 44 37 34 53 31 2 
50 85 41 55 41 0 90 80 1 70 89 5 38 
1 34 10 4 10 51 39 29 52 19 38 46 13 

6 28 14 66 83 28 4 28 23 9 83 75 25 
30 8 22 30 47 8 40 8 13 27 47 39 11 
46 24 38 14 31 24 56 24 29 43 31 23 27 
16 6 8 44 61 6 26 6 1 13 61 53 3 
73 51 65 13 4 51 83 51 56 70 4 4 54 
28 6 20 32 49 6 38 6 11 25 49 41 9 
34 12 26 26 43 12 44 12 17 31 43 35 15 
11 11 3 49 66 11 21 11 6 8 66 58 8 
62 40 54 2 15 40 72 40 45 59 15 7 43 
73 51 65 13 4 51 83 51 56 70 4 4 54 
20 2 12 40 57 2 30 2 3 17 57 49 1 
16 38 24 76 93 38 6 38 33 19 93 85 35 
35 13 27 25 42 13 45 13 18 32 42 34 16 

76 22 61 19 9 22 25 67 48 44 42 47 33 
40 14 25 17 27 14 11 31 12 8 6 11 3 
24 30 9 33 43 30 27 15 4 8 10 5 19 
54 0 39 3 13 0 3 45 26 22 20 25 11 
3 57 18 60 70 57 54 12 31 35 37 32 46 
42 12 27 15 25 12 9 33 14 10 8 13 1 
36 18 21 21 31 18 15 27 8 4 2 7 7 
59 5 44 2 8 5 8 50 31 27 25 30 16 
8 46 7 49 59 46 43 1 20 24 26 21 35 
3 57 18 60 70 57 54 12 31 35 37 32 46 
50 4 35 7 17 4 1 41 22 18 16 21 7 
86 32 71 29 19 32 35 77 58 54 52 57 43 
35 19 20 22 32 19 16 26 7 3 1 6 8 

43 2 53 80 63 40 45 75 81 29 79 15 0 
7 38 17 44 27 4 9 39 45 7 43 21 36 
9 54 1 28 11 12 7 23 29 23 27 37 52 
21 24 31 58 41 18 23 53 59 7 57 7 22 
36 81 26 1 16 39 34 4 2 50 0 64 79 
9 36 19 46 29 6 11 41 47 5 45 19 34 
3 42 13 40 23 0 5 35 41 11 39 25 40 
26 19 36 63 46 23 28 58 64 12 62 2 17 
25 70 15 12 5 28 23 7 13 39 11 53 68 
36 81 26 1 16 39 34 4 2 50 0 64 79 
17 28 27 54 37 14 19 49 55 3 53 11 26 
53 8 63 90 73 50 55 85 91 39 89 25 10 
2 43 12 39 22 1 4 34 40 12 38 26 41 

51 18 54 79 55 70 22 74 41 9 37 75 24 
15 18 18 43 19 34 14 38 5 45 1 39 12 
1 34 2 27 3 18 30 22 11 61 15 23 28 
29 4 32 57 33 48 0 52 19 31 15 53 2 
28 61 25 0 24 9 57 5 38 88 42 4 55 
17 16 20 45 21 36 12 40 7 43 3 41 10 
11 22 14 39 15 30 18 34 1 49 3 35 16 
34 1 37 62 38 53 5 57 24 26 20 58 7 
17 50 14 11 13 2 46 6 27 77 31 7 44 
28 61 25 0 24 9 57 5 38 88 42 4 55 
25 8 28 53 29 44 4 48 15 35 11 49 2 
61 28 64 89 65 80 32 84 51 1 47 85 34 
10 23 13 38 14 29 19 33 0 50 4 34 17 

50 30 63 63 67 55 33 11 58 1 72 75 2 
14 6 27 27 31 19 3 25 22 37 36 39 34 
2 22 11 11 15 3 19 41 6 53 20 23 50 
28 8 41 41 45 33 11 11 36 23 50 53 20 
29 49 16 16 12 24 46 68 21 80 7 4 77 
16 4 29 29 33 21 1 23 24 35 38 41 32 
10 10 23 23 27 15 7 29 18 41 32 35 38 
33 13 46 46 50 38 16 6 41 18 55 58 15 
18 38 5 5 1 13 35 57 10 69 4 7 66 
29 49 16 16 12 24 46 68 21 80 7 4 77 
24 4 37 37 41 29 7 15 32 27 46 49 24 
60 40 73 73 77 65 43 21 68 9 82 85 12 
9 11 22 22 26 14 8 30 17 42 31 34 39 

53 58 3 50 54 9 35 86 33 20 86 34 46 
17 22 39 14 18 45 1 50 3 16 50 2 10 
1 6 55 2 2 61 17 34 19 32 34 18 6 
31 36 25 28 32 31 13 64 11 2 64 12 24 
26 21 82 29 25 88 44 7 46 59 7 45 33 
19 24 37 16 20 43 1 52 1 14 52 0 12 
13 18 43 10 14 49 5 46 7 20 46 6 6 
36 41 20 33 37 26 18 69 16 3 69 17 29 
15 10 71 18 14 77 33 18 35 48 18 34 22 
26 21 82 29 25 88 44 7 46 59 7 45 33 
27 32 29 24 28 35 9 60 7 6 60 8 20 
63 68 7 60 64 1 45 96 43 30 96 44 56 
12 17 44 9 13 50 6 45 8 21 45 7 5 

1 5 16 12 19 6 13 12 72 57 40 48 51 
37 31 20 48 17 42 23 48 36 21 4 12 15 
53 47 36 64 33 58 39 64 20 5 12 4 1 
23 17 6 34 3 28 9 34 50 35 18 26 29 
80 74 63 91 60 85 66 91 7 22 39 31 28 
35 29 18 46 15 40 21 46 38 23 6 14 17 
41 35 24 52 21 46 27 52 32 17 0 8 11 
18 12 1 29 2 23 4 29 55 40 23 31 34 
69 63 52 80 49 74 55 80 4 11 28 20 17 
80 74 63 91 60 85 66 91 7 22 39 31 28 
27 21 10 38 7 32 13 38 46 31 14 22 25 
9 15 26 2 29 4 23 2 82 67 50 58 61 
42 36 25 53 22 47 28 53 31 16 1 7 10 

29 74 69 80 42 60 55 39 6 2 2 83 72 
7 38 33 44 6 24 19 3 42 34 34 47 36 
23 22 17 28 10 8 3 13 58 50 50 31 20 
7 52 47 58 20 38 33 17 28 20 20 61 50 
50 5 10 1 37 19 24 40 85 77 77 4 7 
5 40 35 46 8 26 21 5 40 32 32 49 38 
11 34 29 40 2 20 15 1 46 38 38 43 32 
12 57 52 63 25 43 38 22 23 15 15 66 55 
39 6 1 12 26 8 13 29 74 66 66 15 4 
50 5 10 1 37 19 24 40 85 77 77 4 7 
3 48 43 54 16 34 29 13 32 24 24 57 46 
39 84 79 90 52 70 65 49 4 12 12 93 82 
12 33 28 39 1 19 14 2 47 39 39 42 31 

66 82 65 12 10 2 62 39 8 87 85 26 7 
30 46 29 48 46 34 26 3 28 51 49 10 43 
14 30 13 64 62 50 10 13 44 35 33 26 59 
44 60 43 34 32 20 40 17 14 65 63 4 29 
13 3 14 91 89 77 17 40 71 8 6 53 86 
32 48 31 46 44 32 28 5 26 53 51 8 41 
26 42 25 52 50 38 22 1 32 47 45 14 47 
49 65 48 29 27 15 45 22 9 70 68 9 24 
2 14 3 80 78 66 6 29 60 19 17 42 75 
13 3 14 91 89 77 17 40 71 8 6 53 86 
40 56 39 38 36 24 36 13 18 61 59 0 33 
76 92 75 2 0 12 72 49 18 97 95 36 3 
25 41 24 53 51 39 21 2 33 46 44 15 48 

61 2 3 69 10 79 10 82 9 34 85 44 6 
25 38 39 33 26 43 26 46 45 2 49 8 30 
9 54 55 17 42 27 42 30 61 18 33 8 46 
39 24 25 47 12 57 12 60 31 12 63 22 16 
18 81 82 10 69 0 69 3 88 45 6 35 73 
27 36 37 35 24 45 24 48 43 0 51 10 28 
21 42 43 29 30 39 30 42 49 6 45 4 34 
44 19 20 52 7 62 7 65 26 17 68 27 11 
7 70 71 1 58 11 58 14 77 34 17 24 62 
18 81 82 10 69 0 69 3 88 45 6 35 73 
35 28 29 43 16 53 16 56 35 8 59 18 20 
71 8 7 79 20 89 20 92 1 44 95 54 16 
20 43 44 28 31 38 31 41 50 7 44 3 35 

12 21 0 4 2 65 52 43 13 5 13 59 70 
20 11 32 36 30 33 20 11 19 37 19 27 38 
4 13 8 12 6 57 44 35 5 13 5 51 62 
78 69 90 94 88 25 38 47 77 95 77 31 20 
11 2 23 27 21 42 29 20 10 28 10 36 47 
11 20 1 5 1 64 51 42 12 6 12 58 69 
16 7 28 32 26 37 24 15 15 33 15 31 42 
28 19 40 44 38 25 12 3 27 45 27 19 30 
51 42 63 67 61 2 11 20 50 68 50 4 7 
31 22 43 47 41 22 9 0 30 48 30 16 27 
5 14 7 11 5 58 45 36 6 12 6 52 63 
67 58 79 83 77 14 27 36 66 84 66 20 9 
50 41 62 66 60 3 10 19 49 67 49 3 8 

8 39 7 70 85 2 73 50 77 11 5 62 60 
24 7 25 38 53 34 41 18 45 21 27 30 28 
0 31 1 62 77 10 65 42 69 3 3 54 52 
82 51 83 20 5 92 17 40 13 79 85 28 30 
15 16 16 47 62 25 50 27 54 12 18 39 37 
7 38 6 69 84 3 72 49 76 10 4 61 59 
20 11 21 42 57 30 45 22 49 17 23 34 32 
32 1 33 30 45 42 33 10 37 29 35 22 20 
55 24 56 7 22 65 10 13 14 52 58 1 3 
35 4 36 27 42 45 30 7 34 32 38 19 17 
1 32 0 63 78 9 66 43 70 4 2 55 53 
71 40 72 9 6 81 6 29 2 68 74 17 19 
54 23 55 8 23 64 11 12 15 51 57 0 2 

45 22 83 67 13 47 65 83 22 48 87 66 30 
13 10 51 35 19 15 33 51 10 16 55 34 2 
37 14 75 59 5 39 57 75 14 40 79 58 22 
45 68 7 23 77 43 25 7 68 42 3 24 60 
22 1 60 44 10 24 42 60 1 25 64 43 7 
44 21 82 66 12 46 64 82 21 47 86 65 29 
17 6 55 39 15 19 37 55 6 20 59 38 2 
5 18 43 27 27 7 25 43 18 8 47 26 10 
18 41 20 4 50 16 2 20 41 15 24 3 33 
2 21 40 24 30 4 22 40 21 5 44 23 13 
38 15 76 60 6 40 58 76 15 41 80 59 23 
34 57 4 12 66 32 14 4 57 31 8 13 49 
17 40 21 5 49 15 3 21 40 14 25 4 32 

4 86 26 4 5 47 2 44 87 58 66 22 3 
36 54 6 28 27 15 30 12 55 26 34 10 35 
12 78 18 4 3 39 6 36 79 50 58 14 11 
94 4 64 86 85 43 88 46 3 32 24 68 93 
27 63 3 19 18 24 21 21 64 35 43 1 26 
5 85 25 3 4 46 1 43 86 57 65 21 4 
32 58 2 24 23 19 26 16 59 30 38 6 31 
44 46 14 36 35 7 38 4 47 18 26 18 43 
67 23 37 59 58 16 61 19 24 5 3 41 66 
47 43 17 39 38 4 41 1 44 15 23 21 46 
11 79 19 3 2 40 5 37 80 51 59 15 10 
83 7 53 75 74 32 77 35 8 21 13 57 82 
66 24 36 58 57 15 60 18 25 4 4 40 65 

12 7 14 24 78 11 8 6 7 24 60 32 4 
20 39 18 8 46 21 40 26 39 8 28 0 36 
4 15 6 16 70 3 16 2 15 16 52 24 12 
78 97 76 66 12 79 98 84 97 66 30 58 94 
11 30 9 1 55 12 31 17 30 1 37 9 27 
11 8 13 23 77 10 9 5 8 23 59 31 5 
16 35 14 4 50 17 36 22 35 4 32 4 32 
28 47 26 16 38 29 48 34 47 16 20 8 44 
51 70 49 39 15 52 71 57 70 39 3 31 67 
31 50 29 19 35 32 51 37 50 19 17 11 47 
5 14 7 17 71 4 15 1 14 17 53 25 11 
67 86 65 55 1 68 87 73 86 55 19 47 83 
50 69 48 38 16 51 70 56 69 38 2 30 66 

44 79 35 49 35 6 84 74 7 64 83 1 32 
12 47 3 17 3 38 52 42 39 32 51 33 0 
36 71 27 41 27 14 76 66 15 56 75 9 24 
46 11 55 41 55 96 6 16 97 26 7 91 58 
21 56 12 26 12 29 61 51 30 41 60 24 9 
43 78 34 48 34 7 83 73 8 63 82 2 31 
16 51 7 21 7 34 56 46 35 36 55 29 4 
4 39 5 9 5 46 44 34 47 24 43 41 8 
19 16 28 14 28 69 21 11 70 1 20 64 31 
1 36 8 6 8 49 41 31 50 21 40 44 11 
37 72 28 42 28 13 77 67 14 57 76 8 25 
35 0 44 30 44 85 5 5 86 15 4 80 47 
18 17 27 13 27 68 22 12 69 2 21 63 30 

10 32 18 70 87 32 0 32 27 13 87 79 29 
22 0 14 38 55 0 32 0 5 19 55 47 3 
2 24 10 62 79 24 8 24 19 5 79 71 21 
80 58 72 20 3 58 90 58 63 77 3 11 61 
13 9 5 47 64 9 23 9 4 10 64 56 6 
9 31 17 69 86 31 1 31 26 12 86 78 28 
18 4 10 42 59 4 28 4 1 15 59 51 1 
30 8 22 30 47 8 40 8 13 27 47 39 11 
53 31 45 7 24 31 63 31 36 50 24 16 34 
33 11 25 27 44 11 43 11 16 30 44 36 14 
3 25 11 63 80 25 7 25 20 6 80 72 22 
69 47 61 9 8 47 79 47 52 66 8 0 50 
52 30 44 8 25 30 62 30 35 49 25 17 33 

80 26 65 23 13 26 29 71 52 48 46 51 37 
48 6 33 9 19 6 3 39 20 16 14 19 5 
72 18 57 15 5 18 21 63 44 40 38 43 29 
10 64 25 67 77 64 61 19 38 42 44 39 53 
57 3 42 0 10 3 6 48 29 25 23 28 14 
79 25 64 22 12 25 28 70 51 47 45 50 36 
52 2 37 5 15 2 1 43 24 20 18 23 9 
40 14 25 17 27 14 11 31 12 8 6 11 3 
17 37 2 40 50 37 34 8 11 15 17 12 26 
37 17 22 20 30 17 14 28 9 5 3 8 6 
73 19 58 16 6 19 22 64 45 41 39 44 30 
1 53 14 56 66 53 50 8 27 31 33 28 42 
18 36 3 39 49 36 33 9 10 14 16 11 25 

47 2 57 84 67 44 49 79 85 33 83 19 4 
15 30 25 52 35 12 17 47 53 1 51 13 28 
39 6 49 76 59 36 41 71 77 25 75 11 4 
43 88 33 6 23 46 41 11 5 57 7 71 86 
24 21 34 61 44 21 26 56 62 10 60 4 19 
46 1 56 83 66 43 48 78 84 32 82 18 3 
19 26 29 56 39 16 21 51 57 5 55 9 24 
7 38 17 44 27 4 9 39 45 7 43 21 36 
16 61 6 21 4 19 14 16 22 30 20 44 59 
4 41 14 41 24 1 6 36 42 10 40 24 39 
40 5 50 77 60 37 42 72 78 26 76 12 3 
32 77 22 5 12 35 30 0 6 46 4 60 75 
15 60 5 22 5 18 13 17 23 29 21 43 58 

55 22 58 83 59 74 26 78 45 5 41 79 28 
23 10 26 51 27 42 6 46 13 37 9 47 4 
47 14 50 75 51 66 18 70 37 13 33 71 20 
35 68 32 7 31 16 64 12 45 95 49 11 62 
32 1 35 60 36 51 3 55 22 28 18 56 5 
54 21 57 82 58 73 25 77 44 6 40 78 27 
27 6 30 55 31 46 2 50 17 33 13 51 0 
15 18 18 43 19 34 14 38 5 45 1 39 12 
8 41 5 20 4 11 37 15 18 68 22 16 35 
12 21 15 40 16 31 17 35 2 48 2 36 15 
48 15 51 76 52 67 19 71 38 12 34 72 21 
24 57 21 4 20 5 53 1 34 84 38 0 51 
7 40 4 21 3 12 36 16 17 67 21 17 34 

54 34 67 67 71 59 37 15 62 3 76 79 6 
22 2 35 35 39 27 5 17 30 29 44 47 26 
46 26 59 59 63 51 29 7 54 5 68 71 2 
36 56 23 23 19 31 53 75 28 87 14 11 84 
31 11 44 44 48 36 14 8 39 20 53 56 17 
53 33 66 66 70 58 36 14 61 2 75 78 5 
26 6 39 39 43 31 9 13 34 25 48 51 22 
14 6 27 27 31 19 3 25 22 37 36 39 34 
9 29 4 4 8 4 26 48 1 60 13 16 57 
11 9 24 24 28 16 6 28 19 40 33 36 37 
47 27 60 60 64 52 30 8 55 4 69 72 1 
25 45 12 12 8 20 42 64 17 76 3 0 73 
8 28 5 5 9 3 25 47 0 59 14 17 56 

57 62 1 54 58 5 39 90 37 24 90 38 50 
25 30 31 22 26 37 7 58 5 8 58 6 18 
49 54 7 46 50 13 31 82 29 16 82 30 42 
33 28 89 36 32 95 51 0 53 66 0 52 40 
34 39 22 31 35 28 16 67 14 1 67 15 27 
56 61 0 53 57 6 38 89 36 23 89 37 49 
29 34 27 26 30 33 11 62 9 4 62 10 22 
17 22 39 14 18 45 1 50 3 16 50 2 10 
6 1 62 9 5 68 24 27 26 39 27 25 13 
14 19 42 11 15 48 4 47 6 19 47 5 7 
50 55 6 47 51 12 32 83 30 17 83 31 43 
22 17 78 25 21 84 40 11 42 55 11 41 29 
5 0 61 8 4 67 23 28 25 38 28 24 12 

3 9 20 8 23 2 17 8 76 61 44 52 55 
29 23 12 40 9 34 15 40 44 29 12 20 23 
5 1 12 16 15 10 9 16 68 53 36 44 47 
87 81 70 98 67 92 73 98 14 29 46 38 35 
20 14 3 31 0 25 6 31 53 38 21 29 32 
2 8 19 9 22 3 16 9 75 60 43 51 54 
25 19 8 36 5 30 11 36 48 33 16 24 27 
37 31 20 48 17 42 23 48 36 21 4 12 15 
60 54 43 71 40 65 46 71 13 2 19 11 8 
40 34 23 51 20 45 26 51 33 18 1 9 12 
4 2 13 15 16 9 10 15 69 54 37 45 48 
76 70 59 87 56 81 62 87 3 18 35 27 24 
59 53 42 70 39 64 45 70 14 1 18 10 7 

33 78 73 84 46 64 59 43 2 6 6 87 76 
1 46 41 52 14 32 27 11 34 26 26 55 44 
25 70 65 76 38 56 51 35 10 2 2 79 68 
57 12 17 6 44 26 31 47 92 84 84 3 14 
10 55 50 61 23 41 36 20 25 17 17 64 53 
32 77 72 83 45 63 58 42 3 5 5 86 75 
5 50 45 56 18 36 31 15 30 22 22 59 48 
7 38 33 44 6 24 19 3 42 34 34 47 36 
30 15 10 21 17 1 4 20 65 57 57 24 13 
10 35 30 41 3 21 16 0 45 37 37 44 33 
26 71 66 77 39 57 52 36 9 1 1 80 69 
46 1 6 5 33 15 20 36 81 73 73 8 3 
29 16 11 22 16 2 3 19 64 56 56 25 14 

70 86 69 8 6 6 66 43 12 91 89 30 3 
38 54 37 40 38 26 34 11 20 59 57 2 35 
62 78 61 16 14 2 58 35 4 83 81 22 11 
20 4 21 98 96 84 24 47 78 1 1 60 93 
47 63 46 31 29 17 43 20 11 68 66 7 26 
69 85 68 9 7 5 65 42 11 90 88 29 4 
42 58 41 36 34 22 38 15 16 63 61 2 31 
30 46 29 48 46 34 26 3 28 51 49 10 43 
7 23 6 71 69 57 3 20 51 28 26 33 66 
27 43 26 51 49 37 23 0 31 48 46 13 46 
63 79 62 15 13 1 59 36 5 84 82 23 10 
9 7 10 87 85 73 13 36 67 12 10 49 82 
8 24 7 70 68 56 4 19 50 29 27 32 65 

65 2 1 73 14 83 14 86 5 38 89 48 10 
33 30 31 41 18 51 18 54 37 6 57 16 22 
57 6 7 65 6 75 6 78 13 30 81 40 2 
25 88 89 17 76 7 76 4 95 52 1 42 80 
42 21 22 50 9 60 9 63 28 15 66 25 13 
64 1 0 72 13 82 13 85 6 37 88 47 9 
37 26 27 45 14 55 14 58 33 10 61 20 18 
25 38 39 33 26 43 26 46 45 2 49 8 30 
2 61 62 10 49 20 49 23 68 25 26 15 53 
22 41 42 30 29 40 29 43 48 5 46 5 33 
58 5 6 66 7 76 7 79 12 31 82 41 3 
14 77 78 6 65 4 65 7 84 41 10 31 69 
3 60 61 11 48 21 48 24 67 24 27 14 52 

4 27 5 58 73 14 61 38 65 1 7 50 48 
13 18 14 49 64 23 52 29 56 10 16 41 39 
8 39 7 70 85 2 73 50 77 11 5 62 60 
12 43 11 74 89 2 77 54 81 15 9 66 64 
6 37 5 68 83 4 71 48 75 9 3 60 58 
57 26 58 5 20 67 8 15 12 54 60 3 5 
44 13 45 18 33 54 21 2 25 41 47 10 8 
35 4 36 27 42 45 30 7 34 32 38 19 17 
5 26 6 57 72 15 60 37 64 2 8 49 47 
13 44 12 75 90 3 78 55 82 16 10 67 65 
5 26 6 57 72 15 60 37 64 2 8 49 47 
51 20 52 11 26 61 14 9 18 48 54 3 1 
62 31 63 0 15 72 3 20 7 59 65 8 10 

33 10 71 55 1 35 53 71 10 36 75 54 18 
24 1 62 46 8 26 44 62 1 27 66 45 9 
45 22 83 67 13 47 65 83 22 48 87 66 30 
49 26 87 71 17 51 69 87 26 52 91 70 34 
43 20 81 65 11 45 63 81 20 46 85 64 28 
20 43 18 2 52 18 0 18 43 17 22 1 35 
7 30 31 15 39 5 13 31 30 4 35 14 22 
2 21 40 24 30 4 22 40 21 5 44 23 13 
32 9 70 54 0 34 52 70 9 35 74 53 17 
50 27 88 72 18 52 70 88 27 53 92 71 35 
32 9 70 54 0 34 52 70 9 35 74 53 17 
14 37 24 8 46 12 6 24 37 11 28 7 29 
25 48 13 3 57 23 5 13 48 22 17 4 40 

16 74 14 8 7 35 10 32 75 46 54 10 15 
25 65 5 17 16 26 19 23 66 37 45 1 24 
4 86 26 4 5 47 2 44 87 58 66 22 3 
0 90 30 8 9 51 6 48 91 62 70 26 1 
6 84 24 2 3 45 0 42 85 56 64 20 5 
69 21 39 61 60 18 63 21 22 7 1 43 68 
56 34 26 48 47 5 50 8 35 6 14 30 55 
47 43 17 39 38 4 41 1 44 15 23 21 46 
17 73 13 9 8 34 11 31 74 45 53 9 16 
1 91 31 9 10 52 7 49 92 63 71 27 2 
17 73 13 9 8 34 11 31 74 45 53 9 16 
63 27 33 55 54 12 57 15 28 1 7 37 62 
74 16 44 66 65 23 68 26 17 12 4 48 73 

0 19 2 12 66 1 20 6 19 12 48 20 16 
9 28 7 3 57 10 29 15 28 3 39 11 25 
12 7 14 24 78 11 8 6 7 24 60 32 4 
16 3 18 28 82 15 4 10 3 28 64 36 0 
10 9 12 22 76 9 10 4 9 22 58 30 6 
53 72 51 41 13 54 73 59 72 41 5 33 69 
40 59 38 28 26 41 60 46 59 28 8 20 56 
31 50 29 19 35 32 51 37 50 19 17 11 47 
1 20 1 11 65 2 21 7 20 11 47 19 17 
17 2 19 29 83 16 3 11 2 29 65 37 1 
1 20 1 11 65 2 21 7 20 11 47 19 17 
47 66 45 35 19 48 67 53 66 35 1 27 63 
58 77 56 46 8 59 78 64 77 46 10 38 74 

32 67 23 37 23 18 72 62 19 52 71 13 20 
23 58 14 28 14 27 63 53 28 43 62 22 11 
44 79 35 49 35 6 84 74 7 64 83 1 32 
48 83 39 53 39 2 88 78 3 68 87 3 36 
42 77 33 47 33 8 82 72 9 62 81 3 30 
21 14 30 16 30 71 19 9 72 1 18 66 33 
8 27 17 3 17 58 32 22 59 12 31 53 20 
1 36 8 6 8 49 41 31 50 21 40 44 11 
31 66 22 36 22 19 71 61 20 51 70 14 19 
49 84 40 54 40 1 89 79 2 69 88 4 37 
31 66 22 36 22 19 71 61 20 51 70 14 19 
15 20 24 10 24 65 25 15 66 5 24 60 27 
26 9 35 21 35 76 14 4 77 6 13 71 38 

2 20 6 58 75 20 12 20 15 1 75 67 17 
11 11 3 49 66 11 21 11 6 8 66 58 8 
10 32 18 70 87 32 0 32 27 13 87 79 29 
14 36 22 74 91 36 4 36 31 17 91 83 33 
8 30 16 68 85 30 2 30 25 11 85 77 27 
55 33 47 5 22 33 65 33 38 52 22 14 36 
42 20 34 18 35 20 52 20 25 39 35 27 23 
33 11 25 27 44 11 43 11 16 30 44 36 14 
3 19 5 57 74 19 13 19 14 0 74 66 16 
15 37 23 75 92 37 5 37 32 18 92 84 34 
3 19 5 57 74 19 13 19 14 0 74 66 16 
49 27 41 11 28 27 59 27 32 46 28 20 30 
60 38 52 0 17 38 70 38 43 57 17 9 41 

68 14 53 11 1 14 17 59 40 36 34 39 25 
59 5 44 2 8 5 8 50 31 27 25 30 16 
80 26 65 23 13 26 29 71 52 48 46 51 37 
84 30 69 27 17 30 33 75 56 52 50 55 41 
78 24 63 21 11 24 27 69 50 46 44 49 35 
15 39 0 42 52 39 36 6 13 17 19 14 28 
28 26 13 29 39 26 23 19 0 4 6 1 15 
37 17 22 20 30 17 14 28 9 5 3 8 6 
67 13 52 10 0 13 16 58 39 35 33 38 24 
85 31 70 28 18 31 34 76 57 53 51 56 42 
67 13 52 10 0 13 16 58 39 35 33 38 24 
21 33 6 36 46 33 30 12 7 11 13 8 22 
10 44 5 47 57 44 41 1 18 22 24 19 33 

35 10 45 72 55 32 37 67 73 21 71 7 8 
26 19 36 63 46 23 28 58 64 12 62 2 17 
47 2 57 84 67 44 49 79 85 33 83 19 4 
51 6 61 88 71 48 53 83 89 37 87 23 8 
45 0 55 82 65 42 47 77 83 31 81 17 2 
18 63 8 19 2 21 16 14 20 32 18 46 61 
5 50 5 32 15 8 3 27 33 19 31 33 48 
4 41 14 41 24 1 6 36 42 10 40 24 39 
34 11 44 71 54 31 36 66 72 20 70 6 9 
52 7 62 89 72 49 54 84 90 38 88 24 9 
34 11 44 71 54 31 36 66 72 20 70 6 9 
12 57 2 25 8 15 10 20 26 26 24 40 55 
23 68 13 14 3 26 21 9 15 37 13 51 66 

43 10 46 71 47 62 14 66 33 17 29 67 16 
34 1 37 62 38 53 5 57 24 26 20 58 7 
55 22 58 83 59 74 26 78 45 5 41 79 28 
59 26 62 87 63 78 30 82 49 1 45 83 32 
53 20 56 81 57 72 24 76 43 7 39 77 26 
10 43 7 18 6 9 39 13 20 70 24 14 37 
3 30 6 31 7 22 26 26 7 57 11 27 24 
12 21 15 40 16 31 17 35 2 48 2 36 15 
42 9 45 70 46 61 13 65 32 18 28 66 15 
60 27 63 88 64 79 31 83 50 0 46 84 33 
42 9 45 70 46 61 13 65 32 18 28 66 15 
4 37 1 24 0 15 33 19 14 64 18 20 31 
15 48 12 13 11 4 44 8 25 75 29 9 42 

42 22 55 55 59 47 25 3 50 9 64 67 6 
33 13 46 46 50 38 16 6 41 18 55 58 15 
54 34 67 67 71 59 37 15 62 3 76 79 6 
58 38 71 71 75 63 41 19 66 7 80 83 10 
52 32 65 65 69 57 35 13 60 1 74 77 4 
11 31 2 2 6 6 28 50 3 62 11 14 59 
2 18 15 15 19 7 15 37 10 49 24 27 46 
11 9 24 24 28 16 6 28 19 40 33 36 37 
41 21 54 54 58 46 24 2 49 10 63 66 7 
59 39 72 72 76 64 42 20 67 8 81 84 11 
41 21 54 54 58 46 24 2 49 10 63 66 7 
5 25 8 8 12 0 22 44 3 56 17 20 53 
16 36 3 3 1 11 33 55 8 67 6 9 64 

45 50 11 42 46 17 27 78 25 12 78 26 38 
36 41 20 33 37 26 18 69 16 3 69 17 29 
57 62 1 54 58 5 39 90 37 24 90 38 50 
61 66 5 58 62 1 43 94 41 28 94 42 54 
55 60 1 52 56 7 37 88 35 22 88 36 48 
8 3 64 11 7 70 26 25 28 41 25 27 15 
5 10 51 2 6 57 13 38 15 28 38 14 2 
14 19 42 11 15 48 4 47 6 19 47 5 7 
44 49 12 41 45 18 26 77 24 11 77 25 37 
62 67 6 59 63 0 44 95 42 29 95 43 55 
44 49 12 41 45 18 26 77 24 11 77 25 37 
2 3 58 5 1 64 20 31 22 35 31 21 9 
13 8 69 16 12 75 31 20 33 46 20 32 20 

9 3 8 20 11 14 5 20 64 49 32 40 43 
18 12 1 29 2 23 4 29 55 40 23 31 34 
3 9 20 8 23 2 17 8 76 61 44 52 55 
7 13 24 4 27 2 21 4 80 65 48 56 59 
1 7 18 10 21 4 15 10 74 59 42 50 53 
62 56 45 73 42 67 48 73 11 4 21 13 10 
49 43 32 60 29 54 35 60 24 9 8 0 3 
40 34 23 51 20 45 26 51 33 18 1 9 12 
10 4 7 21 10 15 4 21 63 48 31 39 42 
8 14 25 3 28 3 22 3 81 66 49 57 60 
10 4 7 21 10 15 4 21 63 48 31 39 42 
56 50 39 67 36 61 42 67 17 2 15 7 4 
67 61 50 78 47 72 53 78 6 9 26 18 15 

21 66 61 72 34 52 47 31 14 6 6 75 64 
12 57 52 63 25 43 38 22 23 15 15 66 55 
33 78 73 84 46 64 59 43 2 6 6 87 76 
37 82 77 88 50 68 63 47 2 10 10 91 80 
31 76 71 82 44 62 57 41 4 4 4 85 74 
32 13 8 19 19 1 6 22 67 59 59 22 11 
19 26 21 32 6 12 7 9 54 46 46 35 24 
10 35 30 41 3 21 16 0 45 37 37 44 33 
20 65 60 71 33 51 46 30 15 7 7 74 63 
38 83 78 89 51 69 64 48 3 11 11 92 81 
20 65 60 71 33 51 46 30 15 7 7 74 63 
26 19 14 25 13 5 0 16 61 53 53 28 17 
37 8 3 14 24 6 11 27 72 64 64 17 6 

58 74 57 20 18 6 54 31 0 79 77 18 15 
49 65 48 29 27 15 45 22 9 70 68 9 24 
70 86 69 8 6 6 66 43 12 91 89 30 3 
74 90 73 4 2 10 70 47 16 95 93 34 1 
68 84 67 10 8 4 64 41 10 89 87 28 5 
5 21 4 73 71 59 1 22 53 26 24 35 68 
18 34 17 60 58 46 14 9 40 39 37 22 55 
27 43 26 51 49 37 23 0 31 48 46 13 46 
57 73 56 21 19 7 53 30 1 78 76 17 16 
75 91 74 3 1 11 71 48 17 96 94 35 2 
57 73 56 21 19 7 53 30 1 78 76 17 16 
11 27 10 67 65 53 7 16 47 32 30 29 62 
0 16 1 78 76 64 4 27 58 21 19 40 73 

53 10 11 61 2 71 2 74 17 26 77 36 2 
44 19 20 52 7 62 7 65 26 17 68 27 11 
65 2 1 73 14 83 14 86 5 38 89 48 10 
69 6 5 77 18 87 18 90 1 42 93 52 14 
63 0 1 71 12 81 12 84 7 36 87 46 8 
0 63 64 8 51 18 51 21 70 27 24 17 55 
13 50 51 21 38 31 38 34 57 14 37 4 42 
22 41 42 30 29 40 29 43 48 5 46 5 33 
52 11 12 60 1 70 1 73 18 25 76 35 3 
70 7 6 78 19 88 19 91 0 43 94 53 15 
52 11 12 60 1 70 1 73 18 25 76 35 3 
6 57 58 14 45 24 45 27 64 21 30 11 49 
5 68 69 3 56 13 56 16 75 32 19 22 60 

37 14 75 59 5 39 57 75 14 40 79 58 22 
6 17 44 28 26 8 26 44 17 9 48 27 9 
38 15 76 60 6 40 58 76 15 41 80 59 23 
25 48 13 3 57 23 5 13 48 22 17 4 40 
40 63 2 18 72 38 20 2 63 37 2 19 55 
47 24 85 69 15 49 67 85 24 50 89 68 32 
28 51 10 6 60 26 8 10 51 25 14 7 43 
5 28 33 17 37 3 15 33 28 2 37 16 20 
32 55 6 10 64 30 12 6 55 29 10 11 47 
34 11 72 56 2 36 54 72 11 37 76 55 19 
40 17 78 62 8 42 60 78 17 43 82 61 25 
17 40 21 5 49 15 3 21 40 14 25 4 32 
15 38 23 7 47 13 5 23 38 12 27 6 30 

12 78 18 4 3 39 6 36 79 50 58 14 11 
43 47 13 35 34 8 37 5 48 19 27 17 42 
11 79 19 3 2 40 5 37 80 51 59 15 10 
74 16 44 66 65 23 68 26 17 12 4 48 73 
89 1 59 81 80 38 83 41 2 27 19 63 88 
2 88 28 6 7 49 4 46 89 60 68 24 1 
77 13 47 69 68 26 71 29 14 15 7 51 76 
54 36 24 46 45 3 48 6 37 8 16 28 53 
81 9 51 73 72 30 75 33 10 19 11 55 80 
15 75 15 7 6 36 9 33 76 47 55 11 14 
9 81 21 1 0 42 3 39 82 53 61 17 8 
66 24 36 58 57 15 60 18 25 4 4 40 65 
64 26 34 56 55 13 58 16 27 2 6 38 63 

4 15 6 16 70 3 16 2 15 16 52 24 12 
27 46 25 15 39 28 47 33 46 15 21 7 43 
5 14 7 17 71 4 15 1 14 17 53 25 11 
58 77 56 46 8 59 78 64 77 46 10 38 74 
73 92 71 61 7 74 93 79 92 61 25 53 89 
14 5 16 26 80 13 6 8 5 26 62 34 2 
61 80 59 49 5 62 81 67 80 49 13 41 77 
38 57 36 26 28 39 58 44 57 26 10 18 54 
65 84 63 53 1 66 85 71 84 53 17 45 81 
1 18 3 13 67 0 19 5 18 13 49 21 15 
7 12 9 19 73 6 13 1 12 19 55 27 9 
50 69 48 38 16 51 70 56 69 38 2 30 66 
48 67 46 36 18 49 68 54 67 36 0 28 64 

36 71 27 41 27 14 76 66 15 56 75 9 24 
5 40 4 10 4 45 45 35 46 25 44 40 7 
37 72 28 42 28 13 77 67 14 57 76 8 25 
26 9 35 21 35 76 14 4 77 6 13 71 38 
41 6 50 36 50 91 1 11 92 21 2 86 53 
46 81 37 51 37 4 86 76 5 66 85 1 34 
29 6 38 24 38 79 11 1 80 9 10 74 41 
6 29 15 1 15 56 34 24 57 14 33 51 18 
33 2 42 28 42 83 7 3 84 13 6 78 45 
33 68 24 38 24 17 73 63 18 53 72 12 21 
39 74 30 44 30 11 79 69 12 59 78 6 27 
18 17 27 13 27 68 22 12 69 2 21 63 30 
16 19 25 11 25 66 24 14 67 4 23 61 28 

2 24 10 62 79 24 8 24 19 5 79 71 21 
29 7 21 31 48 7 39 7 12 26 48 40 10 
3 25 11 63 80 25 7 25 20 6 80 72 22 
60 38 52 0 17 38 70 38 43 57 17 9 41 
75 53 67 15 2 53 85 53 58 72 2 6 56 
12 34 20 72 89 34 2 34 29 15 89 81 31 
63 41 55 3 14 41 73 41 46 60 14 6 44 
40 18 32 20 37 18 50 18 23 37 37 29 21 
67 45 59 7 10 45 77 45 50 64 10 2 48 
1 21 7 59 76 21 11 21 16 2 76 68 18 
5 27 13 65 82 27 5 27 22 8 82 74 24 
52 30 44 8 25 30 62 30 35 49 25 17 33 
50 28 42 10 27 28 60 28 33 47 27 19 31 

72 18 57 15 5 18 21 63 44 40 38 43 29 
41 13 26 16 26 13 10 32 13 9 7 12 2 
73 19 58 16 6 19 22 64 45 41 39 44 30 
10 44 5 47 57 44 41 1 18 22 24 19 33 
5 59 20 62 72 59 56 14 33 37 39 34 48 
82 28 67 25 15 28 31 73 54 50 48 53 39 
7 47 8 50 60 47 44 2 21 25 27 22 36 
30 24 15 27 37 24 21 21 2 2 4 1 13 
3 51 12 54 64 51 48 6 25 29 31 26 40 
69 15 54 12 2 15 18 60 41 37 35 40 26 
75 21 60 18 8 21 24 66 47 43 41 46 32 
18 36 3 39 49 36 33 9 10 14 16 11 25 
20 34 5 37 47 34 31 11 8 12 14 9 23 

39 6 49 76 59 36 41 71 77 25 75 11 4 
8 37 18 45 28 5 10 40 46 6 44 20 35 
40 5 50 77 60 37 42 72 78 26 76 12 3 
23 68 13 14 3 26 21 9 15 37 13 51 66 
38 83 28 1 18 41 36 6 0 52 2 66 81 
49 4 59 86 69 46 51 81 87 35 85 21 6 
26 71 16 11 6 29 24 6 12 40 10 54 69 
3 48 7 34 17 6 1 29 35 17 33 31 46 
30 75 20 7 10 33 28 2 8 44 6 58 73 
36 9 46 73 56 33 38 68 74 22 72 8 7 
42 3 52 79 62 39 44 74 80 28 78 14 1 
15 60 5 22 5 18 13 17 23 29 21 43 58 
13 58 3 24 7 16 11 19 25 27 23 41 56 

47 14 50 75 51 66 18 70 37 13 33 71 20 
16 17 19 44 20 35 13 39 6 44 2 40 11 
48 15 51 76 52 67 19 71 38 12 34 72 21 
15 48 12 13 11 4 44 8 25 75 29 9 42 
30 63 27 2 26 11 59 7 40 90 44 6 57 
57 24 60 85 61 76 28 80 47 3 43 81 30 
18 51 15 10 14 1 47 5 28 78 32 6 45 
5 28 8 33 9 24 24 28 5 55 9 29 22 
22 55 19 6 18 3 51 1 32 82 36 2 49 
44 11 47 72 48 63 15 67 34 16 30 68 17 
50 17 53 78 54 69 21 73 40 10 36 74 23 
7 40 4 21 3 12 36 16 17 67 21 17 34 
5 38 2 23 1 14 34 18 15 65 19 19 32 

46 26 59 59 63 51 29 7 54 5 68 71 2 
15 5 28 28 32 20 2 24 23 36 37 40 33 
47 27 60 60 64 52 30 8 55 4 69 72 1 
16 36 3 3 1 11 33 55 8 67 6 9 64 
31 51 18 18 14 26 48 70 23 82 9 6 79 
56 36 69 69 73 61 39 17 64 5 78 81 8 
19 39 6 6 2 14 36 58 11 70 3 6 67 
4 16 17 17 21 9 13 35 12 47 26 29 44 
23 43 10 10 6 18 40 62 15 74 1 2 71 
43 23 56 56 60 48 26 4 51 8 65 68 5 
49 29 62 62 66 54 32 10 57 2 71 74 1 
8 28 5 5 9 3 25 47 0 59 14 17 56 
6 26 7 7 11 1 23 45 2 57 16 19 54 

49 54 7 46 50 13 31 82 29 16 82 30 42 
18 23 38 15 19 44 0 51 2 15 51 1 11 
50 55 6 47 51 12 32 83 30 17 83 31 43 
13 8 69 16 12 75 31 20 33 46 20 32 20 
28 23 84 31 27 90 46 5 48 61 5 47 35 
59 64 3 56 60 3 41 92 39 26 92 40 52 
16 11 72 19 15 78 34 17 36 49 17 35 23 
7 12 49 4 8 55 11 40 13 26 40 12 0 
20 15 76 23 19 82 38 13 40 53 13 39 27 
46 51 10 43 47 16 28 79 26 13 79 27 39 
52 57 4 49 53 10 34 85 32 19 85 33 45 
5 0 61 8 4 67 23 28 25 38 28 24 12 
3 2 59 6 2 65 21 30 23 36 30 22 10 

5 1 12 16 15 10 9 16 68 53 36 44 47 
36 30 19 47 16 41 22 47 37 22 5 13 16 
4 2 13 15 16 9 10 15 69 54 37 45 48 
67 61 50 78 47 72 53 78 6 9 26 18 15 
82 76 65 93 62 87 68 93 9 24 41 33 30 
5 11 22 6 25 0 19 6 78 63 46 54 57 
70 64 53 81 50 75 56 81 3 12 29 21 18 
47 41 30 58 27 52 33 58 26 11 6 2 5 
74 68 57 85 54 79 60 85 1 16 33 25 22 
8 2 9 19 12 13 6 19 65 50 33 41 44 
2 4 15 13 18 7 12 13 71 56 39 47 50 
59 53 42 70 39 64 45 70 14 1 18 10 7 
57 51 40 68 37 62 43 68 16 1 16 8 5 

25 70 65 76 38 56 51 35 10 2 2 79 68 
6 39 34 45 7 25 20 4 41 33 33 48 37 
26 71 66 77 39 57 52 36 9 1 1 80 69 
37 8 3 14 24 6 11 27 72 64 64 17 6 
52 7 12 1 39 21 26 42 87 79 79 2 9 
35 80 75 86 48 66 61 45 0 8 8 89 78 
40 5 0 11 27 9 14 30 75 67 67 14 3 
17 28 23 34 4 14 9 7 52 44 44 37 26 
44 1 4 7 31 13 18 34 79 71 71 10 1 
22 67 62 73 35 53 48 32 13 5 5 76 65 
28 73 68 79 41 59 54 38 7 1 1 82 71 
29 16 11 22 16 2 3 19 64 56 56 25 14 
27 18 13 24 14 4 1 17 62 54 54 27 16 

62 78 61 16 14 2 58 35 4 83 81 22 11 
31 47 30 47 45 33 27 4 27 52 50 9 42 
63 79 62 15 13 1 59 36 5 84 82 23 10 
0 16 1 78 76 64 4 27 58 21 19 40 73 
15 1 16 93 91 79 19 42 73 6 4 55 88 
72 88 71 6 4 8 68 45 14 93 91 32 1 
3 13 4 81 79 67 7 30 61 18 16 43 76 
20 36 19 58 56 44 16 7 38 41 39 20 53 
7 9 8 85 83 71 11 34 65 14 12 47 80 
59 75 58 19 17 5 55 32 1 80 78 19 14 
65 81 64 13 11 1 61 38 7 86 84 25 8 
8 24 7 70 68 56 4 19 50 29 27 32 65 
10 26 9 68 66 54 6 17 48 31 29 30 63 

57 6 7 65 6 75 6 78 13 30 81 40 2 
26 37 38 34 25 44 25 47 44 1 50 9 29 
58 5 6 66 7 76 7 79 12 31 82 41 3 
5 68 69 3 56 13 56 16 75 32 19 22 60 
20 83 84 12 71 2 71 1 90 47 4 37 75 
67 4 3 75 16 85 16 88 3 40 91 50 12 
8 71 72 0 59 10 59 13 78 35 16 25 63 
15 48 49 23 36 33 36 36 55 12 39 2 40 
12 75 76 4 63 6 63 9 82 39 12 29 67 
54 9 10 62 3 72 3 75 16 27 78 37 1 
60 3 4 68 9 78 9 81 10 33 84 43 5 
3 60 61 11 48 21 48 24 67 24 27 14 52 
5 58 59 13 46 23 46 26 65 22 29 12 50 

49 41 19 41 40 2 43 1 42 13 21 23 48 
26 64 4 18 17 25 20 22 65 36 44 0 25 
87 3 57 79 78 36 81 39 4 25 17 61 86 
71 19 41 63 62 20 65 23 20 9 1 45 70 
17 73 13 9 8 34 11 31 74 45 53 9 16 
51 39 21 43 42 0 45 3 40 11 19 25 50 
69 21 39 61 60 18 63 21 22 7 1 43 68 
87 3 57 79 78 36 81 39 4 25 17 61 86 
26 64 4 18 17 25 20 22 65 36 44 0 25 
52 38 22 44 43 1 46 4 39 10 18 26 51 
91 1 61 83 82 40 85 43 0 29 21 65 90 
70 20 40 62 61 19 64 22 21 8 0 44 69 
34 56 4 26 25 17 28 14 57 28 36 8 33 

33 52 31 21 33 34 53 39 52 21 15 13 49 
10 29 8 2 56 11 30 16 29 2 38 10 26 
71 90 69 59 5 72 91 77 90 59 23 51 87 
55 74 53 43 11 56 75 61 74 43 7 35 71 
1 20 1 11 65 2 21 7 20 11 47 19 17 
35 54 33 23 31 36 55 41 54 23 13 15 51 
53 72 51 41 13 54 73 59 72 41 5 33 69 
71 90 69 59 5 72 91 77 90 59 23 51 87 
10 29 8 2 56 11 30 16 29 2 38 10 26 
36 55 34 24 30 37 56 42 55 24 12 16 52 
75 94 73 63 9 76 95 81 94 63 27 55 91 
54 73 52 42 12 55 74 60 73 42 6 34 70 
18 37 16 6 48 19 38 24 37 6 30 2 34 

1 34 10 4 10 51 39 29 52 19 38 46 13 
22 57 13 27 13 28 62 52 29 42 61 23 10 
39 4 48 34 48 89 1 9 90 19 0 84 51 
23 12 32 18 32 73 17 7 74 3 16 68 35 
31 66 22 36 22 19 71 61 20 51 70 14 19 
3 32 12 2 12 53 37 27 54 17 36 48 15 
21 14 30 16 30 71 19 9 72 1 18 66 33 
39 4 48 34 48 89 1 9 90 19 0 84 51 
22 57 13 27 13 28 62 52 29 42 61 23 10 
4 31 13 1 13 54 36 26 55 16 35 49 16 
43 8 52 38 52 93 3 13 94 23 4 88 55 
22 13 31 17 31 72 18 8 73 2 17 67 34 
14 49 5 19 5 36 54 44 37 34 53 31 2 

35 13 27 25 42 13 45 13 18 32 42 34 16 
12 10 4 48 65 10 22 10 5 9 65 57 7 
73 51 65 13 4 51 83 51 56 70 4 4 54 
57 35 49 3 20 35 67 35 40 54 20 12 38 
3 19 5 57 74 19 13 19 14 0 74 66 16 
37 15 29 23 40 15 47 15 20 34 40 32 18 
55 33 47 5 22 33 65 33 38 52 22 14 36 
73 51 65 13 4 51 83 51 56 70 4 4 54 
12 10 4 48 65 10 22 10 5 9 65 57 7 
38 16 30 22 39 16 48 16 21 35 39 31 19 
77 55 69 17 0 55 87 55 60 74 0 8 58 
56 34 48 4 21 34 66 34 39 53 21 13 37 
20 2 12 40 57 2 30 2 3 17 57 49 1 

35 19 20 22 32 19 16 26 7 3 1 6 8 
58 4 43 1 9 4 7 49 30 26 24 29 15 
3 57 18 60 70 57 54 12 31 35 37 32 46 
13 41 2 44 54 41 38 4 15 19 21 16 30 
67 13 52 10 0 13 16 58 39 35 33 38 24 
33 21 18 24 34 21 18 24 5 1 1 4 10 
15 39 0 42 52 39 36 6 13 17 19 14 28 
3 57 18 60 70 57 54 12 31 35 37 32 46 
58 4 43 1 9 4 7 49 30 26 24 29 15 
32 22 17 25 35 22 19 23 4 0 2 3 11 
7 61 22 64 74 61 58 16 35 39 41 36 50 
14 40 1 43 53 40 37 5 14 18 20 15 29 
50 4 35 7 17 4 1 41 22 18 16 21 7 

2 43 12 39 22 1 4 34 40 12 38 26 41 
25 20 35 62 45 22 27 57 63 11 61 3 18 
36 81 26 1 16 39 34 4 2 50 0 64 79 
20 65 10 17 0 23 18 12 18 34 16 48 63 
34 11 44 71 54 31 36 66 72 20 70 6 9 
0 45 10 37 20 3 2 32 38 14 36 28 43 
18 63 8 19 2 21 16 14 20 32 18 46 61 
36 81 26 1 16 39 34 4 2 50 0 64 79 
25 20 35 62 45 22 27 57 63 11 61 3 18 
1 46 9 36 19 4 1 31 37 15 35 29 44 
40 85 30 3 20 43 38 8 2 54 4 68 83 
19 64 9 18 1 22 17 13 19 33 17 47 62 
17 28 27 54 37 14 19 49 55 3 53 11 26 

10 23 13 38 14 29 19 33 0 50 4 34 17 
33 0 36 61 37 52 4 56 23 27 19 57 6 
28 61 25 0 24 9 57 5 38 88 42 4 55 
12 45 9 16 8 7 41 11 22 72 26 12 39 
42 9 45 70 46 61 13 65 32 18 28 66 15 
8 25 11 36 12 27 21 31 2 52 6 32 19 
10 43 7 18 6 9 39 13 20 70 24 14 37 
28 61 25 0 24 9 57 5 38 88 42 4 55 
33 0 36 61 37 52 4 56 23 27 19 57 6 
7 26 10 35 11 26 22 30 3 53 7 31 20 
32 65 29 4 28 13 61 9 42 92 46 8 59 
11 44 8 17 7 8 40 12 21 71 25 13 38 
25 8 28 53 29 44 4 48 15 35 11 49 2 

9 11 22 22 26 14 8 30 17 42 31 34 39 
32 12 45 45 49 37 15 7 40 19 54 57 16 
29 49 16 16 12 24 46 68 21 80 7 4 77 
13 33 0 0 4 8 30 52 5 64 9 12 61 
41 21 54 54 58 46 24 2 49 10 63 66 7 
7 13 20 20 24 12 10 32 15 44 29 32 41 
11 31 2 2 6 6 28 50 3 62 11 14 59 
29 49 16 16 12 24 46 68 21 80 7 4 77 
32 12 45 45 49 37 15 7 40 19 54 57 16 
6 14 19 19 23 11 11 33 14 45 28 31 42 
33 53 20 20 16 28 50 72 25 84 11 8 81 
12 32 1 1 5 7 29 51 4 63 10 13 60 
24 4 37 37 41 29 7 15 32 27 46 49 24 

12 17 44 9 13 50 6 45 8 21 45 7 5 
35 40 21 32 36 27 17 68 15 2 68 16 28 
26 21 82 29 25 88 44 7 46 59 7 45 33 
10 5 66 13 9 72 28 23 30 43 23 29 17 
44 49 12 41 45 18 26 77 24 11 77 25 37 
10 15 46 7 11 52 8 43 10 23 43 9 3 
8 3 64 11 7 70 26 25 28 41 25 27 15 
26 21 82 29 25 88 44 7 46 59 7 45 33 
35 40 21 32 36 27 17 68 15 2 68 16 28 
9 14 47 6 10 53 9 42 11 24 42 10 2 
30 25 86 33 29 92 48 3 50 63 3 49 37 
9 4 65 12 8 71 27 24 29 42 24 28 16 
27 32 29 24 28 35 9 60 7 6 60 8 20 

42 36 25 53 22 47 28 53 31 16 1 7 10 
19 13 2 30 1 24 5 30 54 39 22 30 33 
80 74 63 91 60 85 66 91 7 22 39 31 28 
64 58 47 75 44 69 50 75 9 6 23 15 12 
10 4 7 21 10 15 4 21 63 48 31 39 42 
44 38 27 55 24 49 30 55 29 14 3 5 8 
62 56 45 73 42 67 48 73 11 4 21 13 10 
80 74 63 91 60 85 66 91 7 22 39 31 28 
19 13 2 30 1 24 5 30 54 39 22 30 33 
45 39 28 56 25 50 31 56 28 13 4 4 7 
84 78 67 95 64 89 70 95 11 26 43 35 32 
63 57 46 74 43 68 49 74 10 5 22 14 11 
27 21 10 38 7 32 13 38 46 31 14 22 25 

12 33 28 39 1 19 14 2 47 39 39 42 31 
11 56 51 62 24 42 37 21 24 16 16 65 54 
50 5 10 1 37 19 24 40 85 77 77 4 7 
34 11 6 17 21 3 8 24 69 61 61 20 9 
20 65 60 71 33 51 46 30 15 7 7 74 63 
14 31 26 37 1 17 12 4 49 41 41 40 29 
32 13 8 19 19 1 6 22 67 59 59 22 11 
50 5 10 1 37 19 24 40 85 77 77 4 7 
11 56 51 62 24 42 37 21 24 16 16 65 54 
15 30 25 36 2 16 11 5 50 42 42 39 28 
54 9 14 3 41 23 28 44 89 81 81 0 11 
33 12 7 18 20 2 7 23 68 60 60 21 10 
3 48 43 54 16 34 29 13 32 24 24 57 46 

25 41 24 53 51 39 21 2 33 46 44 15 48 
48 64 47 30 28 16 44 21 10 69 67 8 25 
13 3 14 91 89 77 17 40 71 8 6 53 86 
3 19 2 75 73 61 1 24 55 24 22 37 70 
57 73 56 21 19 7 53 30 1 78 76 17 16 
23 39 22 55 53 41 19 4 35 44 42 17 50 
5 21 4 73 71 59 1 22 53 26 24 35 68 
13 3 14 91 89 77 17 40 71 8 6 53 86 
48 64 47 30 28 16 44 21 10 69 67 8 25 
22 38 21 56 54 42 18 5 36 43 41 18 51 
17 1 18 95 93 81 21 44 75 4 2 57 90 
4 20 3 74 72 60 0 23 54 25 23 36 69 
40 56 39 38 36 24 36 13 18 61 59 0 33 

20 43 44 28 31 38 31 41 50 7 44 3 35 
43 20 21 51 8 61 8 64 27 16 67 26 12 
18 81 82 10 69 0 69 3 88 45 6 35 73 
2 65 66 6 53 16 53 19 72 29 22 19 57 
52 11 12 60 1 70 1 73 18 25 76 35 3 
18 45 46 26 33 36 33 39 52 9 42 1 37 
0 63 64 8 51 18 51 21 70 27 24 17 55 
18 81 82 10 69 0 69 3 88 45 6 35 73 
43 20 21 51 8 61 8 64 27 16 67 26 12 
17 46 47 25 34 35 34 38 53 10 41 0 38 
22 85 86 14 73 4 73 1 92 49 2 39 77 
1 64 65 7 52 17 52 20 71 28 23 18 56 
35 28 29 43 16 53 16 56 35 8 59 18 20 

16 3 18 28 82 15 4 10 3 28 64 36 0 
74 93 72 62 8 75 94 80 93 62 26 54 90 
14 33 12 2 52 15 34 20 33 2 34 6 30 
8 11 10 20 74 7 12 2 11 20 56 28 8 
7 12 9 19 73 6 13 1 12 19 55 27 9 
35 54 33 23 31 36 55 41 54 23 13 15 51 
10 9 12 22 76 9 10 4 9 22 58 30 6 
32 51 30 20 34 33 52 38 51 20 16 12 48 
75 94 73 63 9 76 95 81 94 63 27 55 91 
46 65 44 34 20 47 66 52 65 34 2 26 62 
54 73 52 42 12 55 74 60 73 42 6 34 70 
10 29 8 2 56 11 30 16 29 2 38 10 26 
15 4 17 27 81 14 5 9 4 27 63 35 1 

48 83 39 53 39 2 88 78 3 68 87 3 36 
42 7 51 37 51 92 2 12 93 22 3 87 54 
18 53 9 23 9 32 58 48 33 38 57 27 6 
40 75 31 45 31 10 80 70 11 60 79 5 28 
39 74 30 44 30 11 79 69 12 59 78 6 27 
3 32 12 2 12 53 37 27 54 17 36 48 15 
42 77 33 47 33 8 82 72 9 62 81 3 30 
0 35 9 5 9 50 40 30 51 20 39 45 12 
43 8 52 38 52 93 3 13 94 23 4 88 55 
14 21 23 9 23 64 26 16 65 6 25 59 26 
22 13 31 17 31 72 18 8 73 2 17 67 34 
22 57 13 27 13 28 62 52 29 42 61 23 10 
47 82 38 52 38 3 87 77 4 67 86 2 35 

14 36 22 74 91 36 4 36 31 17 91 83 33 
76 54 68 16 1 54 86 54 59 73 1 7 57 
16 6 8 44 61 6 26 6 1 13 61 53 3 
6 28 14 66 83 28 4 28 23 9 83 75 25 
5 27 13 65 82 27 5 27 22 8 82 74 24 
37 15 29 23 40 15 47 15 20 34 40 32 18 
8 30 16 68 85 30 2 30 25 11 85 77 27 
34 12 26 26 43 12 44 12 17 31 43 35 15 
77 55 69 17 0 55 87 55 60 74 0 8 58 
48 26 40 12 29 26 58 26 31 45 29 21 29 
56 34 48 4 21 34 66 34 39 53 21 13 37 
12 10 4 48 65 10 22 10 5 9 65 57 7 
13 35 21 73 90 35 3 35 30 16 90 82 32 

84 30 69 27 17 30 33 75 56 52 50 55 41 
6 60 21 63 73 60 57 15 34 38 40 35 49 
54 0 39 3 13 0 3 45 26 22 20 25 11 
76 22 61 19 9 22 25 67 48 44 42 47 33 
75 21 60 18 8 21 24 66 47 43 41 46 32 
33 21 18 24 34 21 18 24 5 1 1 4 10 
78 24 63 21 11 24 27 69 50 46 44 49 35 
36 18 21 21 31 18 15 27 8 4 2 7 7 
7 61 22 64 74 61 58 16 35 39 41 36 50 
22 32 7 35 45 32 29 13 6 10 12 7 21 
14 40 1 43 53 40 37 5 14 18 20 15 29 
58 4 43 1 9 4 7 49 30 26 24 29 15 
83 29 68 26 16 29 32 74 55 51 49 54 40 

51 6 61 88 71 48 53 83 89 37 87 23 8 
39 84 29 2 19 42 37 7 1 53 3 67 82 
21 24 31 58 41 18 23 53 59 7 57 7 22 
43 2 53 80 63 40 45 75 81 29 79 15 0 
42 3 52 79 62 39 44 74 80 28 78 14 1 
0 45 10 37 20 3 2 32 38 14 36 28 43 
45 0 55 82 65 42 47 77 83 31 81 17 2 
3 42 13 40 23 0 5 35 41 11 39 25 40 
40 85 30 3 20 43 38 8 2 54 4 68 83 
11 56 1 26 9 14 9 21 27 25 25 39 54 
19 64 9 18 1 22 17 13 19 33 17 47 62 
25 20 35 62 45 22 27 57 63 11 61 3 18 
50 5 60 87 70 47 52 82 88 36 86 22 7 

59 26 62 87 63 78 30 82 49 1 45 83 32 
31 64 28 3 27 12 60 8 41 91 45 7 58 
29 4 32 57 33 48 0 52 19 31 15 53 2 
51 18 54 79 55 70 22 74 41 9 37 75 24 
50 17 53 78 54 69 21 73 40 10 36 74 23 
8 25 11 36 12 27 21 31 2 52 6 32 19 
53 20 56 81 57 72 24 76 43 7 39 77 26 
11 22 14 39 15 30 18 34 1 49 3 35 16 
32 65 29 4 28 13 61 9 42 92 46 8 59 
3 36 0 25 1 16 32 20 13 63 17 21 30 
11 44 8 17 7 8 40 12 21 71 25 13 38 
33 0 36 61 37 52 4 56 23 27 19 57 6 
58 25 61 86 62 77 29 81 48 2 44 82 31 

58 38 71 71 75 63 41 19 66 7 80 83 10 
32 52 19 19 15 27 49 71 24 83 10 7 80 
28 8 41 41 45 33 11 11 36 23 50 53 20 
50 30 63 63 67 55 33 11 58 1 72 75 2 
49 29 62 62 66 54 32 10 57 2 71 74 1 
7 13 20 20 24 12 10 32 15 44 29 32 41 
52 32 65 65 69 57 35 13 60 1 74 77 4 
10 10 23 23 27 15 7 29 18 41 32 35 38 
33 53 20 20 16 28 50 72 25 84 11 8 81 
4 24 9 9 13 1 21 43 4 55 18 21 52 
12 32 1 1 5 7 29 51 4 63 10 13 60 
32 12 45 45 49 37 15 7 40 19 54 57 16 
57 37 70 70 74 62 40 18 65 6 79 82 9 

61 66 5 58 62 1 43 94 41 28 94 42 54 
29 24 85 32 28 91 47 4 49 62 4 48 36 
31 36 25 28 32 31 13 64 11 2 64 12 24 
53 58 3 50 54 9 35 86 33 20 86 34 46 
52 57 4 49 53 10 34 85 32 19 85 33 45 
10 15 46 7 11 52 8 43 10 23 43 9 3 
55 60 1 52 56 7 37 88 35 22 88 36 48 
13 18 43 10 14 49 5 46 7 20 46 6 6 
30 25 86 33 29 92 48 3 50 63 3 49 37 
1 4 57 4 0 63 19 32 21 34 32 20 8 
9 4 65 12 8 71 27 24 29 42 24 28 16 
35 40 21 32 36 27 17 68 15 2 68 16 28 
60 65 4 57 61 2 42 93 40 27 93 41 53 

7 13 24 4 27 2 21 4 80 65 48 56 59 
83 77 66 94 63 88 69 94 10 25 42 34 31 
23 17 6 34 3 28 9 34 50 35 18 26 29 
1 5 16 12 19 6 13 12 72 57 40 48 51 
2 4 15 13 18 7 12 13 71 56 39 47 50 
44 38 27 55 24 49 30 55 29 14 3 5 8 
1 7 18 10 21 4 15 10 74 59 42 50 53 
41 35 24 52 21 46 27 52 32 17 0 8 11 
84 78 67 95 64 89 70 95 11 26 43 35 32 
55 49 38 66 35 60 41 66 18 3 14 6 3 
63 57 46 74 43 68 49 74 10 5 22 14 11 
19 13 2 30 1 24 5 30 54 39 22 30 33 
6 12 23 5 26 1 20 5 79 64 47 55 58 

37 82 77 88 50 68 63 47 2 10 10 91 80 
53 8 13 2 40 22 27 43 88 80 80 1 10 
7 52 47 58 20 38 33 17 28 20 20 61 50 
29 74 69 80 42 60 55 39 6 2 2 83 72 
28 73 68 79 41 59 54 38 7 1 1 82 71 
14 31 26 37 1 17 12 4 49 41 41 40 29 
31 76 71 82 44 62 57 41 4 4 4 85 74 
11 34 29 40 2 20 15 1 46 38 38 43 32 
54 9 14 3 41 23 28 44 89 81 81 0 11 
25 20 15 26 12 6 1 15 60 52 52 29 18 
33 12 7 18 20 2 7 23 68 60 60 21 10 
11 56 51 62 24 42 37 21 24 16 16 65 54 
36 81 76 87 49 67 62 46 1 9 9 90 79 

74 90 73 4 2 10 70 47 16 95 93 34 1 
16 0 17 94 92 80 20 43 74 5 3 56 89 
44 60 43 34 32 20 40 17 14 65 63 4 29 
66 82 65 12 10 2 62 39 8 87 85 26 7 
65 81 64 13 11 1 61 38 7 86 84 25 8 
23 39 22 55 53 41 19 4 35 44 42 17 50 
68 84 67 10 8 4 64 41 10 89 87 28 5 
26 42 25 52 50 38 22 1 32 47 45 14 47 
17 1 18 95 93 81 21 44 75 4 2 57 90 
12 28 11 66 64 52 8 15 46 33 31 28 61 
4 20 3 74 72 60 0 23 54 25 23 36 69 
48 64 47 30 28 16 44 21 10 69 67 8 25 
73 89 72 5 3 9 69 46 15 94 92 33 0 

69 6 5 77 18 87 18 90 1 42 93 52 14 
21 84 85 13 72 3 72 0 91 48 3 38 76 
39 24 25 47 12 57 12 60 31 12 63 22 16 
61 2 3 69 10 79 10 82 9 34 85 44 6 
60 3 4 68 9 78 9 81 10 33 84 43 5 
18 45 46 26 33 36 33 39 52 9 42 1 37 
63 0 1 71 12 81 12 84 7 36 87 46 8 
21 42 43 29 30 39 30 42 49 6 45 4 34 
22 85 86 14 73 4 73 1 92 49 2 39 77 
7 56 57 15 44 25 44 28 63 20 31 10 48 
1 64 65 7 52 17 52 20 71 28 23 18 56 
43 20 21 51 8 61 8 64 27 16 67 26 12 
68 5 4 76 17 86 17 89 2 41 92 51 13 

32 67 23 37 23 18 72 62 19 52 71 13 20 
51 86 42 56 42 1 91 81 0 71 90 6 39 
30 65 21 35 21 20 70 60 21 50 69 15 18 
20 55 11 25 11 30 60 50 31 40 59 25 8 
34 1 43 29 43 84 6 4 85 14 5 79 46 
33 68 24 38 24 17 73 63 18 53 72 12 21 
52 87 43 57 43 2 92 82 1 72 91 7 40 
38 73 29 43 29 12 78 68 13 58 77 7 26 
51 86 42 56 42 1 91 81 0 71 90 6 39 
20 55 11 25 11 30 60 50 31 40 59 25 8 
16 19 25 11 25 66 24 14 67 4 23 61 28 
12 47 3 17 3 38 52 42 39 32 51 33 0 
48 83 39 53 39 2 88 78 3 68 87 3 36 

2 20 6 58 75 20 12 20 15 1 75 67 17 
17 39 25 77 94 39 7 39 34 20 94 86 36 
4 18 4 56 73 18 14 18 13 1 73 65 15 
14 8 6 46 63 8 24 8 3 11 63 55 5 
68 46 60 8 9 46 78 46 51 65 9 1 49 
1 21 7 59 76 21 11 21 16 2 76 68 18 
18 40 26 78 95 40 8 40 35 21 95 87 37 
4 26 12 64 81 26 6 26 21 7 81 73 23 
17 39 25 77 94 39 7 39 34 20 94 86 36 
14 8 6 46 63 8 24 8 3 11 63 55 5 
50 28 42 10 27 28 60 28 33 47 27 19 31 
22 0 14 38 55 0 32 0 5 19 55 47 3 
14 36 22 74 91 36 4 36 31 17 91 83 33 

68 14 53 11 1 14 17 59 40 36 34 39 25 
87 33 72 30 20 33 36 78 59 55 53 58 44 
66 12 51 9 1 12 15 57 38 34 32 37 23 
56 2 41 1 11 2 5 47 28 24 22 27 13 
2 52 13 55 65 52 49 7 26 30 32 27 41 
69 15 54 12 2 15 18 60 41 37 35 40 26 
88 34 73 31 21 34 37 79 60 56 54 59 45 
74 20 59 17 7 20 23 65 46 42 40 45 31 
87 33 72 30 20 33 36 78 59 55 53 58 44 
56 2 41 1 11 2 5 47 28 24 22 27 13 
20 34 5 37 47 34 31 11 8 12 14 9 23 
48 6 33 9 19 6 3 39 20 16 14 19 5 
84 30 69 27 17 30 33 75 56 52 50 55 41 

35 10 45 72 55 32 37 67 73 21 71 7 8 
54 9 64 91 74 51 56 86 92 40 90 26 11 
33 12 43 70 53 30 35 65 71 19 69 5 10 
23 22 33 60 43 20 25 55 61 9 59 5 20 
31 76 21 6 11 34 29 1 7 45 5 59 74 
36 9 46 73 56 33 38 68 74 22 72 8 7 
55 10 65 92 75 52 57 87 93 41 91 27 12 
41 4 51 78 61 38 43 73 79 27 77 13 2 
54 9 64 91 74 51 56 86 92 40 90 26 11 
23 22 33 60 43 20 25 55 61 9 59 5 20 
13 58 3 24 7 16 11 19 25 27 23 41 56 
15 30 25 52 35 12 17 47 53 1 51 13 28 
51 6 61 88 71 48 53 83 89 37 87 23 8 

43 10 46 71 47 62 14 66 33 17 29 67 16 
62 29 65 90 66 81 33 85 52 2 48 86 35 
41 8 44 69 45 60 12 64 31 19 27 65 14 
31 2 34 59 35 50 2 54 21 29 17 55 4 
23 56 20 5 19 4 52 0 33 83 37 1 50 
44 11 47 72 48 63 15 67 34 16 30 68 17 
63 30 66 91 67 82 34 86 53 3 49 87 36 
49 16 52 77 53 68 20 72 39 11 35 73 22 
62 29 65 90 66 81 33 85 52 2 48 86 35 
31 2 34 59 35 50 2 54 21 29 17 55 4 
5 38 2 23 1 14 34 18 15 65 19 19 32 
23 10 26 51 27 42 6 46 13 37 9 47 4 
59 26 62 87 63 78 30 82 49 1 45 83 32 

42 22 55 55 59 47 25 3 50 9 64 67 6 
61 41 74 74 78 66 44 22 69 10 83 86 13 
40 20 53 53 57 45 23 1 48 11 62 65 8 
30 10 43 43 47 35 13 9 38 21 52 55 18 
24 44 11 11 7 19 41 63 16 75 2 1 72 
43 23 56 56 60 48 26 4 51 8 65 68 5 
62 42 75 75 79 67 45 23 70 11 84 87 14 
48 28 61 61 65 53 31 9 56 3 70 73 0 
61 41 74 74 78 66 44 22 69 10 83 86 13 
30 10 43 43 47 35 13 9 38 21 52 55 18 
6 26 7 7 11 1 23 45 2 57 16 19 54 
22 2 35 35 39 27 5 17 30 29 44 47 26 
58 38 71 71 75 63 41 19 66 7 80 83 10 

45 50 11 42 46 17 27 78 25 12 78 26 38 
64 69 8 61 65 2 46 97 44 31 97 45 57 
43 48 13 40 44 19 25 76 23 10 76 24 36 
33 38 23 30 34 29 15 66 13 0 66 14 26 
21 16 77 24 20 83 39 12 41 54 12 40 28 
46 51 10 43 47 16 28 79 26 13 79 27 39 
65 70 9 62 66 3 47 98 45 32 98 46 58 
51 56 5 48 52 11 33 84 31 18 84 32 44 
64 69 8 61 65 2 46 97 44 31 97 45 57 
33 38 23 30 34 29 15 66 13 0 66 14 26 
3 2 59 6 2 65 21 30 23 36 30 22 10 
25 30 31 22 26 37 7 58 5 8 58 6 18 
61 66 5 58 62 1 43 94 41 28 94 42 54 

9 3 8 20 11 14 5 20 64 49 32 40 43 
10 16 27 1 30 5 24 1 83 68 51 59 62 
11 5 6 22 9 16 3 22 62 47 30 38 41 
21 15 4 32 1 26 7 32 52 37 20 28 31 
75 69 58 86 55 80 61 86 2 17 34 26 23 
8 2 9 19 12 13 6 19 65 50 33 41 44 
11 17 28 0 31 6 25 0 84 69 52 60 63 
3 3 14 14 17 8 11 14 70 55 38 46 49 
10 16 27 1 30 5 24 1 83 68 51 59 62 
21 15 4 32 1 26 7 32 52 37 20 28 31 
57 51 40 68 37 62 43 68 16 1 16 8 5 
29 23 12 40 9 34 15 40 44 29 12 20 23 
7 13 24 4 27 2 21 4 80 65 48 56 59 

21 66 61 72 34 52 47 31 14 6 6 75 64 
40 85 80 91 53 71 66 50 5 13 13 94 83 
19 64 59 70 32 50 45 29 16 8 8 73 62 
9 54 49 60 22 40 35 19 26 18 18 63 52 
45 0 5 6 32 14 19 35 80 72 72 9 2 
22 67 62 73 35 53 48 32 13 5 5 76 65 
41 86 81 92 54 72 67 51 6 14 14 95 84 
27 72 67 78 40 58 53 37 8 0 0 81 70 
40 85 80 91 53 71 66 50 5 13 13 94 83 
9 54 49 60 22 40 35 19 26 18 18 63 52 
27 18 13 24 14 4 1 17 62 54 54 27 16 
1 46 41 52 14 32 27 11 34 26 26 55 44 
37 82 77 88 50 68 63 47 2 10 10 91 80 

58 74 57 20 18 6 54 31 0 79 77 18 15 
77 93 76 1 1 13 73 50 19 98 96 37 4 
56 72 55 22 20 8 52 29 2 77 75 16 17 
46 62 45 32 30 18 42 19 12 67 65 6 27 
8 8 9 86 84 72 12 35 66 13 11 48 81 
59 75 58 19 17 5 55 32 1 80 78 19 14 
78 94 77 0 2 14 74 51 20 99 97 38 5 
64 80 63 14 12 0 60 37 6 85 83 24 9 
77 93 76 1 1 13 73 50 19 98 96 37 4 
46 62 45 32 30 18 42 19 12 67 65 6 27 
10 26 9 68 66 54 6 17 48 31 29 30 63 
38 54 37 40 38 26 34 11 20 59 57 2 35 
74 90 73 4 2 10 70 47 16 95 93 34 1 

53 10 11 61 2 71 2 74 17 26 77 36 2 
72 9 8 80 21 90 21 93 2 45 96 55 17 
51 12 13 59 0 69 0 72 19 24 75 34 4 
41 22 23 49 10 59 10 62 29 14 65 24 14 
13 76 77 5 64 5 64 8 83 40 11 30 68 
54 9 10 62 3 72 3 75 16 27 78 37 1 
73 10 9 81 22 91 22 94 3 46 97 56 18 
59 4 5 67 8 77 8 80 11 32 83 42 4 
72 9 8 80 21 90 21 93 2 45 96 55 17 
41 22 23 49 10 59 10 62 29 14 65 24 14 
5 58 59 13 46 23 46 26 65 22 29 12 50 
33 30 31 41 18 51 18 54 37 6 57 16 22 
69 6 5 77 18 87 18 90 1 42 93 52 14 

34 12 26 26 43 12 44 12 17 31 43 35 15 
69 47 61 9 8 47 79 47 52 66 8 0 50 
25 3 17 35 52 3 35 3 8 22 52 44 6 
39 17 31 21 38 17 49 17 22 36 38 30 20 
25 3 17 35 52 3 35 3 8 22 52 44 6 
16 38 24 76 93 38 6 38 33 19 93 85 35 
74 52 66 14 3 52 84 52 57 71 3 5 55 
64 42 56 4 13 42 74 42 47 61 13 5 45 
17 39 25 77 94 39 7 39 34 20 94 86 36 
54 32 46 6 23 32 64 32 37 51 23 15 35 
73 51 65 13 4 51 83 51 56 70 4 4 54 
11 33 19 71 88 33 1 33 28 14 88 80 30 
22 0 14 38 55 0 32 0 5 19 55 47 3 

36 18 21 21 31 18 15 27 8 4 2 7 7 
1 53 14 56 66 53 50 8 27 31 33 28 42 
45 9 30 12 22 9 6 36 17 13 11 16 2 
31 23 16 26 36 23 20 22 3 1 3 2 12 
45 9 30 12 22 9 6 36 17 13 11 16 2 
86 32 71 29 19 32 35 77 58 54 52 57 43 
4 58 19 61 71 58 55 13 32 36 38 33 47 
6 48 9 51 61 48 45 3 22 26 28 23 37 
87 33 72 30 20 33 36 78 59 55 53 58 44 
16 38 1 41 51 38 35 7 12 16 18 13 27 
3 57 18 60 70 57 54 12 31 35 37 32 46 
81 27 66 24 14 27 30 72 53 49 47 52 38 
48 6 33 9 19 6 3 39 20 16 14 19 5 

3 42 13 40 23 0 5 35 41 11 39 25 40 
32 77 22 5 12 35 30 0 6 46 4 60 75 
12 33 22 49 32 9 14 44 50 2 48 16 31 
2 47 8 35 18 5 0 30 36 16 34 30 45 
12 33 22 49 32 9 14 44 50 2 48 16 31 
53 8 63 90 73 50 55 85 91 39 89 25 10 
37 82 27 0 17 40 35 5 1 51 1 65 80 
27 72 17 10 7 30 25 5 11 41 9 55 70 
54 9 64 91 74 51 56 86 92 40 90 26 11 
17 62 7 20 3 20 15 15 21 31 19 45 60 
36 81 26 1 16 39 34 4 2 50 0 64 79 
48 3 58 85 68 45 50 80 86 34 84 20 5 
15 30 25 52 35 12 17 47 53 1 51 13 28 

11 22 14 39 15 30 18 34 1 49 3 35 16 
24 57 21 4 20 5 53 1 34 84 38 0 51 
20 13 23 48 24 39 9 43 10 40 6 44 7 
6 27 9 34 10 25 23 29 4 54 8 30 21 
20 13 23 48 24 39 9 43 10 40 6 44 7 
61 28 64 89 65 80 32 84 51 1 47 85 34 
29 62 26 1 25 10 58 6 39 89 43 5 56 
19 52 16 9 15 0 48 4 29 79 33 5 46 
62 29 65 90 66 81 33 85 52 2 48 86 35 
9 42 6 19 5 10 38 14 19 69 23 15 36 
28 61 25 0 24 9 57 5 38 88 42 4 55 
56 23 59 84 60 75 27 79 46 4 42 80 29 
23 10 26 51 27 42 6 46 13 37 9 47 4 

10 10 23 23 27 15 7 29 18 41 32 35 38 
25 45 12 12 8 20 42 64 17 76 3 0 73 
19 1 32 32 36 24 2 20 27 32 41 44 29 
5 15 18 18 22 10 12 34 13 46 27 30 43 
19 1 32 32 36 24 2 20 27 32 41 44 29 
60 40 73 73 77 65 43 21 68 9 82 85 12 
30 50 17 17 13 25 47 69 22 81 8 5 78 
20 40 7 7 3 15 37 59 12 71 2 5 68 
61 41 74 74 78 66 44 22 69 10 83 86 13 
10 30 3 3 7 5 27 49 2 61 12 15 58 
29 49 16 16 12 24 46 68 21 80 7 4 77 
55 35 68 68 72 60 38 16 63 4 77 80 7 
22 2 35 35 39 27 5 17 30 29 44 47 26 

13 18 43 10 14 49 5 46 7 20 46 6 6 
22 17 78 25 21 84 40 11 42 55 11 41 29 
22 27 34 19 23 40 4 55 2 11 55 3 15 
8 13 48 5 9 54 10 41 12 25 41 11 1 
22 27 34 19 23 40 4 55 2 11 55 3 15 
63 68 7 60 64 1 45 96 43 30 96 44 56 
27 22 83 30 26 89 45 6 47 60 6 46 34 
17 12 73 20 16 79 35 16 37 50 16 36 24 
64 69 8 61 65 2 46 97 44 31 97 45 57 
7 2 63 10 6 69 25 26 27 40 26 26 14 
26 21 82 29 25 88 44 7 46 59 7 45 33 
58 63 2 55 59 4 40 91 38 25 91 39 51 
25 30 31 22 26 37 7 58 5 8 58 6 18 

41 35 24 52 21 46 27 52 32 17 0 8 11 
76 70 59 87 56 81 62 87 3 18 35 27 24 
32 26 15 43 12 37 18 43 41 26 9 17 20 
46 40 29 57 26 51 32 57 27 12 5 3 6 
32 26 15 43 12 37 18 43 41 26 9 17 20 
9 15 26 2 29 4 23 2 82 67 50 58 61 
81 75 64 92 61 86 67 92 8 23 40 32 29 
71 65 54 82 51 76 57 82 2 13 30 22 19 
10 16 27 1 30 5 24 1 83 68 51 59 62 
61 55 44 72 41 66 47 72 12 3 20 12 9 
80 74 63 91 60 85 66 91 7 22 39 31 28 
4 10 21 7 24 1 18 7 77 62 45 53 56 
29 23 12 40 9 34 15 40 44 29 12 20 23 

11 34 29 40 2 20 15 1 46 38 38 43 32 
46 1 6 5 33 15 20 36 81 73 73 8 3 
2 43 38 49 11 29 24 8 37 29 29 52 41 
16 29 24 35 3 15 10 6 51 43 43 38 27 
2 43 38 49 11 29 24 8 37 29 29 52 41 
39 84 79 90 52 70 65 49 4 12 12 93 82 
51 6 11 0 38 20 25 41 86 78 78 3 8 
41 4 1 10 28 10 15 31 76 68 68 13 2 
40 85 80 91 53 71 66 50 5 13 13 94 83 
31 14 9 20 18 0 5 21 66 58 58 23 12 
50 5 10 1 37 19 24 40 85 77 77 4 7 
34 79 74 85 47 65 60 44 1 7 7 88 77 
1 46 41 52 14 32 27 11 34 26 26 55 44 

26 42 25 52 50 38 22 1 32 47 45 14 47 
9 7 10 87 85 73 13 36 67 12 10 49 82 
35 51 34 43 41 29 31 8 23 56 54 5 38 
21 37 20 57 55 43 17 6 37 42 40 19 52 
35 51 34 43 41 29 31 8 23 56 54 5 38 
76 92 75 2 0 12 72 49 18 97 95 36 3 
14 2 15 92 90 78 18 41 72 7 5 54 87 
4 12 5 82 80 68 8 31 62 17 15 44 77 
77 93 76 1 1 13 73 50 19 98 96 37 4 
6 22 5 72 70 58 2 21 52 27 25 34 67 
13 3 14 91 89 77 17 40 71 8 6 53 86 
71 87 70 7 5 7 67 44 13 92 90 31 2 
38 54 37 40 38 26 34 11 20 59 57 2 35 

21 42 43 29 30 39 30 42 49 6 45 4 34 
14 77 78 6 65 4 65 7 84 41 10 31 69 
30 33 34 38 21 48 21 51 40 3 54 13 25 
16 47 48 24 35 34 35 37 54 11 40 1 39 
30 33 34 38 21 48 21 51 40 3 54 13 25 
71 8 7 79 20 89 20 92 1 44 95 54 16 
19 82 83 11 70 1 70 2 89 46 5 36 74 
9 72 73 1 60 9 60 12 79 36 15 26 64 
72 9 8 80 21 90 21 93 2 45 96 55 17 
1 62 63 9 50 19 50 22 69 26 25 16 54 
18 81 82 10 69 0 69 3 88 45 6 35 73 
66 3 2 74 15 84 15 87 4 39 90 49 11 
33 30 31 41 18 51 18 54 37 6 57 16 22 

70 16 55 13 3 16 19 61 42 38 36 41 27 
48 6 33 9 19 6 3 39 20 16 14 19 5 
62 8 47 5 5 8 11 53 34 30 28 33 19 
10 44 5 47 57 44 41 1 18 22 24 19 33 
7 61 22 64 74 61 58 16 35 39 41 36 50 
48 6 33 9 19 6 3 39 20 16 14 19 5 
80 26 65 23 13 26 29 71 52 48 46 51 37 
48 6 33 9 19 6 3 39 20 16 14 19 5 
53 1 38 4 14 1 2 44 25 21 19 24 10 
67 13 52 10 0 13 16 58 39 35 33 38 24 
7 61 22 64 74 61 58 16 35 39 41 36 50 
1 53 14 56 66 53 50 8 27 31 33 28 42 
51 3 36 6 16 3 0 42 23 19 17 22 8 

37 8 47 74 57 34 39 69 75 23 73 9 6 
15 30 25 52 35 12 17 47 53 1 51 13 28 
29 16 39 66 49 26 31 61 67 15 65 1 14 
23 68 13 14 3 26 21 9 15 37 13 51 66 
40 85 30 3 20 43 38 8 2 54 4 68 83 
15 30 25 52 35 12 17 47 53 1 51 13 28 
47 2 57 84 67 44 49 79 85 33 83 19 4 
15 30 25 52 35 12 17 47 53 1 51 13 28 
20 25 30 57 40 17 22 52 58 6 56 8 23 
34 11 44 71 54 31 36 66 72 20 70 6 9 
40 85 30 3 20 43 38 8 2 54 4 68 83 
32 77 22 5 12 35 30 0 6 46 4 60 75 
18 27 28 55 38 15 20 50 56 4 54 10 25 

45 12 48 73 49 64 16 68 35 15 31 69 18 
23 10 26 51 27 42 6 46 13 37 9 47 4 
37 4 40 65 41 56 8 60 27 23 23 61 10 
15 48 12 13 11 4 44 8 25 75 29 9 42 
32 65 29 4 28 13 61 9 42 92 46 8 59 
23 10 26 51 27 42 6 46 13 37 9 47 4 
55 22 58 83 59 74 26 78 45 5 41 79 28 
23 10 26 51 27 42 6 46 13 37 9 47 4 
28 5 31 56 32 47 1 51 18 32 14 52 1 
42 9 45 70 46 61 13 65 32 18 28 66 15 
32 65 29 4 28 13 61 9 42 92 46 8 59 
24 57 21 4 20 5 53 1 34 84 38 0 51 
26 7 29 54 30 45 3 49 16 34 12 50 1 

44 24 57 57 61 49 27 5 52 7 66 69 4 
22 2 35 35 39 27 5 17 30 29 44 47 26 
36 16 49 49 53 41 19 3 44 15 58 61 12 
16 36 3 3 1 11 33 55 8 67 6 9 64 
33 53 20 20 16 28 50 72 25 84 11 8 81 
22 2 35 35 39 27 5 17 30 29 44 47 26 
54 34 67 67 71 59 37 15 62 3 76 79 6 
22 2 35 35 39 27 5 17 30 29 44 47 26 
27 7 40 40 44 32 10 12 35 24 49 52 21 
41 21 54 54 58 46 24 2 49 10 63 66 7 
33 53 20 20 16 28 50 72 25 84 11 8 81 
25 45 12 12 8 20 42 64 17 76 3 0 73 
25 5 38 38 42 30 8 14 33 26 47 50 23 

47 52 9 44 48 15 29 80 27 14 80 28 40 
25 30 31 22 26 37 7 58 5 8 58 6 18 
39 44 17 36 40 23 21 72 19 6 72 20 32 
13 8 69 16 12 75 31 20 33 46 20 32 20 
30 25 86 33 29 92 48 3 50 63 3 49 37 
25 30 31 22 26 37 7 58 5 8 58 6 18 
57 62 1 54 58 5 39 90 37 24 90 38 50 
25 30 31 22 26 37 7 58 5 8 58 6 18 
30 35 26 27 31 32 12 63 10 3 63 11 23 
44 49 12 41 45 18 26 77 24 11 77 25 37 
30 25 86 33 29 92 48 3 50 63 3 49 37 
22 17 78 25 21 84 40 11 42 55 11 41 29 
28 33 28 25 29 34 10 61 8 5 61 9 21 

7 1 10 18 13 12 7 18 66 51 34 42 45 
29 23 12 40 9 34 15 40 44 29 12 20 23 
15 9 2 26 5 20 1 26 58 43 26 34 37 
67 61 50 78 47 72 53 78 6 9 26 18 15 
84 78 67 95 64 89 70 95 11 26 43 35 32 
29 23 12 40 9 34 15 40 44 29 12 20 23 
3 9 20 8 23 2 17 8 76 61 44 52 55 
29 23 12 40 9 34 15 40 44 29 12 20 23 
24 18 7 35 4 29 10 35 49 34 17 25 28 
10 4 7 21 10 15 4 21 63 48 31 39 42 
84 78 67 95 64 89 70 95 11 26 43 35 32 
76 70 59 87 56 81 62 87 3 18 35 27 24 
26 20 9 37 6 31 12 37 47 32 15 23 26 

23 68 63 74 36 54 49 33 12 4 4 77 66 
1 46 41 52 14 32 27 11 34 26 26 55 44 
15 60 55 66 28 46 41 25 20 12 12 69 58 
37 8 3 14 24 6 11 27 72 64 64 17 6 
54 9 14 3 41 23 28 44 89 81 81 0 11 
1 46 41 52 14 32 27 11 34 26 26 55 44 
33 78 73 84 46 64 59 43 2 6 6 87 76 
1 46 41 52 14 32 27 11 34 26 26 55 44 
6 51 46 57 19 37 32 16 29 21 21 60 49 
20 65 60 71 33 51 46 30 15 7 7 74 63 
54 9 14 3 41 23 28 44 89 81 81 0 11 
46 1 6 5 33 15 20 36 81 73 73 8 3 
4 49 44 55 17 35 30 14 31 23 23 58 47 

60 76 59 18 16 4 56 33 2 81 79 20 13 
38 54 37 40 38 26 34 11 20 59 57 2 35 
52 68 51 26 24 12 48 25 6 73 71 12 21 
0 16 1 78 76 64 4 27 58 21 19 40 73 
17 1 18 95 93 81 21 44 75 4 2 57 90 
38 54 37 40 38 26 34 11 20 59 57 2 35 
70 86 69 8 6 6 66 43 12 91 89 30 3 
38 54 37 40 38 26 34 11 20 59 57 2 35 
43 59 42 35 33 21 39 16 15 64 62 3 30 
57 73 56 21 19 7 53 30 1 78 76 17 16 
17 1 18 95 93 81 21 44 75 4 2 57 90 
9 7 10 87 85 73 13 36 67 12 10 49 82 
41 57 40 37 35 23 37 14 17 62 60 1 32 

55 8 9 63 4 73 4 76 15 28 79 38 0 
33 30 31 41 18 51 18 54 37 6 57 16 22 
47 16 17 55 4 65 4 68 23 20 71 30 8 
5 68 69 3 56 13 56 16 75 32 19 22 60 
22 85 86 14 73 4 73 1 92 49 2 39 77 
33 30 31 41 18 51 18 54 37 6 57 16 22 
65 2 1 73 14 83 14 86 5 38 89 48 10 
33 30 31 41 18 51 18 54 37 6 57 16 22 
38 25 26 46 13 56 13 59 32 11 62 21 17 
52 11 12 60 1 70 1 73 18 25 76 35 3 
22 85 86 14 73 4 73 1 92 49 2 39 77 
14 77 78 6 65 4 65 7 84 41 10 31 69 
36 27 28 44 15 54 15 57 34 9 60 19 19 

33 78 23 4 13 36 31 1 5 47 3 61 76 
21 24 31 58 41 18 23 53 59 7 57 7 22 
18 63 8 19 2 21 16 14 20 32 18 46 61 
24 21 34 61 44 21 26 56 62 10 60 4 19 
34 11 44 71 54 31 36 66 72 20 70 6 9 
21 24 31 58 41 18 23 53 59 7 57 7 22 
18 27 28 55 38 15 20 50 56 4 54 10 25 
24 69 14 13 4 27 22 8 14 38 12 52 67 
5 50 5 32 15 8 3 27 33 19 31 33 48 
1 46 9 36 19 4 1 31 37 15 35 29 44 
1 44 11 38 21 2 3 33 39 13 37 27 42 
4 49 6 33 16 7 2 28 34 18 32 32 47 
10 35 20 47 30 7 12 42 48 4 46 18 33 

25 58 22 3 21 6 54 2 35 85 39 1 52 
29 4 32 57 33 48 0 52 19 31 15 53 2 
10 43 7 18 6 9 39 13 20 70 24 14 37 
32 1 35 60 36 51 3 55 22 28 18 56 5 
42 9 45 70 46 61 13 65 32 18 28 66 15 
29 4 32 57 33 48 0 52 19 31 15 53 2 
26 7 29 54 30 45 3 49 16 34 12 50 1 
16 49 13 12 12 3 45 7 26 76 30 8 43 
3 30 6 31 7 22 26 26 7 57 11 27 24 
7 26 10 35 11 26 22 30 3 53 7 31 20 
9 24 12 37 13 28 20 32 1 51 5 33 18 
4 29 7 32 8 23 25 27 6 56 10 28 23 
18 15 21 46 22 37 11 41 8 42 4 42 9 

26 46 13 13 9 21 43 65 18 77 4 1 74 
28 8 41 41 45 33 11 11 36 23 50 53 20 
11 31 2 2 6 6 28 50 3 62 11 14 59 
31 11 44 44 48 36 14 8 39 20 53 56 17 
41 21 54 54 58 46 24 2 49 10 63 66 7 
28 8 41 41 45 33 11 11 36 23 50 53 20 
25 5 38 38 42 30 8 14 33 26 47 50 23 
17 37 4 4 0 12 34 56 9 68 5 8 65 
2 18 15 15 19 7 15 37 10 49 24 27 46 
6 14 19 19 23 11 11 33 14 45 28 31 42 
8 12 21 21 25 13 9 31 16 43 30 33 40 
3 17 16 16 20 8 14 36 11 48 25 28 45 
17 3 30 30 34 22 0 22 25 34 39 42 31 

23 18 79 26 22 85 41 10 43 56 10 42 30 
31 36 25 28 32 31 13 64 11 2 64 12 24 
8 3 64 11 7 70 26 25 28 41 25 27 15 
34 39 22 31 35 28 16 67 14 1 67 15 27 
44 49 12 41 45 18 26 77 24 11 77 25 37 
31 36 25 28 32 31 13 64 11 2 64 12 24 
28 33 28 25 29 34 10 61 8 5 61 9 21 
14 9 70 17 13 76 32 19 34 47 19 33 21 
5 10 51 2 6 57 13 38 15 28 38 14 2 
9 14 47 6 10 53 9 42 11 24 42 10 2 
11 16 45 8 12 51 7 44 9 22 44 8 4 
6 11 50 3 7 56 12 39 14 27 39 13 1 
20 25 36 17 21 42 2 53 0 13 53 1 13 

77 71 60 88 57 82 63 88 4 19 36 28 25 
23 17 6 34 3 28 9 34 50 35 18 26 29 
62 56 45 73 42 67 48 73 11 4 21 13 10 
20 14 3 31 0 25 6 31 53 38 21 29 32 
10 4 7 21 10 15 4 21 63 48 31 39 42 
23 17 6 34 3 28 9 34 50 35 18 26 29 
26 20 9 37 6 31 12 37 47 32 15 23 26 
68 62 51 79 48 73 54 79 5 10 27 19 16 
49 43 32 60 29 54 35 60 24 9 8 0 3 
45 39 28 56 25 50 31 56 28 13 4 4 7 
43 37 26 54 23 48 29 54 30 15 2 6 9 
48 42 31 59 28 53 34 59 25 10 7 1 4 
34 28 17 45 14 39 20 45 39 24 7 15 18 

47 2 7 4 34 16 21 37 82 74 74 7 4 
7 52 47 58 20 38 33 17 28 20 20 61 50 
32 13 8 19 19 1 6 22 67 59 59 22 11 
10 55 50 61 23 41 36 20 25 17 17 64 53 
20 65 60 71 33 51 46 30 15 7 7 74 63 
7 52 47 58 20 38 33 17 28 20 20 61 50 
4 49 44 55 17 35 30 14 31 23 23 58 47 
38 7 2 13 25 7 12 28 73 65 65 16 5 
19 26 21 32 6 12 7 9 54 46 46 35 24 
15 30 25 36 2 16 11 5 50 42 42 39 28 
13 32 27 38 0 18 13 3 48 40 40 41 30 
18 27 22 33 5 13 8 8 53 45 45 36 25 
4 41 36 47 9 27 22 6 39 31 31 50 39 

10 6 11 88 86 74 14 37 68 11 9 50 83 
44 60 43 34 32 20 40 17 14 65 63 4 29 
5 21 4 73 71 59 1 22 53 26 24 35 68 
47 63 46 31 29 17 43 20 11 68 66 7 26 
57 73 56 21 19 7 53 30 1 78 76 17 16 
44 60 43 34 32 20 40 17 14 65 63 4 29 
41 57 40 37 35 23 37 14 17 62 60 1 32 
1 15 2 79 77 65 5 28 59 20 18 41 74 
18 34 17 60 58 46 14 9 40 39 37 22 55 
22 38 21 56 54 42 18 5 36 43 41 18 51 
24 40 23 54 52 40 20 3 34 45 43 16 49 
19 35 18 59 57 45 15 8 39 40 38 21 54 
33 49 32 45 43 31 29 6 25 54 52 7 40 

15 78 79 7 66 3 66 6 85 42 9 32 70 
39 24 25 47 12 57 12 60 31 12 63 22 16 
0 63 64 8 51 18 51 21 70 27 24 17 55 
42 21 22 50 9 60 9 63 28 15 66 25 13 
52 11 12 60 1 70 1 73 18 25 76 35 3 
39 24 25 47 12 57 12 60 31 12 63 22 16 
36 27 28 44 15 54 15 57 34 9 60 19 19 
6 69 70 2 57 12 57 15 76 33 18 23 61 
13 50 51 21 38 31 38 34 57 14 37 4 42 
17 46 47 25 34 35 34 38 53 10 41 0 38 
19 44 45 27 32 37 32 40 51 8 43 2 36 
14 49 50 22 37 32 37 35 56 13 38 3 41 
28 35 36 36 23 46 23 49 42 1 52 11 27 

8 25 11 36 12 27 21 31 2 52 6 32 19 
53 20 56 81 57 72 24 76 43 7 39 77 26 
2 35 1 26 2 17 31 21 12 62 16 22 29 
29 62 26 1 25 10 58 6 39 89 43 5 56 
12 45 9 16 8 7 41 11 22 72 26 12 39 
11 22 14 39 15 30 18 34 1 49 3 35 16 
6 27 9 34 10 25 23 29 4 54 8 30 21 
24 57 21 4 20 5 53 1 34 84 38 0 51 
30 63 27 2 26 11 59 7 40 90 44 6 57 
22 11 25 50 26 41 7 45 12 38 8 46 5 
28 61 25 0 24 9 57 5 38 88 42 4 55 
36 3 39 64 40 55 7 59 26 24 22 60 9 
51 18 54 79 55 70 22 74 41 9 37 75 24 

7 13 20 20 24 12 10 32 15 44 29 32 41 
52 32 65 65 69 57 35 13 60 1 74 77 4 
3 23 10 10 14 2 20 42 5 54 19 22 51 
30 50 17 17 13 25 47 69 22 81 8 5 78 
13 33 0 0 4 8 30 52 5 64 9 12 61 
10 10 23 23 27 15 7 29 18 41 32 35 38 
5 15 18 18 22 10 12 34 13 46 27 30 43 
25 45 12 12 8 20 42 64 17 76 3 0 73 
31 51 18 18 14 26 48 70 23 82 9 6 79 
21 1 34 34 38 26 4 18 29 30 43 46 27 
29 49 16 16 12 24 46 68 21 80 7 4 77 
35 15 48 48 52 40 18 4 43 16 57 60 13 
50 30 63 63 67 55 33 11 58 1 72 75 2 

10 15 46 7 11 52 8 43 10 23 43 9 3 
55 60 1 52 56 7 37 88 35 22 88 36 48 
0 5 56 3 1 62 18 33 20 33 33 19 7 
27 22 83 30 26 89 45 6 47 60 6 46 34 
10 5 66 13 9 72 28 23 30 43 23 29 17 
13 18 43 10 14 49 5 46 7 20 46 6 6 
8 13 48 5 9 54 10 41 12 25 41 11 1 
22 17 78 25 21 84 40 11 42 55 11 41 29 
28 23 84 31 27 90 46 5 48 61 5 47 35 
24 29 32 21 25 38 6 57 4 9 57 5 17 
26 21 82 29 25 88 44 7 46 59 7 45 33 
38 43 18 35 39 24 20 71 18 5 71 19 31 
53 58 3 50 54 9 35 86 33 20 86 34 46 

44 38 27 55 24 49 30 55 29 14 3 5 8 
1 7 18 10 21 4 15 10 74 59 42 50 53 
54 48 37 65 34 59 40 65 19 4 13 5 2 
81 75 64 92 61 86 67 92 8 23 40 32 29 
64 58 47 75 44 69 50 75 9 6 23 15 12 
41 35 24 52 21 46 27 52 32 17 0 8 11 
46 40 29 57 26 51 32 57 27 12 5 3 6 
76 70 59 87 56 81 62 87 3 18 35 27 24 
82 76 65 93 62 87 68 93 9 24 41 33 30 
30 24 13 41 10 35 16 41 43 28 11 19 22 
80 74 63 91 60 85 66 91 7 22 39 31 28 
16 10 1 27 4 21 2 27 57 42 25 33 36 
1 5 16 12 19 6 13 12 72 57 40 48 51 

14 31 26 37 1 17 12 4 49 41 41 40 29 
31 76 71 82 44 62 57 41 4 4 4 85 74 
24 21 16 27 11 7 2 14 59 51 51 30 19 
51 6 11 0 38 20 25 41 86 78 78 3 8 
34 11 6 17 21 3 8 24 69 61 61 20 9 
11 34 29 40 2 20 15 1 46 38 38 43 32 
16 29 24 35 3 15 10 6 51 43 43 38 27 
46 1 6 5 33 15 20 36 81 73 73 8 3 
52 7 12 1 39 21 26 42 87 79 79 2 9 
0 45 40 51 13 31 26 10 35 27 27 54 43 
50 5 10 1 37 19 24 40 85 77 77 4 7 
14 59 54 65 27 45 40 24 21 13 13 68 57 
29 74 69 80 42 60 55 39 6 2 2 83 72 

23 39 22 55 53 41 19 4 35 44 42 17 50 
68 84 67 10 8 4 64 41 10 89 87 28 5 
13 29 12 65 63 51 9 14 45 34 32 27 60 
14 2 15 92 90 78 18 41 72 7 5 54 87 
3 19 2 75 73 61 1 24 55 24 22 37 70 
26 42 25 52 50 38 22 1 32 47 45 14 47 
21 37 20 57 55 43 17 6 37 42 40 19 52 
9 7 10 87 85 73 13 36 67 12 10 49 82 
15 1 16 93 91 79 19 42 73 6 4 55 88 
37 53 36 41 39 27 33 10 21 58 56 3 36 
13 3 14 91 89 77 17 40 71 8 6 53 86 
51 67 50 27 25 13 47 24 7 72 70 11 22 
66 82 65 12 10 2 62 39 8 87 85 26 7 

18 45 46 26 33 36 33 39 52 9 42 1 37 
63 0 1 71 12 81 12 84 7 36 87 46 8 
8 55 56 16 43 26 43 29 62 19 32 9 47 
19 82 83 11 70 1 70 2 89 46 5 36 74 
2 65 66 6 53 16 53 19 72 29 22 19 57 
21 42 43 29 30 39 30 42 49 6 45 4 34 
16 47 48 24 35 34 35 37 54 11 40 1 39 
14 77 78 6 65 4 65 7 84 41 10 31 69 
20 83 84 12 71 2 71 1 90 47 4 37 75 
32 31 32 40 19 50 19 53 38 5 56 15 23 
18 81 82 10 69 0 69 3 88 45 6 35 73 
46 17 18 54 5 64 5 67 24 19 70 29 9 
61 2 3 69 10 79 10 82 9 34 85 44 6 

1 21 12 12 16 4 18 40 7 52 21 24 49 
32 12 45 45 49 37 15 7 40 19 54 57 16 
4 24 9 9 13 1 21 43 4 55 18 21 52 
29 49 16 16 12 24 46 68 21 80 7 4 77 
5 25 8 8 12 0 22 44 3 56 17 20 53 
20 40 7 7 3 15 37 59 12 71 2 5 68 
28 8 41 41 45 33 11 11 36 23 50 53 20 
24 44 11 11 7 19 41 63 16 75 2 1 72 
9 11 22 22 26 14 8 30 17 42 31 34 39 
59 39 72 72 76 64 42 20 67 8 81 84 11 
13 7 26 26 30 18 4 26 21 38 35 38 35 
25 45 12 12 8 20 42 64 17 76 3 0 73 
26 6 39 39 43 31 9 13 34 25 48 51 22 

2 7 54 1 3 60 16 35 18 31 35 17 5 
35 40 21 32 36 27 17 68 15 2 68 16 28 
1 4 57 4 0 63 19 32 21 34 32 20 8 
26 21 82 29 25 88 44 7 46 59 7 45 33 
2 3 58 5 1 64 20 31 22 35 31 21 9 
17 12 73 20 16 79 35 16 37 50 16 36 24 
31 36 25 28 32 31 13 64 11 2 64 12 24 
21 16 77 24 20 83 39 12 41 54 12 40 28 
12 17 44 9 13 50 6 45 8 21 45 7 5 
62 67 6 59 63 0 44 95 42 29 95 43 55 
16 21 40 13 17 46 2 49 4 17 49 3 9 
22 17 78 25 21 84 40 11 42 55 11 41 29 
29 34 27 26 30 33 11 62 9 4 62 10 22 

52 46 35 63 32 57 38 63 21 6 11 3 0 
19 13 2 30 1 24 5 30 54 39 22 30 33 
55 49 38 66 35 60 41 66 18 3 14 6 3 
80 74 63 91 60 85 66 91 7 22 39 31 28 
56 50 39 67 36 61 42 67 17 2 15 7 4 
71 65 54 82 51 76 57 82 2 13 30 22 19 
23 17 6 34 3 28 9 34 50 35 18 26 29 
75 69 58 86 55 80 61 86 2 17 34 26 23 
42 36 25 53 22 47 28 53 31 16 1 7 10 
8 14 25 3 28 3 22 3 81 66 49 57 60 
38 32 21 49 18 43 24 49 35 20 3 11 14 
76 70 59 87 56 81 62 87 3 18 35 27 24 
25 19 8 36 5 30 11 36 48 33 16 24 27 

22 23 18 29 9 9 4 12 57 49 49 32 21 
11 56 51 62 24 42 37 21 24 16 16 65 54 
25 20 15 26 12 6 1 15 60 52 52 29 18 
50 5 10 1 37 19 24 40 85 77 77 4 7 
26 19 14 25 13 5 0 16 61 53 53 28 17 
41 4 1 10 28 10 15 31 76 68 68 13 2 
7 52 47 58 20 38 33 17 28 20 20 61 50 
45 0 5 6 32 14 19 35 80 72 72 9 2 
12 33 28 39 1 19 14 2 47 39 39 42 31 
38 83 78 89 51 69 64 48 3 11 11 92 81 
8 37 32 43 5 23 18 2 43 35 35 46 35 
46 1 6 5 33 15 20 36 81 73 73 8 3 
5 50 45 56 18 36 31 15 30 22 22 59 48 

15 31 14 63 61 49 11 12 43 36 34 25 58 
48 64 47 30 28 16 44 21 10 69 67 8 25 
12 28 11 66 64 52 8 15 46 33 31 28 61 
13 3 14 91 89 77 17 40 71 8 6 53 86 
11 27 10 67 65 53 7 16 47 32 30 29 62 
4 12 5 82 80 68 8 31 62 17 15 44 77 
44 60 43 34 32 20 40 17 14 65 63 4 29 
8 8 9 86 84 72 12 35 66 13 11 48 81 
25 41 24 53 51 39 21 2 33 46 44 15 48 
75 91 74 3 1 11 71 48 17 96 94 35 2 
29 45 28 49 47 35 25 2 29 50 48 11 44 
9 7 10 87 85 73 13 36 67 12 10 49 82 
42 58 41 36 34 22 38 15 16 63 61 2 31 

10 53 54 18 41 28 41 31 60 17 34 7 45 
43 20 21 51 8 61 8 64 27 16 67 26 12 
7 56 57 15 44 25 44 28 63 20 31 10 48 
18 81 82 10 69 0 69 3 88 45 6 35 73 
6 57 58 14 45 24 45 27 64 21 30 11 49 
9 72 73 1 60 9 60 12 79 36 15 26 64 
39 24 25 47 12 57 12 60 31 12 63 22 16 
13 76 77 5 64 5 64 8 83 40 11 30 68 
20 43 44 28 31 38 31 41 50 7 44 3 35 
70 7 6 78 19 88 19 91 0 43 94 53 15 
24 39 40 32 27 42 27 45 46 3 48 7 31 
14 77 78 6 65 4 65 7 84 41 10 31 69 
37 26 27 45 14 55 14 58 33 10 61 20 18 

3 8 53 0 4 59 15 36 17 30 36 16 4 
23 28 33 20 24 39 5 56 3 10 56 4 16 
10 5 66 13 9 72 28 23 30 43 23 29 17 
10 5 66 13 9 72 28 23 30 43 23 29 17 
14 9 70 17 13 76 32 19 34 47 19 33 21 
2 3 58 5 1 64 20 31 22 35 31 21 9 
20 25 36 17 21 42 2 53 0 13 53 1 13 
42 47 14 39 43 20 24 75 22 9 75 23 35 
5 0 61 8 4 67 23 28 25 38 28 24 12 
54 59 2 51 55 8 36 87 34 21 87 35 47 
19 14 75 22 18 81 37 14 39 52 14 38 26 
22 17 78 25 21 84 40 11 42 55 11 41 29 
51 56 5 48 52 11 33 84 31 18 84 32 44 

51 45 34 62 31 56 37 62 22 7 10 2 1 
31 25 14 42 11 36 17 42 42 27 10 18 21 
64 58 47 75 44 69 50 75 9 6 23 15 12 
64 58 47 75 44 69 50 75 9 6 23 15 12 
68 62 51 79 48 73 54 79 5 10 27 19 16 
56 50 39 67 36 61 42 67 17 2 15 7 4 
34 28 17 45 14 39 20 45 39 24 7 15 18 
12 6 5 23 8 17 2 23 61 46 29 37 40 
59 53 42 70 39 64 45 70 14 1 18 10 7 
0 6 17 11 20 5 14 11 73 58 41 49 52 
73 67 56 84 53 78 59 84 0 15 32 24 21 
76 70 59 87 56 81 62 87 3 18 35 27 24 
3 3 14 14 17 8 11 14 70 55 38 46 49 

21 24 19 30 8 10 5 11 56 48 48 33 22 
1 44 39 50 12 30 25 9 36 28 28 53 42 
34 11 6 17 21 3 8 24 69 61 61 20 9 
34 11 6 17 21 3 8 24 69 61 61 20 9 
38 7 2 13 25 7 12 28 73 65 65 16 5 
26 19 14 25 13 5 0 16 61 53 53 28 17 
4 41 36 47 9 27 22 6 39 31 31 50 39 
18 63 58 69 31 49 44 28 17 9 9 72 61 
29 16 11 22 16 2 3 19 64 56 56 25 14 
30 75 70 81 43 61 56 40 5 3 3 84 73 
43 2 3 8 30 12 17 33 78 70 70 11 0 
46 1 6 5 33 15 20 36 81 73 73 8 3 
27 72 67 78 40 58 53 37 8 0 0 81 70 

16 32 15 62 60 48 12 11 42 37 35 24 57 
36 52 35 42 40 28 32 9 22 57 55 4 37 
3 19 2 75 73 61 1 24 55 24 22 37 70 
3 19 2 75 73 61 1 24 55 24 22 37 70 
1 15 2 79 77 65 5 28 59 20 18 41 74 
11 27 10 67 65 53 7 16 47 32 30 29 62 
33 49 32 45 43 31 29 6 25 54 52 7 40 
55 71 54 23 21 9 51 28 3 76 74 15 18 
8 24 7 70 68 56 4 19 50 29 27 32 65 
67 83 66 11 9 3 63 40 9 88 86 27 6 
6 10 7 84 82 70 10 33 64 15 13 46 79 
9 7 10 87 85 73 13 36 67 12 10 49 82 
64 80 63 14 12 0 60 37 6 85 83 24 9 

11 52 53 19 40 29 40 32 59 16 35 6 44 
31 32 33 39 20 49 20 52 39 4 55 14 24 
2 65 66 6 53 16 53 19 72 29 22 19 57 
2 65 66 6 53 16 53 19 72 29 22 19 57 
6 69 70 2 57 12 57 15 76 33 18 23 61 
6 57 58 14 45 24 45 27 64 21 30 11 49 
28 35 36 36 23 46 23 49 42 1 52 11 27 
50 13 14 58 1 68 1 71 20 23 74 33 5 
3 60 61 11 48 21 48 24 67 24 27 14 52 
62 1 2 70 11 80 11 83 8 35 86 45 7 
11 74 75 3 62 7 62 10 81 38 13 28 66 
14 77 78 6 65 4 65 7 84 41 10 31 69 
59 4 5 67 8 77 8 80 11 32 83 42 4 

54 48 37 65 34 59 40 65 19 4 13 5 2 
59 53 42 70 39 64 45 70 14 1 18 10 7 
2 8 19 9 22 3 16 9 75 60 43 51 54 
51 45 34 62 31 56 37 62 22 7 10 2 1 
55 49 38 66 35 60 41 66 18 3 14 6 3 
8 14 25 3 28 3 22 3 81 66 49 57 60 
36 30 19 47 16 41 22 47 37 22 5 13 16 
87 81 70 98 67 92 73 98 14 29 46 38 35 
34 28 17 45 14 39 20 45 39 24 7 15 18 
21 15 4 32 1 26 7 32 52 37 20 28 31 
87 81 70 98 67 92 73 98 14 29 46 38 35 
35 29 18 46 15 40 21 46 38 23 6 14 17 
47 41 30 58 27 52 33 58 26 11 6 2 5 

24 21 16 27 11 7 2 14 59 51 51 30 19 
29 16 11 22 16 2 3 19 64 56 56 25 14 
32 77 72 83 45 63 58 42 3 5 5 86 75 
21 24 19 30 8 10 5 11 56 48 48 33 22 
25 20 15 26 12 6 1 15 60 52 52 29 18 
38 83 78 89 51 69 64 48 3 11 11 92 81 
6 39 34 45 7 25 20 4 41 33 33 48 37 
57 12 17 6 44 26 31 47 92 84 84 3 14 
4 41 36 47 9 27 22 6 39 31 31 50 39 
9 54 49 60 22 40 35 19 26 18 18 63 52 
57 12 17 6 44 26 31 47 92 84 84 3 14 
5 40 35 46 8 26 21 5 40 32 32 49 38 
17 28 23 34 4 14 9 7 52 44 44 37 26 

13 29 12 65 63 51 9 14 45 34 32 27 60 
8 24 7 70 68 56 4 19 50 29 27 32 65 
69 85 68 9 7 5 65 42 11 90 88 29 4 
16 32 15 62 60 48 12 11 42 37 35 24 57 
12 28 11 66 64 52 8 15 46 33 31 28 61 
75 91 74 3 1 11 71 48 17 96 94 35 2 
31 47 30 47 45 33 27 4 27 52 50 9 42 
20 4 21 98 96 84 24 47 78 1 1 60 93 
33 49 32 45 43 31 29 6 25 54 52 7 40 
46 62 45 32 30 18 42 19 12 67 65 6 27 
20 4 21 98 96 84 24 47 78 1 1 60 93 
32 48 31 46 44 32 28 5 26 53 51 8 41 
20 36 19 58 56 44 16 7 38 41 39 20 53 

8 55 56 16 43 26 43 29 62 19 32 9 47 
3 60 61 11 48 21 48 24 67 24 27 14 52 
64 1 0 72 13 82 13 85 6 37 88 47 9 
11 52 53 19 40 29 40 32 59 16 35 6 44 
7 56 57 15 44 25 44 28 63 20 31 10 48 
70 7 6 78 19 88 19 91 0 43 94 53 15 
26 37 38 34 25 44 25 47 44 1 50 9 29 
25 88 89 17 76 7 76 4 95 52 1 42 80 
28 35 36 36 23 46 23 49 42 1 52 11 27 
41 22 23 49 10 59 10 62 29 14 65 24 14 
25 88 89 17 76 7 76 4 95 52 1 42 80 
27 36 37 35 24 45 24 48 43 0 51 10 28 
15 48 49 23 36 33 36 36 55 12 39 2 40 

30 75 70 81 43 61 56 40 5 3 3 84 73 
24 69 64 75 37 55 50 34 11 3 3 78 67 
13 58 53 64 26 44 39 23 22 14 14 67 56 
41 86 81 92 54 72 67 51 6 14 14 95 84 
10 55 50 61 23 41 36 20 25 17 17 64 53 
35 80 75 86 48 66 61 45 0 8 8 89 78 
16 61 56 67 29 47 42 26 19 11 11 70 59 
41 86 81 92 54 72 67 51 6 14 14 95 84 
43 2 3 8 30 12 17 33 78 70 70 11 0 
28 17 12 23 15 3 2 18 63 55 55 26 15 
11 34 29 40 2 20 15 1 46 38 38 43 32 
19 26 21 32 6 12 7 9 54 46 46 35 24 
22 23 18 29 9 9 4 12 57 49 49 32 21 

67 83 66 11 9 3 63 40 9 88 86 27 6 
61 77 60 17 15 3 57 34 3 82 80 21 12 
50 66 49 28 26 14 46 23 8 71 69 10 23 
78 94 77 0 2 14 74 51 20 99 97 38 5 
47 63 46 31 29 17 43 20 11 68 66 7 26 
72 88 71 6 4 8 68 45 14 93 91 32 1 
53 69 52 25 23 11 49 26 5 74 72 13 20 
78 94 77 0 2 14 74 51 20 99 97 38 5 
6 10 7 84 82 70 10 33 64 15 13 46 79 
9 25 8 69 67 55 5 18 49 30 28 31 64 
26 42 25 52 50 38 22 1 32 47 45 14 47 
18 34 17 60 58 46 14 9 40 39 37 22 55 
15 31 14 63 61 49 11 12 43 36 34 25 58 

62 1 2 70 11 80 11 83 8 35 86 45 7 
56 7 8 64 5 74 5 77 14 29 80 39 1 
45 18 19 53 6 63 6 66 25 18 69 28 10 
73 10 9 81 22 91 22 94 3 46 97 56 18 
42 21 22 50 9 60 9 63 28 15 66 25 13 
67 4 3 75 16 85 16 88 3 40 91 50 12 
48 15 16 56 3 66 3 69 22 21 72 31 7 
73 10 9 81 22 91 22 94 3 46 97 56 18 
11 74 75 3 62 7 62 10 81 38 13 28 66 
4 59 60 12 47 22 47 25 66 23 28 13 51 
21 42 43 29 30 39 30 42 49 6 45 4 34 
13 50 51 21 38 31 38 34 57 14 37 4 42 
10 53 54 18 41 28 41 31 60 17 34 7 45 

37 53 36 41 39 27 33 10 21 58 56 3 36 
8 8 9 86 84 72 12 35 66 13 11 48 81 
3 13 4 81 79 67 7 30 61 18 16 43 76 
14 2 15 92 90 78 18 41 72 7 5 54 87 
24 40 23 54 52 40 20 3 34 45 43 16 49 
6 22 5 72 70 58 2 21 52 27 25 34 67 
11 27 10 67 65 53 7 16 47 32 30 29 62 
27 43 26 51 49 37 23 0 31 48 46 13 46 
72 88 71 6 4 8 68 45 14 93 91 32 1 
64 80 63 14 12 0 60 37 6 85 83 24 9 
64 80 63 14 12 0 60 37 6 85 83 24 9 
17 1 18 95 93 81 21 44 75 4 2 57 90 
6 10 7 84 82 70 10 33 64 15 13 46 79 

32 31 32 40 19 50 19 53 38 5 56 15 23 
13 76 77 5 64 5 64 8 83 40 11 30 68 
8 71 72 0 59 10 59 13 78 35 16 25 63 
19 82 83 11 70 1 70 2 89 46 5 36 74 
19 44 45 27 32 37 32 40 51 8 43 2 36 
1 62 63 9 50 19 50 22 69 26 25 16 54 
6 57 58 14 45 24 45 27 64 21 30 11 49 
22 41 42 30 29 40 29 43 48 5 46 5 33 
67 4 3 75 16 85 16 88 3 40 91 50 12 
59 4 5 67 8 77 8 80 11 32 83 42 4 
59 4 5 67 8 77 8 80 11 32 83 42 4 
22 85 86 14 73 4 73 1 92 49 2 39 77 
11 74 75 3 62 7 62 10 81 38 13 28 66 

5 68 69 3 56 13 56 16 75 32 19 22 60 
21 84 85 13 72 3 72 0 91 48 3 38 76 
4 67 68 4 55 14 55 17 74 31 20 21 59 
73 10 9 81 22 91 22 94 3 46 97 56 18 
71 8 7 79 20 89 20 92 1 44 95 54 16 
59 4 5 67 8 77 8 80 11 32 83 42 4 
1 64 65 7 52 17 52 20 71 28 23 18 56 
22 41 42 30 29 40 29 43 48 5 46 5 33 
53 10 11 61 2 71 2 74 17 26 77 36 2 
26 89 90 18 77 8 77 5 96 53 2 43 81 
24 87 88 16 75 6 75 3 94 51 0 41 79 
35 28 29 43 16 53 16 56 35 8 59 18 20 
68 5 4 76 17 86 17 89 2 41 92 51 13 

