12 20 

18 10 52 40 43 20 15 5 47 1 37 50 
10 2 60 48 51 28 7 3 39 7 29 58 
22 14 48 36 39 16 19 9 51 5 41 46 
34 26 36 24 27 4 31 21 63 17 53 34 
16 24 86 74 77 54 19 29 13 33 3 84 
63 55 7 5 2 25 60 50 92 46 82 5 
61 53 9 3 0 23 58 48 90 44 80 7 
55 47 15 3 6 17 52 42 84 38 74 13 
11 19 81 69 72 49 14 24 18 28 8 79 
43 35 27 15 18 5 40 30 72 26 62 25 
12 20 82 70 73 50 15 25 17 29 7 80 
22 14 48 36 39 16 19 9 51 5 41 46 

50 0 28 33 0 28 28 30 16 8 3 41 
58 8 36 25 8 20 36 22 24 16 11 33 
46 4 24 37 4 32 24 34 12 4 1 45 
34 16 12 49 16 44 12 46 0 8 13 57 
84 34 62 1 34 6 62 4 50 42 37 7 
5 45 17 78 45 73 17 75 29 37 42 86 
7 43 15 76 43 71 15 73 27 35 40 84 
13 37 9 70 37 65 9 67 21 29 34 78 
79 29 57 4 29 1 57 1 45 37 32 12 
25 25 3 58 25 53 3 55 9 17 22 66 
80 30 58 3 30 2 58 0 46 38 33 11 
46 4 24 37 4 32 24 34 12 4 1 45 

6 2 37 43 19 43 37 25 28 41 39 31 
14 10 29 35 27 51 29 33 36 49 47 23 
2 2 41 47 15 39 41 21 24 37 35 35 
10 14 53 59 3 27 53 9 12 25 23 47 
40 36 3 9 53 77 3 59 62 75 73 3 
39 43 82 88 26 2 82 20 17 4 6 76 
37 41 80 86 24 0 80 18 15 2 4 74 
31 35 74 80 18 6 74 12 9 4 2 68 
35 31 8 14 48 72 8 54 57 70 68 2 
19 23 62 68 6 18 62 0 3 16 14 56 
36 32 7 13 49 73 7 55 58 71 69 1 
2 2 41 47 15 39 41 21 24 37 35 35 

40 42 44 47 42 19 33 13 1 34 19 36 
48 34 52 55 50 27 25 21 9 26 11 28 
36 46 40 43 38 15 37 9 3 38 23 40 
24 58 28 31 26 3 49 3 15 50 35 52 
74 8 78 81 76 53 1 47 35 0 15 2 
5 87 1 2 3 26 78 32 44 79 64 81 
3 85 1 4 1 24 76 30 42 77 62 79 
3 79 7 10 5 18 70 24 36 71 56 73 
69 13 73 76 71 48 4 42 30 5 10 7 
15 67 19 22 17 6 58 12 24 59 44 61 
70 12 74 77 72 49 3 43 31 4 11 6 
36 46 40 43 38 15 37 9 3 38 23 40 

18 42 36 12 43 37 35 5 46 4 37 18 
26 50 44 4 51 45 27 13 54 4 29 10 
14 38 32 16 39 33 39 1 42 8 41 22 
2 26 20 28 27 21 51 11 30 20 53 34 
52 76 70 22 77 71 1 39 80 30 3 16 
27 3 9 57 2 8 80 40 1 49 82 63 
25 1 7 55 0 6 78 38 3 47 80 61 
19 5 1 49 6 0 72 32 9 41 74 55 
47 71 65 17 72 66 6 34 75 25 8 11 
7 17 11 37 18 12 60 20 21 29 62 43 
48 72 66 18 73 67 5 35 76 26 7 12 
14 38 32 16 39 33 39 1 42 8 41 22 

19 17 14 3 28 24 9 48 34 30 42 19 
11 25 22 11 36 32 1 56 42 22 50 11 
23 13 10 1 24 20 13 44 30 34 38 23 
35 1 2 13 12 8 25 32 18 46 26 35 
15 51 48 37 62 58 25 82 68 4 76 15 
64 28 31 42 17 21 54 3 11 75 3 64 
62 26 29 40 15 19 52 5 9 73 1 62 
56 20 23 34 9 13 46 11 3 67 5 56 
10 46 43 32 57 53 20 77 63 1 71 10 
44 8 11 22 3 1 34 23 9 55 17 44 
11 47 44 33 58 54 21 78 64 0 72 11 
23 13 10 1 24 20 13 44 30 34 38 23 

32 21 36 29 9 46 24 27 39 43 1 1 
40 13 44 21 1 54 16 19 31 51 9 7 
28 25 32 33 13 42 28 31 43 39 3 5 
16 37 20 45 25 30 40 43 55 27 15 17 
66 13 70 5 25 80 10 7 5 77 35 33 
13 66 9 74 54 1 69 72 84 2 44 46 
11 64 7 72 52 3 67 70 82 0 42 44 
5 58 1 66 46 9 61 64 76 6 36 38 
61 8 65 0 20 75 5 2 10 72 30 28 
7 46 11 54 34 21 49 52 64 18 24 26 
62 9 66 1 21 76 6 3 9 73 31 29 
28 25 32 33 13 42 28 31 43 39 3 5 

29 20 18 4 1 17 20 22 6 22 19 6 
21 28 10 4 7 25 28 14 14 30 27 14 
33 16 22 8 5 13 16 26 2 18 15 2 
45 4 34 20 17 1 4 38 10 6 3 10 
5 54 16 30 33 51 54 12 40 56 53 40 
74 25 63 49 46 28 25 67 39 23 26 39 
72 23 61 47 44 26 23 65 37 21 24 37 
66 17 55 41 38 20 17 59 31 15 18 31 
0 49 11 25 28 46 49 7 35 51 48 35 
54 5 43 29 26 8 5 47 19 3 6 19 
1 50 12 26 29 47 50 8 36 52 49 36 
33 16 22 8 5 13 16 26 2 18 15 2 

23 4 2 34 14 1 31 13 51 27 2 41 
15 4 6 42 6 7 39 21 59 35 6 33 
27 8 6 30 18 5 27 9 47 23 6 45 
39 20 18 18 30 17 15 3 35 11 18 57 
11 30 32 68 20 33 65 47 85 61 32 7 
68 49 47 11 59 46 14 32 6 18 47 86 
66 47 45 9 57 44 12 30 8 16 45 84 
60 41 39 3 51 38 6 24 14 10 39 78 
6 25 27 63 15 28 60 42 80 56 27 12 
48 29 27 9 39 26 6 12 26 2 27 66 
7 26 28 64 16 29 61 43 81 57 28 11 
27 8 6 30 18 5 27 9 47 23 6 45 

1 16 3 23 18 24 34 22 10 37 13 0 
7 8 5 31 26 32 26 30 18 29 5 8 
5 20 7 19 14 20 38 18 6 41 17 4 
17 32 19 7 2 8 50 6 6 53 29 16 
33 18 31 57 52 58 0 56 44 3 21 34 
46 61 48 22 27 21 79 23 35 82 58 45 
44 59 46 20 25 19 77 21 33 80 56 43 
38 53 40 14 19 13 71 15 27 74 50 37 
28 13 26 52 47 53 5 51 39 8 16 29 
26 41 28 2 7 1 59 3 15 62 38 25 
29 14 27 53 48 54 4 52 40 7 17 30 
5 20 7 19 14 20 38 18 6 41 17 4 

1 30 41 43 26 43 26 36 15 37 1 16 
9 22 49 35 34 35 34 28 7 29 9 8 
3 34 37 47 22 47 22 40 19 41 3 20 
15 46 25 59 10 59 10 52 31 53 15 32 
35 4 75 9 60 9 60 2 19 3 35 18 
44 75 4 88 19 88 19 81 60 82 44 61 
42 73 2 86 17 86 17 79 58 80 42 59 
36 67 4 80 11 80 11 73 52 74 36 53 
30 1 70 14 55 14 55 7 14 8 30 13 
24 55 16 68 1 68 1 61 40 62 24 41 
31 0 71 13 56 13 56 6 15 7 31 14 
3 34 37 47 22 47 22 40 19 41 3 20 

34 18 23 9 43 24 27 47 38 2 21 6 
42 26 15 17 51 32 19 55 30 10 29 2 
30 14 27 5 39 20 31 43 42 2 17 10 
18 2 39 7 27 8 43 31 54 14 5 22 
68 52 11 43 77 58 7 81 4 36 55 28 
11 27 68 36 2 21 72 2 83 43 24 51 
9 25 66 34 0 19 70 4 81 41 22 49 
3 19 60 28 6 13 64 10 75 35 16 43 
63 47 6 38 72 53 2 76 9 31 50 23 
9 7 48 16 18 1 52 22 63 23 4 31 
64 48 7 39 73 54 3 77 8 32 51 24 
30 14 27 5 39 20 31 43 42 2 17 10 

27 14 3 25 23 12 33 36 39 35 45 37 
19 6 5 17 31 4 41 44 31 43 37 45 
31 18 7 29 19 16 29 32 43 31 49 33 
43 30 19 41 7 28 17 20 55 19 61 21 
7 20 31 9 57 22 67 70 5 69 11 71 
72 59 48 70 22 57 12 9 84 10 90 8 
70 57 46 68 20 55 10 7 82 8 88 6 
64 51 40 62 14 49 4 1 76 2 82 0 
2 15 26 4 52 17 62 65 10 64 16 66 
52 39 28 50 2 37 8 11 64 10 70 12 
3 16 27 5 53 18 63 66 9 65 15 67 
31 18 7 29 19 16 29 32 43 31 49 33 

44 32 35 40 9 0 5 40 46 47 46 31 
52 40 27 48 17 8 3 32 54 55 54 23 
40 28 39 36 5 4 9 44 42 43 42 35 
28 16 51 24 7 16 21 56 30 31 30 47 
78 66 1 74 43 34 29 6 80 81 80 3 
1 13 80 5 36 45 50 85 1 2 1 76 
1 11 78 3 34 43 48 83 3 4 3 74 
7 5 72 3 28 37 42 77 9 10 9 68 
73 61 6 69 38 29 24 11 75 76 75 2 
19 7 60 15 16 25 30 65 21 22 21 56 
74 62 5 70 39 30 25 10 76 77 76 1 
40 28 39 36 5 4 9 44 42 43 42 35 

29 39 38 49 22 1 31 21 2 32 28 36 
21 31 46 57 30 7 39 29 6 40 20 28 
33 43 34 45 18 5 27 17 6 28 32 40 
45 55 22 33 6 17 15 5 18 16 44 52 
5 5 72 83 56 33 65 55 32 66 6 2 
74 84 7 4 23 46 14 24 47 13 73 81 
72 82 5 6 21 44 12 22 45 11 71 79 
66 76 1 12 15 38 6 16 39 5 65 73 
0 10 67 78 51 28 60 50 27 61 1 7 
54 64 13 24 3 26 6 4 27 7 53 61 
1 9 68 79 52 29 61 51 28 62 2 6 
33 43 34 45 18 5 27 17 6 28 32 40 

41 20 46 22 9 2 28 24 7 2 7 16 
33 12 38 14 17 6 36 32 1 10 1 8 
45 24 50 26 5 6 24 20 11 2 11 20 
57 36 62 38 7 18 12 8 23 14 23 32 
7 14 12 12 43 32 62 58 27 36 27 18 
86 65 91 67 36 47 17 21 52 43 52 61 
84 63 89 65 34 45 15 19 50 41 50 59 
78 57 83 59 28 39 9 13 44 35 44 53 
12 9 17 7 38 27 57 53 22 31 22 13 
66 45 71 47 16 27 3 1 32 23 32 41 
11 10 16 8 39 28 58 54 23 32 23 14 
45 24 50 26 5 6 24 20 11 2 11 20 

13 41 23 41 36 46 17 21 40 12 41 25 
5 49 15 49 44 38 9 13 32 4 33 33 
17 37 27 37 32 50 21 25 44 16 45 21 
29 25 39 25 20 62 33 37 56 28 57 9 
21 75 11 75 70 12 17 13 6 22 7 59 
58 4 68 4 9 91 62 66 85 57 86 20 
56 2 66 2 7 89 60 64 83 55 84 18 
50 4 60 4 1 83 54 58 77 49 78 12 
16 70 6 70 65 17 12 8 11 17 12 54 
38 16 48 16 11 71 42 46 65 37 66 0 
17 71 7 71 66 16 13 9 10 18 11 55 
17 37 27 37 32 50 21 25 44 16 45 21 

9 49 41 31 39 41 37 2 10 23 9 4 
1 57 49 39 31 33 45 6 18 15 1 4 
13 45 37 27 43 45 33 6 6 27 13 8 
25 33 25 15 55 57 21 18 6 39 25 20 
25 83 75 65 5 7 71 32 44 11 25 30 
54 4 4 14 84 86 8 47 35 68 54 49 
52 6 2 12 82 84 6 45 33 66 52 47 
46 12 4 6 76 78 0 39 27 60 46 41 
20 78 70 60 10 12 66 27 39 6 20 25 
34 24 16 6 64 66 12 27 15 48 34 29 
21 79 71 61 9 11 67 28 40 7 21 26 
13 45 37 27 43 45 33 6 6 27 13 8 

30 50 41 0 4 33 33 10 45 22 14 8 
22 58 33 8 12 25 25 2 37 14 22 16 
34 46 45 4 0 37 37 14 49 26 10 4 
46 34 57 16 12 49 49 26 61 38 2 8 
4 84 7 34 38 1 1 24 11 12 48 42 
75 5 86 45 41 78 78 55 90 67 31 37 
73 7 84 43 39 76 76 53 88 65 29 35 
67 13 78 37 33 70 70 47 82 59 23 29 
1 79 12 29 33 4 4 19 16 7 43 37 
55 25 66 25 21 58 58 35 70 47 11 17 
0 80 11 30 34 3 3 20 15 8 44 38 
34 46 45 4 0 37 37 14 49 26 10 4 

68 18 46 15 18 10 46 12 34 26 21 23 
60 10 38 23 10 18 38 20 26 18 13 31 
2 52 24 85 52 80 24 82 36 44 49 93 
10 40 12 73 40 68 12 70 24 32 37 81 
7 43 15 76 43 71 15 73 27 35 40 84 
30 20 8 53 20 48 8 50 4 12 17 61 
65 15 43 18 15 13 43 15 31 23 18 26 
55 5 33 28 5 23 33 25 21 13 8 36 
97 47 75 14 47 19 75 17 63 55 50 6 
51 1 29 32 1 27 29 29 17 9 4 40 
87 37 65 4 37 9 65 7 53 45 40 4 
0 50 22 83 50 78 22 80 34 42 47 91 

24 20 19 25 37 61 19 43 46 59 57 13 
16 12 27 33 29 53 27 35 38 51 49 21 
46 50 89 95 33 9 89 27 24 11 13 83 
34 38 77 83 21 3 77 15 12 1 1 71 
37 41 80 86 24 0 80 18 15 2 4 74 
14 18 57 63 1 23 57 5 8 21 19 51 
21 17 22 28 34 58 22 40 43 56 54 16 
11 7 32 38 24 48 32 30 33 46 44 26 
53 49 10 4 66 90 10 72 75 88 86 16 
7 3 36 42 20 44 36 26 29 42 40 30 
43 39 0 6 56 80 0 62 65 78 76 6 
44 48 87 93 31 7 87 25 22 9 11 81 

58 24 62 65 60 37 15 31 19 16 1 18 
50 32 54 57 52 29 23 23 11 24 9 26 
12 94 8 5 10 33 85 39 51 86 71 88 
0 82 4 7 2 21 73 27 39 74 59 76 
3 85 1 4 1 24 76 30 42 77 62 79 
20 62 24 27 22 1 53 7 19 54 39 56 
55 27 59 62 57 34 18 28 16 19 4 21 
45 37 49 52 47 24 28 18 6 29 14 31 
87 5 91 94 89 66 14 60 48 13 28 11 
41 41 45 48 43 20 32 14 2 33 18 35 
77 5 81 84 79 56 4 50 38 3 18 1 
10 92 6 3 8 31 83 37 49 84 69 86 

36 60 54 6 61 55 17 23 64 14 19 0 
28 52 46 2 53 47 25 15 56 6 27 8 
34 10 16 64 9 15 87 47 6 56 89 70 
22 2 4 52 3 3 75 35 6 44 77 58 
25 1 7 55 0 6 78 38 3 47 80 61 
2 22 16 32 23 17 55 15 26 24 57 38 
33 57 51 3 58 52 20 20 61 11 22 3 
23 47 41 7 48 42 30 10 51 1 32 13 
65 89 83 35 90 84 12 52 93 43 10 29 
19 43 37 11 44 38 34 6 47 3 36 17 
55 79 73 25 80 74 2 42 83 33 0 19 
32 8 14 62 7 13 85 45 4 54 87 68 

1 35 32 21 46 42 9 66 52 12 60 1 
9 27 24 13 38 34 1 58 44 20 52 9 
71 35 38 49 24 28 61 4 18 82 10 71 
59 23 26 37 12 16 49 8 6 70 2 59 
62 26 29 40 15 19 52 5 9 73 1 62 
39 3 6 17 8 4 29 28 14 50 22 39 
4 32 29 18 43 39 6 63 49 15 57 4 
14 22 19 8 33 29 4 53 39 25 47 14 
28 64 61 50 75 71 38 95 81 17 89 28 
18 18 15 4 29 25 8 49 35 29 43 18 
18 54 51 40 65 61 28 85 71 7 79 18 
69 33 36 47 22 26 59 2 16 80 8 69 

50 3 54 11 9 64 6 9 21 61 19 17 
42 11 46 19 1 56 14 17 29 53 11 9 
20 73 16 81 61 6 76 79 91 9 51 53 
8 61 4 69 49 6 64 67 79 3 39 41 
11 64 7 72 52 3 67 70 82 0 42 44 
12 41 16 49 29 26 44 47 59 23 19 21 
47 6 51 14 6 61 9 12 24 58 16 14 
37 16 41 24 4 51 19 22 34 48 6 4 
79 26 83 18 38 93 23 20 8 90 48 46 
33 20 37 28 8 47 23 26 38 44 2 0 
69 16 73 8 28 83 13 10 2 80 38 36 
18 71 14 79 59 4 74 77 89 7 49 51 

11 38 0 14 17 35 38 4 24 40 37 24 
19 30 8 6 9 27 30 12 16 32 29 16 
81 32 70 56 53 35 32 74 46 30 33 46 
69 20 58 44 41 23 20 62 34 18 21 34 
72 23 61 47 44 26 23 65 37 21 24 37 
49 0 38 24 21 3 0 42 14 2 1 14 
14 35 3 11 14 32 35 7 21 37 34 21 
24 25 13 1 4 22 25 17 11 27 24 11 
18 67 29 43 46 64 67 25 53 69 66 53 
28 21 17 3 0 18 21 21 7 23 20 7 
8 57 19 33 36 54 57 15 43 59 56 43 
79 30 68 54 51 33 30 72 44 28 31 44 

5 14 16 52 4 17 49 31 69 45 16 23 
13 6 8 44 4 9 41 23 61 37 8 31 
75 56 54 18 66 53 21 39 1 25 54 93 
63 44 42 6 54 41 9 27 11 13 42 81 
66 47 45 9 57 44 12 30 8 16 45 84 
43 24 22 14 34 21 11 7 31 7 22 61 
8 11 13 49 1 14 46 28 66 42 13 26 
18 1 3 39 9 4 36 18 56 32 3 36 
24 43 45 81 33 46 78 60 98 74 45 6 
22 3 1 35 13 0 32 14 52 28 1 40 
14 33 35 71 23 36 68 50 88 64 35 4 
73 54 52 16 64 51 19 37 1 23 52 91 

17 2 15 41 36 42 16 40 28 19 5 18 
9 6 7 33 28 34 24 32 20 27 3 10 
53 68 55 29 34 28 86 30 42 89 65 52 
41 56 43 17 22 16 74 18 30 77 53 40 
44 59 46 20 25 19 77 21 33 80 56 43 
21 36 23 3 2 4 54 2 10 57 33 20 
14 1 12 38 33 39 19 37 25 22 2 15 
4 11 2 28 23 29 29 27 15 32 8 5 
46 31 44 70 65 71 13 69 57 10 34 47 
0 15 2 24 19 25 33 23 11 36 12 1 
36 21 34 60 55 61 3 59 47 0 24 37 
51 66 53 27 32 26 84 28 40 87 63 50 

19 12 59 25 44 25 44 18 3 19 19 2 
11 20 51 33 36 33 36 26 5 27 11 6 
51 82 11 95 26 95 26 88 67 89 51 68 
39 70 1 83 14 83 14 76 55 77 39 56 
42 73 2 86 17 86 17 79 58 80 42 59 
19 50 21 63 6 63 6 56 35 57 19 36 
16 15 56 28 41 28 41 21 0 22 16 1 
6 25 46 38 31 38 31 31 10 32 6 11 
48 17 88 4 73 4 73 11 32 10 48 31 
2 29 42 42 27 42 27 35 14 36 2 15 
38 7 78 6 63 6 63 1 22 0 38 21 
49 80 9 93 24 93 24 86 65 87 49 66 

52 36 5 27 61 42 9 65 20 20 39 12 
44 28 13 19 53 34 17 57 28 12 31 4 
18 34 75 43 9 28 79 5 90 50 31 58 
6 22 63 31 3 16 67 7 78 38 19 46 
9 25 66 34 0 19 70 4 81 41 22 49 
14 2 43 11 23 4 47 27 58 18 1 26 
49 33 8 24 58 39 12 62 23 17 36 9 
39 23 18 14 48 29 22 52 33 7 26 1 
81 65 24 56 90 71 20 94 9 49 68 41 
35 19 22 10 44 25 26 48 37 3 22 5 
71 55 14 46 80 61 10 84 1 39 58 31 
16 32 73 41 7 26 77 3 88 48 29 56 

9 4 15 7 41 6 51 54 21 53 27 55 
17 4 7 15 33 2 43 46 29 45 35 47 
79 66 55 77 29 64 19 16 91 17 97 15 
67 54 43 65 17 52 7 4 79 5 85 3 
70 57 46 68 20 55 10 7 82 8 88 6 
47 34 23 45 3 32 13 16 59 15 65 17 
12 1 12 10 38 3 48 51 24 50 30 52 
22 9 2 20 28 7 38 41 34 40 40 42 
20 33 44 22 70 35 80 83 8 82 2 84 
26 13 2 24 24 11 34 37 38 36 44 38 
10 23 34 12 60 25 70 73 2 72 8 74 
77 64 53 75 27 62 17 14 89 15 95 13 

62 50 17 58 27 18 13 22 64 65 64 13 
54 42 25 50 19 10 5 30 56 57 56 21 
8 20 87 12 43 52 57 92 6 5 6 83 
4 8 75 0 31 40 45 80 6 7 6 71 
1 11 78 3 34 43 48 83 3 4 3 74 
24 12 55 20 11 20 25 60 26 27 26 51 
59 47 20 55 24 15 10 25 61 62 61 16 
49 37 30 45 14 5 0 35 51 52 51 26 
91 79 12 87 56 47 42 7 93 94 93 16 
45 33 34 41 10 1 4 39 47 48 47 30 
81 69 2 77 46 37 32 3 83 84 83 6 
6 18 85 10 41 50 55 90 4 3 4 81 

11 21 56 67 40 17 49 39 16 50 10 18 
19 29 48 59 32 9 41 31 8 42 18 26 
81 91 14 3 30 53 21 31 54 20 80 88 
69 79 2 9 18 41 9 19 42 8 68 76 
72 82 5 6 21 44 12 22 45 11 71 79 
49 59 18 29 2 21 11 1 22 12 48 56 
14 24 53 64 37 14 46 36 13 47 13 21 
24 34 43 54 27 4 36 26 3 37 23 31 
18 8 85 96 69 46 78 68 45 79 19 11 
28 38 39 50 23 0 32 22 1 33 27 35 
8 2 75 86 59 36 68 58 35 69 9 1 
79 89 12 1 28 51 19 29 52 18 78 86 

23 2 28 4 27 16 46 42 11 20 11 2 
31 10 36 12 19 8 38 34 3 12 3 6 
93 72 98 74 43 54 24 28 59 50 59 68 
81 60 86 62 31 42 12 16 47 38 47 56 
84 63 89 65 34 45 15 19 50 41 50 59 
61 40 66 42 11 22 8 4 27 18 27 36 
26 5 31 7 24 13 43 39 8 17 8 1 
36 15 41 17 14 3 33 29 2 7 2 11 
6 27 1 25 56 45 75 71 40 49 40 31 
40 19 45 21 10 1 29 25 6 3 6 15 
4 17 9 15 46 35 65 61 30 39 30 21 
91 70 96 72 41 52 22 26 57 48 57 66 

5 59 5 59 54 28 1 3 22 6 23 43 
3 51 13 51 46 36 7 11 30 2 31 35 
65 11 75 11 16 98 69 73 92 64 93 27 
53 1 63 1 4 86 57 61 80 52 81 15 
56 2 66 2 7 89 60 64 83 55 84 18 
33 21 43 21 16 66 37 41 60 32 61 5 
2 56 8 56 51 31 2 6 25 3 26 40 
8 46 18 46 41 41 12 16 35 7 36 30 
34 88 24 88 83 1 30 26 7 35 6 72 
12 42 22 42 37 45 16 20 39 11 40 26 
24 78 14 78 73 9 20 16 3 25 4 62 
63 9 73 9 14 96 67 71 90 62 91 25 

9 67 59 49 21 23 55 16 28 5 9 14 
1 59 51 41 29 31 47 8 20 13 1 6 
61 3 11 21 91 93 15 54 42 75 61 56 
49 9 1 9 79 81 3 42 30 63 49 44 
52 6 2 12 82 84 6 45 33 66 52 47 
29 29 21 11 59 61 17 22 10 43 29 24 
6 64 56 46 24 26 52 13 25 8 6 11 
4 54 46 36 34 36 42 3 15 18 4 1 
38 96 88 78 8 6 84 45 57 24 38 43 
8 50 42 32 38 40 38 1 11 22 8 3 
28 86 78 68 2 4 74 35 47 14 28 33 
59 1 9 19 89 91 13 52 40 73 59 54 

12 68 23 18 22 15 15 8 27 4 32 26 
20 60 31 10 14 23 23 0 35 12 24 18 
82 2 93 52 48 85 85 62 97 74 38 44 
70 10 81 40 36 73 73 50 85 62 26 32 
73 7 84 43 39 76 76 53 88 65 29 35 
50 30 61 20 16 53 53 30 65 42 6 12 
15 65 26 15 19 18 18 5 30 7 29 23 
25 55 36 5 9 28 28 5 40 17 19 13 
17 97 6 47 51 14 14 37 2 25 61 55 
29 51 40 1 5 32 32 9 44 21 15 9 
7 87 4 37 41 4 4 27 8 15 51 45 
80 0 91 50 46 83 83 60 95 72 36 42 

44 48 87 93 31 7 87 25 22 9 11 81 
6 2 37 43 19 43 37 25 28 41 39 31 
22 26 65 71 9 15 65 3 0 13 11 59 
39 35 4 10 52 76 4 58 61 74 72 2 
6 2 37 43 19 43 37 25 28 41 39 31 
34 30 9 15 47 71 9 53 56 69 67 3 
22 26 65 71 9 15 65 3 0 13 11 59 
36 32 7 13 49 73 7 55 58 71 69 1 
10 14 53 59 3 27 53 9 12 25 23 47 
2 6 45 51 11 35 45 17 20 33 31 39 
3 1 40 46 16 40 40 22 25 38 36 34 
47 43 4 2 60 84 4 66 69 82 80 10 

10 92 6 3 8 31 83 37 49 84 69 86 
40 42 44 47 42 19 33 13 1 34 19 36 
12 70 16 19 14 9 61 15 27 62 47 64 
73 9 77 80 75 52 0 46 34 1 14 3 
40 42 44 47 42 19 33 13 1 34 19 36 
68 14 72 75 70 47 5 41 29 6 9 8 
12 70 16 19 14 9 61 15 27 62 47 64 
70 12 74 77 72 49 3 43 31 4 11 6 
24 58 28 31 26 3 49 3 15 50 35 52 
32 50 36 39 34 11 41 5 7 42 27 44 
37 45 41 44 39 16 36 10 2 37 22 39 
81 1 85 88 83 60 8 54 42 7 22 5 

32 8 14 62 7 13 85 45 4 54 87 68 
18 42 36 12 43 37 35 5 46 4 37 18 
10 14 8 40 15 9 63 23 18 32 65 46 
51 75 69 21 76 70 2 38 79 29 4 15 
18 42 36 12 43 37 35 5 46 4 37 18 
46 70 64 16 71 65 7 33 74 24 9 10 
10 14 8 40 15 9 63 23 18 32 65 46 
48 72 66 18 73 67 5 35 76 26 7 12 
2 26 20 28 27 21 51 11 30 20 53 34 
10 34 28 20 35 29 43 3 38 12 45 26 
15 39 33 15 40 34 38 2 43 7 40 21 
59 83 77 29 84 78 6 46 87 37 4 23 

69 33 36 47 22 26 59 2 16 80 8 69 
19 17 14 3 28 24 9 48 34 30 42 19 
47 11 14 25 0 4 37 20 6 58 14 47 
14 50 47 36 61 57 24 81 67 3 75 14 
19 17 14 3 28 24 9 48 34 30 42 19 
9 45 42 31 56 52 19 76 62 2 70 9 
47 11 14 25 0 4 37 20 6 58 14 47 
11 47 44 33 58 54 21 78 64 0 72 11 
35 1 2 13 12 8 25 32 18 46 26 35 
27 9 6 5 20 16 17 40 26 38 34 27 
22 14 11 0 25 21 12 45 31 33 39 22 
22 58 55 44 69 65 32 89 75 11 83 22 

18 71 14 79 59 4 74 77 89 7 49 51 
32 21 36 29 9 46 24 27 39 43 1 1 
4 49 8 57 37 18 52 55 67 15 27 29 
65 12 69 4 24 79 9 6 6 76 34 32 
32 21 36 29 9 46 24 27 39 43 1 1 
60 7 64 1 19 74 4 1 11 71 29 27 
4 49 8 57 37 18 52 55 67 15 27 29 
62 9 66 1 21 76 6 3 9 73 31 29 
16 37 20 45 25 30 40 43 55 27 15 17 
24 29 28 37 17 38 32 35 47 35 7 9 
29 24 33 32 12 43 27 30 42 40 2 4 
73 20 77 12 32 87 17 14 2 84 42 40 

79 30 68 54 51 33 30 72 44 28 31 44 
29 20 18 4 1 17 20 22 6 22 19 6 
57 8 46 32 29 11 8 50 22 6 9 22 
4 53 15 29 32 50 53 11 39 55 52 39 
29 20 18 4 1 17 20 22 6 22 19 6 
1 48 10 24 27 45 48 6 34 50 47 34 
57 8 46 32 29 11 8 50 22 6 9 22 
1 50 12 26 29 47 50 8 36 52 49 36 
45 4 34 20 17 1 4 38 10 6 3 10 
37 12 26 12 9 9 12 30 2 14 11 2 
32 17 21 7 4 14 17 25 3 19 16 3 
12 61 23 37 40 58 61 19 47 63 60 47 

73 54 52 16 64 51 19 37 1 23 52 91 
23 4 2 34 14 1 31 13 51 27 2 41 
51 32 30 6 42 29 3 15 23 1 30 69 
10 29 31 67 19 32 64 46 84 60 31 8 
23 4 2 34 14 1 31 13 51 27 2 41 
5 24 26 62 14 27 59 41 79 55 26 13 
51 32 30 6 42 29 3 15 23 1 30 69 
7 26 28 64 16 29 61 43 81 57 28 11 
39 20 18 18 30 17 15 3 35 11 18 57 
31 12 10 26 22 9 23 5 43 19 10 49 
26 7 5 31 17 4 28 10 48 24 5 44 
18 37 39 75 27 40 72 54 92 68 39 0 

51 66 53 27 32 26 84 28 40 87 63 50 
1 16 3 23 18 24 34 22 10 37 13 0 
29 44 31 5 10 4 62 6 18 65 41 28 
32 17 30 56 51 57 1 55 43 4 20 33 
1 16 3 23 18 24 34 22 10 37 13 0 
27 12 25 51 46 52 6 50 38 9 15 28 
29 44 31 5 10 4 62 6 18 65 41 28 
29 14 27 53 48 54 4 52 40 7 17 30 
17 32 19 7 2 8 50 6 6 53 29 16 
9 24 11 15 10 16 42 14 2 45 21 8 
4 19 6 20 15 21 37 19 7 40 16 3 
40 25 38 64 59 65 7 63 51 4 28 41 

49 80 9 93 24 93 24 86 65 87 49 66 
1 30 41 43 26 43 26 36 15 37 1 16 
27 58 13 71 2 71 2 64 43 65 27 44 
34 3 74 10 59 10 59 3 18 4 34 17 
1 30 41 43 26 43 26 36 15 37 1 16 
29 2 69 15 54 15 54 8 13 9 29 12 
27 58 13 71 2 71 2 64 43 65 27 44 
31 0 71 13 56 13 56 6 15 7 31 14 
15 46 25 59 10 59 10 52 31 53 15 32 
7 38 33 51 18 51 18 44 23 45 7 24 
2 33 38 46 23 46 23 39 18 40 2 19 
42 11 82 2 67 2 67 5 26 4 42 25 

16 32 73 41 7 26 77 3 88 48 29 56 
34 18 23 9 43 24 27 47 38 2 21 6 
6 10 51 19 15 4 55 19 66 26 7 34 
67 51 10 42 76 57 6 80 5 35 54 27 
34 18 23 9 43 24 27 47 38 2 21 6 
62 46 5 37 71 52 1 75 10 30 49 22 
6 10 51 19 15 4 55 19 66 26 7 34 
64 48 7 39 73 54 3 77 8 32 51 24 
18 2 39 7 27 8 43 31 54 14 5 22 
26 10 31 1 35 16 35 39 46 6 13 14 
31 15 26 6 40 21 30 44 41 1 18 9 
75 59 18 50 84 65 14 88 3 43 62 35 

77 64 53 75 27 62 17 14 89 15 95 13 
27 14 3 25 23 12 33 36 39 35 45 37 
55 42 31 53 5 40 5 8 67 7 73 9 
6 19 30 8 56 21 66 69 6 68 12 70 
27 14 3 25 23 12 33 36 39 35 45 37 
1 14 25 3 51 16 61 64 11 63 17 65 
55 42 31 53 5 40 5 8 67 7 73 9 
3 16 27 5 53 18 63 66 9 65 15 67 
43 30 19 41 7 28 17 20 55 19 61 21 
35 22 11 33 15 20 25 28 47 27 53 29 
30 17 6 28 20 15 30 33 42 32 48 34 
14 27 38 16 64 29 74 77 2 76 4 78 

6 18 85 10 41 50 55 90 4 3 4 81 
44 32 35 40 9 0 5 40 46 47 46 31 
16 4 63 12 19 28 33 68 18 19 18 59 
77 65 2 73 42 33 28 7 79 80 79 2 
44 32 35 40 9 0 5 40 46 47 46 31 
72 60 7 68 37 28 23 12 74 75 74 3 
16 4 63 12 19 28 33 68 18 19 18 59 
74 62 5 70 39 30 25 10 76 77 76 1 
28 16 51 24 7 16 21 56 30 31 30 47 
36 24 43 32 1 8 13 48 38 39 38 39 
41 29 38 37 6 3 8 43 43 44 43 34 
85 73 6 81 50 41 36 1 87 88 87 10 

79 89 12 1 28 51 19 29 52 18 78 86 
29 39 38 49 22 1 31 21 2 32 28 36 
57 67 10 21 6 29 3 7 30 4 56 64 
4 6 71 82 55 32 64 54 31 65 5 3 
29 39 38 49 22 1 31 21 2 32 28 36 
1 11 66 77 50 27 59 49 26 60 0 8 
57 67 10 21 6 29 3 7 30 4 56 64 
1 9 68 79 52 29 61 51 28 62 2 6 
45 55 22 33 6 17 15 5 18 16 44 52 
37 47 30 41 14 9 23 13 10 24 36 44 
32 42 35 46 19 4 28 18 5 29 31 39 
12 2 79 90 63 40 72 62 39 73 13 5 

91 70 96 72 41 52 22 26 57 48 57 66 
41 20 46 22 9 2 28 24 7 2 7 16 
69 48 74 50 19 30 0 4 35 26 35 44 
8 13 13 11 42 31 61 57 26 35 26 17 
41 20 46 22 9 2 28 24 7 2 7 16 
13 8 18 6 37 26 56 52 21 30 21 12 
69 48 74 50 19 30 0 4 35 26 35 44 
11 10 16 8 39 28 58 54 23 32 23 14 
57 36 62 38 7 18 12 8 23 14 23 32 
49 28 54 30 1 10 20 16 15 6 15 24 
44 23 49 25 6 5 25 21 10 1 10 19 
0 21 5 19 50 39 69 65 34 43 34 25 

63 9 73 9 14 96 67 71 90 62 91 25 
13 41 23 41 36 46 17 21 40 12 41 25 
41 13 51 13 8 74 45 49 68 40 69 3 
20 74 10 74 69 13 16 12 7 21 8 58 
13 41 23 41 36 46 17 21 40 12 41 25 
15 69 5 69 64 18 11 7 12 16 13 53 
41 13 51 13 8 74 45 49 68 40 69 3 
17 71 7 71 66 16 13 9 10 18 11 55 
29 25 39 25 20 62 33 37 56 28 57 9 
21 33 31 33 28 54 25 29 48 20 49 17 
16 38 26 38 33 49 20 24 43 15 44 22 
28 82 18 82 77 5 24 20 1 29 0 66 

59 1 9 19 89 91 13 52 40 73 59 54 
9 49 41 31 39 41 37 2 10 23 9 4 
37 21 13 3 67 69 9 30 18 51 37 32 
24 82 74 64 6 8 70 31 43 10 24 29 
9 49 41 31 39 41 37 2 10 23 9 4 
19 77 69 59 11 13 65 26 38 5 19 24 
37 21 13 3 67 69 9 30 18 51 37 32 
21 79 71 61 9 11 67 28 40 7 21 26 
25 33 25 15 55 57 21 18 6 39 25 20 
17 41 33 23 47 49 29 10 2 31 17 12 
12 46 38 28 42 44 34 5 7 26 12 7 
32 90 82 72 2 0 78 39 51 18 32 37 

80 0 91 50 46 83 83 60 95 72 36 42 
30 50 41 0 4 33 33 10 45 22 14 8 
58 22 69 28 24 61 61 38 73 50 14 20 
3 83 8 33 37 0 0 23 12 11 47 41 
30 50 41 0 4 33 33 10 45 22 14 8 
2 78 13 28 32 5 5 18 17 6 42 36 
58 22 69 28 24 61 61 38 73 50 14 20 
0 80 11 30 34 3 3 20 15 8 44 38 
46 34 57 16 12 49 49 26 61 38 2 8 
38 42 49 8 4 41 41 18 53 30 6 0 
33 47 44 3 1 36 36 13 48 25 11 5 
11 91 0 41 45 8 8 31 4 19 55 49 

34 48 38 41 36 13 39 7 5 40 25 42 
38 44 42 45 40 17 35 11 1 36 21 38 
77 5 81 84 79 56 4 50 38 3 18 1 
83 1 87 90 85 62 10 56 44 9 24 7 
21 61 25 28 23 0 52 6 18 53 38 55 
3 85 1 4 1 24 76 30 42 77 62 79 
77 5 81 84 79 56 4 50 38 3 18 1 
15 67 19 22 17 6 58 12 24 59 44 61 
12 70 16 19 14 9 61 15 27 62 47 64 
1 83 3 6 1 22 74 28 40 75 60 77 
1 81 5 8 3 20 72 26 38 73 58 75 
71 11 75 78 73 50 2 44 32 3 12 5 

12 36 30 18 37 31 41 1 40 10 43 24 
16 40 34 14 41 35 37 3 44 6 39 20 
55 79 73 25 80 74 2 42 83 33 0 19 
61 85 79 31 86 80 8 48 89 39 6 25 
1 23 17 31 24 18 54 14 27 23 56 37 
25 1 7 55 0 6 78 38 3 47 80 61 
55 79 73 25 80 74 2 42 83 33 0 19 
7 17 11 37 18 12 60 20 21 29 62 43 
10 14 8 40 15 9 63 23 18 32 65 46 
23 1 5 53 2 4 76 36 5 45 78 59 
21 3 3 51 4 2 74 34 7 43 76 57 
49 73 67 19 74 68 4 36 77 27 6 13 

25 11 8 3 22 18 15 42 28 36 36 25 
21 15 12 1 26 22 11 46 32 32 40 21 
18 54 51 40 65 61 28 85 71 7 79 18 
24 60 57 46 71 67 34 91 77 13 85 24 
38 2 5 16 9 5 28 29 15 49 23 38 
62 26 29 40 15 19 52 5 9 73 1 62 
18 54 51 40 65 61 28 85 71 7 79 18 
44 8 11 22 3 1 34 23 9 55 17 44 
47 11 14 25 0 4 37 20 6 58 14 47 
60 24 27 38 13 17 50 7 7 71 1 60 
58 22 25 36 11 15 48 9 5 69 3 58 
12 48 45 34 59 55 22 79 65 1 73 12 

26 27 30 35 15 40 30 33 45 37 5 7 
30 23 34 31 11 44 26 29 41 41 1 3 
69 16 73 8 28 83 13 10 2 80 38 36 
75 22 79 14 34 89 19 16 4 86 44 42 
13 40 17 48 28 27 43 46 58 24 18 20 
11 64 7 72 52 3 67 70 82 0 42 44 
69 16 73 8 28 83 13 10 2 80 38 36 
7 46 11 54 34 21 49 52 64 18 24 26 
4 49 8 57 37 18 52 55 67 15 27 29 
9 62 5 70 50 5 65 68 80 2 40 42 
7 60 3 68 48 7 63 66 78 4 38 40 
63 10 67 2 22 77 7 4 8 74 32 30 

35 14 24 10 7 11 14 28 0 16 13 0 
31 18 20 6 3 15 18 24 4 20 17 4 
8 57 19 33 36 54 57 15 43 59 56 43 
14 63 25 39 42 60 63 21 49 65 62 49 
48 1 37 23 20 2 1 41 13 3 0 13 
72 23 61 47 44 26 23 65 37 21 24 37 
8 57 19 33 36 54 57 15 43 59 56 43 
54 5 43 29 26 8 5 47 19 3 6 19 
57 8 46 32 29 11 8 50 22 6 9 22 
70 21 59 45 42 24 21 63 35 19 22 35 
68 19 57 43 40 22 19 61 33 17 20 33 
2 51 13 27 30 48 51 9 37 53 50 37 

29 10 8 28 20 7 25 7 45 21 8 47 
25 6 4 32 16 3 29 11 49 25 4 43 
14 33 35 71 23 36 68 50 88 64 35 4 
20 39 41 77 29 42 74 56 94 70 41 2 
42 23 21 15 33 20 12 6 32 8 21 60 
66 47 45 9 57 44 12 30 8 16 45 84 
14 33 35 71 23 36 68 50 88 64 35 4 
48 29 27 9 39 26 6 12 26 2 27 66 
51 32 30 6 42 29 3 15 23 1 30 69 
64 45 43 7 55 42 10 28 10 14 43 82 
62 43 41 5 53 40 8 26 12 12 41 80 
8 27 29 65 17 30 62 44 82 58 29 10 

7 22 9 17 12 18 40 16 4 43 19 6 
3 18 5 21 16 22 36 20 8 39 15 2 
36 21 34 60 55 61 3 59 47 0 24 37 
42 27 40 66 61 67 9 65 53 6 30 43 
20 35 22 4 1 5 53 3 9 56 32 19 
44 59 46 20 25 19 77 21 33 80 56 43 
36 21 34 60 55 61 3 59 47 0 24 37 
26 41 28 2 7 1 59 3 15 62 38 25 
29 44 31 5 10 4 62 6 18 65 41 28 
42 57 44 18 23 17 75 19 31 78 54 41 
40 55 42 16 21 15 73 17 29 76 52 39 
30 15 28 54 49 55 3 53 41 6 18 31 

5 36 35 49 20 49 20 42 21 43 5 22 
1 32 39 45 24 45 24 38 17 39 1 18 
38 7 78 6 63 6 63 1 22 0 38 21 
44 13 84 0 69 0 69 7 28 6 44 27 
18 49 22 62 7 62 7 55 34 56 18 35 
42 73 2 86 17 86 17 79 58 80 42 59 
38 7 78 6 63 6 63 1 22 0 38 21 
24 55 16 68 1 68 1 61 40 62 24 41 
27 58 13 71 2 71 2 64 43 65 27 44 
40 71 0 84 15 84 15 77 56 78 40 57 
38 69 2 82 13 82 13 75 54 76 38 55 
32 1 72 12 57 12 57 5 16 6 32 15 

28 12 29 3 37 18 33 41 44 4 15 12 
32 16 25 7 41 22 29 45 40 0 19 8 
71 55 14 46 80 61 10 84 1 39 58 31 
77 61 20 52 86 67 16 90 5 45 64 37 
15 1 42 10 24 5 46 28 57 17 2 25 
9 25 66 34 0 19 70 4 81 41 22 49 
71 55 14 46 80 61 10 84 1 39 58 31 
9 7 48 16 18 1 52 22 63 23 4 31 
6 10 51 19 15 4 55 19 66 26 7 34 
7 23 64 32 2 17 68 6 79 39 20 47 
5 21 62 30 4 15 66 8 77 37 18 45 
65 49 8 40 74 55 4 78 7 33 52 25 

33 20 9 31 17 18 27 30 45 29 51 31 
29 16 5 27 21 14 31 34 41 33 47 35 
10 23 34 12 60 25 70 73 2 72 8 74 
16 29 40 18 66 31 76 79 4 78 2 80 
46 33 22 44 4 31 14 17 58 16 64 18 
70 57 46 68 20 55 10 7 82 8 88 6 
10 23 34 12 60 25 70 73 2 72 8 74 
52 39 28 50 2 37 8 11 64 10 70 12 
55 42 31 53 5 40 5 8 67 7 73 9 
68 55 44 66 18 53 8 5 80 6 86 4 
66 53 42 64 16 51 6 3 78 4 84 2 
4 17 28 6 54 19 64 67 8 66 14 68 

38 26 41 34 3 6 11 46 40 41 40 37 
42 30 37 38 7 2 7 42 44 45 44 33 
81 69 2 77 46 37 32 3 83 84 83 6 
87 75 8 83 52 43 38 3 89 90 89 12 
25 13 54 21 10 19 24 59 27 28 27 50 
1 11 78 3 34 43 48 83 3 4 3 74 
81 69 2 77 46 37 32 3 83 84 83 6 
19 7 60 15 16 25 30 65 21 22 21 56 
16 4 63 12 19 28 33 68 18 19 18 59 
3 9 76 1 32 41 46 81 5 6 5 72 
5 7 74 1 30 39 44 79 7 8 7 70 
75 63 4 71 40 31 26 9 77 78 77 0 

35 45 32 43 16 7 25 15 8 26 34 42 
31 41 36 47 20 3 29 19 4 30 30 38 
8 2 75 86 59 36 68 58 35 69 9 1 
14 4 81 92 65 42 74 64 41 75 15 7 
48 58 19 30 3 20 12 2 21 13 47 55 
72 82 5 6 21 44 12 22 45 11 71 79 
8 2 75 86 59 36 68 58 35 69 9 1 
54 64 13 24 3 26 6 4 27 7 53 61 
57 67 10 21 6 29 3 7 30 4 56 64 
70 80 3 8 19 42 10 20 43 9 69 77 
68 78 1 10 17 40 8 18 41 7 67 75 
2 8 69 80 53 30 62 52 29 63 3 5 

47 26 52 28 3 8 22 18 13 4 13 22 
43 22 48 24 7 4 26 22 9 0 9 18 
4 17 9 15 46 35 65 61 30 39 30 21 
2 23 3 21 52 41 71 67 36 45 36 27 
60 39 65 41 10 21 9 5 26 17 26 35 
84 63 89 65 34 45 15 19 50 41 50 59 
4 17 9 15 46 35 65 61 30 39 30 21 
66 45 71 47 16 27 3 1 32 23 32 41 
69 48 74 50 19 30 0 4 35 26 35 44 
82 61 87 63 32 43 13 17 48 39 48 57 
80 59 85 61 30 41 11 15 46 37 46 55 
10 11 15 9 40 29 59 55 24 33 24 15 

19 35 29 35 30 52 23 27 46 18 47 19 
15 39 25 39 34 48 19 23 42 14 43 23 
24 78 14 78 73 9 20 16 3 25 4 62 
30 84 20 84 79 3 26 22 3 31 2 68 
32 22 42 22 17 65 36 40 59 31 60 6 
56 2 66 2 7 89 60 64 83 55 84 18 
24 78 14 78 73 9 20 16 3 25 4 62 
38 16 48 16 11 71 42 46 65 37 66 0 
41 13 51 13 8 74 45 49 68 40 69 3 
54 0 64 0 5 87 58 62 81 53 82 16 
52 2 62 2 3 85 56 60 79 51 80 14 
18 72 8 72 67 15 14 10 9 19 10 56 

15 43 35 25 45 47 31 8 4 29 15 10 
11 47 39 29 41 43 35 4 8 25 11 6 
28 86 78 68 2 4 74 35 47 14 28 33 
34 92 84 74 4 2 80 41 53 20 34 39 
28 30 22 12 58 60 18 21 9 42 28 23 
52 6 2 12 82 84 6 45 33 66 52 47 
28 86 78 68 2 4 74 35 47 14 28 33 
34 24 16 6 64 66 12 27 15 48 34 29 
37 21 13 3 67 69 9 30 18 51 37 32 
50 8 0 10 80 82 4 43 31 64 50 45 
48 10 2 8 78 80 2 41 29 62 48 43 
22 80 72 62 8 10 68 29 41 8 22 27 

36 44 47 6 2 39 39 16 51 28 8 2 
32 48 43 2 2 35 35 12 47 24 12 6 
7 87 4 37 41 4 4 27 8 15 51 45 
13 93 2 43 47 10 10 33 2 21 57 51 
49 31 60 19 15 52 52 29 64 41 5 11 
73 7 84 43 39 76 76 53 88 65 29 35 
7 87 4 37 41 4 4 27 8 15 51 45 
55 25 66 25 21 58 58 35 70 47 11 17 
58 22 69 28 24 61 61 38 73 50 14 20 
71 9 82 41 37 74 74 51 86 63 27 33 
69 11 80 39 35 72 72 49 84 61 25 31 
1 81 10 31 35 2 2 21 14 9 45 39 

22 2 4 52 3 3 75 35 6 44 77 58 
60 84 78 30 85 79 7 47 88 38 5 24 
26 2 8 56 1 7 79 39 2 48 81 62 
29 5 11 59 4 10 82 42 1 51 84 65 
24 0 6 54 1 5 77 37 4 46 79 60 
1 23 17 31 24 18 54 14 27 23 56 37 
51 75 69 21 76 70 2 38 79 29 4 15 
5 29 23 25 30 24 48 8 33 17 50 31 
17 41 35 13 42 36 36 4 45 5 38 19 
52 76 70 22 77 71 1 39 80 30 3 16 
37 61 55 7 62 56 16 24 65 15 18 1 
54 78 72 24 79 73 1 41 82 32 1 18 

59 23 26 37 12 16 49 8 6 70 2 59 
23 59 56 45 70 66 33 90 76 12 84 23 
63 27 30 41 16 20 53 4 10 74 2 63 
66 30 33 44 19 23 56 1 13 77 5 66 
61 25 28 39 14 18 51 6 8 72 0 61 
38 2 5 16 9 5 28 29 15 49 23 38 
14 50 47 36 61 57 24 81 67 3 75 14 
32 4 1 10 15 11 22 35 21 43 29 32 
20 16 13 2 27 23 10 47 33 31 41 20 
15 51 48 37 62 58 25 82 68 4 76 15 
0 36 33 22 47 43 10 67 53 11 61 0 
17 53 50 39 64 60 27 84 70 6 78 17 

8 61 4 69 49 6 64 67 79 3 39 41 
74 21 78 13 33 88 18 15 3 85 43 41 
12 65 8 73 53 2 68 71 83 1 43 45 
15 68 11 76 56 1 71 74 86 4 46 48 
10 63 6 71 51 4 66 69 81 1 41 43 
13 40 17 48 28 27 43 46 58 24 18 20 
65 12 69 4 24 79 9 6 6 76 34 32 
19 34 23 42 22 33 37 40 52 30 12 14 
31 22 35 30 10 45 25 28 40 42 0 2 
66 13 70 5 25 80 10 7 5 77 35 33 
51 2 55 10 10 65 5 8 20 62 20 18 
68 15 72 7 27 82 12 9 3 79 37 35 

69 20 58 44 41 23 20 62 34 18 21 34 
13 62 24 38 41 59 62 20 48 64 61 48 
73 24 62 48 45 27 24 66 38 22 25 38 
76 27 65 51 48 30 27 69 41 25 28 41 
71 22 60 46 43 25 22 64 36 20 23 36 
48 1 37 23 20 2 1 41 13 3 0 13 
4 53 15 29 32 50 53 11 39 55 52 39 
42 7 31 17 14 4 7 35 7 9 6 7 
30 19 19 5 2 16 19 23 5 21 18 5 
5 54 16 30 33 51 54 12 40 56 53 40 
10 39 1 15 18 36 39 3 25 41 38 25 
7 56 18 32 35 53 56 14 42 58 55 42 

63 44 42 6 54 41 9 27 11 13 42 81 
19 38 40 76 28 41 73 55 93 69 40 1 
67 48 46 10 58 45 13 31 7 17 46 85 
70 51 49 13 61 48 16 34 4 20 49 88 
65 46 44 8 56 43 11 29 9 15 44 83 
42 23 21 15 33 20 12 6 32 8 21 60 
10 29 31 67 19 32 64 46 84 60 31 8 
36 17 15 21 27 14 18 0 38 14 15 54 
24 5 3 33 15 2 30 12 50 26 3 42 
11 30 32 68 20 33 65 47 85 61 32 7 
4 15 17 53 5 18 50 32 70 46 17 22 
13 32 34 70 22 35 67 49 87 63 34 5 

41 56 43 17 22 16 74 18 30 77 53 40 
41 26 39 65 60 66 8 64 52 5 29 42 
45 60 47 21 26 20 78 22 34 81 57 44 
48 63 50 24 29 23 81 25 37 84 60 47 
43 58 45 19 24 18 76 20 32 79 55 42 
20 35 22 4 1 5 53 3 9 56 32 19 
32 17 30 56 51 57 1 55 43 4 20 33 
14 29 16 10 5 11 47 9 3 50 26 13 
2 17 4 22 17 23 35 21 9 38 14 1 
33 18 31 57 52 58 0 56 44 3 21 34 
18 3 16 42 37 43 15 41 29 18 6 19 
35 20 33 59 54 60 2 58 46 1 23 36 

39 70 1 83 14 83 14 76 55 77 39 56 
43 12 83 1 68 1 68 6 27 5 43 26 
43 74 3 87 18 87 18 80 59 81 43 60 
46 77 6 90 21 90 21 83 62 84 46 63 
41 72 1 85 16 85 16 78 57 79 41 58 
18 49 22 62 7 62 7 55 34 56 18 35 
34 3 74 10 59 10 59 3 18 4 34 17 
12 43 28 56 13 56 13 49 28 50 12 29 
0 31 40 44 25 44 25 37 16 38 0 17 
35 4 75 9 60 9 60 2 19 3 35 18 
20 11 60 24 45 24 45 17 4 18 20 3 
37 6 77 7 62 7 62 0 21 1 37 20 

6 22 63 31 3 16 67 7 78 38 19 46 
76 60 19 51 85 66 15 89 4 44 63 36 
10 26 67 35 1 20 71 3 82 42 23 50 
13 29 70 38 4 23 74 0 85 45 26 53 
8 24 65 33 1 18 69 5 80 40 21 48 
15 1 42 10 24 5 46 28 57 17 2 25 
67 51 10 42 76 57 6 80 5 35 54 27 
21 5 36 4 30 11 40 34 51 11 8 19 
33 17 24 8 42 23 28 46 39 1 20 7 
68 52 11 43 77 58 7 81 4 36 55 28 
53 37 4 28 62 43 8 66 19 21 40 13 
70 54 13 45 79 60 9 83 2 38 57 30 

67 54 43 65 17 52 7 4 79 5 85 3 
15 28 39 17 65 30 75 78 3 77 3 79 
71 58 47 69 21 56 11 8 83 9 89 7 
74 61 50 72 24 59 14 11 86 12 92 10 
69 56 45 67 19 54 9 6 81 7 87 5 
46 33 22 44 4 31 14 17 58 16 64 18 
6 19 30 8 56 21 66 69 6 68 12 70 
40 27 16 38 10 25 20 23 52 22 58 24 
28 15 4 26 22 13 32 35 40 34 46 36 
7 20 31 9 57 22 67 70 5 69 11 71 
8 5 16 6 42 7 52 55 20 54 26 56 
9 22 33 11 59 24 69 72 3 71 9 73 

4 8 75 0 31 40 45 80 6 7 6 71 
86 74 7 82 51 42 37 2 88 89 88 11 
0 12 79 4 35 44 49 84 2 3 2 75 
3 15 82 7 38 47 52 87 1 0 1 78 
2 10 77 2 33 42 47 82 4 5 4 73 
25 13 54 21 10 19 24 59 27 28 27 50 
77 65 2 73 42 33 28 7 79 80 79 2 
31 19 48 27 4 13 18 53 33 34 33 44 
43 31 36 39 8 1 6 41 45 46 45 32 
78 66 1 74 43 34 29 6 80 81 80 3 
63 51 16 59 28 19 14 21 65 66 65 12 
80 68 1 76 45 36 31 4 82 83 82 5 

69 79 2 9 18 41 9 19 42 8 68 76 
13 3 80 91 64 41 73 63 40 74 14 6 
73 83 6 5 22 45 13 23 46 12 72 80 
76 86 9 2 25 48 16 26 49 15 75 83 
71 81 4 7 20 43 11 21 44 10 70 78 
48 58 19 30 3 20 12 2 21 13 47 55 
4 6 71 82 55 32 64 54 31 65 5 3 
42 52 25 36 9 14 18 8 15 19 41 49 
30 40 37 48 21 2 30 20 3 31 29 37 
5 5 72 83 56 33 65 55 32 66 6 2 
10 20 57 68 41 18 50 40 17 51 9 17 
7 3 74 85 58 35 67 57 34 68 8 0 

81 60 86 62 31 42 12 16 47 38 47 56 
1 22 4 20 51 40 70 66 35 44 35 26 
85 64 90 66 35 46 16 20 51 42 51 60 
88 67 93 69 38 49 19 23 54 45 54 63 
83 62 88 64 33 44 14 18 49 40 49 58 
60 39 65 41 10 21 9 5 26 17 26 35 
8 13 13 11 42 31 61 57 26 35 26 17 
54 33 59 35 4 15 15 11 20 11 20 29 
42 21 47 23 8 3 27 23 8 1 8 17 
7 14 12 12 43 32 62 58 27 36 27 18 
22 1 27 3 28 17 47 43 12 21 12 3 
5 16 10 14 45 34 64 60 29 38 29 20 

53 1 63 1 4 86 57 61 80 52 81 15 
29 83 19 83 78 4 25 21 2 30 1 67 
57 3 67 3 8 90 61 65 84 56 85 19 
60 6 70 6 11 93 64 68 87 59 88 22 
55 1 65 1 6 88 59 63 82 54 83 17 
32 22 42 22 17 65 36 40 59 31 60 6 
20 74 10 74 69 13 16 12 7 21 8 58 
26 28 36 28 23 59 30 34 53 25 54 12 
14 40 24 40 35 47 18 22 41 13 42 24 
21 75 11 75 70 12 17 13 6 22 7 59 
6 60 4 60 55 27 2 2 21 7 22 44 
23 77 13 77 72 10 19 15 4 24 5 61 

49 9 1 9 79 81 3 42 30 63 49 44 
33 91 83 73 3 1 79 40 52 19 33 38 
53 5 3 13 83 85 7 46 34 67 53 48 
56 2 6 16 86 88 10 49 37 70 56 51 
51 7 1 11 81 83 5 44 32 65 51 46 
28 30 22 12 58 60 18 21 9 42 28 23 
24 82 74 64 6 8 70 31 43 10 24 29 
22 36 28 18 52 54 24 15 3 36 22 17 
10 48 40 30 40 42 36 3 9 24 10 5 
25 83 75 65 5 7 71 32 44 11 25 30 
10 68 60 50 20 22 56 17 29 4 10 15 
27 85 77 67 3 5 73 34 46 13 27 32 

70 10 81 40 36 73 73 50 85 62 26 32 
12 92 1 42 46 9 9 32 3 20 56 50 
74 6 85 44 40 77 77 54 89 66 30 36 
77 3 88 47 43 80 80 57 92 69 33 39 
72 8 83 42 38 75 75 52 87 64 28 34 
49 31 60 19 15 52 52 29 64 41 5 11 
3 83 8 33 37 0 0 23 12 11 47 41 
43 37 54 13 9 46 46 23 58 35 1 5 
31 49 42 1 3 34 34 11 46 23 13 7 
4 84 7 34 38 1 1 24 11 12 48 42 
11 69 22 19 23 14 14 9 26 3 33 27 
6 86 5 36 40 3 3 26 9 14 50 44 

37 1 4 15 10 6 27 30 16 48 24 37 
61 25 28 39 14 18 51 6 8 72 0 61 
55 19 22 33 8 12 45 12 2 66 6 55 
7 29 26 15 40 36 3 60 46 18 54 7 
62 26 29 40 15 19 52 5 9 73 1 62 
56 20 23 34 9 13 46 11 3 67 5 56 
16 52 49 38 63 59 26 83 69 5 77 16 
24 12 9 2 23 19 14 43 29 35 37 24 
65 29 32 43 18 22 55 2 12 76 4 65 
15 21 18 7 32 28 5 52 38 26 46 15 
18 54 51 40 65 61 28 85 71 7 79 18 
1 35 32 21 46 42 9 66 52 12 60 1 

14 39 18 47 27 28 42 45 57 25 17 19 
10 63 6 71 51 4 66 69 81 1 41 43 
4 57 0 65 45 10 60 63 75 7 35 37 
44 9 48 17 3 58 12 15 27 55 13 11 
11 64 7 72 52 3 67 70 82 0 42 44 
5 58 1 66 46 9 61 64 76 6 36 38 
67 14 71 6 26 81 11 8 4 78 36 34 
27 26 31 34 14 41 29 32 44 38 4 6 
14 67 10 75 55 0 70 73 85 3 45 47 
36 17 40 25 5 50 20 23 35 47 5 3 
69 16 73 8 28 83 13 10 2 80 38 36 
50 3 54 11 9 64 6 9 21 61 19 17 

47 2 36 22 19 1 2 40 12 4 1 12 
71 22 60 46 43 25 22 64 36 20 23 36 
65 16 54 40 37 19 16 58 30 14 17 30 
17 32 6 8 11 29 32 10 18 34 31 18 
72 23 61 47 44 26 23 65 37 21 24 37 
66 17 55 41 38 20 17 59 31 15 18 31 
6 55 17 31 34 52 55 13 41 57 54 41 
34 15 23 9 6 12 15 27 1 17 14 1 
75 26 64 50 47 29 26 68 40 24 27 40 
25 24 14 0 3 21 24 18 10 26 23 10 
8 57 19 33 36 54 57 15 43 59 56 43 
11 38 0 14 17 35 38 4 24 40 37 24 

41 22 20 16 32 19 13 5 33 9 20 59 
65 46 44 8 56 43 11 29 9 15 44 83 
59 40 38 2 50 37 5 23 15 9 38 77 
11 8 10 46 2 11 43 25 63 39 10 29 
66 47 45 9 57 44 12 30 8 16 45 84 
60 41 39 3 51 38 6 24 14 10 39 78 
12 31 33 69 21 34 66 48 86 62 33 6 
28 9 7 29 19 6 26 8 46 22 7 46 
69 50 48 12 60 47 15 33 5 19 48 87 
19 0 2 38 10 3 35 17 55 31 2 37 
14 33 35 71 23 36 68 50 88 64 35 4 
5 14 16 52 4 17 49 31 69 45 16 23 

19 34 21 5 0 6 52 4 8 55 31 18 
43 58 45 19 24 18 76 20 32 79 55 42 
37 52 39 13 18 12 70 14 26 73 49 36 
11 4 9 35 30 36 22 34 22 25 1 12 
44 59 46 20 25 19 77 21 33 80 56 43 
38 53 40 14 19 13 71 15 27 74 50 37 
34 19 32 58 53 59 1 57 45 2 22 35 
6 21 8 18 13 19 39 17 5 42 18 5 
47 62 49 23 28 22 80 24 36 83 59 46 
3 12 1 27 22 28 30 26 14 33 9 4 
36 21 34 60 55 61 3 59 47 0 24 37 
17 2 15 41 36 42 16 40 28 19 5 18 

17 48 23 61 8 61 8 54 33 55 17 34 
41 72 1 85 16 85 16 78 57 79 41 58 
35 66 5 79 10 79 10 72 51 73 35 52 
13 18 53 31 38 31 38 24 3 25 13 4 
42 73 2 86 17 86 17 79 58 80 42 59 
36 67 4 80 11 80 11 73 52 74 36 53 
36 5 76 8 61 8 61 1 20 2 36 19 
4 35 36 48 21 48 21 41 20 42 4 21 
45 76 5 89 20 89 20 82 61 83 45 62 
5 26 45 39 30 39 30 32 11 33 5 12 
38 7 78 6 63 6 63 1 22 0 38 21 
19 12 59 25 44 25 44 18 3 19 19 2 

16 0 41 9 25 6 45 29 56 16 3 24 
8 24 65 33 1 18 69 5 80 40 21 48 
2 18 59 27 7 12 63 11 74 34 15 42 
46 30 11 21 55 36 15 59 26 14 33 6 
9 25 66 34 0 19 70 4 81 41 22 49 
3 19 60 28 6 13 64 10 75 35 16 43 
69 53 12 44 78 59 8 82 3 37 56 29 
29 13 28 4 38 19 32 42 43 3 16 11 
12 28 69 37 3 22 73 1 84 44 25 52 
38 22 19 13 47 28 23 51 34 6 25 2 
71 55 14 46 80 61 10 84 1 39 58 31 
52 36 5 27 61 42 9 65 20 20 39 12 

45 32 21 43 5 30 15 18 57 17 63 19 
69 56 45 67 19 54 9 6 81 7 87 5 
63 50 39 61 13 48 3 0 75 1 81 1 
15 2 9 13 35 0 45 48 27 47 33 49 
70 57 46 68 20 55 10 7 82 8 88 6 
64 51 40 62 14 49 4 1 76 2 82 0 
8 21 32 10 58 23 68 71 4 70 10 72 
32 19 8 30 18 17 28 31 44 30 50 32 
73 60 49 71 23 58 13 10 85 11 91 9 
23 10 1 21 27 8 37 40 35 39 41 41 
10 23 34 12 60 25 70 73 2 72 8 74 
9 4 15 7 41 6 51 54 21 53 27 55 

26 14 53 22 9 18 23 58 28 29 28 49 
2 10 77 2 33 42 47 82 4 5 4 73 
8 4 71 4 27 36 41 76 10 11 10 67 
56 44 23 52 21 12 7 28 58 59 58 19 
1 11 78 3 34 43 48 83 3 4 3 74 
7 5 72 3 28 37 42 77 9 10 9 68 
79 67 0 75 44 35 30 5 81 82 81 4 
39 27 40 35 4 5 10 45 41 42 41 36 
2 14 81 6 37 46 51 86 0 1 0 77 
48 36 31 44 13 4 1 36 50 51 50 27 
81 69 2 77 46 37 32 3 83 84 83 6 
62 50 17 58 27 18 13 22 64 65 64 13 

47 57 20 31 4 19 13 3 20 14 46 54 
71 81 4 7 20 43 11 21 44 10 70 78 
65 75 2 13 14 37 5 15 38 4 64 72 
17 27 50 61 34 11 43 33 10 44 16 24 
72 82 5 6 21 44 12 22 45 11 71 79 
66 76 1 12 15 38 6 16 39 5 65 73 
6 4 73 84 57 34 66 56 33 67 7 1 
34 44 33 44 17 6 26 16 7 27 33 41 
75 85 8 3 24 47 15 25 48 14 74 82 
25 35 42 53 26 3 35 25 2 36 24 32 
8 2 75 86 59 36 68 58 35 69 9 1 
11 21 56 67 40 17 49 39 16 50 10 18 

59 38 64 40 9 20 10 6 25 16 25 34 
83 62 88 64 33 44 14 18 49 40 49 58 
77 56 82 58 27 38 8 12 43 34 43 52 
29 8 34 10 21 10 40 36 5 14 5 4 
84 63 89 65 34 45 15 19 50 41 50 59 
78 57 83 59 28 39 9 13 44 35 44 53 
6 15 11 13 44 33 63 59 28 37 28 19 
46 25 51 27 4 7 23 19 12 3 12 21 
87 66 92 68 37 48 18 22 53 44 53 62 
37 16 42 18 13 2 32 28 3 6 3 12 
4 17 9 15 46 35 65 61 30 39 30 21 
23 2 28 4 27 16 46 42 11 20 11 2 

31 23 41 23 18 64 35 39 58 30 59 7 
55 1 65 1 6 88 59 63 82 54 83 17 
49 5 59 5 0 82 53 57 76 48 77 11 
1 53 11 53 48 34 5 9 28 0 29 37 
56 2 66 2 7 89 60 64 83 55 84 18 
50 4 60 4 1 83 54 58 77 49 78 12 
22 76 12 76 71 11 18 14 5 23 6 60 
18 36 28 36 31 51 22 26 45 17 46 20 
59 5 69 5 10 92 63 67 86 58 87 21 
9 45 19 45 40 42 13 17 36 8 37 29 
24 78 14 78 73 9 20 16 3 25 4 62 
5 59 5 59 54 28 1 3 22 6 23 43 

27 31 23 13 57 59 19 20 8 41 27 22 
51 7 1 11 81 83 5 44 32 65 51 46 
45 13 5 5 75 77 1 38 26 59 45 40 
3 61 53 43 27 29 49 10 22 11 3 8 
52 6 2 12 82 84 6 45 33 66 52 47 
46 12 4 6 76 78 0 39 27 60 46 41 
26 84 76 66 4 6 72 33 45 12 26 31 
14 44 36 26 44 46 32 7 5 28 14 9 
55 3 5 15 85 87 9 48 36 69 55 50 
5 53 45 35 35 37 41 2 14 19 5 0 
28 86 78 68 2 4 74 35 47 14 28 33 
9 67 59 49 21 23 55 16 28 5 9 14 

48 32 59 18 14 51 51 28 63 40 4 10 
72 8 83 42 38 75 75 52 87 64 28 34 
66 14 77 36 32 69 69 46 81 58 22 28 
18 62 29 12 16 21 21 2 33 10 26 20 
73 7 84 43 39 76 76 53 88 65 29 35 
67 13 78 37 33 70 70 47 82 59 23 29 
5 85 6 35 39 2 2 25 10 13 49 43 
35 45 46 5 1 38 38 15 50 27 9 3 
76 4 87 46 42 79 79 56 91 68 32 38 
26 54 37 4 8 29 29 6 41 18 18 12 
7 87 4 37 41 4 4 27 8 15 51 45 
12 68 23 18 22 15 15 8 27 4 32 26 

51 2 55 10 10 65 5 8 20 62 20 18 
15 38 19 46 26 29 41 44 56 26 16 18 
18 35 22 43 23 32 38 41 53 29 13 15 
29 24 33 32 12 43 27 30 42 40 2 4 
4 49 8 57 37 18 52 55 67 15 27 29 
8 45 12 53 33 22 48 51 63 19 23 25 
41 12 45 20 0 55 15 18 30 52 10 8 
16 69 12 77 57 2 72 75 87 5 47 49 
2 55 2 63 43 12 58 61 73 9 33 35 
62 9 66 1 21 76 6 3 9 73 31 29 
10 63 6 71 51 4 66 69 81 1 41 43 
51 2 55 10 10 65 5 8 20 62 20 18 

10 39 1 15 18 36 39 3 25 41 38 25 
46 3 35 21 18 0 3 39 11 5 2 11 
43 6 32 18 15 3 6 36 8 8 5 8 
32 17 21 7 4 14 17 25 3 19 16 3 
57 8 46 32 29 11 8 50 22 6 9 22 
53 4 42 28 25 7 4 46 18 2 5 18 
20 29 9 5 8 26 29 13 15 31 28 15 
77 28 66 52 49 31 28 70 42 26 29 42 
63 14 52 38 35 17 14 56 28 12 15 28 
1 50 12 26 29 47 50 8 36 52 49 36 
71 22 60 46 43 25 22 64 36 20 23 36 
10 39 1 15 18 36 39 3 25 41 38 25 

4 15 17 53 5 18 50 32 70 46 17 22 
40 21 19 17 31 18 14 4 34 10 19 58 
37 18 16 20 28 15 17 1 37 13 16 55 
26 7 5 31 17 4 28 10 48 24 5 44 
51 32 30 6 42 29 3 15 23 1 30 69 
47 28 26 10 38 25 7 11 27 3 26 65 
14 5 7 43 5 8 40 22 60 36 7 32 
71 52 50 14 62 49 17 35 3 21 50 89 
57 38 36 0 48 35 3 21 17 7 36 75 
7 26 28 64 16 29 61 43 81 57 28 11 
65 46 44 8 56 43 11 29 9 15 44 83 
4 15 17 53 5 18 50 32 70 46 17 22 

18 3 16 42 37 43 15 41 29 18 6 19 
18 33 20 6 1 7 51 5 7 54 30 17 
15 30 17 9 4 10 48 8 4 51 27 14 
4 19 6 20 15 21 37 19 7 40 16 3 
29 44 31 5 10 4 62 6 18 65 41 28 
25 40 27 1 6 0 58 2 14 61 37 24 
8 7 6 32 27 33 25 31 19 28 4 9 
49 64 51 25 30 24 82 26 38 85 61 48 
35 50 37 11 16 10 68 12 24 71 47 34 
29 14 27 53 48 54 4 52 40 7 17 30 
43 58 45 19 24 18 76 20 32 79 55 42 
18 3 16 42 37 43 15 41 29 18 6 19 

20 11 60 24 45 24 45 17 4 18 20 3 
16 47 24 60 9 60 9 53 32 54 16 33 
13 44 27 57 12 57 12 50 29 51 13 30 
2 33 38 46 23 46 23 39 18 40 2 19 
27 58 13 71 2 71 2 64 43 65 27 44 
23 54 17 67 2 67 2 60 39 61 23 40 
10 21 50 34 35 34 35 27 6 28 10 7 
47 78 7 91 22 91 22 84 63 85 47 64 
33 64 7 77 8 77 8 70 49 71 33 50 
31 0 71 13 56 13 56 6 15 7 31 14 
41 72 1 85 16 85 16 78 57 79 41 58 
20 11 60 24 45 24 45 17 4 18 20 3 

53 37 4 28 62 43 8 66 19 21 40 13 
17 1 40 8 26 7 44 30 55 15 4 23 
20 4 37 5 29 10 41 33 52 12 7 20 
31 15 26 6 40 21 30 44 41 1 18 9 
6 10 51 19 15 4 55 19 66 26 7 34 
10 6 47 15 19 0 51 23 62 22 3 30 
43 27 14 18 52 33 18 56 29 11 30 3 
14 30 71 39 5 24 75 1 86 46 27 54 
0 16 57 25 9 10 61 13 72 32 13 40 
64 48 7 39 73 54 3 77 8 32 51 24 
8 24 65 33 1 18 69 5 80 40 21 48 
53 37 4 28 62 43 8 66 19 21 40 13 

8 5 16 6 42 7 52 55 20 54 26 56 
44 31 20 42 6 29 16 19 56 18 62 20 
41 28 17 39 9 26 19 22 53 21 59 23 
30 17 6 28 20 15 30 33 42 32 48 34 
55 42 31 53 5 40 5 8 67 7 73 9 
51 38 27 49 1 36 9 12 63 11 69 13 
18 5 6 16 32 3 42 45 30 44 36 46 
75 62 51 73 25 60 15 12 87 13 93 11 
61 48 37 59 11 46 1 2 73 1 79 3 
3 16 27 5 53 18 63 66 9 65 15 67 
69 56 45 67 19 54 9 6 81 7 87 5 
8 5 16 6 42 7 52 55 20 54 26 56 

63 51 16 59 28 19 14 21 65 66 65 12 
27 15 52 23 8 17 22 57 29 30 29 48 
30 18 49 26 5 14 19 54 32 33 32 45 
41 29 38 37 6 3 8 43 43 44 43 34 
16 4 63 12 19 28 33 68 18 19 18 59 
20 8 59 16 15 24 29 64 22 23 22 55 
53 41 26 49 18 9 4 31 55 56 55 22 
4 16 83 8 39 48 53 88 2 1 2 79 
10 2 69 6 25 34 39 74 12 13 12 65 
74 62 5 70 39 30 25 10 76 77 76 1 
2 10 77 2 33 42 47 82 4 5 4 73 
63 51 16 59 28 19 14 21 65 66 65 12 

10 20 57 68 41 18 50 40 17 51 9 17 
46 56 21 32 5 18 14 4 19 15 45 53 
43 53 24 35 8 15 17 7 16 18 42 50 
32 42 35 46 19 4 28 18 5 29 31 39 
57 67 10 21 6 29 3 7 30 4 56 64 
53 63 14 25 2 25 7 3 26 8 52 60 
20 30 47 58 31 8 40 30 7 41 19 27 
77 87 10 1 26 49 17 27 50 16 76 84 
63 73 4 15 12 35 3 13 36 2 62 70 
1 9 68 79 52 29 61 51 28 62 2 6 
71 81 4 7 20 43 11 21 44 10 70 78 
10 20 57 68 41 18 50 40 17 51 9 17 

22 1 27 3 28 17 47 43 12 21 12 3 
58 37 63 39 8 19 11 7 24 15 24 33 
55 34 60 36 5 16 14 10 21 12 21 30 
44 23 49 25 6 5 25 21 10 1 10 19 
69 48 74 50 19 30 0 4 35 26 35 44 
65 44 70 46 15 26 4 0 31 22 31 40 
32 11 37 13 18 7 37 33 2 11 2 7 
89 68 94 70 39 50 20 24 55 46 55 64 
75 54 80 56 25 36 6 10 41 32 41 50 
11 10 16 8 39 28 58 54 23 32 23 14 
83 62 88 64 33 44 14 18 49 40 49 58 
22 1 27 3 28 17 47 43 12 21 12 3 

6 60 4 60 55 27 2 2 21 7 22 44 
30 24 40 24 19 63 34 38 57 29 58 8 
27 27 37 27 22 60 31 35 54 26 55 11 
16 38 26 38 33 49 20 24 43 15 44 22 
41 13 51 13 8 74 45 49 68 40 69 3 
37 17 47 17 12 70 41 45 64 36 65 1 
4 50 14 50 45 37 8 12 31 3 32 34 
61 7 71 7 12 94 65 69 88 60 89 23 
47 7 57 7 2 80 51 55 74 46 75 9 
17 71 7 71 66 16 13 9 10 18 11 55 
55 1 65 1 6 88 59 63 82 54 83 17 
6 60 4 60 55 27 2 2 21 7 22 44 

10 68 60 50 20 22 56 17 29 4 10 15 
26 32 24 14 56 58 20 19 7 40 26 21 
23 35 27 17 53 55 23 16 4 37 23 18 
12 46 38 28 42 44 34 5 7 26 12 7 
37 21 13 3 67 69 9 30 18 51 37 32 
33 25 17 7 63 65 13 26 14 47 33 28 
0 58 50 40 30 32 46 7 19 14 0 5 
57 1 7 17 87 89 11 50 38 71 57 52 
43 15 7 3 73 75 3 36 24 57 43 38 
21 79 71 61 9 11 67 28 40 7 21 26 
51 7 1 11 81 83 5 44 32 65 51 46 
10 68 60 50 20 22 56 17 29 4 10 15 

11 69 22 19 23 14 14 9 26 3 33 27 
47 33 58 17 13 50 50 27 62 39 3 9 
44 36 55 14 10 47 47 24 59 36 0 6 
33 47 44 3 1 36 36 13 48 25 11 5 
58 22 69 28 24 61 61 38 73 50 14 20 
54 26 65 24 20 57 57 34 69 46 10 16 
21 59 32 9 13 24 24 1 36 13 23 17 
78 2 89 48 44 81 81 58 93 70 34 40 
64 16 75 34 30 67 67 44 79 56 20 26 
0 80 11 30 34 3 3 20 15 8 44 38 
72 8 83 42 38 75 75 52 87 64 28 34 
11 69 22 19 23 14 14 9 26 3 33 27 

61 12 50 36 33 15 12 54 26 10 13 26 
8 41 3 17 20 38 41 1 27 43 40 27 
65 16 54 40 37 19 16 58 30 14 17 30 
0 49 11 25 28 46 49 7 35 51 48 35 
20 29 9 5 8 26 29 13 15 31 28 15 
75 26 64 50 47 29 26 68 40 24 27 40 
5 44 6 20 23 41 44 2 30 46 43 30 
2 47 9 23 26 44 47 5 33 49 46 33 
10 59 21 35 38 56 59 17 45 61 58 45 
72 23 61 47 44 26 23 65 37 21 24 37 
30 19 19 5 2 16 19 23 5 21 18 5 
28 21 17 3 0 18 21 21 7 23 20 7 

55 36 34 2 46 33 1 19 19 5 34 73 
2 17 19 55 7 20 52 34 72 48 19 20 
59 40 38 2 50 37 5 23 15 9 38 77 
6 25 27 63 15 28 60 42 80 56 27 12 
14 5 7 43 5 8 40 22 60 36 7 32 
69 50 48 12 60 47 15 33 5 19 48 87 
1 20 22 58 10 23 55 37 75 51 22 17 
4 23 25 61 13 26 58 40 78 54 25 14 
16 35 37 73 25 38 70 52 90 66 37 2 
66 47 45 9 57 44 12 30 8 16 45 84 
24 5 3 33 15 2 30 12 50 26 3 42 
22 3 1 35 13 0 32 14 52 28 1 40 

33 48 35 9 14 8 66 10 22 69 45 32 
20 5 18 44 39 45 13 43 31 16 8 21 
37 52 39 13 18 12 70 14 26 73 49 36 
28 13 26 52 47 53 5 51 39 8 16 29 
8 7 6 32 27 33 25 31 19 28 4 9 
47 62 49 23 28 22 80 24 36 83 59 46 
23 8 21 47 42 48 10 46 34 13 11 24 
26 11 24 50 45 51 7 49 37 10 14 27 
38 23 36 62 57 63 5 61 49 2 26 39 
44 59 46 20 25 19 77 21 33 80 56 43 
2 17 4 22 17 23 35 21 9 38 14 1 
0 15 2 24 19 25 33 23 11 36 12 1 

31 62 9 75 6 75 6 68 47 69 31 48 
22 9 62 22 47 22 47 15 6 16 22 5 
35 66 5 79 10 79 10 72 51 73 35 52 
30 1 70 14 55 14 55 7 14 8 30 13 
10 21 50 34 35 34 35 27 6 28 10 7 
45 76 5 89 20 89 20 82 61 83 45 62 
25 6 65 19 50 19 50 12 9 13 25 8 
28 3 68 16 53 16 53 9 12 10 28 11 
40 9 80 4 65 4 65 3 24 2 40 23 
42 73 2 86 17 86 17 79 58 80 42 59 
0 31 40 44 25 44 25 37 16 38 0 17 
2 29 42 42 27 42 27 35 14 36 2 15 

2 14 55 23 11 8 59 15 70 30 11 38 
55 39 2 30 64 45 6 68 17 23 42 15 
2 18 59 27 7 12 63 11 74 34 15 42 
63 47 6 38 72 53 2 76 9 31 50 23 
43 27 14 18 52 33 18 56 29 11 30 3 
12 28 69 37 3 22 73 1 84 44 25 52 
58 42 1 33 67 48 3 71 14 26 45 18 
61 45 4 36 70 51 0 74 11 29 48 21 
73 57 16 48 82 63 12 86 1 41 60 33 
9 25 66 34 0 19 70 4 81 41 22 49 
33 17 24 8 42 23 28 46 39 1 20 7 
35 19 22 10 44 25 26 48 37 3 22 5 

59 46 35 57 9 44 1 4 71 3 77 5 
6 7 18 4 44 9 54 57 18 56 24 58 
63 50 39 61 13 48 3 0 75 1 81 1 
2 15 26 4 52 17 62 65 10 64 16 66 
18 5 6 16 32 3 42 45 30 44 36 46 
73 60 49 71 23 58 13 10 85 11 91 9 
3 10 21 1 47 12 57 60 15 59 21 61 
0 13 24 2 50 15 60 63 12 62 18 64 
12 25 36 14 62 27 72 75 0 74 6 76 
70 57 46 68 20 55 10 7 82 8 88 6 
28 15 4 26 22 13 32 35 40 34 46 36 
26 13 2 24 24 11 34 37 38 36 44 38 

12 0 67 8 23 32 37 72 14 15 14 63 
65 53 14 61 30 21 16 19 67 68 67 10 
8 4 71 4 27 36 41 76 10 11 10 67 
73 61 6 69 38 29 24 11 75 76 75 2 
53 41 26 49 18 9 4 31 55 56 55 22 
2 14 81 6 37 46 51 86 0 1 0 77 
68 56 11 64 33 24 19 16 70 71 70 7 
71 59 8 67 36 27 22 13 73 74 73 4 
83 71 4 79 48 39 34 1 85 86 85 8 
1 11 78 3 34 43 48 83 3 4 3 74 
43 31 36 39 8 1 6 41 45 46 45 32 
45 33 34 41 10 1 4 39 47 48 47 30 

61 71 6 17 10 33 1 11 34 0 60 68 
8 18 59 70 43 20 52 42 19 53 7 15 
65 75 2 13 14 37 5 15 38 4 64 72 
0 10 67 78 51 28 60 50 27 61 1 7 
20 30 47 58 31 8 40 30 7 41 19 27 
75 85 8 3 24 47 15 25 48 14 74 82 
5 15 62 73 46 23 55 45 22 56 4 12 
2 12 65 76 49 26 58 48 25 59 1 9 
10 0 77 88 61 38 70 60 37 71 11 3 
72 82 5 6 21 44 12 22 45 11 71 79 
30 40 37 48 21 2 30 20 3 31 29 37 
28 38 39 50 23 0 32 22 1 33 27 35 

73 52 78 54 23 34 4 8 39 30 39 48 
20 1 25 1 30 19 49 45 14 23 14 5 
77 56 82 58 27 38 8 12 43 34 43 52 
12 9 17 7 38 27 57 53 22 31 22 13 
32 11 37 13 18 7 37 33 2 11 2 7 
87 66 92 68 37 48 18 22 53 44 53 62 
17 4 22 2 33 22 52 48 17 26 17 8 
14 7 19 5 36 25 55 51 20 29 20 11 
2 19 7 17 48 37 67 63 32 41 32 23 
84 63 89 65 34 45 15 19 50 41 50 59 
42 21 47 23 8 3 27 23 8 1 8 17 
40 19 45 21 10 1 29 25 6 3 6 15 

45 9 55 9 4 78 49 53 72 44 73 7 
8 62 2 62 57 25 4 0 19 9 20 46 
49 5 59 5 0 82 53 57 76 48 77 11 
16 70 6 70 65 17 12 8 11 17 12 54 
4 50 14 50 45 37 8 12 31 3 32 34 
59 5 69 5 10 92 63 67 86 58 87 21 
11 65 1 65 60 22 7 3 16 12 17 49 
14 68 4 68 63 19 10 6 13 15 14 52 
26 80 16 80 75 7 22 18 1 27 2 64 
56 2 66 2 7 89 60 64 83 55 84 18 
14 40 24 40 35 47 18 22 41 13 42 24 
12 42 22 42 37 45 16 20 39 11 40 26 

41 17 9 1 71 73 5 34 22 55 41 36 
12 70 62 52 18 20 58 19 31 2 12 17 
45 13 5 5 75 77 1 38 26 59 45 40 
20 78 70 60 10 12 66 27 39 6 20 25 
0 58 50 40 30 32 46 7 19 14 0 5 
55 3 5 15 85 87 9 48 36 69 55 50 
15 73 65 55 15 17 61 22 34 1 15 20 
18 76 68 58 12 14 64 25 37 4 18 23 
30 88 80 70 0 2 76 37 49 16 30 35 
52 6 2 12 82 84 6 45 33 66 52 47 
10 48 40 30 40 42 36 3 9 24 10 5 
8 50 42 32 38 40 38 1 11 22 8 3 

62 18 73 32 28 65 65 42 77 54 18 24 
9 71 20 21 25 12 12 11 24 1 35 29 
66 14 77 36 32 69 69 46 81 58 22 28 
1 79 12 29 33 4 4 19 16 7 43 37 
21 59 32 9 13 24 24 1 36 13 23 17 
76 4 87 46 42 79 79 56 91 68 32 38 
6 74 17 24 28 9 9 14 21 2 38 32 
3 77 14 27 31 6 6 17 18 5 41 35 
9 89 2 39 43 6 6 29 6 17 53 47 
73 7 84 43 39 76 76 53 88 65 29 35 
31 49 42 1 3 34 34 11 46 23 13 7 
29 51 40 1 5 32 32 9 44 21 15 9 

6 25 27 63 15 28 60 42 80 56 27 12 
43 24 22 14 34 21 11 7 31 7 22 61 
5 14 16 52 4 17 49 31 69 45 16 23 
19 0 2 38 10 3 35 17 55 31 2 37 
22 3 1 35 13 0 32 14 52 28 1 40 
40 21 19 17 31 18 14 4 34 10 19 58 
43 24 22 14 34 21 11 7 31 7 22 61 
1 18 20 56 8 21 53 35 73 49 20 19 
29 10 8 28 20 7 25 7 45 21 8 47 
45 26 24 12 36 23 9 9 29 5 24 63 
42 23 21 15 33 20 12 6 32 8 21 60 
29 10 8 28 20 7 25 7 45 21 8 47 

28 13 26 52 47 53 5 51 39 8 16 29 
21 36 23 3 2 4 54 2 10 57 33 20 
17 2 15 41 36 42 16 40 28 19 5 18 
3 12 1 27 22 28 30 26 14 33 9 4 
0 15 2 24 19 25 33 23 11 36 12 1 
18 33 20 6 1 7 51 5 7 54 30 17 
21 36 23 3 2 4 54 2 10 57 33 20 
21 6 19 45 40 46 12 44 32 15 9 22 
7 22 9 17 12 18 40 16 4 43 19 6 
23 38 25 1 4 2 56 0 12 59 35 22 
20 35 22 4 1 5 53 3 9 56 32 19 
7 22 9 17 12 18 40 16 4 43 19 6 

30 1 70 14 55 14 55 7 14 8 30 13 
19 50 21 63 6 63 6 56 35 57 19 36 
19 12 59 25 44 25 44 18 3 19 19 2 
5 26 45 39 30 39 30 32 11 33 5 12 
2 29 42 42 27 42 27 35 14 36 2 15 
16 47 24 60 9 60 9 53 32 54 16 33 
19 50 21 63 6 63 6 56 35 57 19 36 
23 8 63 21 48 21 48 14 7 15 23 6 
5 36 35 49 20 49 20 42 21 43 5 22 
21 52 19 65 4 65 4 58 37 59 21 38 
18 49 22 62 7 62 7 55 34 56 18 35 
5 36 35 49 20 49 20 42 21 43 5 22 

63 47 6 38 72 53 2 76 9 31 50 23 
14 2 43 11 23 4 47 27 58 18 1 26 
52 36 5 27 61 42 9 65 20 20 39 12 
38 22 19 13 47 28 23 51 34 6 25 2 
35 19 22 10 44 25 26 48 37 3 22 5 
17 1 40 8 26 7 44 30 55 15 4 23 
14 2 43 11 23 4 47 27 58 18 1 26 
56 40 1 31 65 46 5 69 16 24 43 16 
28 12 29 3 37 18 33 41 44 4 15 12 
12 4 45 13 21 2 49 25 60 20 1 28 
15 1 42 10 24 5 46 28 57 17 2 25 
28 12 29 3 37 18 33 41 44 4 15 12 

2 15 26 4 52 17 62 65 10 64 16 66 
47 34 23 45 3 32 13 16 59 15 65 17 
9 4 15 7 41 6 51 54 21 53 27 55 
23 10 1 21 27 8 37 40 35 39 41 41 
26 13 2 24 24 11 34 37 38 36 44 38 
44 31 20 42 6 29 16 19 56 18 62 20 
47 34 23 45 3 32 13 16 59 15 65 17 
5 8 19 3 45 10 55 58 17 57 23 59 
33 20 9 31 17 18 27 30 45 29 51 31 
49 36 25 47 1 34 11 14 61 13 67 15 
46 33 22 44 4 31 14 17 58 16 64 18 
33 20 9 31 17 18 27 30 45 29 51 31 

73 61 6 69 38 29 24 11 75 76 75 2 
24 12 55 20 11 20 25 60 26 27 26 51 
62 50 17 58 27 18 13 22 64 65 64 13 
48 36 31 44 13 4 1 36 50 51 50 27 
45 33 34 41 10 1 4 39 47 48 47 30 
27 15 52 23 8 17 22 57 29 30 29 48 
24 12 55 20 11 20 25 60 26 27 26 51 
66 54 13 62 31 22 17 18 68 69 68 9 
38 26 41 34 3 6 11 46 40 41 40 37 
22 10 57 18 13 22 27 62 24 25 24 53 
25 13 54 21 10 19 24 59 27 28 27 50 
38 26 41 34 3 6 11 46 40 41 40 37 

0 10 67 78 51 28 60 50 27 61 1 7 
49 59 18 29 2 21 11 1 22 12 48 56 
11 21 56 67 40 17 49 39 16 50 10 18 
25 35 42 53 26 3 35 25 2 36 24 32 
28 38 39 50 23 0 32 22 1 33 27 35 
46 56 21 32 5 18 14 4 19 15 45 53 
49 59 18 29 2 21 11 1 22 12 48 56 
7 17 60 71 44 21 53 43 20 54 6 14 
35 45 32 43 16 7 25 15 8 26 34 42 
51 61 16 27 0 23 9 1 24 10 50 58 
48 58 19 30 3 20 12 2 21 13 47 55 
35 45 32 43 16 7 25 15 8 26 34 42 

12 9 17 7 38 27 57 53 22 31 22 13 
61 40 66 42 11 22 8 4 27 18 27 36 
23 2 28 4 27 16 46 42 11 20 11 2 
37 16 42 18 13 2 32 28 3 6 3 12 
40 19 45 21 10 1 29 25 6 3 6 15 
58 37 63 39 8 19 11 7 24 15 24 33 
61 40 66 42 11 22 8 4 27 18 27 36 
19 2 24 0 31 20 50 46 15 24 15 6 
47 26 52 28 3 8 22 18 13 4 13 22 
63 42 68 44 13 24 6 2 29 20 29 38 
60 39 65 41 10 21 9 5 26 17 26 35 
47 26 52 28 3 8 22 18 13 4 13 22 

16 70 6 70 65 17 12 8 11 17 12 54 
33 21 43 21 16 66 37 41 60 32 61 5 
5 59 5 59 54 28 1 3 22 6 23 43 
9 45 19 45 40 42 13 17 36 8 37 29 
12 42 22 42 37 45 16 20 39 11 40 26 
30 24 40 24 19 63 34 38 57 29 58 8 
33 21 43 21 16 66 37 41 60 32 61 5 
9 63 1 63 58 24 5 1 18 10 19 47 
19 35 29 35 30 52 23 27 46 18 47 19 
35 19 45 19 14 68 39 43 62 34 63 3 
32 22 42 22 17 65 36 40 59 31 60 6 
19 35 29 35 30 52 23 27 46 18 47 19 

20 78 70 60 10 12 66 27 39 6 20 25 
29 29 21 11 59 61 17 22 10 43 29 24 
9 67 59 49 21 23 55 16 28 5 9 14 
5 53 45 35 35 37 41 2 14 19 5 0 
8 50 42 32 38 40 38 1 11 22 8 3 
26 32 24 14 56 58 20 19 7 40 26 21 
29 29 21 11 59 61 17 22 10 43 29 24 
13 71 63 53 17 19 59 20 32 1 13 18 
15 43 35 25 45 47 31 8 4 29 15 10 
31 27 19 9 61 63 15 24 12 45 31 26 
28 30 22 12 58 60 18 21 9 42 28 23 
15 43 35 25 45 47 31 8 4 29 15 10 

1 79 12 29 33 4 4 19 16 7 43 37 
50 30 61 20 16 53 53 30 65 42 6 12 
12 68 23 18 22 15 15 8 27 4 32 26 
26 54 37 4 8 29 29 6 41 18 18 12 
29 51 40 1 5 32 32 9 44 21 15 9 
47 33 58 17 13 50 50 27 62 39 3 9 
50 30 61 20 16 53 53 30 65 42 6 12 
8 72 19 22 26 11 11 12 23 0 36 30 
36 44 47 6 2 39 39 16 51 28 8 2 
52 28 63 22 18 55 55 32 67 44 8 14 
49 31 60 19 15 52 52 29 64 41 5 11 
36 44 47 6 2 39 39 16 51 28 8 2 

22 7 20 46 41 47 11 45 33 14 10 23 
3 12 1 27 22 28 30 26 14 33 9 4 
1 14 1 25 20 26 32 24 12 35 11 2 
35 50 37 11 16 10 68 12 24 71 47 34 
13 2 11 37 32 38 20 36 24 23 1 14 
0 15 2 24 19 25 33 23 11 36 12 1 
32 47 34 8 13 7 65 9 21 68 44 31 
14 29 16 10 5 11 47 9 3 50 26 13 
52 67 54 28 33 27 85 29 41 88 64 51 
28 43 30 4 9 3 61 5 17 64 40 27 
1 14 1 25 20 26 32 24 12 35 11 2 
40 25 38 64 59 65 7 63 51 4 28 41 

24 7 64 20 49 20 49 13 8 14 24 7 
5 26 45 39 30 39 30 32 11 33 5 12 
3 28 43 41 28 41 28 34 13 35 3 14 
33 64 7 77 8 77 8 70 49 71 33 50 
15 16 55 29 40 29 40 22 1 23 15 2 
2 29 42 42 27 42 27 35 14 36 2 15 
30 61 10 74 5 74 5 67 46 68 30 47 
12 43 28 56 13 56 13 49 28 50 12 29 
50 81 10 94 25 94 25 87 66 88 50 67 
26 57 14 70 1 70 1 63 42 64 26 43 
3 28 43 41 28 41 28 34 13 35 3 14 
42 11 82 2 67 2 67 5 26 4 42 25 

57 41 0 32 66 47 4 70 15 25 44 17 
38 22 19 13 47 28 23 51 34 6 25 2 
36 20 21 11 45 26 25 49 36 4 23 4 
0 16 57 25 9 10 61 13 72 32 13 40 
48 32 9 23 57 38 13 61 24 16 35 8 
35 19 22 10 44 25 26 48 37 3 22 5 
3 13 54 22 12 7 58 16 69 29 10 37 
21 5 36 4 30 11 40 34 51 11 8 19 
17 33 74 42 8 27 78 4 89 49 30 57 
7 9 50 18 16 3 54 20 65 25 6 33 
36 20 21 11 45 26 25 49 36 4 23 4 
75 59 18 50 84 65 14 88 3 43 62 35 

4 9 20 2 46 11 56 59 16 58 22 60 
23 10 1 21 27 8 37 40 35 39 41 41 
25 12 1 23 25 10 35 38 37 37 43 39 
61 48 37 59 11 46 1 2 73 1 79 3 
13 0 11 11 37 2 47 50 25 49 31 51 
26 13 2 24 24 11 34 37 38 36 44 38 
58 45 34 56 8 43 2 5 70 4 76 6 
40 27 16 38 10 25 20 23 52 22 58 24 
78 65 54 76 28 63 18 15 90 16 96 14 
54 41 30 52 4 39 6 9 66 8 72 10 
25 12 1 23 25 10 35 38 37 37 43 39 
14 27 38 16 64 29 74 77 2 76 4 78 

67 55 12 63 32 23 18 17 69 70 69 8 
48 36 31 44 13 4 1 36 50 51 50 27 
46 34 33 42 11 2 3 38 48 49 48 29 
10 2 69 6 25 34 39 74 12 13 12 65 
58 46 21 54 23 14 9 26 60 61 60 17 
45 33 34 41 10 1 4 39 47 48 47 30 
13 1 66 9 22 31 36 71 15 16 15 62 
31 19 48 27 4 13 18 53 33 34 33 44 
7 19 86 11 42 51 56 91 5 4 5 82 
17 5 62 13 18 27 32 67 19 20 19 58 
46 34 33 42 11 2 3 38 48 49 48 29 
85 73 6 81 50 41 36 1 87 88 87 10 

6 16 61 72 45 22 54 44 21 55 5 13 
25 35 42 53 26 3 35 25 2 36 24 32 
27 37 40 51 24 1 33 23 0 34 26 34 
63 73 4 15 12 35 3 13 36 2 62 70 
15 25 52 63 36 13 45 35 12 46 14 22 
28 38 39 50 23 0 32 22 1 33 27 35 
60 70 7 18 9 32 0 10 33 1 59 67 
42 52 25 36 9 14 18 8 15 19 41 49 
80 90 13 2 29 52 20 30 53 19 79 87 
56 66 11 22 5 28 4 6 29 5 55 63 
27 37 40 51 24 1 33 23 0 34 26 34 
12 2 79 90 63 40 72 62 39 73 13 5 

18 3 23 1 32 21 51 47 16 25 16 7 
37 16 42 18 13 2 32 28 3 6 3 12 
39 18 44 20 11 0 30 26 5 4 5 14 
75 54 80 56 25 36 6 10 41 32 41 50 
27 6 32 8 23 12 42 38 7 16 7 2 
40 19 45 21 10 1 29 25 6 3 6 15 
72 51 77 53 22 33 3 7 38 29 38 47 
54 33 59 35 4 15 15 11 20 11 20 29 
92 71 97 73 42 53 23 27 58 49 58 67 
68 47 73 49 18 29 1 3 34 25 34 43 
39 18 44 20 11 0 30 26 5 4 5 14 
0 21 5 19 50 39 69 65 34 43 34 25 

10 64 0 64 59 23 6 2 17 11 18 48 
9 45 19 45 40 42 13 17 36 8 37 29 
11 43 21 43 38 44 15 19 38 10 39 27 
47 7 57 7 2 80 51 55 74 46 75 9 
1 55 9 55 50 32 3 7 26 2 27 39 
12 42 22 42 37 45 16 20 39 11 40 26 
44 10 54 10 5 77 48 52 71 43 72 6 
26 28 36 28 23 59 30 34 53 25 54 12 
64 10 74 10 15 97 68 72 91 63 92 26 
40 14 50 14 9 73 44 48 67 39 68 2 
11 43 21 43 38 44 15 19 38 10 39 27 
28 82 18 82 77 5 24 20 1 29 0 66 

14 72 64 54 16 18 60 21 33 0 14 19 
5 53 45 35 35 37 41 2 14 19 5 0 
7 51 43 33 37 39 39 0 12 21 7 2 
43 15 7 3 73 75 3 36 24 57 43 38 
5 63 55 45 25 27 51 12 24 9 5 10 
8 50 42 32 38 40 38 1 11 22 8 3 
40 18 10 0 70 72 6 33 21 54 40 35 
22 36 28 18 52 54 24 15 3 36 22 17 
60 2 10 20 90 92 14 53 41 74 60 55 
36 22 14 4 66 68 10 29 17 50 36 31 
7 51 43 33 37 39 39 0 12 21 7 2 
32 90 82 72 2 0 78 39 51 18 32 37 

7 73 18 23 27 10 10 13 22 1 37 31 
26 54 37 4 8 29 29 6 41 18 18 12 
28 52 39 2 6 31 31 8 43 20 16 10 
64 16 75 34 30 67 67 44 79 56 20 26 
16 64 27 14 18 19 19 4 31 8 28 22 
29 51 40 1 5 32 32 9 44 21 15 9 
61 19 72 31 27 64 64 41 76 53 17 23 
43 37 54 13 9 46 46 23 58 35 1 5 
81 1 92 51 47 84 84 61 96 73 37 43 
57 23 68 27 23 60 60 37 72 49 13 19 
28 52 39 2 6 31 31 8 43 20 16 10 
11 91 0 41 45 8 8 31 4 19 55 49 

2 29 42 42 27 42 27 35 14 36 2 15 
17 14 57 27 42 27 42 20 1 21 17 0 
4 27 44 40 29 40 29 33 12 34 4 13 
22 53 18 66 3 66 3 59 38 60 22 39 
17 48 23 61 8 61 8 54 33 55 17 34 
23 54 17 67 2 67 2 60 39 61 23 40 
35 4 75 9 60 9 60 2 19 3 35 18 
21 52 19 65 4 65 4 58 37 59 21 38 
9 40 31 53 16 53 16 46 25 47 9 26 
38 7 78 6 63 6 63 1 22 0 38 21 
14 17 54 30 39 30 39 23 2 24 14 3 
1 30 41 43 26 43 26 36 15 37 1 16 

35 19 22 10 44 25 26 48 37 3 22 5 
50 34 7 25 59 40 11 63 22 18 37 10 
37 21 20 12 46 27 24 50 35 5 24 3 
11 5 46 14 20 1 50 24 61 21 2 29 
16 0 41 9 25 6 45 29 56 16 3 24 
10 6 47 15 19 0 51 23 62 22 3 30 
68 52 11 43 77 58 7 81 4 36 55 28 
12 4 45 13 21 2 49 25 60 20 1 28 
24 8 33 1 33 14 37 37 48 8 11 16 
71 55 14 46 80 61 10 84 1 39 58 31 
47 31 10 22 56 37 14 60 25 15 34 7 
34 18 23 9 43 24 27 47 38 2 21 6 

26 13 2 24 24 11 34 37 38 36 44 38 
11 2 13 9 39 4 49 52 23 51 29 53 
24 11 0 22 26 9 36 39 36 38 42 40 
50 37 26 48 0 35 10 13 62 12 68 14 
45 32 21 43 5 30 15 18 57 17 63 19 
51 38 27 49 1 36 9 12 63 11 69 13 
7 20 31 9 57 22 67 70 5 69 11 71 
49 36 25 47 1 34 11 14 61 13 67 15 
37 24 13 35 13 22 23 26 49 25 55 27 
10 23 34 12 60 25 70 73 2 72 8 74 
14 1 10 12 36 1 46 49 26 48 32 50 
27 14 3 25 23 12 33 36 39 35 45 37 

45 33 34 41 10 1 4 39 47 48 47 30 
60 48 19 56 25 16 11 24 62 63 62 15 
47 35 32 43 12 3 2 37 49 50 49 28 
21 9 58 17 14 23 28 63 23 24 23 54 
26 14 53 22 9 18 23 58 28 29 28 49 
20 8 59 16 15 24 29 64 22 23 22 55 
78 66 1 74 43 34 29 6 80 81 80 3 
22 10 57 18 13 22 27 62 24 25 24 53 
34 22 45 30 1 10 15 50 36 37 36 41 
81 69 2 77 46 37 32 3 83 84 83 6 
57 45 22 53 22 13 8 27 59 60 59 18 
44 32 35 40 9 0 5 40 46 47 46 31 

28 38 39 50 23 0 32 22 1 33 27 35 
13 23 54 65 38 15 47 37 14 48 12 20 
26 36 41 52 25 2 34 24 1 35 25 33 
52 62 15 26 1 24 8 2 25 9 51 59 
47 57 20 31 4 19 13 3 20 14 46 54 
53 63 14 25 2 25 7 3 26 8 52 60 
5 5 72 83 56 33 65 55 32 66 6 2 
51 61 16 27 0 23 9 1 24 10 50 58 
39 49 28 39 12 11 21 11 12 22 38 46 
8 2 75 86 59 36 68 58 35 69 9 1 
16 26 51 62 35 12 44 34 11 45 15 23 
29 39 38 49 22 1 31 21 2 32 28 36 

40 19 45 21 10 1 29 25 6 3 6 15 
25 4 30 6 25 14 44 40 9 18 9 0 
38 17 43 19 12 1 31 27 4 5 4 13 
64 43 69 45 14 25 5 1 30 21 30 39 
59 38 64 40 9 20 10 6 25 16 25 34 
65 44 70 46 15 26 4 0 31 22 31 40 
7 14 12 12 43 32 62 58 27 36 27 18 
63 42 68 44 13 24 6 2 29 20 29 38 
51 30 56 32 1 12 18 14 17 8 17 26 
4 17 9 15 46 35 65 61 30 39 30 21 
28 7 33 9 22 11 41 37 6 15 6 3 
41 20 46 22 9 2 28 24 7 2 7 16 

12 42 22 42 37 45 16 20 39 11 40 26 
3 57 7 57 52 30 1 5 24 4 25 41 
10 44 20 44 39 43 14 18 37 9 38 28 
36 18 46 18 13 69 40 44 63 35 64 2 
31 23 41 23 18 64 35 39 58 30 59 7 
37 17 47 17 12 70 41 45 64 36 65 1 
21 75 11 75 70 12 17 13 6 22 7 59 
35 19 45 19 14 68 39 43 62 34 63 3 
23 31 33 31 26 56 27 31 50 22 51 15 
24 78 14 78 73 9 20 16 3 25 4 62 
0 54 10 54 49 33 4 8 27 1 28 38 
13 41 23 41 36 46 17 21 40 12 41 25 

8 50 42 32 38 40 38 1 11 22 8 3 
7 65 57 47 23 25 53 14 26 7 7 12 
6 52 44 34 36 38 40 1 13 20 6 1 
32 26 18 8 62 64 14 25 13 46 32 27 
27 31 23 13 57 59 19 20 8 41 27 22 
33 25 17 7 63 65 13 26 14 47 33 28 
25 83 75 65 5 7 71 32 44 11 25 30 
31 27 19 9 61 63 15 24 12 45 31 26 
19 39 31 21 49 51 27 12 0 33 19 14 
28 86 78 68 2 4 74 35 47 14 28 33 
4 62 54 44 26 28 50 11 23 10 4 9 
9 49 41 31 39 41 37 2 10 23 9 4 

29 51 40 1 5 32 32 9 44 21 15 9 
14 66 25 16 20 17 17 6 29 6 30 24 
27 53 38 3 7 30 30 7 42 19 17 11 
53 27 64 23 19 56 56 33 68 45 9 15 
48 32 59 18 14 51 51 28 63 40 4 10 
54 26 65 24 20 57 57 34 69 46 10 16 
4 84 7 34 38 1 1 24 11 12 48 42 
52 28 63 22 18 55 55 32 67 44 8 14 
40 40 51 10 6 43 43 20 55 32 4 2 
7 87 4 37 41 4 4 27 8 15 51 45 
17 63 28 13 17 20 20 3 32 9 27 21 
30 50 41 0 4 33 33 10 45 22 14 8 

33 17 24 8 42 23 28 46 39 1 20 7 
64 48 7 39 73 54 3 77 8 32 51 24 
7 23 64 32 2 17 68 6 79 39 20 47 
77 61 20 52 86 67 16 90 5 45 64 37 
8 8 49 17 17 2 53 21 64 24 5 32 
77 61 20 52 86 67 16 90 5 45 64 37 
8 8 49 17 17 2 53 21 64 24 5 32 
70 54 13 45 79 60 9 83 2 38 57 30 
49 33 8 24 58 39 12 62 23 17 36 9 
71 55 14 46 80 61 10 84 1 39 58 31 
33 17 24 8 42 23 28 46 39 1 20 7 
50 34 7 25 59 40 11 63 22 18 37 10 

28 15 4 26 22 13 32 35 40 34 46 36 
3 16 27 5 53 18 63 66 9 65 15 67 
68 55 44 66 18 53 8 5 80 6 86 4 
16 29 40 18 66 31 76 79 4 78 2 80 
53 40 29 51 3 38 7 10 65 9 71 11 
16 29 40 18 66 31 76 79 4 78 2 80 
53 40 29 51 3 38 7 10 65 9 71 11 
9 22 33 11 59 24 69 72 3 71 9 73 
12 1 12 10 38 3 48 51 24 50 30 52 
10 23 34 12 60 25 70 73 2 72 8 74 
28 15 4 26 22 13 32 35 40 34 46 36 
11 2 13 9 39 4 49 52 23 51 29 53 

43 31 36 39 8 1 6 41 45 46 45 32 
74 62 5 70 39 30 25 10 76 77 76 1 
3 9 76 1 32 41 46 81 5 6 5 72 
87 75 8 83 52 43 38 3 89 90 89 12 
18 6 61 14 17 26 31 66 20 21 20 57 
87 75 8 83 52 43 38 3 89 90 89 12 
18 6 61 14 17 26 31 66 20 21 20 57 
80 68 1 76 45 36 31 4 82 83 82 5 
59 47 20 55 24 15 10 25 61 62 61 16 
81 69 2 77 46 37 32 3 83 84 83 6 
43 31 36 39 8 1 6 41 45 46 45 32 
60 48 19 56 25 16 11 24 62 63 62 15 

30 40 37 48 21 2 30 20 3 31 29 37 
1 9 68 79 52 29 61 51 28 62 2 6 
70 80 3 8 19 42 10 20 43 9 69 77 
14 4 81 92 65 42 74 64 41 75 15 7 
55 65 12 23 4 27 5 5 28 6 54 62 
14 4 81 92 65 42 74 64 41 75 15 7 
55 65 12 23 4 27 5 5 28 6 54 62 
7 3 74 85 58 35 67 57 34 68 8 0 
14 24 53 64 37 14 46 36 13 47 13 21 
8 2 75 86 59 36 68 58 35 69 9 1 
30 40 37 48 21 2 30 20 3 31 29 37 
13 23 54 65 38 15 47 37 14 48 12 20 

42 21 47 23 8 3 27 23 8 1 8 17 
11 10 16 8 39 28 58 54 23 32 23 14 
82 61 87 63 32 43 13 17 48 39 48 57 
2 23 3 21 52 41 71 67 36 45 36 27 
67 46 72 48 17 28 2 2 33 24 33 42 
2 23 3 21 52 41 71 67 36 45 36 27 
67 46 72 48 17 28 2 2 33 24 33 42 
5 16 10 14 45 34 64 60 29 38 29 20 
26 5 31 7 24 13 43 39 8 17 8 1 
4 17 9 15 46 35 65 61 30 39 30 21 
42 21 47 23 8 3 27 23 8 1 8 17 
25 4 30 6 25 14 44 40 9 18 9 0 

14 40 24 40 35 47 18 22 41 13 42 24 
17 71 7 71 66 16 13 9 10 18 11 55 
54 0 64 0 5 87 58 62 81 53 82 16 
30 84 20 84 79 3 26 22 3 31 2 68 
39 15 49 15 10 72 43 47 66 38 67 1 
30 84 20 84 79 3 26 22 3 31 2 68 
39 15 49 15 10 72 43 47 66 38 67 1 
23 77 13 77 72 10 19 15 4 24 5 61 
2 56 8 56 51 31 2 6 25 3 26 40 
24 78 14 78 73 9 20 16 3 25 4 62 
14 40 24 40 35 47 18 22 41 13 42 24 
3 57 7 57 52 30 1 5 24 4 25 41 

10 48 40 30 40 42 36 3 9 24 10 5 
21 79 71 61 9 11 67 28 40 7 21 26 
50 8 0 10 80 82 4 43 31 64 50 45 
34 92 84 74 4 2 80 41 53 20 34 39 
35 23 15 5 65 67 11 28 16 49 35 30 
34 92 84 74 4 2 80 41 53 20 34 39 
35 23 15 5 65 67 11 28 16 49 35 30 
27 85 77 67 3 5 73 34 46 13 27 32 
6 64 56 46 24 26 52 13 25 8 6 11 
28 86 78 68 2 4 74 35 47 14 28 33 
10 48 40 30 40 42 36 3 9 24 10 5 
7 65 57 47 23 25 53 14 26 7 7 12 

31 49 42 1 3 34 34 11 46 23 13 7 
0 80 11 30 34 3 3 20 15 8 44 38 
71 9 82 41 37 74 74 51 86 63 27 33 
13 93 2 43 47 10 10 33 2 21 57 51 
56 24 67 26 22 59 59 36 71 48 12 18 
13 93 2 43 47 10 10 33 2 21 57 51 
56 24 67 26 22 59 59 36 71 48 12 18 
6 86 5 36 40 3 3 26 9 14 50 44 
15 65 26 15 19 18 18 5 30 7 29 23 
7 87 4 37 41 4 4 27 8 15 51 45 
31 49 42 1 3 34 34 11 46 23 13 7 
14 66 25 16 20 17 17 6 29 6 30 24 

61 48 37 59 11 46 1 2 73 1 79 3 
45 32 21 43 5 30 15 18 57 17 63 19 
4 9 20 2 46 11 56 59 16 58 22 60 
36 23 12 34 14 21 24 27 48 26 54 28 
70 57 46 68 20 55 10 7 82 8 88 6 
51 38 27 49 1 36 9 12 63 11 69 13 
0 13 24 2 50 15 60 63 12 62 18 64 
74 61 50 72 24 59 14 11 86 12 92 10 
11 24 35 13 61 26 71 74 1 73 7 75 
29 16 5 27 21 14 31 34 41 33 47 35 
48 35 24 46 2 33 12 15 60 14 66 16 
21 8 3 19 29 6 39 42 33 41 39 43 

10 2 69 6 25 34 39 74 12 13 12 65 
26 14 53 22 9 18 23 58 28 29 28 49 
67 55 12 63 32 23 18 17 69 70 69 8 
35 23 44 31 0 9 14 49 37 38 37 40 
1 11 78 3 34 43 48 83 3 4 3 74 
20 8 59 16 15 24 29 64 22 23 22 55 
71 59 8 67 36 27 22 13 73 74 73 4 
3 15 82 7 38 47 52 87 1 0 1 78 
82 70 3 78 47 38 33 2 84 85 84 7 
42 30 37 38 7 2 7 42 44 45 44 33 
23 11 56 19 12 21 26 61 25 26 25 52 
50 38 29 46 15 6 1 34 52 53 52 25 

63 73 4 15 12 35 3 13 36 2 62 70 
47 57 20 31 4 19 13 3 20 14 46 54 
6 16 61 72 45 22 54 44 21 55 5 13 
38 48 29 40 13 10 22 12 11 23 37 45 
72 82 5 6 21 44 12 22 45 11 71 79 
53 63 14 25 2 25 7 3 26 8 52 60 
2 12 65 76 49 26 58 48 25 59 1 9 
76 86 9 2 25 48 16 26 49 15 75 83 
9 1 76 87 60 37 69 59 36 70 10 2 
31 41 36 47 20 3 29 19 4 30 30 38 
50 60 17 28 1 22 10 0 23 11 49 57 
23 33 44 55 28 5 37 27 4 38 22 30 

75 54 80 56 25 36 6 10 41 32 41 50 
59 38 64 40 9 20 10 6 25 16 25 34 
18 3 23 1 32 21 51 47 16 25 16 7 
50 29 55 31 0 11 19 15 16 7 16 25 
84 63 89 65 34 45 15 19 50 41 50 59 
65 44 70 46 15 26 4 0 31 22 31 40 
14 7 19 5 36 25 55 51 20 29 20 11 
88 67 93 69 38 49 19 23 54 45 54 63 
3 18 8 16 47 36 66 62 31 40 31 22 
43 22 48 24 7 4 26 22 9 0 9 18 
62 41 67 43 12 23 7 3 28 19 28 37 
35 14 40 16 15 4 34 30 1 8 1 10 

47 7 57 7 2 80 51 55 74 46 75 9 
31 23 41 23 18 64 35 39 58 30 59 7 
10 64 0 64 59 23 6 2 17 11 18 48 
22 32 32 32 27 55 26 30 49 21 50 16 
56 2 66 2 7 89 60 64 83 55 84 18 
37 17 47 17 12 70 41 45 64 36 65 1 
14 68 4 68 63 19 10 6 13 15 14 52 
60 6 70 6 11 93 64 68 87 59 88 22 
25 79 15 79 74 8 21 17 2 26 3 63 
15 39 25 39 34 48 19 23 42 14 43 23 
34 20 44 20 15 67 38 42 61 33 62 4 
7 47 17 47 42 40 11 15 34 6 35 31 

43 15 7 3 73 75 3 36 24 57 43 38 
27 31 23 13 57 59 19 20 8 41 27 22 
14 72 64 54 16 18 60 21 33 0 14 19 
18 40 32 22 48 50 28 11 1 32 18 13 
52 6 2 12 82 84 6 45 33 66 52 47 
33 25 17 7 63 65 13 26 14 47 33 28 
18 76 68 58 12 14 64 25 37 4 18 23 
56 2 6 16 86 88 10 49 37 70 56 51 
29 87 79 69 1 3 75 36 48 15 29 34 
11 47 39 29 41 43 35 4 8 25 11 6 
30 28 20 10 60 62 16 23 11 44 30 25 
3 55 47 37 33 35 43 4 16 17 3 2 

64 16 75 34 30 67 67 44 79 56 20 26 
48 32 59 18 14 51 51 28 63 40 4 10 
7 73 18 23 27 10 10 13 22 1 37 31 
39 41 50 9 5 42 42 19 54 31 5 1 
73 7 84 43 39 76 76 53 88 65 29 35 
54 26 65 24 20 57 57 34 69 46 10 16 
3 77 14 27 31 6 6 17 18 5 41 35 
77 3 88 47 43 80 80 57 92 69 33 39 
8 88 3 38 42 5 5 28 7 16 52 46 
32 48 43 2 2 35 35 12 47 24 12 6 
51 29 62 21 17 54 54 31 66 43 7 13 
24 56 35 6 10 27 27 4 39 16 20 14 

71 59 8 67 36 27 22 13 73 74 73 4 
58 46 21 54 23 14 9 26 60 61 60 17 
47 35 32 43 12 3 2 37 49 50 49 28 
69 57 10 65 34 25 20 15 71 72 71 6 
21 9 58 17 14 23 28 63 23 24 23 54 
56 44 23 52 21 12 7 28 58 59 58 19 
11 1 68 7 24 33 38 73 13 14 13 64 
8 4 71 4 27 36 41 76 10 11 10 67 
83 71 4 79 48 39 34 1 85 86 85 8 
9 3 70 5 26 35 40 75 11 12 11 66 
89 77 10 85 54 45 40 5 91 92 91 14 
7 5 72 3 28 37 42 77 9 10 9 68 

2 12 65 76 49 26 58 48 25 59 1 9 
15 25 52 63 36 13 45 35 12 46 14 22 
26 36 41 52 25 2 34 24 1 35 25 33 
4 14 63 74 47 24 56 46 23 57 3 11 
52 62 15 26 1 24 8 2 25 9 51 59 
17 27 50 61 34 11 43 33 10 44 16 24 
62 72 5 16 11 34 2 12 35 1 61 69 
65 75 2 13 14 37 5 15 38 4 64 72 
10 0 77 88 61 38 70 60 37 71 11 3 
64 74 3 14 13 36 4 14 37 3 63 71 
16 6 83 94 67 44 76 66 43 77 17 9 
66 76 1 12 15 38 6 16 39 5 65 73 

14 7 19 5 36 25 55 51 20 29 20 11 
27 6 32 8 23 12 42 38 7 16 7 2 
38 17 43 19 12 1 31 27 4 5 4 13 
16 5 21 3 34 23 53 49 18 27 18 9 
64 43 69 45 14 25 5 1 30 21 30 39 
29 8 34 10 21 10 40 36 5 14 5 4 
74 53 79 55 24 35 5 9 40 31 40 49 
77 56 82 58 27 38 8 12 43 34 43 52 
2 19 7 17 48 37 67 63 32 41 32 23 
76 55 81 57 26 37 7 11 42 33 42 51 
4 25 1 23 54 43 73 69 38 47 38 29 
78 57 83 59 28 39 9 13 44 35 44 53 

14 68 4 68 63 19 10 6 13 15 14 52 
1 55 9 55 50 32 3 7 26 2 27 39 
10 44 20 44 39 43 14 18 37 9 38 28 
12 66 2 66 61 21 8 4 15 13 16 50 
36 18 46 18 13 69 40 44 63 35 64 2 
1 53 11 53 48 34 5 9 28 0 29 37 
46 8 56 8 3 79 50 54 73 45 74 8 
49 5 59 5 0 82 53 57 76 48 77 11 
26 80 16 80 75 7 22 18 1 27 2 64 
48 6 58 6 1 81 52 56 75 47 76 10 
32 86 22 86 81 1 28 24 5 33 4 70 
50 4 60 4 1 83 54 58 77 49 78 12 

18 76 68 58 12 14 64 25 37 4 18 23 
5 63 55 45 25 27 51 12 24 9 5 10 
6 52 44 34 36 38 40 1 13 20 6 1 
16 74 66 56 14 16 62 23 35 2 16 21 
32 26 18 8 62 64 14 25 13 46 32 27 
3 61 53 43 27 29 49 10 22 11 3 8 
42 16 8 2 72 74 4 35 23 56 42 37 
45 13 5 5 75 77 1 38 26 59 45 40 
30 88 80 70 0 2 76 37 49 16 30 35 
44 14 6 4 74 76 2 37 25 58 44 39 
36 94 86 76 6 4 82 43 55 22 36 41 
46 12 4 6 76 78 0 39 27 60 46 41 

3 77 14 27 31 6 6 17 18 5 41 35 
16 64 27 14 18 19 19 4 31 8 28 22 
27 53 38 3 7 30 30 7 42 19 17 11 
5 75 16 25 29 8 8 15 20 3 39 33 
53 27 64 23 19 56 56 33 68 45 9 15 
18 62 29 12 16 21 21 2 33 10 26 20 
63 17 74 33 29 66 66 43 78 55 19 25 
66 14 77 36 32 69 69 46 81 58 22 28 
9 89 2 39 43 6 6 29 6 17 53 47 
65 15 76 35 31 68 68 45 80 57 21 27 
15 95 4 45 49 12 12 35 0 23 59 53 
67 13 78 37 33 70 70 47 82 59 23 29 

73 83 6 5 22 45 13 23 46 12 72 80 
61 71 6 17 10 33 1 11 34 0 60 68 
6 4 73 84 57 34 66 56 33 67 7 1 
69 79 2 9 18 41 9 19 42 8 68 76 
38 48 29 40 13 10 22 12 11 23 37 45 
29 39 38 49 22 1 31 21 2 32 28 36 
24 34 43 54 27 4 36 26 3 37 23 31 
11 1 78 89 62 39 71 61 38 72 12 4 
75 85 8 3 24 47 15 25 48 14 74 82 
76 86 9 2 25 48 16 26 49 15 75 83 
75 85 8 3 24 47 15 25 48 14 74 82 
2 8 69 80 53 30 62 52 29 63 3 5 

85 64 90 66 35 46 16 20 51 42 51 60 
73 52 78 54 23 34 4 8 39 30 39 48 
6 15 11 13 44 33 63 59 28 37 28 19 
81 60 86 62 31 42 12 16 47 38 47 56 
50 29 55 31 0 11 19 15 16 7 16 25 
41 20 46 22 9 2 28 24 7 2 7 16 
36 15 41 17 14 3 33 29 2 7 2 11 
1 20 6 18 49 38 68 64 33 42 33 24 
87 66 92 68 37 48 18 22 53 44 53 62 
88 67 93 69 38 49 19 23 54 45 54 63 
87 66 92 68 37 48 18 22 53 44 53 62 
10 11 15 9 40 29 59 55 24 33 24 15 

57 3 67 3 8 90 61 65 84 56 85 19 
45 9 55 9 4 78 49 53 72 44 73 7 
22 76 12 76 71 11 18 14 5 23 6 60 
53 1 63 1 4 86 57 61 80 52 81 15 
22 32 32 32 27 55 26 30 49 21 50 16 
13 41 23 41 36 46 17 21 40 12 41 25 
8 46 18 46 41 41 12 16 35 7 36 30 
27 81 17 81 76 6 23 19 0 28 1 65 
59 5 69 5 10 92 63 67 86 58 87 21 
60 6 70 6 11 93 64 68 87 59 88 22 
59 5 69 5 10 92 63 67 86 58 87 21 
18 72 8 72 67 15 14 10 9 19 10 56 

53 5 3 13 83 85 7 46 34 67 53 48 
41 17 9 1 71 73 5 34 22 55 41 36 
26 84 76 66 4 6 72 33 45 12 26 31 
49 9 1 9 79 81 3 42 30 63 49 44 
18 40 32 22 48 50 28 11 1 32 18 13 
9 49 41 31 39 41 37 2 10 23 9 4 
4 54 46 36 34 36 42 3 15 18 4 1 
31 89 81 71 1 1 77 38 50 17 31 36 
55 3 5 15 85 87 9 48 36 69 55 50 
56 2 6 16 86 88 10 49 37 70 56 51 
55 3 5 15 85 87 9 48 36 69 55 50 
22 80 72 62 8 10 68 29 41 8 22 27 

74 6 85 44 40 77 77 54 89 66 30 36 
62 18 73 32 28 65 65 42 77 54 18 24 
5 85 6 35 39 2 2 25 10 13 49 43 
70 10 81 40 36 73 73 50 85 62 26 32 
39 41 50 9 5 42 42 19 54 31 5 1 
30 50 41 0 4 33 33 10 45 22 14 8 
25 55 36 5 9 28 28 5 40 17 19 13 
10 90 1 40 44 7 7 30 5 18 54 48 
76 4 87 46 42 79 79 56 91 68 32 38 
77 3 88 47 43 80 80 57 92 69 33 39 
76 4 87 46 42 79 79 56 91 68 32 38 
1 81 10 31 35 2 2 21 14 9 45 39 

12 9 17 7 38 27 57 53 22 31 22 13 
2 19 7 17 48 37 67 63 32 41 32 23 
79 58 84 60 29 40 10 14 45 36 45 54 
90 69 95 71 40 51 21 25 56 47 56 65 
63 42 68 44 13 24 6 2 29 20 29 38 
40 19 45 21 10 1 29 25 6 3 6 15 
72 51 77 53 22 33 3 7 38 29 38 47 
62 41 67 43 12 23 7 3 28 19 28 37 
39 18 44 20 11 0 30 26 5 4 5 14 
73 52 78 54 23 34 4 8 39 30 39 48 
13 8 18 6 37 26 56 52 21 30 21 12 
5 16 10 14 45 34 64 60 29 38 29 20 

16 70 6 70 65 17 12 8 11 17 12 54 
26 80 16 80 75 7 22 18 1 27 2 64 
51 3 61 3 2 84 55 59 78 50 79 13 
62 8 72 8 13 95 66 70 89 61 90 24 
35 19 45 19 14 68 39 43 62 34 63 3 
12 42 22 42 37 45 16 20 39 11 40 26 
44 10 54 10 5 77 48 52 71 43 72 6 
34 20 44 20 15 67 38 42 61 33 62 4 
11 43 21 43 38 44 15 19 38 10 39 27 
45 9 55 9 4 78 49 53 72 44 73 7 
15 69 5 69 64 18 11 7 12 16 13 53 
23 77 13 77 72 10 19 15 4 24 5 61 

20 78 70 60 10 12 66 27 39 6 20 25 
30 88 80 70 0 2 76 37 49 16 30 35 
47 11 3 7 77 79 1 40 28 61 47 42 
58 0 8 18 88 90 12 51 39 72 58 53 
31 27 19 9 61 63 15 24 12 45 31 26 
8 50 42 32 38 40 38 1 11 22 8 3 
40 18 10 0 70 72 6 33 21 54 40 35 
30 28 20 10 60 62 16 23 11 44 30 25 
7 51 43 33 37 39 39 0 12 21 7 2 
41 17 9 1 71 73 5 34 22 55 41 36 
19 77 69 59 11 13 65 26 38 5 19 24 
27 85 77 67 3 5 73 34 46 13 27 32 

1 79 12 29 33 4 4 19 16 7 43 37 
9 89 2 39 43 6 6 29 6 17 53 47 
68 12 79 38 34 71 71 48 83 60 24 30 
79 1 90 49 45 82 82 59 94 71 35 41 
52 28 63 22 18 55 55 32 67 44 8 14 
29 51 40 1 5 32 32 9 44 21 15 9 
61 19 72 31 27 64 64 41 76 53 17 23 
51 29 62 21 17 54 54 31 66 43 7 13 
28 52 39 2 6 31 31 8 43 20 16 10 
62 18 73 32 28 65 65 42 77 54 18 24 
2 78 13 28 32 5 5 18 17 6 42 36 
6 86 5 36 40 3 3 26 9 14 50 44 

28 82 18 82 77 5 24 20 1 29 0 66 
7 61 3 61 56 26 3 1 20 8 21 45 
33 87 23 87 82 0 29 25 6 34 5 71 
9 63 1 63 58 24 5 1 18 10 19 47 
22 32 32 32 27 55 26 30 49 21 50 16 
11 43 21 43 38 44 15 19 38 10 39 27 
41 13 51 13 8 74 45 49 68 40 69 3 
37 17 47 17 12 70 41 45 64 36 65 1 
6 48 16 48 43 39 10 14 33 5 34 32 
15 39 25 39 34 48 19 23 42 14 43 23 
6 48 16 48 43 39 10 14 33 5 34 32 
3 57 7 57 52 30 1 5 24 4 25 41 

32 90 82 72 2 0 78 39 51 18 32 37 
11 69 61 51 19 21 57 18 30 3 11 16 
37 95 87 77 7 5 83 44 56 23 37 42 
13 71 63 53 17 19 59 20 32 1 13 18 
18 40 32 22 48 50 28 11 1 32 18 13 
7 51 43 33 37 39 39 0 12 21 7 2 
37 21 13 3 67 69 9 30 18 51 37 32 
33 25 17 7 63 65 13 26 14 47 33 28 
2 56 48 38 32 34 44 5 17 16 2 3 
11 47 39 29 41 43 35 4 8 25 11 6 
2 56 48 38 32 34 44 5 17 16 2 3 
7 65 57 47 23 25 53 14 26 7 7 12 

11 91 0 41 45 8 8 31 4 19 55 49 
10 70 21 20 24 13 13 10 25 2 34 28 
16 96 5 46 50 13 13 36 1 24 60 54 
8 72 19 22 26 11 11 12 23 0 36 30 
39 41 50 9 5 42 42 19 54 31 5 1 
28 52 39 2 6 31 31 8 43 20 16 10 
58 22 69 28 24 61 61 38 73 50 14 20 
54 26 65 24 20 57 57 34 69 46 10 16 
23 57 34 7 11 26 26 3 38 15 21 15 
32 48 43 2 2 35 35 12 47 24 12 6 
23 57 34 7 11 26 26 3 38 15 21 15 
14 66 25 16 20 17 17 6 29 6 30 24 

4 62 54 44 26 28 50 11 23 10 4 9 
50 8 0 10 80 82 4 43 31 64 50 45 
14 72 64 54 16 18 60 21 33 0 14 19 
50 8 0 10 80 82 4 43 31 64 50 45 
45 13 5 5 75 77 1 38 26 59 45 40 
37 95 87 77 7 5 83 44 56 23 37 42 
8 66 58 48 22 24 54 15 27 6 8 13 
12 70 62 52 18 20 58 19 31 2 12 17 
31 89 81 71 1 1 77 38 50 17 31 36 
3 61 53 43 27 29 49 10 22 11 3 8 
32 90 82 72 2 0 78 39 51 18 32 37 
34 24 16 6 64 66 12 27 15 48 34 29 

17 63 28 13 17 20 20 3 32 9 27 21 
71 9 82 41 37 74 74 51 86 63 27 33 
7 73 18 23 27 10 10 13 22 1 37 31 
71 9 82 41 37 74 74 51 86 63 27 33 
66 14 77 36 32 69 69 46 81 58 22 28 
16 96 5 46 50 13 13 36 1 24 60 54 
13 67 24 17 21 16 16 7 28 5 31 25 
9 71 20 21 25 12 12 11 24 1 35 29 
10 90 1 40 44 7 7 30 5 18 54 48 
18 62 29 12 16 21 21 2 33 10 26 20 
11 91 0 41 45 8 8 31 4 19 55 49 
55 25 66 25 21 58 58 35 70 47 11 17 

21 59 32 9 13 24 24 1 36 13 23 17 
79 1 90 49 45 82 82 59 94 71 35 41 
71 9 82 41 37 74 74 51 86 63 27 33 
61 19 72 31 27 64 64 41 76 53 17 23 
9 89 2 39 43 6 6 29 6 17 53 47 
11 91 0 41 45 8 8 31 4 19 55 49 
67 13 78 37 33 70 70 47 82 59 23 29 
28 52 39 2 6 31 31 8 43 20 16 10 
40 40 51 10 6 43 43 20 55 32 4 2 
7 73 18 23 27 10 10 13 22 1 37 31 
21 59 32 9 13 24 24 1 36 13 23 17 
26 54 37 4 8 29 29 6 41 18 18 12 

