12 6 

44 75 2 25 15 11 34 3 43 30 30 8 
57 88 15 38 2 2 47 10 56 43 43 5 
9 22 51 28 68 64 19 56 10 23 23 61 
29 60 13 10 30 26 19 18 28 15 15 23 
59 90 17 40 0 4 49 12 58 45 45 7 
28 3 70 47 87 83 38 75 29 42 42 80 
33 64 9 14 26 22 23 14 32 19 19 19 
9 40 33 10 50 46 1 38 8 5 5 43 
12 43 30 7 47 43 2 35 11 2 2 40 
60 91 18 41 1 5 50 13 59 46 46 8 
26 5 68 45 85 81 36 73 27 40 40 78 
22 9 64 41 81 77 32 69 23 36 36 74 

42 4 72 4 52 7 54 70 48 19 14 10 
55 9 85 9 65 6 67 83 61 32 1 23 
11 57 19 57 1 60 1 17 5 34 67 43 
27 19 57 19 37 22 39 55 33 4 29 5 
57 11 87 11 67 8 69 85 63 34 1 25 
30 76 0 76 20 79 18 2 24 53 86 62 
31 15 61 15 41 18 43 59 37 8 25 1 
7 39 37 39 17 42 19 35 13 16 49 25 
10 36 40 36 20 39 22 38 16 13 46 22 
58 12 88 12 68 9 70 86 64 35 2 26 
28 74 2 74 18 77 16 0 22 51 84 60 
24 70 6 70 14 73 12 4 18 47 80 56 

19 18 39 26 43 31 23 10 22 19 13 74 
32 5 52 39 56 44 36 3 35 32 0 87 
34 71 14 27 10 22 30 63 31 34 66 21 
4 33 24 11 28 16 8 25 7 4 28 59 
34 3 54 41 58 46 38 5 37 34 2 89 
53 90 33 46 29 41 49 82 50 53 85 2 
8 29 28 15 32 20 12 21 11 8 24 63 
16 53 4 9 8 4 12 45 13 16 48 39 
13 50 7 6 11 1 9 42 10 13 45 42 
35 2 55 42 59 47 39 6 38 35 3 90 
51 88 31 44 27 39 47 80 48 51 83 4 
47 84 27 40 23 35 43 76 44 47 79 8 

76 20 17 12 47 22 4 76 16 10 46 21 
89 33 4 25 60 35 9 89 3 23 59 34 
23 33 70 41 6 31 57 23 69 43 7 32 
61 5 32 3 32 7 19 61 31 5 31 6 
91 35 2 27 62 37 11 91 1 25 61 36 
4 52 89 60 25 50 76 4 88 62 26 51 
65 9 28 1 36 11 15 65 27 1 35 10 
41 15 52 23 12 13 39 41 51 25 11 14 
44 12 49 20 15 10 36 44 48 22 14 11 
92 36 1 28 63 38 12 92 0 26 62 37 
6 50 87 58 23 48 74 6 86 60 24 49 
10 46 83 54 19 44 70 10 82 56 20 45 

41 27 2 16 72 3 20 2 16 2 3 4 
54 40 11 3 85 10 33 11 29 11 16 17 
12 26 55 69 19 56 33 55 37 55 50 49 
26 12 17 31 57 18 5 17 1 17 12 11 
56 42 13 1 87 12 35 13 31 13 18 19 
31 45 74 88 0 75 52 74 56 74 69 68 
30 16 13 27 61 14 9 13 5 13 8 7 
6 8 37 51 37 38 15 37 19 37 32 31 
9 5 34 48 40 35 12 34 16 34 29 28 
57 43 14 0 88 13 36 14 32 14 19 20 
29 43 72 86 2 73 50 72 54 72 67 66 
25 39 68 82 6 69 46 68 50 68 63 62 

2 48 28 48 8 51 10 26 4 25 58 34 
33 79 3 79 23 82 21 5 27 56 89 65 
40 6 70 6 50 9 52 68 46 17 16 8 
17 29 47 29 27 32 29 45 23 6 39 15 
57 11 87 11 67 8 69 85 63 34 1 25 
53 7 83 7 63 4 65 81 59 30 3 21 
8 38 38 38 18 41 20 36 14 15 48 24 
45 1 75 1 55 4 57 73 51 22 11 13 
1 47 29 47 9 50 11 27 5 24 57 33 
12 34 42 34 22 37 24 40 18 11 44 20 
12 34 42 34 22 37 24 40 18 11 44 20 
50 4 80 4 60 1 62 78 56 27 6 18 

25 62 5 18 1 13 21 54 22 25 57 30 
56 93 36 49 32 44 52 85 53 56 88 1 
17 20 37 24 41 29 21 12 20 17 15 72 
6 43 14 1 18 6 2 35 3 6 38 49 
34 3 54 41 58 46 38 5 37 34 2 89 
30 7 50 37 54 42 34 1 33 30 2 85 
15 52 5 8 9 3 11 44 12 15 47 40 
22 15 42 29 46 34 26 7 25 22 10 77 
24 61 4 17 0 12 20 53 21 24 56 31 
11 48 9 4 13 1 7 40 8 11 43 44 
11 48 9 4 13 1 7 40 8 11 43 44 
27 10 47 34 51 39 31 2 30 27 5 82 

32 24 61 32 3 22 48 32 60 34 2 23 
1 55 92 63 28 53 79 1 91 65 29 54 
74 18 19 10 45 20 6 74 18 8 44 19 
51 5 42 13 22 3 29 51 41 15 21 4 
91 35 2 27 62 37 11 91 1 25 61 36 
87 31 6 23 58 33 7 87 5 21 57 32 
42 14 51 22 13 12 38 42 50 24 12 13 
79 23 14 15 50 25 1 79 13 13 49 24 
33 23 60 31 4 21 47 33 59 33 3 22 
46 10 47 18 17 8 34 46 46 20 16 9 
46 10 47 18 17 8 34 46 46 20 16 9 
84 28 9 20 55 30 4 84 8 18 54 29 

3 17 46 60 28 47 24 46 28 46 41 40 
34 48 77 91 3 78 55 77 59 77 72 71 
39 25 4 18 70 5 18 4 14 4 1 2 
16 2 27 41 47 28 5 27 9 27 22 21 
56 42 13 1 87 12 35 13 31 13 18 19 
52 38 9 5 83 8 31 9 27 9 14 15 
7 7 36 50 38 37 14 36 18 36 31 30 
44 30 1 13 75 0 23 1 19 1 6 7 
2 16 45 59 29 46 23 45 27 45 40 39 
11 3 32 46 42 33 10 32 14 32 27 26 
11 3 32 46 42 33 10 32 14 32 27 26 
49 35 6 8 80 5 28 6 24 6 11 12 

23 60 3 16 1 11 19 52 20 23 55 32 
23 14 43 30 47 35 27 6 26 23 9 78 
53 90 33 46 29 41 49 82 50 53 85 2 
23 14 43 30 47 35 27 6 26 23 9 78 
33 70 13 26 9 21 29 62 30 33 65 22 
26 11 46 33 50 38 30 3 29 26 6 81 
35 72 15 28 11 23 31 64 32 35 67 20 
51 88 31 44 27 39 47 80 48 51 83 4 
29 66 9 22 5 17 25 58 26 29 61 26 
0 37 20 7 24 12 4 29 3 0 32 55 
33 4 53 40 57 45 37 4 36 33 1 88 
9 28 29 16 33 21 13 20 12 9 23 64 

34 22 59 30 5 20 46 34 58 32 4 21 
80 24 13 16 51 26 0 80 12 14 50 25 
4 52 89 60 25 50 76 4 88 62 26 51 
80 24 13 16 51 26 0 80 12 14 50 25 
24 32 69 40 5 30 56 24 68 42 6 31 
83 27 10 19 54 29 3 83 9 17 53 28 
22 34 71 42 7 32 58 22 70 44 8 33 
6 50 87 58 23 48 74 6 86 60 24 49 
28 28 65 36 1 26 52 28 64 38 2 27 
57 1 36 7 28 3 23 57 35 9 27 2 
90 34 3 26 61 36 10 90 2 24 60 35 
66 10 27 2 37 12 14 66 26 0 36 11 

1 15 44 58 30 45 22 44 26 44 39 38 
45 31 2 12 76 1 24 2 20 2 7 8 
31 45 74 88 0 75 52 74 56 74 69 68 
45 31 2 12 76 1 24 2 20 2 7 8 
11 25 54 68 20 55 32 54 36 54 49 48 
48 34 5 9 79 4 27 5 23 5 10 11 
13 27 56 70 18 57 34 56 38 56 51 50 
29 43 72 86 2 73 50 72 54 72 67 66 
7 21 50 64 24 51 28 50 32 50 45 44 
22 8 21 35 53 22 1 21 3 21 16 15 
55 41 12 2 86 11 34 12 30 12 17 18 
31 17 12 26 62 13 10 12 6 12 7 6 

57 1 36 7 28 3 23 57 35 9 27 2 
94 38 1 30 65 40 14 94 2 28 64 39 
37 19 56 27 8 17 43 37 55 29 7 18 
50 6 43 14 21 4 30 50 42 16 20 5 
33 23 60 31 4 21 47 33 59 33 3 22 
45 11 48 19 16 9 35 45 47 21 15 10 
53 3 40 11 24 1 27 53 39 13 23 2 
86 30 7 22 57 32 6 86 6 20 56 31 
54 2 39 10 25 0 26 54 38 12 24 1 
57 1 36 7 28 3 23 57 35 9 27 2 
89 33 4 25 60 35 9 89 3 23 59 34 
2 54 91 62 27 52 78 2 90 64 28 53 

22 8 21 35 53 22 1 21 3 21 16 15 
59 45 16 2 90 15 38 16 34 16 21 22 
2 12 41 55 33 42 19 41 23 41 36 35 
15 1 28 42 46 29 6 28 10 28 23 22 
2 16 45 59 29 46 23 45 27 45 40 39 
10 4 33 47 41 34 11 33 15 33 28 27 
18 4 25 39 49 26 3 25 7 25 20 19 
51 37 8 6 82 7 30 8 26 8 13 14 
19 5 24 38 50 25 2 24 6 24 19 18 
22 8 21 35 53 22 1 21 3 21 16 15 
54 40 11 3 85 10 33 11 29 11 16 17 
33 47 76 90 2 77 54 76 58 76 71 70 

35 49 78 92 4 79 56 78 60 78 73 72 
21 7 22 36 52 23 0 22 4 22 17 16 
58 44 15 1 89 14 37 15 33 15 20 21 
29 15 14 28 60 15 8 14 4 14 9 8 
6 20 49 63 25 50 27 49 31 49 44 43 
19 5 24 38 50 25 2 24 6 24 19 18 
45 31 2 12 76 1 24 2 20 2 7 8 
35 49 78 92 4 79 56 78 60 78 73 72 
57 43 14 0 88 13 36 14 32 14 19 20 
31 17 12 26 62 13 10 12 6 12 7 6 
5 19 48 62 26 49 26 48 30 48 43 42 
20 6 23 37 51 24 1 23 5 23 18 17 

