12 7 

53 29 86 64 55 69 16 64 45 46 69 81 
12 36 21 1 10 4 49 1 20 19 4 16 
25 1 58 36 27 41 12 36 17 18 41 53 
54 30 87 65 56 70 17 65 46 47 70 82 
34 10 67 45 36 50 3 45 26 27 50 62 
1 25 32 10 1 15 38 10 9 8 15 27 
50 26 83 61 52 66 13 61 42 43 66 78 
12 36 21 1 10 4 49 1 20 19 4 16 
22 2 55 33 24 38 15 33 14 15 38 50 
29 53 4 18 27 13 66 18 37 36 13 1 
30 6 63 41 32 46 7 41 22 23 46 58 
50 26 83 61 52 66 13 61 42 43 66 78 

42 73 63 73 81 62 4 8 18 35 89 8 
23 8 2 8 16 3 61 73 47 30 24 57 
14 45 35 45 53 34 24 36 10 7 61 20 
43 74 64 74 82 63 5 7 19 36 90 9 
23 54 44 54 62 43 15 27 1 16 70 11 
12 19 9 19 27 8 50 62 36 19 35 46 
39 70 60 70 78 59 1 11 15 32 86 5 
23 8 2 8 16 3 61 73 47 30 24 57 
11 42 32 42 50 31 27 39 13 4 58 23 
40 9 19 9 1 20 78 90 64 47 7 74 
19 50 40 50 58 39 19 31 5 12 66 15 
39 70 60 70 78 59 1 11 15 32 86 5 

52 71 75 88 18 49 60 17 23 14 48 59 
13 6 10 23 47 16 5 48 42 51 17 6 
24 43 47 60 10 21 32 11 5 14 20 31 
53 72 76 89 19 50 61 18 24 15 49 60 
33 52 56 69 1 30 41 2 4 5 29 40 
2 17 21 34 36 5 6 37 31 40 6 5 
49 68 72 85 15 46 57 14 20 11 45 56 
13 6 10 23 47 16 5 48 42 51 17 6 
21 40 44 57 13 18 29 14 8 17 17 28 
30 11 7 6 64 33 22 65 59 68 34 23 
29 48 52 65 5 26 37 6 0 9 25 36 
49 68 72 85 15 46 57 14 20 11 45 56 

7 2 14 31 81 4 73 73 64 10 2 59 
58 63 51 34 16 61 8 8 1 55 63 6 
21 26 14 3 53 24 45 45 36 18 26 31 
8 3 15 32 82 5 74 74 65 11 3 60 
12 17 5 12 62 15 54 54 45 9 17 40 
47 52 40 23 27 50 19 19 10 44 52 5 
4 1 11 28 78 1 70 70 61 7 1 56 
58 63 51 34 16 61 8 8 1 55 63 6 
24 29 17 0 50 27 42 42 33 21 29 28 
75 80 68 51 1 78 9 9 18 72 80 23 
16 21 9 8 58 19 50 50 41 13 21 36 
4 1 11 28 78 1 70 70 61 7 1 56 

36 52 26 86 2 32 11 42 32 91 51 3 
29 13 39 21 67 33 54 23 33 26 14 68 
8 24 2 58 30 4 17 14 4 63 23 31 
37 53 27 87 1 33 12 43 33 92 52 2 
17 33 7 67 21 13 8 23 13 72 32 22 
18 2 28 32 56 22 43 12 22 37 3 57 
33 49 23 83 5 29 8 39 29 88 48 6 
29 13 39 21 67 33 54 23 33 26 14 68 
5 21 5 55 33 1 20 11 1 60 20 34 
46 30 56 4 84 50 71 40 50 9 31 85 
13 29 3 63 25 9 12 19 9 68 28 26 
33 49 23 83 5 29 8 39 29 88 48 6 

32 9 6 77 22 3 51 27 47 85 29 34 
33 56 71 12 43 68 14 38 18 20 36 31 
4 19 34 49 6 31 23 1 19 57 1 6 
33 10 5 78 23 2 52 28 48 86 30 35 
13 10 25 58 3 22 32 8 28 66 10 15 
22 45 60 23 32 57 3 27 7 31 25 20 
29 6 9 74 19 6 48 24 44 82 26 31 
33 56 71 12 43 68 14 38 18 20 36 31 
1 22 37 46 9 34 20 4 16 54 2 3 
50 73 88 5 60 85 31 55 35 3 53 48 
9 14 29 54 1 26 28 4 24 62 6 11 
29 6 9 74 19 6 48 24 44 82 26 31 

11 20 10 20 28 9 49 61 35 18 36 45 
13 44 34 44 52 33 25 37 11 6 60 21 
44 13 23 13 5 24 82 94 68 51 3 78 
22 9 1 9 17 2 60 72 46 29 25 56 
13 18 8 18 26 7 51 63 37 20 34 47 
27 4 6 4 12 7 65 77 51 34 20 61 
26 57 47 57 65 46 12 24 2 19 73 8 
22 9 1 9 17 2 60 72 46 29 25 56 
3 28 18 28 36 17 41 53 27 10 44 37 
4 27 17 27 35 16 42 54 28 11 43 38 
27 4 6 4 12 7 65 77 51 34 20 61 
39 8 18 8 0 19 77 89 63 46 8 73 

1 18 22 35 35 4 7 36 30 39 5 6 
23 42 46 59 11 20 31 12 6 15 19 30 
34 15 11 2 68 37 26 69 63 72 38 27 
12 7 11 24 46 15 4 47 41 50 16 5 
3 16 20 33 37 6 5 38 32 41 7 4 
17 2 6 19 51 20 9 52 46 55 21 10 
36 55 59 72 2 33 44 1 7 2 32 43 
12 7 11 24 46 15 4 47 41 50 16 5 
7 26 30 43 27 4 15 28 22 31 3 14 
6 25 29 42 28 3 14 29 23 32 2 13 
17 2 6 19 51 20 9 52 46 55 21 10 
29 10 6 7 63 32 21 64 58 67 33 22 

46 51 39 22 28 49 20 20 11 43 51 6 
22 27 15 2 52 25 44 44 35 19 27 30 
79 84 72 55 5 82 13 13 22 76 84 27 
57 62 50 33 17 60 9 9 0 54 62 5 
48 53 41 24 26 51 18 18 9 45 53 4 
62 67 55 38 12 65 4 4 5 59 67 10 
9 14 2 15 65 12 57 57 48 6 14 43 
57 62 50 33 17 60 9 9 0 54 62 5 
38 43 31 14 36 41 28 28 19 35 43 14 
39 44 32 15 35 42 27 27 18 36 44 13 
62 67 55 38 12 65 4 4 5 59 67 10 
74 79 67 50 0 77 8 8 17 71 79 22 

17 1 27 33 55 21 42 11 21 38 2 56 
7 23 3 57 31 3 18 13 3 62 22 32 
50 34 60 0 88 54 75 44 54 5 35 89 
28 12 38 22 66 32 53 22 32 27 13 67 
19 3 29 31 57 23 44 13 23 36 4 58 
33 17 43 17 71 37 58 27 37 22 18 72 
20 36 10 70 18 16 5 26 16 75 35 19 
28 12 38 22 66 32 53 22 32 27 13 67 
9 7 19 41 47 13 34 3 13 46 6 48 
10 6 20 40 48 14 35 4 14 45 5 49 
33 17 43 17 71 37 58 27 37 22 18 72 
45 29 55 5 83 49 70 39 49 10 30 84 

21 44 59 24 31 56 2 26 6 32 24 19 
3 20 35 48 7 32 22 2 18 56 0 5 
54 77 92 9 64 89 35 59 39 1 57 52 
32 55 70 13 42 67 13 37 17 21 35 30 
23 46 61 22 33 58 4 28 8 30 26 21 
37 60 75 8 47 72 18 42 22 16 40 35 
16 7 22 61 6 19 35 11 31 69 13 18 
32 55 70 13 42 67 13 37 17 21 35 30 
13 36 51 32 23 48 6 18 2 40 16 11 
14 37 52 31 24 49 5 19 1 39 17 12 
37 60 75 8 47 72 18 42 22 16 40 35 
49 72 87 4 59 84 30 54 34 4 52 47 

10 29 33 46 24 7 18 25 19 28 6 17 
21 2 2 15 55 24 13 56 50 59 25 14 
11 8 12 25 45 14 3 46 40 49 15 4 
21 2 2 15 55 24 13 56 50 59 25 14 
29 10 6 7 63 32 21 64 58 67 33 22 
10 9 13 26 44 13 2 45 39 48 14 3 
48 67 71 84 14 45 56 13 19 10 44 55 
60 79 83 96 26 57 68 25 31 22 56 67 
34 53 57 70 0 31 42 1 5 4 30 41 
17 36 40 53 17 14 25 18 12 21 13 24 
37 18 14 1 71 40 29 72 66 75 41 30 
44 63 67 80 10 41 52 9 15 6 40 51 

35 40 28 11 39 38 31 31 22 32 40 17 
66 71 59 42 8 69 0 0 9 63 71 14 
56 61 49 32 18 59 10 10 1 53 61 4 
66 71 59 42 8 69 0 0 9 63 71 14 
74 79 67 50 0 77 8 8 17 71 79 22 
55 60 48 31 19 58 11 11 2 52 60 3 
3 2 10 27 77 0 69 69 60 6 2 55 
15 10 22 39 89 12 81 81 72 18 10 67 
11 16 4 13 63 14 55 55 46 8 16 41 
28 33 21 4 46 31 38 38 29 25 33 24 
82 87 75 58 8 85 16 16 25 79 87 30 
1 6 6 23 73 4 65 65 56 2 6 51 

6 10 16 44 44 10 31 0 10 49 9 45 
37 21 47 13 75 41 62 31 41 18 22 76 
27 11 37 23 65 31 52 21 31 28 12 66 
37 21 47 13 75 41 62 31 41 18 22 76 
45 29 55 5 83 49 70 39 49 10 30 84 
26 10 36 24 64 30 51 20 30 29 11 65 
32 48 22 82 6 28 7 38 28 87 47 7 
44 60 34 94 6 40 19 50 40 99 59 5 
18 34 8 68 20 14 7 24 14 73 33 21 
1 17 9 51 37 3 24 7 3 56 16 38 
53 37 63 3 91 57 78 47 57 2 38 92 
28 44 18 78 10 24 3 34 24 83 43 11 

10 33 48 35 20 45 9 15 5 43 13 8 
41 64 79 4 51 76 22 46 26 12 44 39 
31 54 69 14 41 66 12 36 16 22 34 29 
41 64 79 4 51 76 22 46 26 12 44 39 
49 72 87 4 59 84 30 54 34 4 52 47 
30 53 68 15 40 65 11 35 15 23 33 28 
28 5 10 73 18 7 47 23 43 81 25 30 
40 17 2 85 30 5 59 35 55 93 37 42 
14 9 24 59 4 21 33 9 29 67 11 16 
3 26 41 42 13 38 16 8 12 50 6 1 
57 80 95 12 67 92 38 62 42 4 60 55 
24 1 14 69 14 11 43 19 39 77 21 26 

45 50 38 21 29 48 21 21 12 42 50 7 
64 69 57 40 10 67 2 2 7 61 69 12 
68 73 61 44 6 71 2 2 11 65 73 16 
81 86 74 57 7 84 15 15 24 78 86 29 
11 16 4 13 63 14 55 55 46 8 16 41 
42 47 35 18 32 45 24 24 15 39 47 10 
53 58 46 29 21 56 13 13 4 50 58 1 
10 15 3 14 64 13 56 56 47 7 15 42 
16 21 9 8 58 19 50 50 41 13 21 36 
7 12 0 17 67 10 59 59 50 4 12 45 
41 46 34 17 33 44 25 25 16 38 46 11 
52 57 45 28 22 55 14 14 5 49 57 0 

16 0 26 34 54 20 41 10 20 39 1 55 
35 19 45 15 73 39 60 29 39 20 20 74 
39 23 49 11 77 43 64 33 43 16 24 78 
52 36 62 2 90 56 77 46 56 3 37 91 
18 34 8 68 20 14 7 24 14 73 33 21 
13 3 23 37 51 17 38 7 17 42 2 52 
24 8 34 26 62 28 49 18 28 31 9 63 
19 35 9 69 19 15 6 25 15 74 34 20 
13 29 3 63 25 9 12 19 9 68 28 26 
22 38 12 72 16 18 3 28 18 77 37 17 
12 4 22 38 50 16 37 6 16 43 3 51 
23 7 33 27 61 27 48 17 27 32 8 62 

20 43 58 25 30 55 1 25 5 33 23 18 
39 62 77 6 49 74 20 44 24 14 42 37 
43 66 81 2 53 78 24 48 28 10 46 41 
56 79 94 11 66 91 37 61 41 3 59 54 
14 9 24 59 4 21 33 9 29 67 11 16 
17 40 55 28 27 52 2 22 2 36 20 15 
28 51 66 17 38 63 9 33 13 25 31 26 
15 8 23 60 5 20 34 10 30 68 12 17 
9 14 29 54 1 26 28 4 24 62 6 11 
18 5 20 63 8 17 37 13 33 71 15 20 
16 39 54 29 26 51 3 21 1 37 19 14 
27 50 65 18 37 62 8 32 12 26 30 25 

29 45 19 79 9 25 4 35 25 84 44 10 
34 50 24 84 4 30 9 40 30 89 49 5 
22 38 12 72 16 18 3 28 18 77 37 17 
5 21 5 55 33 1 20 11 1 60 20 34 
45 29 55 5 83 49 70 39 49 10 30 84 
32 48 22 82 6 28 7 38 28 87 47 7 
37 21 47 13 75 41 62 31 41 18 22 76 
37 21 47 13 75 41 62 31 41 18 22 76 
28 12 38 22 66 32 53 22 32 27 13 67 
26 42 16 76 12 22 1 32 22 81 41 13 
34 50 24 84 4 30 9 40 30 89 49 5 
23 7 33 27 61 27 48 17 27 32 8 62 

25 2 13 70 15 10 44 20 40 78 22 27 
30 7 8 75 20 5 49 25 45 83 27 32 
18 5 20 63 8 17 37 13 33 71 15 20 
1 22 37 46 9 34 20 4 16 54 2 3 
49 72 87 4 59 84 30 54 34 4 52 47 
28 5 10 73 18 7 47 23 43 81 25 30 
41 64 79 4 51 76 22 46 26 12 44 39 
41 64 79 4 51 76 22 46 26 12 44 39 
32 55 70 13 42 67 13 37 17 21 35 30 
22 1 16 67 12 13 41 17 37 75 19 24 
30 7 8 75 20 5 49 25 45 83 27 32 
27 50 65 18 37 62 8 32 12 26 30 25 

4 27 42 41 14 39 15 9 11 49 7 2 
20 43 58 25 30 55 1 25 5 33 23 18 
6 17 32 51 4 29 25 1 21 59 3 8 
54 77 92 9 64 89 35 59 39 1 57 52 
34 11 4 79 24 1 53 29 49 87 31 36 
0 23 38 45 10 35 19 5 15 53 3 2 
21 2 17 66 11 14 40 16 36 74 18 23 
10 33 48 35 20 45 9 15 5 43 13 8 
0 23 38 45 10 35 19 5 15 53 3 2 
59 82 97 14 69 94 40 64 44 6 62 57 
19 42 57 26 29 54 0 24 4 34 22 17 
35 12 3 80 25 0 54 30 50 88 32 37 

