14 8 

1 25 4 28 19 49 73 2 18 63 63 24 3 62 
29 3 32 0 9 21 45 30 46 35 35 4 31 34 
20 6 23 9 0 30 54 21 37 44 44 5 22 43 
47 21 50 18 27 3 27 48 64 17 17 22 49 16 
59 33 62 30 39 9 15 60 76 5 5 34 61 4 
6 32 3 35 26 56 80 5 11 70 70 31 4 69 
60 34 63 31 40 10 14 61 77 4 4 35 62 3 
7 33 4 36 27 57 81 6 10 71 71 32 5 70 
3 29 0 32 23 53 77 2 14 67 67 28 1 66 
45 19 48 16 25 5 29 46 62 19 19 20 47 18 
19 7 22 10 1 31 55 20 36 45 45 6 21 44 
48 22 51 19 28 2 26 49 65 16 16 23 50 15 
14 40 11 43 34 64 88 13 3 78 78 39 12 77 
31 5 34 2 11 19 43 32 48 33 33 6 33 32 

2 66 19 9 38 51 13 31 60 49 80 9 5 13 
30 38 9 37 10 23 41 3 32 21 52 19 23 15 
21 47 0 28 19 32 32 12 41 30 61 10 14 6 
48 20 27 55 8 5 59 15 14 3 34 37 41 33 
60 8 39 67 20 7 71 27 2 9 22 49 53 45 
5 73 26 2 45 58 6 38 67 56 87 16 12 20 
61 7 40 68 21 8 72 28 1 10 21 50 54 46 
6 74 27 1 46 59 5 39 68 57 88 17 13 21 
2 70 23 5 42 55 9 35 64 53 84 13 9 17 
46 22 25 53 6 7 57 13 16 5 36 35 39 31 
20 48 1 27 20 33 31 13 42 31 62 9 13 5 
49 19 28 56 9 4 60 16 13 2 33 38 42 34 
13 81 34 6 53 66 2 46 75 64 95 24 20 28 
32 36 11 39 8 21 43 1 30 19 50 21 25 17 

78 23 67 31 55 14 6 43 56 9 41 16 15 69 
50 5 39 3 27 42 34 15 28 19 13 44 43 41 
59 4 48 12 36 33 25 24 37 10 22 35 34 50 
32 23 21 15 9 60 52 3 10 37 5 62 61 23 
20 35 9 27 3 72 64 15 2 49 17 74 73 11 
85 30 74 38 62 7 1 50 63 16 48 9 8 76 
19 36 8 28 4 73 65 16 3 50 18 75 74 10 
86 31 75 39 63 6 2 51 64 17 49 8 7 77 
82 27 71 35 59 10 2 47 60 13 45 12 11 73 
34 21 23 13 11 58 50 1 12 35 3 60 59 25 
60 5 49 13 37 32 24 25 38 9 23 34 33 51 
31 24 20 16 8 61 53 4 9 38 6 63 62 22 
93 38 82 46 70 1 9 58 71 24 56 1 0 84 
48 7 37 1 25 44 36 13 26 21 11 46 45 39 

13 3 15 7 53 2 63 51 75 26 13 5 3 67 
41 31 13 21 25 30 35 23 47 2 41 23 31 39 
32 22 4 12 34 21 44 32 56 7 32 14 22 48 
59 49 31 39 7 48 17 5 29 20 59 41 49 21 
71 61 43 51 5 60 5 7 17 32 71 53 61 9 
6 4 22 14 60 5 70 58 82 33 6 12 4 74 
72 62 44 52 6 61 4 8 16 33 72 54 62 8 
5 5 23 15 61 6 71 59 83 34 5 13 5 75 
9 1 19 11 57 2 67 55 79 30 9 9 1 71 
57 47 29 37 9 46 19 7 31 18 57 39 47 23 
31 21 3 11 35 20 45 33 57 8 31 13 21 49 
60 50 32 40 6 49 16 4 28 21 60 42 50 20 
2 12 30 22 68 13 78 66 90 41 2 20 12 82 
43 33 15 23 23 32 33 21 45 4 43 25 33 37 

76 49 39 53 44 12 63 73 39 28 1 59 12 74 
48 21 11 25 16 16 35 45 11 0 27 31 16 46 
57 30 20 34 25 7 44 54 20 9 18 40 7 55 
30 3 7 7 2 34 17 27 7 18 45 13 34 28 
18 9 19 5 14 46 5 15 19 30 57 1 46 16 
83 56 46 60 51 19 70 80 46 35 8 66 19 81 
17 10 20 6 15 47 4 14 20 31 58 0 47 15 
84 57 47 61 52 20 71 81 47 36 9 67 20 82 
80 53 43 57 48 16 67 77 43 32 5 63 16 78 
32 5 5 9 0 32 19 29 5 16 43 15 32 30 
58 31 21 35 26 6 45 55 21 10 17 41 6 56 
29 2 8 6 3 35 16 26 8 19 46 12 35 27 
91 64 54 68 59 27 78 88 54 43 16 74 27 89 
46 19 9 23 14 18 33 43 9 2 29 29 18 44 

70 4 32 8 13 77 81 58 3 58 54 50 46 7 
42 24 4 20 15 49 53 30 31 30 26 22 18 21 
51 15 13 11 6 58 62 39 22 39 35 31 27 12 
24 42 14 38 33 31 35 12 49 12 8 4 0 39 
12 54 26 50 45 19 23 0 61 0 4 8 12 51 
77 11 39 15 20 84 88 65 4 65 61 57 53 14 
11 55 27 51 46 18 22 1 62 1 5 9 13 52 
78 12 40 16 21 85 89 66 5 66 62 58 54 15 
74 8 36 12 17 81 85 62 1 62 58 54 50 11 
26 40 12 36 31 33 37 14 47 14 10 6 2 37 
52 14 14 10 5 59 63 40 21 40 36 32 28 11 
23 43 15 39 34 30 34 11 50 11 7 3 1 40 
85 19 47 23 28 92 96 73 12 73 69 65 61 22 
40 26 2 22 17 47 51 28 33 28 24 20 16 23 

58 5 63 15 22 13 4 17 17 11 8 32 20 51 
30 33 35 13 6 15 24 45 45 17 20 4 8 23 
39 24 44 4 3 6 15 36 36 8 11 13 1 32 
12 51 17 31 24 33 42 63 63 35 38 14 26 5 
0 63 5 43 36 45 54 75 75 47 50 26 38 7 
65 2 70 22 29 20 11 10 10 18 15 39 27 58 
1 64 4 44 37 46 55 76 76 48 51 27 39 8 
66 3 71 23 30 21 12 9 9 19 16 40 28 59 
62 1 67 19 26 17 8 13 13 15 12 36 24 55 
14 49 19 29 22 31 40 61 61 33 36 12 24 7 
40 23 45 3 4 5 14 35 35 7 10 14 2 33 
11 52 16 32 25 34 43 64 64 36 39 15 27 4 
73 10 78 30 37 28 19 2 2 26 23 47 35 66 
28 35 33 15 8 17 26 47 47 19 22 2 10 21 

1 67 20 8 39 52 12 32 61 50 81 10 6 14 
27 41 6 34 13 26 38 6 35 24 55 16 20 12 
2 70 23 5 42 55 9 35 64 53 84 13 9 17 
30 38 9 37 10 23 41 3 32 21 52 19 23 15 
21 47 0 28 19 32 32 12 41 30 61 10 14 6 
51 17 30 58 11 2 62 18 11 0 31 40 44 36 
75 7 54 82 35 22 86 42 13 24 7 64 68 60 
0 68 21 7 40 53 11 33 62 51 82 11 7 15 
16 84 37 9 56 69 5 49 78 67 98 27 23 31 
65 3 44 72 25 12 76 32 3 14 17 54 58 50 
65 3 44 72 25 12 76 32 3 14 17 54 58 50 
26 42 5 33 14 27 37 7 36 25 56 15 19 11 
1 69 22 6 41 54 10 34 63 52 83 12 8 16 
64 4 43 71 24 11 75 31 2 13 18 53 57 49 

79 24 68 32 56 13 5 44 57 10 42 15 14 70 
53 2 42 6 30 39 31 18 31 16 16 41 40 44 
82 27 71 35 59 10 2 47 60 13 45 12 11 73 
50 5 39 3 27 42 34 15 28 19 13 44 43 41 
59 4 48 12 36 33 25 24 37 10 22 35 34 50 
29 26 18 18 6 63 55 6 7 40 8 65 64 20 
5 50 6 42 18 87 79 30 17 64 32 89 88 4 
80 25 69 33 57 12 4 45 58 11 43 14 13 71 
96 41 85 49 73 4 12 61 74 27 59 2 3 87 
15 40 4 32 8 77 69 20 7 54 22 79 78 6 
15 40 4 32 8 77 69 20 7 54 22 79 78 6 
54 1 43 7 31 38 30 19 32 15 17 40 39 45 
81 26 70 34 58 11 3 46 59 12 44 13 12 72 
16 39 5 31 7 76 68 19 6 53 21 78 77 7 

12 2 16 8 54 1 64 52 76 27 12 6 2 68 
38 28 10 18 28 27 38 26 50 1 38 20 28 42 
9 1 19 11 57 2 67 55 79 30 9 9 1 71 
41 31 13 21 25 30 35 23 47 2 41 23 31 39 
32 22 4 12 34 21 44 32 56 7 32 14 22 48 
62 52 34 42 4 51 14 2 26 23 62 44 52 18 
86 76 58 66 20 75 10 22 2 47 86 68 76 6 
11 1 17 9 55 0 65 53 77 28 11 7 1 69 
5 15 33 25 71 16 81 69 93 44 5 23 15 85 
76 66 48 56 10 65 0 12 12 37 76 58 66 4 
76 66 48 56 10 65 0 12 12 37 76 58 66 4 
37 27 9 17 29 26 39 27 51 2 37 19 27 43 
10 0 18 10 56 1 66 54 78 29 10 8 0 70 
75 65 47 55 9 64 1 11 13 36 75 57 65 5 

77 50 40 54 45 13 64 74 40 29 2 60 13 75 
51 24 14 28 19 13 38 48 14 3 24 34 13 49 
80 53 43 57 48 16 67 77 43 32 5 63 16 78 
48 21 11 25 16 16 35 45 11 0 27 31 16 46 
57 30 20 34 25 7 44 54 20 9 18 40 7 55 
27 0 10 4 5 37 14 24 10 21 48 10 37 25 
3 24 34 20 29 61 10 0 34 45 72 14 61 1 
78 51 41 55 46 14 65 75 41 30 3 61 14 76 
94 67 57 71 62 30 81 91 57 46 19 77 30 92 
13 14 24 10 19 51 0 10 24 35 62 4 51 11 
13 14 24 10 19 51 0 10 24 35 62 4 51 11 
52 25 15 29 20 12 39 49 15 4 23 35 12 50 
79 52 42 56 47 15 66 76 42 31 4 62 15 77 
14 13 23 9 18 50 1 11 23 34 61 3 50 12 

71 5 33 9 14 78 82 59 2 59 55 51 47 8 
45 21 7 17 12 52 56 33 28 33 29 25 21 18 
74 8 36 12 17 81 85 62 1 62 58 54 50 11 
42 24 4 20 15 49 53 30 31 30 26 22 18 21 
51 15 13 11 6 58 62 39 22 39 35 31 27 12 
21 45 17 41 36 28 32 9 52 9 5 1 3 42 
3 69 41 65 60 4 8 15 76 15 19 23 27 66 
72 6 34 10 15 79 83 60 1 60 56 52 48 9 
88 22 50 26 31 95 99 76 15 76 72 68 64 25 
7 59 31 55 50 14 18 5 66 5 9 13 17 56 
7 59 31 55 50 14 18 5 66 5 9 13 17 56 
46 20 8 16 11 53 57 34 27 34 30 26 22 17 
73 7 35 11 16 80 84 61 0 61 57 53 49 10 
8 58 30 54 49 15 19 4 65 4 8 12 16 55 

59 4 64 16 23 14 5 16 16 12 9 33 21 52 
33 30 38 10 3 12 21 42 42 14 17 7 5 26 
62 1 67 19 26 17 8 13 13 15 12 36 24 55 
30 33 35 13 6 15 24 45 45 17 20 4 8 23 
39 24 44 4 3 6 15 36 36 8 11 13 1 32 
9 54 14 34 27 36 45 66 66 38 41 17 29 2 
15 78 10 58 51 60 69 90 90 62 65 41 53 22 
60 3 65 17 24 15 6 15 15 13 10 34 22 53 
76 13 81 33 40 31 22 1 1 29 26 50 38 69 
5 68 0 48 41 50 59 80 80 52 55 31 43 12 
5 68 0 48 41 50 59 80 80 52 55 31 43 12 
34 29 39 9 2 11 20 41 41 13 16 8 4 27 
61 2 66 18 25 16 7 14 14 14 11 35 23 54 
4 67 1 47 40 49 58 79 79 51 54 30 42 11 

80 25 69 33 57 12 4 45 58 11 43 14 13 71 
12 43 1 35 11 80 72 23 10 57 25 82 81 3 
59 4 48 12 36 33 25 24 37 10 22 35 34 50 
87 32 76 40 64 5 3 52 65 18 50 7 6 78 
40 15 29 7 17 52 44 5 18 29 3 54 53 31 
27 28 16 20 4 65 57 8 5 42 10 67 66 18 
91 36 80 44 68 1 7 56 69 22 54 3 2 82 
47 8 36 0 24 45 37 12 25 22 10 47 46 38 
18 37 7 29 5 74 66 17 4 51 19 76 75 9 
29 26 18 18 6 63 55 6 7 40 8 65 64 20 
2 57 13 49 25 94 86 37 24 71 39 96 95 11 
69 14 58 22 46 23 15 34 47 0 32 25 24 60 
73 18 62 26 50 19 11 38 51 4 36 21 20 64 
65 10 54 18 42 27 19 30 43 4 28 29 28 56 

11 1 17 9 55 0 65 53 77 28 11 7 1 69 
79 69 51 59 13 68 3 15 9 40 79 61 69 1 
32 22 4 12 34 21 44 32 56 7 32 14 22 48 
4 6 24 16 62 7 72 60 84 35 4 14 6 76 
51 41 23 31 15 40 25 13 37 12 51 33 41 29 
64 54 36 44 2 53 12 0 24 25 64 46 54 16 
0 10 28 20 66 11 76 64 88 39 0 18 10 80 
44 34 16 24 22 33 32 20 44 5 44 26 34 36 
73 63 45 53 7 62 3 9 15 34 73 55 63 7 
62 52 34 42 4 51 14 2 26 23 62 44 52 18 
93 83 65 73 27 82 17 29 5 54 93 75 83 13 
22 12 6 2 44 11 54 42 66 17 22 4 12 58 
18 8 10 2 48 7 58 46 70 21 18 0 8 62 
26 16 2 6 40 15 50 38 62 13 26 8 16 54 

78 51 41 55 46 14 65 75 41 30 3 61 14 76 
10 17 27 13 22 54 3 7 27 38 65 7 54 8 
57 30 20 34 25 7 44 54 20 9 18 40 7 55 
85 58 48 62 53 21 72 82 48 37 10 68 21 83 
38 11 1 15 6 26 25 35 1 10 37 21 26 36 
25 2 12 2 7 39 12 22 12 23 50 8 39 23 
89 62 52 66 57 25 76 86 52 41 14 72 25 87 
45 18 8 22 13 19 32 42 8 3 30 28 19 43 
16 11 21 7 16 48 3 13 21 32 59 1 48 14 
27 0 10 4 5 37 14 24 10 21 48 10 37 25 
4 31 41 27 36 68 17 7 41 52 79 21 68 6 
67 40 30 44 35 3 54 64 30 19 8 50 3 65 
71 44 34 48 39 7 58 68 34 23 4 54 7 69 
63 36 26 40 31 1 50 60 26 15 12 46 1 61 

72 6 34 10 15 79 83 60 1 60 56 52 48 9 
4 62 34 58 53 11 15 8 69 8 12 16 20 59 
51 15 13 11 6 58 62 39 22 39 35 31 27 12 
79 13 41 17 22 86 90 67 6 67 63 59 55 16 
32 34 6 30 25 39 43 20 41 20 16 12 8 31 
19 47 19 43 38 26 30 7 54 7 3 1 5 44 
83 17 45 21 26 90 94 71 10 71 67 63 59 20 
39 27 1 23 18 46 50 27 34 27 23 19 15 24 
10 56 28 52 47 17 21 2 63 2 6 10 14 53 
21 45 17 41 36 28 32 9 52 9 5 1 3 42 
10 76 48 72 67 3 1 22 83 22 26 30 34 73 
61 5 23 1 4 68 72 49 12 49 45 41 37 2 
65 1 27 3 8 72 76 53 8 53 49 45 41 2 
57 9 19 5 0 64 68 45 16 45 41 37 33 6 

60 3 65 17 24 15 6 15 15 13 10 34 22 53 
8 71 3 51 44 53 62 83 83 55 58 34 46 15 
39 24 44 4 3 6 15 36 36 8 11 13 1 32 
67 4 72 24 31 22 13 8 8 20 17 41 29 60 
20 43 25 23 16 25 34 55 55 27 30 6 18 13 
7 56 12 36 29 38 47 68 68 40 43 19 31 0 
71 8 76 28 35 26 17 4 4 24 21 45 33 64 
27 36 32 16 9 18 27 48 48 20 23 1 11 20 
2 65 3 45 38 47 56 77 77 49 52 28 40 9 
9 54 14 34 27 36 45 66 66 38 41 17 29 2 
22 85 17 65 58 67 76 97 97 69 72 48 60 29 
49 14 54 6 13 4 5 26 26 2 1 23 11 42 
53 10 58 10 17 8 1 22 22 6 3 27 15 46 
45 18 50 2 9 0 9 30 30 2 5 19 7 38 

91 81 63 71 25 80 15 27 3 52 91 73 81 11 
36 26 8 16 30 25 40 28 52 3 36 18 26 44 
80 70 52 60 14 69 4 16 8 41 80 62 70 0 
44 34 16 24 22 33 32 20 44 5 44 26 34 36 
68 58 40 48 2 57 8 4 20 29 68 50 58 12 
1 11 29 21 67 12 77 65 89 40 1 19 11 81 
7 3 21 13 59 4 69 57 81 32 7 11 3 73 
56 46 28 36 10 45 20 8 32 17 56 38 46 24 
69 59 41 49 3 58 7 5 19 30 69 51 59 11 
22 12 6 2 44 11 54 42 66 17 22 4 12 58 
54 44 26 34 12 43 22 10 34 15 54 36 44 26 
3 13 31 23 69 14 79 67 91 42 3 21 13 83 
2 12 30 22 68 13 78 66 90 41 2 20 12 82 
82 72 54 62 16 71 6 18 6 43 82 64 72 2 

2 29 39 25 34 66 15 5 39 50 77 19 66 4 
53 26 16 30 21 11 40 50 16 5 22 36 11 51 
9 18 28 14 23 55 4 6 28 39 66 8 55 7 
45 18 8 22 13 19 32 42 8 3 30 28 19 43 
21 6 16 2 11 43 8 18 16 27 54 4 43 19 
90 63 53 67 58 26 77 87 53 42 15 73 26 88 
82 55 45 59 50 18 69 79 45 34 7 65 18 80 
33 6 4 10 1 31 20 30 4 15 42 16 31 31 
20 7 17 3 12 44 7 17 17 28 55 3 44 18 
67 40 30 44 35 3 54 64 30 19 8 50 3 65 
35 8 2 12 3 29 22 32 2 13 40 18 29 33 
92 65 55 69 60 28 79 89 55 44 17 75 28 90 
91 64 54 68 59 27 78 88 54 43 16 74 27 89 
7 20 30 16 25 57 6 4 30 41 68 10 57 5 

8 74 46 70 65 1 3 20 81 20 24 28 32 71 
47 19 9 15 10 54 58 35 26 35 31 27 23 16 
3 63 35 59 54 10 14 9 70 9 13 17 21 60 
39 27 1 23 18 46 50 27 34 27 23 19 15 24 
15 51 23 47 42 22 26 3 58 3 1 5 9 48 
84 18 46 22 27 91 95 72 11 72 68 64 60 21 
76 10 38 14 19 83 87 64 3 64 60 56 52 13 
27 39 11 35 30 34 38 15 46 15 11 7 3 36 
14 52 24 48 43 21 25 2 59 2 2 6 10 49 
61 5 23 1 4 68 72 49 12 49 45 41 37 2 
29 37 9 33 28 36 40 17 44 17 13 9 5 34 
86 20 48 24 29 93 97 74 13 74 70 66 62 23 
85 19 47 23 28 92 96 73 12 73 69 65 61 22 
1 65 37 61 56 8 12 11 72 11 15 19 23 62 

20 83 15 63 56 65 74 95 95 67 70 46 58 27 
35 28 40 8 1 10 19 40 40 12 15 9 3 28 
9 72 4 52 45 54 63 84 84 56 59 35 47 16 
27 36 32 16 9 18 27 48 48 20 23 1 11 20 
3 60 8 40 33 42 51 72 72 44 47 23 35 4 
72 9 77 29 36 27 18 3 3 25 22 46 34 65 
64 1 69 21 28 19 10 11 11 17 14 38 26 57 
15 48 20 28 21 30 39 60 60 32 35 11 23 8 
2 61 7 41 34 43 52 73 73 45 48 24 36 5 
49 14 54 6 13 4 5 26 26 2 1 23 11 42 
17 46 22 26 19 28 37 58 58 30 33 9 21 10 
74 11 79 31 38 29 20 1 1 27 24 48 36 67 
73 10 78 30 37 28 19 2 2 26 23 47 35 66 
11 74 6 54 47 56 65 86 86 58 61 37 49 18 

89 62 52 66 57 25 76 86 52 41 14 72 25 87 
79 52 42 56 47 15 66 76 42 31 4 62 15 77 
61 34 24 38 29 3 48 58 24 13 14 44 3 59 
69 42 32 46 37 5 56 66 32 21 6 52 5 67 
23 4 14 0 9 41 10 20 14 25 52 6 41 21 
78 51 41 55 46 14 65 75 41 30 3 61 14 76 
13 14 24 10 19 51 0 10 24 35 62 4 51 11 
25 2 12 2 7 39 12 22 12 23 50 8 39 23 
1 26 36 22 31 63 12 2 36 47 74 16 63 1 
50 23 13 27 18 14 37 47 13 2 25 33 14 48 
89 62 52 66 57 25 76 86 52 41 14 72 25 87 
71 44 34 48 39 7 58 68 34 23 4 54 7 69 
79 52 42 56 47 15 66 76 42 31 4 62 15 77 
9 18 28 14 23 55 4 6 28 39 66 8 55 7 

83 17 45 21 26 90 94 71 10 71 67 63 59 20 
73 7 35 11 16 80 84 61 0 61 57 53 49 10 
55 11 17 7 2 62 66 43 18 43 39 35 31 8 
63 3 25 1 6 70 74 51 10 51 47 43 39 0 
17 49 21 45 40 24 28 5 56 5 1 3 7 46 
72 6 34 10 15 79 83 60 1 60 56 52 48 9 
7 59 31 55 50 14 18 5 66 5 9 13 17 56 
19 47 19 43 38 26 30 7 54 7 3 1 5 44 
5 71 43 67 62 2 6 17 78 17 21 25 29 68 
44 22 6 18 13 51 55 32 29 32 28 24 20 19 
83 17 45 21 26 90 94 71 10 71 67 63 59 20 
65 1 27 3 8 72 76 53 8 53 49 45 41 2 
73 7 35 11 16 80 84 61 0 61 57 53 49 10 
3 63 35 59 54 10 14 9 70 9 13 17 21 60 

71 8 76 28 35 26 17 4 4 24 21 45 33 64 
61 2 66 18 25 16 7 14 14 14 11 35 23 54 
43 20 48 0 7 2 11 32 32 4 7 17 5 36 
51 12 56 8 15 6 3 24 24 4 1 25 13 44 
5 58 10 38 31 40 49 70 70 42 45 21 33 2 
60 3 65 17 24 15 6 15 15 13 10 34 22 53 
5 68 0 48 41 50 59 80 80 52 55 31 43 12 
7 56 12 36 29 38 47 68 68 40 43 19 31 0 
17 80 12 60 53 62 71 92 92 64 67 43 55 24 
32 31 37 11 4 13 22 43 43 15 18 6 6 25 
71 8 76 28 35 26 17 4 4 24 21 45 33 64 
53 10 58 10 17 8 1 22 22 6 3 27 15 46 
61 2 66 18 25 16 7 14 14 14 11 35 23 54 
9 72 4 52 45 54 63 84 84 56 59 35 47 16 

6 72 44 68 63 1 5 18 79 18 22 26 30 69 
21 45 17 41 36 28 32 9 52 9 5 1 3 42 
31 35 7 31 26 38 42 19 42 19 15 11 7 32 
17 49 21 45 40 24 28 5 56 5 1 3 7 46 
26 40 12 36 31 33 37 14 47 14 10 6 2 37 
58 8 20 4 1 65 69 46 15 46 42 38 34 5 
7 59 31 55 50 14 18 5 66 5 9 13 17 56 
3 69 41 65 60 4 8 15 76 15 19 23 27 66 
31 35 7 31 26 38 42 19 42 19 15 11 7 32 
42 24 4 20 15 49 53 30 31 30 26 22 18 21 
69 3 31 7 12 76 80 57 4 57 53 49 45 6 
11 55 27 51 46 18 22 1 62 1 5 9 13 52 
58 8 20 4 1 65 69 46 15 46 42 38 34 5 
4 70 42 66 61 3 7 16 77 16 20 24 28 67 

18 81 13 61 54 63 72 93 93 65 68 44 56 25 
9 54 14 34 27 36 45 66 66 38 41 17 29 2 
19 44 24 24 17 26 35 56 56 28 31 7 19 12 
5 58 10 38 31 40 49 70 70 42 45 21 33 2 
14 49 19 29 22 31 40 61 61 33 36 12 24 7 
46 17 51 3 10 1 8 29 29 1 4 20 8 39 
5 68 0 48 41 50 59 80 80 52 55 31 43 12 
15 78 10 58 51 60 69 90 90 62 65 41 53 22 
19 44 24 24 17 26 35 56 56 28 31 7 19 12 
30 33 35 13 6 15 24 45 45 17 20 4 8 23 
57 6 62 14 21 12 3 18 18 10 7 31 19 50 
1 64 4 44 37 46 55 76 76 48 51 27 39 8 
46 17 51 3 10 1 8 29 29 1 4 20 8 39 
16 79 11 59 52 61 70 91 91 63 66 42 54 23 

12 75 7 55 48 57 66 87 87 59 62 38 50 19 
54 9 59 11 18 9 0 21 21 7 4 28 16 47 
26 37 31 17 10 19 28 49 49 21 24 0 12 19 
50 13 55 7 14 5 4 25 25 3 0 24 12 43 
45 18 50 2 9 0 9 30 30 2 5 19 7 38 
19 82 14 62 55 64 73 94 94 66 69 45 57 26 
23 86 18 66 59 68 77 98 98 70 73 49 61 30 
0 63 5 43 36 45 54 75 75 47 50 26 38 7 
61 2 66 18 25 16 7 14 14 14 11 35 23 54 
0 63 5 43 36 45 54 75 75 47 50 26 38 7 
4 59 9 39 32 41 50 71 71 43 46 22 34 3 
8 55 13 35 28 37 46 67 67 39 42 18 30 1 
12 51 17 31 24 33 42 63 63 35 38 14 26 5 
51 12 56 8 15 6 3 24 24 4 1 25 13 44 

