9 8 

8 35 46 29 12 16 1 38 4 
45 2 9 66 25 53 36 75 33 
10 53 64 11 30 2 19 20 22 
4 47 58 17 24 4 13 26 16 
21 64 75 0 41 13 30 9 33 
35 78 89 14 55 27 44 5 47 
1 42 53 22 19 9 8 31 11 
11 32 43 32 9 19 2 41 1 
29 14 25 50 9 37 20 59 17 

5 11 19 5 16 34 37 39 2 
32 48 56 32 21 3 74 76 39 
23 7 1 23 34 52 19 21 16 
17 1 7 17 28 46 25 27 10 
34 18 10 34 45 63 8 10 27 
48 32 24 48 59 77 6 4 41 
12 4 12 12 23 41 30 32 5 
2 14 22 2 13 31 40 42 5 
16 32 40 16 5 13 58 60 23 

39 38 30 6 22 34 47 22 42 
2 1 67 31 59 71 84 59 79 
57 56 12 24 4 16 29 4 24 
51 50 18 18 10 22 35 10 30 
68 67 1 35 7 5 18 7 13 
82 81 13 49 21 9 4 21 1 
46 45 23 13 15 27 40 15 35 
36 35 33 3 25 37 50 25 45 
18 17 51 15 43 55 68 43 63 

11 10 31 2 22 15 2 27 13 
26 27 6 35 59 52 39 64 50 
29 28 49 20 4 3 16 9 5 
23 22 43 14 10 3 10 15 1 
40 39 60 31 7 14 27 2 16 
54 53 74 45 21 28 41 16 30 
18 17 38 9 15 8 5 20 6 
8 7 28 1 25 18 5 30 16 
10 11 10 19 43 36 23 48 34 

34 36 8 12 49 32 36 9 4 
71 73 29 49 12 69 73 46 33 
16 18 26 6 67 14 18 9 22 
22 24 20 0 61 20 24 3 16 
5 7 37 17 78 3 7 20 33 
9 7 51 31 92 11 7 34 47 
27 29 15 5 56 25 29 2 11 
37 39 5 15 46 35 39 12 1 
55 57 13 33 28 53 57 30 17 

45 23 25 35 36 13 25 10 7 
8 14 62 2 1 24 12 27 44 
63 41 7 53 54 31 43 28 11 
57 35 13 47 48 25 37 22 5 
74 52 4 64 65 42 54 39 22 
88 66 18 78 79 56 68 53 36 
52 30 18 42 43 20 32 17 0 
42 20 28 32 33 10 22 7 10 
24 2 46 14 15 8 4 11 28 

7 44 38 38 20 46 24 14 3 
30 7 75 75 17 83 13 23 34 
25 62 20 20 38 28 42 32 21 
19 56 26 26 32 34 36 26 15 
36 73 9 9 49 17 53 43 32 
50 87 5 5 63 3 67 57 46 
14 51 31 31 27 39 31 21 10 
4 41 41 41 17 49 21 11 0 
14 23 59 59 1 67 3 7 18 

13 3 11 13 24 42 29 31 6 
30 46 54 30 19 1 72 74 37 
41 57 65 41 30 12 83 85 48 
34 18 10 34 45 63 8 10 27 
7 23 31 7 4 22 49 51 14 
21 5 3 21 32 50 21 23 14 
4 12 20 4 15 33 38 40 3 
43 27 19 43 54 72 1 1 36 
1 15 23 1 12 30 41 43 6 

47 46 22 14 14 26 39 14 34 
4 3 65 29 57 69 82 57 77 
7 8 76 40 68 80 93 68 88 
68 67 1 35 7 5 18 7 13 
27 26 42 6 34 46 59 34 54 
55 54 14 22 6 18 31 6 26 
38 37 31 5 23 35 48 23 43 
77 76 8 44 16 4 9 16 4 
35 34 34 2 26 38 51 26 46 

19 18 39 10 14 7 6 19 5 
24 25 4 33 57 50 37 62 48 
35 36 15 44 68 61 48 73 59 
40 39 60 31 7 14 27 2 16 
1 2 19 10 34 27 14 39 25 
27 26 47 18 6 1 14 11 3 
10 9 30 1 23 16 3 28 14 
49 48 69 40 16 23 36 11 25 
7 6 27 2 26 19 6 31 17 

26 28 16 4 57 24 28 1 12 
69 71 27 47 14 67 71 44 31 
80 82 38 58 3 78 82 55 42 
5 7 37 17 78 3 7 20 33 
46 48 4 24 37 44 48 21 8 
18 20 24 4 65 16 20 7 20 
35 37 7 13 48 33 37 10 3 
4 2 46 26 87 6 2 29 42 
38 40 4 16 45 36 40 13 0 

53 31 17 43 44 21 33 18 1 
10 12 60 0 1 22 10 25 42 
1 23 71 11 10 33 21 36 53 
74 52 4 64 65 42 54 39 22 
33 11 37 23 24 1 13 2 19 
61 39 9 51 52 29 41 26 9 
44 22 26 34 35 12 24 9 8 
83 61 13 73 74 51 63 48 31 
41 19 29 31 32 9 21 6 11 

15 52 30 30 28 38 32 22 11 
28 9 73 73 15 81 11 21 32 
39 2 84 84 26 92 22 32 43 
36 73 9 9 49 17 53 43 32 
5 32 50 50 8 58 12 2 9 
23 60 22 22 36 30 40 30 19 
6 43 39 39 19 47 23 13 2 
45 82 0 0 58 8 62 52 41 
3 40 42 42 16 50 20 10 1 

34 33 35 1 27 39 52 27 47 
50 49 19 17 11 23 36 11 31 
58 57 11 25 3 15 28 3 23 
34 33 35 1 27 39 52 27 47 
23 22 46 10 38 50 63 38 58 
5 4 64 28 56 68 81 56 76 
76 75 7 43 15 3 10 15 5 
78 77 9 45 17 5 8 17 3 
41 40 28 8 20 32 45 20 40 

6 5 26 3 27 20 7 32 18 
22 21 42 13 11 4 9 16 2 
30 29 50 21 3 4 17 8 6 
6 5 26 3 27 20 7 32 18 
5 6 15 14 38 31 18 43 29 
23 24 3 32 56 49 36 61 47 
48 47 68 39 15 22 35 10 24 
50 49 70 41 17 24 37 12 26 
13 12 33 4 20 13 0 25 11 

39 41 3 17 44 37 41 14 1 
23 25 19 1 60 21 25 2 15 
15 17 27 7 68 13 17 10 23 
39 41 3 17 44 37 41 14 1 
50 52 8 28 33 48 52 25 12 
68 70 26 46 15 66 70 43 30 
3 1 45 25 86 5 1 28 41 
5 3 47 27 88 7 3 30 43 
32 34 10 10 51 30 34 7 6 

40 18 30 30 31 8 20 5 12 
56 34 14 46 47 24 36 21 4 
64 42 6 54 55 32 44 29 12 
40 18 30 30 31 8 20 5 12 
29 7 41 19 20 3 9 6 23 
11 11 59 1 2 21 9 24 41 
82 60 12 72 73 50 62 47 30 
84 62 14 74 75 52 64 49 32 
47 25 23 37 38 15 27 12 5 

2 39 43 43 15 51 19 9 2 
18 55 27 27 31 35 35 25 14 
26 63 19 19 39 27 43 33 22 
2 39 43 43 15 51 19 9 2 
9 28 54 54 4 62 8 2 13 
27 10 72 72 14 80 10 20 31 
44 81 1 1 57 9 61 51 40 
46 83 1 1 59 7 63 53 42 
9 46 36 36 22 44 26 16 5 

28 29 8 37 61 54 41 66 52 
27 28 7 36 60 53 40 65 51 
41 40 61 32 8 15 28 3 17 
5 4 25 4 28 21 8 33 19 
33 32 53 24 0 7 20 5 9 
45 44 65 36 12 19 32 7 21 
58 57 78 49 25 32 45 20 34 
33 32 53 24 0 7 20 5 9 
53 52 73 44 20 27 40 15 29 

73 75 31 51 10 71 75 48 35 
72 74 30 50 11 70 74 47 34 
4 6 38 18 79 2 6 21 34 
40 42 2 18 43 38 42 15 2 
12 14 30 10 71 10 14 13 26 
0 2 42 22 83 2 2 25 38 
13 11 55 35 96 15 11 38 51 
12 14 30 10 71 10 14 13 26 
8 6 50 30 91 10 6 33 46 

6 16 64 4 3 26 14 29 46 
7 15 63 3 2 25 13 28 45 
75 53 5 65 66 43 55 40 23 
39 17 31 29 30 7 19 4 13 
67 45 3 57 58 35 47 32 15 
79 57 9 69 70 47 59 44 27 
92 70 22 82 83 60 72 57 40 
67 45 3 57 58 35 47 32 15 
87 65 17 77 78 55 67 52 35 

32 5 77 77 19 85 15 25 36 
31 6 76 76 18 84 14 24 35 
37 74 8 8 50 16 54 44 33 
1 38 44 44 14 52 18 8 3 
29 66 16 16 42 24 46 36 25 
41 78 4 4 54 12 58 48 37 
54 91 9 9 67 1 71 61 50 
29 66 16 16 42 24 46 36 25 
49 86 4 4 62 4 66 56 45 

45 47 3 23 38 43 47 20 7 
44 46 2 22 39 42 46 19 6 
65 67 23 43 18 63 67 40 27 
36 38 6 14 47 34 38 11 2 
12 14 30 10 71 10 14 13 26 
19 21 23 3 64 17 21 6 19 
32 34 10 10 51 30 34 7 6 
7 9 35 15 76 5 9 18 31 
21 23 21 1 62 19 23 4 17 

34 12 36 24 25 2 14 1 18 
35 13 35 25 26 3 15 0 17 
14 8 56 4 5 18 6 21 38 
43 21 27 33 34 11 23 8 9 
67 45 3 57 58 35 47 32 15 
60 38 10 50 51 28 40 25 8 
47 25 23 37 38 15 27 12 5 
72 50 2 62 63 40 52 37 20 
58 36 12 48 49 26 38 23 6 

4 33 49 49 9 57 13 3 8 
3 34 48 48 10 56 14 4 7 
24 13 69 69 11 77 7 17 28 
5 42 40 40 18 48 22 12 1 
29 66 16 16 42 24 46 36 25 
22 59 23 23 35 31 39 29 18 
9 46 36 36 22 44 26 16 5 
34 71 11 11 47 19 51 41 30 
20 57 25 25 33 33 37 27 16 

79 57 9 69 70 47 59 44 27 
81 59 11 71 72 49 61 46 29 
37 15 33 27 28 5 17 2 15 
57 35 13 47 48 25 37 22 5 
4 26 74 14 13 36 24 39 56 
77 55 7 67 68 45 57 42 25 
81 59 11 71 72 49 61 46 29 
54 32 16 44 45 22 34 19 2 
41 19 29 31 32 9 21 6 11 

41 78 4 4 54 12 58 48 37 
43 80 2 2 56 10 60 50 39 
1 36 46 46 12 54 16 6 5 
19 56 26 26 32 34 36 26 15 
42 5 87 87 29 95 25 35 46 
39 76 6 6 52 14 56 46 35 
43 80 2 2 56 10 60 50 39 
16 53 29 29 29 37 33 23 12 
3 40 42 42 16 50 20 10 1 

38 1 83 83 25 91 21 31 42 
16 21 61 61 3 69 1 9 20 
32 69 13 13 45 21 49 39 28 
28 9 73 73 15 81 11 21 32 
29 8 74 74 16 82 12 22 33 
6 31 51 51 7 59 11 1 10 
18 19 63 63 5 71 1 11 22 
3 34 48 48 10 56 14 4 7 
14 51 31 31 27 39 31 21 10 

