8 9 

8 20 56 8 42 5 12 18 
17 11 47 17 33 14 21 27 
7 35 71 7 57 10 3 3 
43 15 21 43 7 40 47 53 
53 25 11 53 3 50 57 63 
54 26 10 54 4 51 58 64 
33 5 31 33 17 30 37 43 
7 21 57 7 43 4 11 17 

4 9 66 10 13 53 2 64 
13 0 57 19 22 44 11 55 
11 24 81 5 2 68 13 79 
39 26 31 45 48 18 37 29 
49 36 21 55 58 8 47 19 
50 37 20 56 59 7 48 18 
29 16 41 35 38 28 27 39 
3 10 67 9 12 54 1 65 

7 14 3 0 58 30 17 39 
16 5 12 9 49 21 26 30 
8 29 12 15 73 45 2 54 
42 21 38 35 23 5 52 4 
52 31 48 45 13 15 62 6 
53 32 49 46 12 16 63 7 
32 11 28 25 33 5 42 14 
6 15 2 1 59 31 16 40 

2 48 6 7 5 4 71 23 
7 39 15 16 4 13 62 32 
17 63 9 8 20 11 86 8 
33 13 41 42 30 39 36 58 
43 3 51 52 40 49 26 68 
44 2 52 53 41 50 25 69 
23 23 31 32 20 29 46 48 
3 49 5 6 6 3 72 22 

28 74 15 63 34 54 13 30 
19 65 24 54 25 45 4 21 
43 89 0 78 49 69 28 45 
7 39 50 28 1 19 22 5 
17 29 60 18 11 9 32 15 
18 28 61 17 12 8 33 16 
3 49 40 38 9 29 12 5 
29 75 14 64 35 55 14 31 

59 15 20 22 42 20 71 10 
50 6 29 31 33 11 62 19 
74 30 5 7 57 35 86 5 
24 20 55 57 7 15 36 45 
14 30 65 67 3 25 26 55 
13 31 66 68 4 26 25 56 
34 10 45 47 17 5 46 35 
60 16 19 21 43 21 72 9 

12 58 17 14 21 41 24 43 
21 49 8 5 30 32 33 34 
3 73 32 29 6 56 9 58 
47 23 18 21 56 6 59 8 
57 13 28 31 66 4 69 2 
58 12 29 32 67 5 70 3 
37 33 8 11 46 16 49 18 
11 59 18 15 20 42 23 44 

27 30 38 10 49 44 17 53 
18 21 29 1 40 35 26 44 
42 45 53 25 64 59 2 68 
8 5 3 25 14 9 52 18 
18 15 7 35 4 1 62 8 
19 16 8 36 3 2 63 7 
2 5 13 15 24 19 42 28 
28 31 39 11 50 45 16 54 

4 17 74 2 5 61 6 72 
24 11 46 30 33 33 22 44 
60 47 10 66 69 3 58 8 
4 17 74 2 5 61 6 72 
46 33 24 52 55 11 44 22 
1 14 71 5 8 58 3 69 
8 21 78 2 1 65 10 76 
14 27 84 8 5 71 16 82 

1 22 5 8 66 38 9 47 
27 6 23 20 38 10 37 19 
63 42 59 56 2 26 73 17 
1 22 5 8 66 38 9 47 
49 28 45 42 16 12 59 3 
2 19 2 5 63 35 12 44 
5 26 9 12 70 42 5 51 
11 32 15 18 76 48 1 57 

10 56 2 1 13 4 79 15 
18 28 26 27 15 24 51 43 
54 8 62 63 51 60 15 79 
10 56 2 1 13 4 79 15 
40 6 48 49 37 46 29 65 
7 53 1 2 10 1 76 18 
14 60 6 5 17 8 83 11 
20 66 12 11 23 14 89 5 

36 82 7 71 42 62 21 38 
8 54 35 43 14 34 7 10 
28 18 71 7 22 2 43 26 
36 82 7 71 42 62 21 38 
14 32 57 21 8 12 29 12 
33 79 10 68 39 59 18 35 
40 86 3 75 46 66 25 42 
46 92 3 81 52 72 31 48 

67 23 12 14 50 28 79 2 
39 5 40 42 22 0 51 30 
3 41 76 78 14 36 15 66 
67 23 12 14 50 28 79 2 
17 27 62 64 0 22 29 52 
64 20 15 17 47 25 76 5 
71 27 8 10 54 32 83 2 
77 33 2 4 60 38 89 8 

4 66 25 22 13 49 16 51 
32 38 3 6 41 21 44 23 
68 2 39 42 77 15 80 13 
4 66 25 22 13 49 16 51 
54 16 25 28 63 1 66 1 
7 63 22 19 16 46 19 48 
0 70 29 26 9 53 12 55 
6 76 35 32 3 59 6 61 

35 38 46 18 57 52 9 61 
7 10 18 10 29 24 37 33 
29 26 18 46 7 12 73 3 
35 38 46 18 57 52 9 61 
15 12 4 32 7 2 59 11 
32 35 43 15 54 49 12 58 
39 42 50 22 61 56 5 65 
45 48 56 28 67 62 1 71 

3 18 1 4 62 34 13 43 
16 5 12 9 49 21 26 30 
73 52 69 66 8 36 83 27 
3 24 7 10 68 40 7 49 
6 27 10 13 71 43 4 52 
60 39 56 53 5 23 70 14 
5 16 1 2 60 32 15 41 
71 50 67 64 6 34 81 25 

6 52 2 3 9 0 75 19 
7 39 15 16 4 13 62 32 
64 18 72 73 61 70 5 89 
12 58 4 3 15 6 81 13 
15 61 7 6 18 9 84 10 
51 5 59 60 48 57 18 76 
4 50 4 5 7 2 73 21 
62 16 70 71 59 68 7 87 

32 78 11 67 38 58 17 34 
19 65 24 54 25 45 4 21 
38 8 81 3 32 12 53 36 
38 84 5 73 44 64 23 40 
41 87 2 76 47 67 26 43 
25 21 68 10 19 1 40 23 
30 76 13 65 36 56 15 32 
36 10 79 1 30 10 51 34 

63 19 16 18 46 24 75 6 
50 6 29 31 33 11 62 19 
7 51 86 88 24 46 5 76 
69 25 10 12 52 30 81 0 
72 28 7 9 55 33 84 3 
6 38 73 75 11 33 18 63 
61 17 18 20 44 22 73 8 
5 49 84 86 22 44 7 74 

8 62 21 18 17 45 20 47 
21 49 8 5 30 32 33 34 
78 8 49 52 87 25 90 23 
2 68 27 24 11 51 14 53 
1 71 30 27 8 54 11 56 
65 5 36 39 74 12 77 10 
10 60 19 16 19 43 22 45 
76 6 47 50 85 23 88 21 

31 34 42 14 53 48 13 57 
18 21 29 1 40 35 26 44 
39 36 28 56 17 22 83 13 
37 40 48 20 59 54 7 63 
40 43 51 23 62 57 4 66 
26 23 15 43 4 9 70 0 
29 32 40 12 51 46 15 55 
37 34 26 54 15 20 81 11 

9 55 1 0 12 3 78 16 
12 34 20 21 9 18 57 37 
5 51 3 4 8 1 74 20 
2 48 6 7 5 4 71 23 
56 10 64 65 53 62 13 81 
28 18 36 37 25 34 41 53 
19 65 11 10 22 13 88 6 
37 9 45 46 34 43 32 62 

35 81 8 70 41 61 20 37 
14 60 29 49 20 40 1 16 
31 77 12 66 37 57 16 33 
28 74 15 63 34 54 13 30 
30 16 73 5 24 4 45 28 
2 44 45 33 4 24 17 0 
45 91 2 80 51 71 30 47 
11 35 54 24 5 15 26 9 

66 22 13 15 49 27 78 3 
45 1 34 36 28 6 57 24 
62 18 17 19 45 23 74 7 
59 15 20 22 42 20 71 10 
1 43 78 80 16 38 13 68 
29 15 50 52 12 10 41 40 
76 32 3 5 59 37 88 7 
20 24 59 61 3 19 32 49 

5 65 24 21 14 48 17 50 
26 44 3 0 35 27 38 29 
9 61 20 17 18 44 21 46 
12 58 17 14 21 41 24 43 
70 0 41 44 79 17 82 15 
42 28 13 16 51 11 54 13 
5 75 34 31 4 58 7 60 
51 19 22 25 60 2 63 4 

34 37 45 17 56 51 10 60 
13 16 24 4 35 30 31 39 
30 33 41 13 52 47 14 56 
27 30 38 10 49 44 17 53 
31 28 20 48 9 14 75 5 
3 0 8 20 19 14 47 23 
44 47 55 27 66 61 0 70 
12 9 1 29 10 5 56 14 

26 72 17 61 32 52 11 28 
20 26 63 15 14 6 35 18 
34 80 9 69 40 60 19 36 
35 81 8 70 41 61 20 37 
23 69 20 58 29 49 8 25 
32 78 11 67 38 58 17 34 
43 3 86 8 37 17 58 41 
51 97 8 86 57 77 36 53 

57 13 22 24 40 18 69 12 
11 33 68 70 6 28 23 58 
65 21 14 16 48 26 77 4 
66 22 13 15 49 27 78 3 
54 10 25 27 37 15 66 15 
63 19 16 18 46 24 75 6 
12 56 91 93 29 51 0 81 
82 38 3 1 65 43 94 13 

14 56 15 12 23 39 26 41 
60 10 31 34 69 7 72 5 
6 64 23 20 15 47 18 49 
5 65 24 21 14 48 17 50 
17 53 12 9 26 36 29 38 
8 62 21 18 17 45 20 47 
83 13 54 57 92 30 95 28 
11 81 40 37 2 64 1 66 

25 28 36 8 47 42 19 51 
21 18 10 38 1 4 65 5 
33 36 44 16 55 50 11 59 
34 37 45 17 56 51 10 60 
22 25 33 5 44 39 22 48 
31 34 42 14 53 48 13 57 
44 41 33 61 22 27 88 18 
50 53 61 33 72 67 6 76 

31 13 48 50 14 8 43 38 
15 59 94 96 32 54 3 84 
74 30 5 7 57 35 86 5 
4 48 83 85 21 43 8 73 
25 19 54 56 8 14 37 44 
5 39 74 76 12 34 17 64 
46 2 33 35 29 7 58 23 
29 15 50 52 12 10 41 40 

40 30 11 14 49 13 52 15 
86 16 57 60 95 33 98 31 
3 73 32 29 6 56 9 58 
75 5 46 49 84 22 87 20 
46 24 17 20 55 7 58 9 
66 4 37 40 75 13 78 11 
25 45 4 1 34 28 37 30 
42 28 13 16 51 11 54 13 

1 2 10 18 21 16 45 25 
47 44 36 64 25 30 91 21 
42 45 53 25 64 59 2 68 
36 33 25 53 14 19 80 10 
7 4 4 24 15 10 51 19 
27 24 16 44 5 10 71 1 
14 17 25 3 36 31 30 40 
3 0 8 20 19 14 47 23 

71 1 42 45 80 18 83 16 
27 43 2 1 36 26 39 28 
8 78 37 34 1 61 4 63 
10 80 39 36 1 63 2 65 
54 16 25 28 63 1 66 1 
32 38 3 6 41 21 44 23 
83 13 54 57 92 30 95 28 
2 68 27 24 11 51 14 53 

32 29 21 49 10 15 76 6 
12 15 23 5 34 29 32 38 
47 50 58 30 69 64 3 73 
49 52 60 32 71 66 5 75 
15 12 4 32 7 2 59 11 
7 10 18 10 29 24 37 33 
44 41 33 61 22 27 88 18 
37 40 48 20 59 54 7 63 

39 42 50 22 61 56 5 65 
31 28 20 48 9 14 75 5 
10 13 21 7 32 27 34 36 
13 16 24 4 35 30 31 39 
48 51 59 31 70 65 4 74 
14 11 3 31 8 3 58 12 
51 54 62 34 73 68 7 77 
16 13 5 33 6 1 60 10 

