18 10 

1 67 43 56 72 8 78 13 44 46 54 41 30 4 45 70 54 19 
15 53 29 42 58 22 64 27 30 32 40 27 16 10 31 56 40 33 
71 3 27 14 2 78 8 83 26 24 16 29 40 66 25 0 16 89 
30 38 14 27 43 37 49 42 15 17 25 12 1 25 16 41 25 48 
43 25 1 14 30 50 36 55 2 4 12 1 12 38 3 28 12 61 
17 85 61 74 90 10 96 5 62 64 72 59 48 22 63 88 72 1 
52 16 8 5 21 59 27 64 7 5 3 10 21 47 6 19 3 70 
8 60 36 49 65 15 71 20 37 39 47 34 23 3 38 63 47 26 
17 85 61 74 90 10 96 5 62 64 72 59 48 22 63 88 72 1 
25 43 19 32 48 32 54 37 20 22 30 17 6 20 21 46 30 43 
52 16 8 5 21 59 27 64 7 5 3 10 21 47 6 19 3 70 
62 6 18 5 11 69 17 74 17 15 7 20 31 57 16 9 7 80 
16 84 60 73 89 9 95 4 61 63 71 58 47 21 62 87 71 2 
15 83 59 72 88 8 94 3 60 62 70 57 46 20 61 86 70 3 
7 61 37 50 66 14 72 19 38 40 48 35 24 2 39 64 48 25 
19 49 25 38 54 26 60 31 26 28 36 23 12 14 27 52 36 37 
10 58 34 47 63 17 69 22 35 37 45 32 21 5 36 61 45 28 
20 48 24 37 53 27 59 32 25 27 35 22 11 15 26 51 35 38 

70 37 64 1 47 77 16 47 0 58 7 78 6 5 35 1 59 5 
56 23 50 15 33 63 30 33 14 44 21 64 8 19 21 13 45 9 
0 33 6 71 23 7 86 23 70 12 77 8 64 75 35 69 11 65 
41 8 35 30 18 48 45 18 29 29 36 49 23 34 6 28 30 24 
28 5 22 43 5 35 58 5 42 16 49 36 36 47 7 41 17 37 
88 55 82 17 65 95 2 65 18 76 11 96 24 13 53 19 77 23 
19 14 13 52 4 26 67 4 51 7 58 27 45 56 16 50 8 46 
63 30 57 8 40 70 23 40 7 51 14 71 1 12 28 6 52 2 
88 55 82 17 65 95 2 65 18 76 11 96 24 13 53 19 77 23 
46 13 40 25 23 53 40 23 24 34 31 54 18 29 11 23 35 19 
19 14 13 52 4 26 67 4 51 7 58 27 45 56 16 50 8 46 
9 24 3 62 14 16 77 14 61 3 68 17 55 66 26 60 2 56 
87 54 81 16 64 94 1 64 17 75 10 95 23 12 52 18 76 22 
86 53 80 15 63 93 0 63 16 74 9 94 22 11 51 17 75 21 
64 31 58 7 41 71 22 41 6 52 13 72 0 11 29 5 53 1 
52 19 46 19 29 59 34 29 18 40 25 60 12 23 17 17 41 13 
61 28 55 10 38 68 25 38 9 49 16 69 3 14 26 8 50 4 
51 18 45 20 28 58 35 28 19 39 26 59 13 24 16 18 40 14 

34 42 15 69 5 60 50 76 66 26 36 15 39 2 14 12 14 64 
20 28 29 55 19 46 36 62 52 12 22 1 25 12 0 2 0 50 
36 28 85 1 75 10 20 6 4 44 34 55 31 68 56 58 56 6 
5 13 44 40 34 31 21 47 37 3 7 14 10 27 15 17 15 35 
8 0 57 27 47 18 8 34 24 16 6 27 3 40 28 30 28 22 
52 60 3 87 13 78 68 94 84 44 54 33 57 20 32 30 32 82 
17 9 66 18 56 9 1 25 15 25 15 36 12 49 37 39 37 13 
27 35 22 62 12 53 43 69 59 19 29 8 32 5 7 5 7 57 
52 60 3 87 13 78 68 94 84 44 54 33 57 20 32 30 32 82 
10 18 39 45 29 36 26 52 42 2 12 9 15 22 10 12 10 40 
17 9 66 18 56 9 1 25 15 25 15 36 12 49 37 39 37 13 
27 19 76 8 66 1 11 15 5 35 25 46 22 59 47 49 47 3 
51 59 2 86 12 77 67 93 83 43 53 32 56 19 31 29 31 81 
50 58 1 85 11 76 66 92 82 42 52 31 55 18 30 28 30 80 
28 36 21 63 11 54 44 70 60 20 30 9 33 4 8 6 8 58 
16 24 33 51 23 42 32 58 48 8 18 3 21 16 4 6 4 46 
25 33 24 60 14 51 41 67 57 17 27 6 30 7 5 3 5 55 
15 23 34 50 24 41 31 57 47 7 17 4 20 17 5 7 5 45 

19 12 23 21 6 74 18 67 8 66 71 76 8 10 14 10 61 11 
5 26 9 35 20 60 32 53 22 52 57 62 6 4 28 4 47 25 
51 82 47 91 76 4 88 3 78 4 1 6 62 60 84 60 9 81 
10 41 6 50 35 45 47 38 37 37 42 47 21 19 43 19 32 40 
23 54 19 63 48 32 60 25 50 24 29 34 34 32 56 32 19 53 
37 6 41 3 12 92 0 85 10 84 89 94 26 28 4 28 79 7 
32 63 28 72 57 23 69 16 59 15 20 25 43 41 65 41 10 62 
12 19 16 28 13 67 25 60 15 59 64 69 1 3 21 3 54 18 
37 6 41 3 12 92 0 85 10 84 89 94 26 28 4 28 79 7 
5 36 1 45 30 50 42 43 32 42 47 52 16 14 38 14 37 35 
32 63 28 72 57 23 69 16 59 15 20 25 43 41 65 41 10 62 
42 73 38 82 67 13 79 6 69 5 10 15 53 51 75 51 0 72 
36 5 40 4 11 91 1 84 9 83 88 93 25 27 3 27 78 6 
35 4 39 5 10 90 2 83 8 82 87 92 24 26 2 26 77 5 
13 18 17 27 12 68 24 61 14 60 65 70 2 4 20 4 55 17 
1 30 5 39 24 56 36 49 26 48 53 58 10 8 32 8 43 29 
10 21 14 30 15 65 27 58 17 57 62 67 1 1 23 1 52 20 
0 31 4 40 25 55 37 48 27 47 52 57 11 9 33 9 42 30 

26 16 11 56 18 19 72 71 24 14 71 22 51 2 57 72 0 15 
12 2 3 42 4 33 58 57 10 28 57 8 37 12 43 58 14 1 
44 54 59 14 52 89 2 1 46 84 1 48 19 68 13 2 70 55 
3 13 18 27 11 48 43 42 5 43 42 7 22 27 28 43 29 14 
16 26 31 14 24 61 30 29 18 56 29 20 9 40 15 30 42 27 
44 34 29 74 36 1 90 89 42 4 89 40 69 20 75 90 18 33 
25 35 40 5 33 70 21 20 27 65 20 29 0 49 6 21 51 36 
19 9 4 49 11 26 65 64 17 21 64 15 44 5 50 65 7 8 
44 34 29 74 36 1 90 89 42 4 89 40 69 20 75 90 18 33 
2 8 13 32 6 43 48 47 0 38 47 2 27 22 33 48 24 9 
25 35 40 5 33 70 21 20 27 65 20 29 0 49 6 21 51 36 
35 45 50 5 43 80 11 10 37 75 10 39 10 59 4 11 61 46 
43 33 28 73 35 2 89 88 41 3 88 39 68 19 74 89 17 32 
42 32 27 72 34 3 88 87 40 2 87 38 67 18 73 88 16 31 
20 10 5 50 12 25 66 65 18 20 65 16 45 4 51 66 6 9 
8 2 7 38 0 37 54 53 6 32 53 4 33 16 39 54 18 3 
17 7 2 47 9 28 63 62 15 23 62 13 42 7 48 63 9 6 
7 3 8 37 1 38 53 52 5 33 52 3 32 17 38 53 19 4 

0 21 9 76 17 68 3 38 28 20 7 30 10 39 71 1 44 11 
14 7 5 62 3 54 17 24 14 34 21 16 4 25 57 15 30 25 
70 49 61 6 53 2 73 32 42 90 77 40 60 31 1 71 26 81 
29 8 20 47 12 39 32 9 1 49 36 1 19 10 42 30 15 40 
42 21 33 34 25 26 45 4 14 62 49 12 32 3 29 43 2 53 
18 39 27 94 35 86 15 56 46 2 11 48 28 57 89 17 62 7 
51 30 42 25 34 17 54 13 23 71 58 21 41 12 20 52 7 62 
7 14 2 69 10 61 10 31 21 27 14 23 3 32 64 8 37 18 
18 39 27 94 35 86 15 56 46 2 11 48 28 57 89 17 62 7 
24 3 15 52 7 44 27 14 4 44 31 6 14 15 47 25 20 35 
51 30 42 25 34 17 54 13 23 71 58 21 41 12 20 52 7 62 
61 40 52 15 44 7 64 23 33 81 68 31 51 22 10 62 17 72 
17 38 26 93 34 85 14 55 45 3 10 47 27 56 88 16 61 6 
16 37 25 92 33 84 13 54 44 4 9 46 26 55 87 15 60 5 
6 15 3 70 11 62 9 32 22 26 13 24 4 33 65 7 38 17 
18 3 9 58 1 50 21 20 10 38 25 12 8 21 53 19 26 29 
9 12 0 67 8 59 12 29 19 29 16 21 1 30 62 10 35 20 
19 2 10 57 2 49 22 19 9 39 26 11 9 20 52 20 25 30 

65 11 72 21 26 20 56 38 9 10 69 76 6 4 60 66 35 46 
51 3 58 35 12 6 42 24 23 4 55 62 20 18 46 52 21 32 
5 59 2 91 44 50 14 32 79 60 1 6 76 74 10 4 35 24 
36 18 43 50 3 9 27 9 38 19 40 47 35 33 31 37 6 17 
23 31 30 63 16 22 14 4 51 32 27 34 48 46 18 24 7 4 
83 29 90 3 44 38 74 56 9 28 87 94 12 14 78 84 53 64 
14 40 21 72 25 31 5 13 60 41 18 25 57 55 9 15 16 5 
58 4 65 28 19 13 49 31 16 3 62 69 13 11 53 59 28 39 
83 29 90 3 44 38 74 56 9 28 87 94 12 14 78 84 53 64 
41 13 48 45 2 4 32 14 33 14 45 52 30 28 36 42 11 22 
14 40 21 72 25 31 5 13 60 41 18 25 57 55 9 15 16 5 
4 50 11 82 35 41 5 23 70 51 8 15 67 65 1 5 26 15 
82 28 89 4 43 37 73 55 8 27 86 93 11 13 77 83 52 63 
81 27 88 5 42 36 72 54 7 26 85 92 10 12 76 82 51 62 
59 5 66 27 20 14 50 32 15 4 63 70 12 10 54 60 29 40 
47 7 54 39 8 2 38 20 27 8 51 58 24 22 42 48 17 28 
56 2 63 30 17 11 47 29 18 1 60 67 15 13 51 57 26 37 
46 8 53 40 7 1 37 19 28 9 50 57 25 23 41 47 16 27 

16 42 6 74 37 29 2 10 59 55 42 15 5 47 41 21 1 47 
30 28 20 60 23 15 12 24 45 41 28 29 19 33 27 7 15 33 
86 28 76 4 33 41 68 80 11 15 28 85 75 23 29 49 71 23 
45 13 35 45 8 0 27 39 30 26 13 44 34 18 12 8 30 18 
58 0 48 32 5 13 40 52 17 13 0 57 47 5 1 21 43 5 
2 60 12 92 55 47 20 8 77 73 60 3 13 65 59 39 17 65 
67 9 57 23 14 22 49 61 8 4 9 66 56 4 10 30 52 4 
23 35 13 67 30 22 5 17 52 48 35 22 12 40 34 14 8 40 
2 60 12 92 55 47 20 8 77 73 60 3 13 65 59 39 17 65 
40 18 30 50 13 5 22 34 35 31 18 39 29 23 17 3 25 23 
67 9 57 23 14 22 49 61 8 4 9 66 56 4 10 30 52 4 
77 19 67 13 24 32 59 71 2 6 19 76 66 14 20 40 62 14 
1 59 11 91 54 46 19 7 76 72 59 2 12 64 58 38 16 64 
0 58 10 90 53 45 18 6 75 71 58 1 11 63 57 37 15 63 
22 36 12 68 31 23 4 16 53 49 36 21 11 41 35 15 7 41 
34 24 24 56 19 11 16 28 41 37 24 33 23 29 23 3 19 29 
25 33 15 65 28 20 7 19 50 46 33 24 14 38 32 12 10 38 
35 23 25 55 18 10 17 29 40 36 23 34 24 28 22 2 20 28 

60 14 65 40 77 40 70 3 28 30 15 15 66 61 17 70 7 1 
46 0 51 26 63 26 56 17 14 16 29 1 52 47 31 56 7 13 
10 56 5 30 7 30 0 73 42 40 85 55 4 9 87 0 63 69 
31 15 36 11 48 11 41 32 1 1 44 14 37 32 46 41 22 28 
18 28 23 2 35 2 28 45 14 12 57 27 24 19 59 28 35 41 
78 32 83 58 95 58 88 15 46 48 3 33 84 79 1 88 25 19 
9 37 14 11 26 11 19 54 23 21 66 36 15 10 68 19 44 50 
53 7 58 33 70 33 63 10 21 23 22 8 59 54 24 63 0 6 
78 32 83 58 95 58 88 15 46 48 3 33 84 79 1 88 25 19 
36 10 41 16 53 16 46 27 4 6 39 9 42 37 41 46 17 23 
9 37 14 11 26 11 19 54 23 21 66 36 15 10 68 19 44 50 
1 47 4 21 16 21 9 64 33 31 76 46 5 0 78 9 54 60 
77 31 82 57 94 57 87 14 45 47 2 32 83 78 0 87 24 18 
76 30 81 56 93 56 86 13 44 46 1 31 82 77 1 86 23 17 
54 8 59 34 71 34 64 9 22 24 21 9 60 55 23 64 1 5 
42 4 47 22 59 22 52 21 10 12 33 3 48 43 35 52 11 17 
51 5 56 31 68 31 61 12 19 21 24 6 57 52 26 61 2 8 
41 5 46 21 58 21 51 22 9 11 34 4 47 42 36 51 12 18 

71 38 65 0 48 78 15 48 1 59 6 79 7 4 36 2 60 6 
3 30 3 68 20 10 83 20 67 9 74 11 61 72 32 66 8 62 
27 6 21 44 4 34 59 4 43 15 50 35 37 48 8 42 16 38 
14 19 8 57 9 21 72 9 56 2 63 22 50 61 21 55 3 51 
2 35 8 73 25 5 88 25 72 14 79 6 66 77 37 71 13 67 
78 45 72 7 55 85 8 55 8 66 1 86 14 3 43 9 67 13 
8 41 14 79 31 1 94 31 78 20 85 0 72 83 43 77 19 73 
83 50 77 12 60 90 3 60 13 71 6 91 19 8 48 14 72 18 
26 7 20 45 3 33 60 3 44 14 51 34 38 49 9 43 15 39 
24 9 18 47 1 31 62 1 46 12 53 32 40 51 11 45 13 41 
16 17 10 55 7 23 70 7 54 4 61 24 48 59 19 53 5 49 
29 4 23 42 6 36 57 6 41 17 48 37 35 46 6 40 18 36 
40 7 34 31 17 47 46 17 30 28 37 48 24 35 5 29 29 25 
66 33 60 5 43 73 20 43 4 54 11 74 2 9 31 3 55 1 
25 8 19 46 2 32 61 2 45 13 52 33 39 50 10 44 14 40 
0 33 6 71 23 7 86 23 70 12 77 8 64 75 35 69 11 65 
16 17 10 55 7 23 70 7 54 4 61 24 48 59 19 53 5 49 
89 56 83 18 66 96 3 66 19 77 12 97 25 14 54 20 78 24 

35 43 14 70 4 61 51 77 67 27 37 16 40 3 15 13 15 65 
33 25 82 2 72 7 17 9 1 41 31 52 28 65 53 55 53 3 
9 1 58 26 48 17 7 33 23 17 7 28 4 41 29 31 29 21 
22 14 71 13 61 4 6 20 10 30 20 41 17 54 42 44 42 8 
38 30 87 3 77 12 22 4 6 46 36 57 33 70 58 60 58 8 
42 50 7 77 3 68 58 84 74 34 44 23 47 10 22 20 22 72 
44 36 93 9 83 18 28 2 12 52 42 63 39 76 64 66 64 14 
47 55 2 82 8 73 63 89 79 39 49 28 52 15 27 25 27 77 
10 2 59 25 49 16 6 32 22 18 8 29 5 42 30 32 30 20 
12 4 61 23 51 14 4 30 20 20 10 31 7 44 32 34 32 18 
20 12 69 15 59 6 4 22 12 28 18 39 15 52 40 42 40 10 
7 1 56 28 46 19 9 35 25 15 5 26 2 39 27 29 27 23 
4 12 45 39 35 30 20 46 36 4 6 15 9 28 16 18 16 34 
30 38 19 65 9 56 46 72 62 22 32 11 35 2 10 8 10 60 
11 3 60 24 50 15 5 31 21 19 9 30 6 43 31 33 31 19 
36 28 85 1 75 10 20 6 4 44 34 55 31 68 56 58 56 6 
20 12 69 15 59 6 4 22 12 28 18 39 15 52 40 42 40 10 
53 61 4 88 14 79 69 95 85 45 55 34 58 21 33 31 33 83 

20 11 24 20 5 75 17 68 7 67 72 77 9 11 13 11 62 10 
48 79 44 88 73 7 85 0 75 1 4 9 59 57 81 57 6 78 
24 55 20 64 49 31 61 24 51 23 28 33 35 33 57 33 18 54 
37 68 33 77 62 18 74 11 64 10 15 20 48 46 70 46 5 67 
53 84 49 93 78 2 90 5 80 6 1 4 64 62 86 62 11 83 
27 4 31 13 2 82 10 75 0 74 79 84 16 18 6 18 69 3 
59 90 55 99 84 4 96 11 86 12 7 2 70 68 92 68 17 89 
32 1 36 8 7 87 5 80 5 79 84 89 21 23 1 23 74 2 
25 56 21 65 50 30 62 23 52 22 27 32 36 34 58 34 17 55 
27 58 23 67 52 28 64 21 54 20 25 30 38 36 60 36 15 57 
35 66 31 75 60 20 72 13 62 12 17 22 46 44 68 44 7 65 
22 53 18 62 47 33 59 26 49 25 30 35 33 31 55 31 20 52 
11 42 7 51 36 44 48 37 38 36 41 46 22 20 44 20 31 41 
15 16 19 25 10 70 22 63 12 62 67 72 4 6 18 6 57 15 
26 57 22 66 51 29 63 22 53 21 26 31 37 35 59 35 16 56 
51 82 47 91 76 4 88 3 78 4 1 6 62 60 84 60 9 81 
35 66 31 75 60 20 72 13 62 12 17 22 46 44 68 44 7 65 
38 7 42 2 13 93 1 86 11 85 90 95 27 29 5 29 80 8 

27 17 12 57 19 18 73 72 25 13 72 23 52 3 58 73 1 16 
41 51 56 11 49 86 5 4 43 81 4 45 16 65 10 5 67 52 
17 27 32 13 25 62 29 28 19 57 28 21 8 41 14 29 43 28 
30 40 45 0 38 75 16 15 32 70 15 34 5 54 1 16 56 41 
46 56 61 16 54 91 0 1 48 86 1 50 21 70 15 0 72 57 
34 24 19 64 26 11 80 79 32 6 79 30 59 10 65 80 8 23 
52 62 67 22 60 97 6 7 54 92 7 56 27 76 21 6 78 63 
39 29 24 69 31 6 85 84 37 1 84 35 64 15 70 85 13 28 
18 28 33 12 26 63 28 27 20 58 27 22 7 42 13 28 44 29 
20 30 35 10 28 65 26 25 22 60 25 24 5 44 11 26 46 31 
28 38 43 2 36 73 18 17 30 68 17 32 3 52 3 18 54 39 
15 25 30 15 23 60 31 30 17 55 30 19 10 39 16 31 41 26 
4 14 19 26 12 49 42 41 6 44 41 8 21 28 27 42 30 15 
22 12 7 52 14 23 68 67 20 18 67 18 47 2 53 68 4 11 
19 29 34 11 27 64 27 26 21 59 26 23 6 43 12 27 45 30 
44 54 59 14 52 89 2 1 46 84 1 48 19 68 13 2 70 55 
28 38 43 2 36 73 18 17 30 68 17 32 3 52 3 18 54 39 
45 35 30 75 37 0 91 90 43 5 90 41 70 21 76 91 19 34 

1 22 10 77 18 69 2 39 29 19 6 31 11 40 72 0 45 10 
67 46 58 9 50 1 70 29 39 87 74 37 57 28 4 68 23 78 
43 22 34 33 26 25 46 5 15 63 50 13 33 4 28 44 1 54 
56 35 47 20 39 12 59 18 28 76 63 26 46 17 15 57 12 67 
72 51 63 4 55 4 75 34 44 92 79 42 62 33 1 73 28 83 
8 29 17 84 25 76 5 46 36 12 1 38 18 47 79 7 52 3 
78 57 69 2 61 10 81 40 50 98 85 48 68 39 7 79 34 89 
13 34 22 89 30 81 10 51 41 7 6 43 23 52 84 12 57 2 
44 23 35 32 27 24 47 6 16 64 51 14 34 5 27 45 0 55 
46 25 37 30 29 22 49 8 18 66 53 16 36 7 25 47 2 57 
54 33 45 22 37 14 57 16 26 74 61 24 44 15 17 55 10 65 
41 20 32 35 24 27 44 3 13 61 48 11 31 2 30 42 3 52 
30 9 21 46 13 38 33 8 2 50 37 0 20 9 41 31 14 41 
4 17 5 72 13 64 7 34 24 24 11 26 6 35 67 5 40 15 
45 24 36 31 28 23 48 7 17 65 52 15 35 6 26 46 1 56 
70 49 61 6 53 2 73 32 42 90 77 40 60 31 1 71 26 81 
54 33 45 22 37 14 57 16 26 74 61 24 44 15 17 55 10 65 
19 40 28 95 36 87 16 57 47 1 12 49 29 58 90 18 63 8 

66 12 73 20 27 21 57 39 8 11 70 77 5 3 61 67 36 47 
2 56 5 88 41 47 11 29 76 57 2 9 73 71 7 1 32 21 
22 32 29 64 17 23 13 5 52 33 26 33 49 47 17 23 8 3 
9 45 16 77 30 36 0 18 65 46 13 20 62 60 4 10 21 10 
7 61 0 93 46 52 16 34 81 62 3 4 78 76 12 6 37 26 
73 19 80 13 34 28 64 46 1 18 77 84 2 4 68 74 43 54 
13 67 6 99 52 58 22 40 87 68 9 2 84 82 18 12 43 32 
78 24 85 8 39 33 69 51 4 23 82 89 7 9 73 79 48 59 
21 33 28 65 18 24 12 6 53 34 25 32 50 48 16 22 9 2 
19 35 26 67 20 26 10 8 55 36 23 30 52 50 14 20 11 0 
11 43 18 75 28 34 2 16 63 44 15 22 60 58 6 12 19 8 
24 30 31 62 15 21 15 3 50 31 28 35 47 45 19 25 6 5 
35 19 42 51 4 10 26 8 39 20 39 46 36 34 30 36 5 16 
61 7 68 25 22 16 52 34 13 6 65 72 10 8 56 62 31 42 
20 34 27 66 19 25 11 7 54 35 24 31 51 49 15 21 10 1 
5 59 2 91 44 50 14 32 79 60 1 6 76 74 10 4 35 24 
11 43 18 75 28 34 2 16 63 44 15 22 60 58 6 12 19 8 
84 30 91 2 45 39 75 57 10 29 88 95 13 15 79 85 54 65 

15 43 5 75 38 30 3 9 60 56 43 14 4 48 42 22 0 48 
83 25 73 7 30 38 65 77 8 12 25 82 72 20 26 46 68 20 
59 1 49 31 6 14 41 53 16 12 1 58 48 4 2 22 44 4 
72 14 62 18 19 27 54 66 3 1 14 71 61 9 15 35 57 9 
88 30 78 2 35 43 70 82 13 17 30 87 77 25 31 51 73 25 
8 50 2 82 45 37 10 2 67 63 50 7 3 55 49 29 7 55 
94 36 84 4 41 49 76 88 19 23 36 93 83 31 37 57 79 31 
3 55 7 87 50 42 15 3 72 68 55 2 8 60 54 34 12 60 
60 2 50 30 7 15 42 54 15 11 2 59 49 3 3 23 45 3 
62 4 52 28 9 17 44 56 13 9 4 61 51 1 5 25 47 1 
70 12 60 20 17 25 52 64 5 1 12 69 59 7 13 33 55 7 
57 1 47 33 4 12 39 51 18 14 1 56 46 6 0 20 42 6 
46 12 36 44 7 1 28 40 29 25 12 45 35 17 11 9 31 17 
20 38 10 70 33 25 2 14 55 51 38 19 9 43 37 17 5 43 
61 3 51 29 8 16 43 55 14 10 3 60 50 2 4 24 46 2 
86 28 76 4 33 41 68 80 11 15 28 85 75 23 29 49 71 23 
70 12 60 20 17 25 52 64 5 1 12 69 59 7 13 33 55 7 
3 61 13 93 56 48 21 9 78 74 61 4 14 66 60 40 18 66 

61 15 66 41 78 41 71 2 29 31 14 16 67 62 16 71 8 2 
7 53 2 27 10 27 3 70 39 37 82 52 1 6 84 3 60 66 
17 29 22 3 34 3 27 46 15 13 58 28 23 18 60 27 36 42 
4 42 9 16 21 16 14 59 28 26 71 41 10 5 73 14 49 55 
12 58 7 32 5 32 2 75 44 42 87 57 6 11 89 2 65 71 
68 22 73 48 85 48 78 5 36 38 7 23 74 69 9 78 15 9 
18 64 13 38 1 38 8 81 50 48 93 63 12 17 95 8 71 77 
73 27 78 53 90 53 83 10 41 43 2 28 79 74 4 83 20 14 
16 30 21 4 33 4 26 47 16 14 59 29 22 17 61 26 37 43 
14 32 19 6 31 6 24 49 18 16 61 31 20 15 63 24 39 45 
6 40 11 14 23 14 16 57 26 24 69 39 12 7 71 16 47 53 
19 27 24 1 36 1 29 44 13 11 56 26 25 20 58 29 34 40 
30 16 35 10 47 10 40 33 2 0 45 15 36 31 47 40 23 29 
56 10 61 36 73 36 66 7 24 26 19 11 62 57 21 66 3 3 
15 31 20 5 32 5 25 48 17 15 60 30 21 16 62 25 38 44 
10 56 5 30 7 30 0 73 42 40 85 55 4 9 87 0 63 69 
6 40 11 14 23 14 16 57 26 24 69 39 12 7 71 16 47 53 
79 33 84 59 96 59 89 16 47 49 4 34 85 80 2 89 26 20 

36 28 85 1 75 10 20 6 4 44 34 55 31 68 56 58 56 6 
3 5 52 32 42 23 13 39 29 11 1 22 2 35 23 25 23 27 
30 22 79 5 69 4 14 12 2 38 28 49 25 62 50 52 50 0 
35 43 14 70 4 61 51 77 67 27 37 16 40 3 15 13 15 65 
13 5 62 22 52 13 3 29 19 21 11 32 8 45 33 35 33 17 
43 35 92 8 82 17 27 1 11 51 41 62 38 75 63 65 63 13 
50 58 1 85 11 76 66 92 82 42 52 31 55 18 30 28 30 80 
13 5 62 22 52 13 3 29 19 21 11 32 8 45 33 35 33 17 
34 42 15 69 5 60 50 76 66 26 36 15 39 2 14 12 14 64 
24 16 73 11 63 2 8 18 8 32 22 43 19 56 44 46 44 6 
41 49 8 76 2 67 57 83 73 33 43 22 46 9 21 19 21 71 
44 36 93 9 83 18 28 2 12 52 42 63 39 76 64 66 64 14 
28 36 21 63 11 54 44 70 60 20 30 9 33 4 8 6 8 58 
39 47 10 74 0 65 55 81 71 31 41 20 44 7 19 17 19 69 
1 7 50 34 40 25 15 41 31 9 1 20 4 33 21 23 21 29 
33 41 16 68 6 59 49 75 65 25 35 14 38 1 13 11 13 63 
25 17 74 10 64 1 9 17 7 33 23 44 20 57 45 47 45 5 
29 37 20 64 10 55 45 71 61 21 31 10 34 3 9 7 9 59 

51 82 47 91 76 4 88 3 78 4 1 6 62 60 84 60 9 81 
18 49 14 58 43 37 55 30 45 29 34 39 29 27 51 27 24 48 
45 76 41 85 70 10 82 3 72 2 7 12 56 54 78 54 3 75 
20 11 24 20 5 75 17 68 7 67 72 77 9 11 13 11 62 10 
28 59 24 68 53 27 65 20 55 19 24 29 39 37 61 37 14 58 
58 89 54 98 83 3 95 10 85 11 6 1 69 67 91 67 16 88 
35 4 39 5 10 90 2 83 8 82 87 92 24 26 2 26 77 5 
28 59 24 68 53 27 65 20 55 19 24 29 39 37 61 37 14 58 
19 12 23 21 6 74 18 67 8 66 71 76 8 10 14 10 61 11 
39 70 35 79 64 16 76 9 66 8 13 18 50 48 72 48 3 69 
26 5 30 14 1 81 11 74 1 73 78 83 15 17 7 17 68 4 
59 90 55 99 84 4 96 11 86 12 7 2 70 68 92 68 17 89 
13 18 17 27 12 68 24 61 14 60 65 70 2 4 20 4 55 17 
24 7 28 16 1 79 13 72 3 71 76 81 13 15 9 15 66 6 
16 47 12 56 41 39 53 32 43 31 36 41 27 25 49 25 26 46 
18 13 22 22 7 73 19 66 9 65 70 75 7 9 15 9 60 12 
40 71 36 80 65 15 77 8 67 7 12 17 51 49 73 49 2 70 
14 17 18 26 11 69 23 62 13 61 66 71 3 5 19 5 56 16 

44 54 59 14 52 89 2 1 46 84 1 48 19 68 13 2 70 55 
11 21 26 19 19 56 35 34 13 51 34 15 14 35 20 35 37 22 
38 48 53 8 46 83 8 7 40 78 7 42 13 62 7 8 64 49 
27 17 12 57 19 18 73 72 25 13 72 23 52 3 58 73 1 16 
21 31 36 9 29 66 25 24 23 61 24 25 4 45 10 25 47 32 
51 61 66 21 59 96 5 6 53 91 6 55 26 75 20 5 77 62 
42 32 27 72 34 3 88 87 40 2 87 38 67 18 73 88 16 31 
21 31 36 9 29 66 25 24 23 61 24 25 4 45 10 25 47 32 
26 16 11 56 18 19 72 71 24 14 71 22 51 2 57 72 0 15 
32 42 47 2 40 77 14 13 34 72 13 36 7 56 1 14 58 43 
33 23 18 63 25 12 79 78 31 7 78 29 58 9 64 79 7 22 
52 62 67 22 60 97 6 7 54 92 7 56 27 76 21 6 78 63 
20 10 5 50 12 25 66 65 18 20 65 16 45 4 51 66 6 9 
31 21 16 61 23 14 77 76 29 9 76 27 56 7 62 77 5 20 
9 19 24 21 17 54 37 36 11 49 36 13 16 33 22 37 35 20 
25 15 10 55 17 20 71 70 23 15 70 21 50 1 56 71 1 14 
33 43 48 3 41 78 13 12 35 73 12 37 8 57 2 13 59 44 
21 11 6 51 13 24 67 66 19 19 66 17 46 3 52 67 5 10 

70 49 61 6 53 2 73 32 42 90 77 40 60 31 1 71 26 81 
37 16 28 39 20 31 40 1 9 57 44 7 27 2 34 38 7 48 
64 43 55 12 47 4 67 26 36 84 71 34 54 25 7 65 20 75 
1 22 10 77 18 69 2 39 29 19 6 31 11 40 72 0 45 10 
47 26 38 29 30 21 50 9 19 67 54 17 37 8 24 48 3 58 
77 56 68 1 60 9 80 39 49 97 84 47 67 38 6 78 33 88 
16 37 25 92 33 84 13 54 44 4 9 46 26 55 87 15 60 5 
47 26 38 29 30 21 50 9 19 67 54 17 37 8 24 48 3 58 
0 21 9 76 17 68 3 38 28 20 7 30 10 39 71 1 44 11 
58 37 49 18 41 10 61 20 30 78 65 28 48 19 13 59 14 69 
7 28 16 83 24 75 4 45 35 13 0 37 17 46 78 6 51 4 
78 57 69 2 61 10 81 40 50 98 85 48 68 39 7 79 34 89 
6 15 3 70 11 62 9 32 22 26 13 24 4 33 65 7 38 17 
5 26 14 81 22 73 2 43 33 15 2 35 15 44 76 4 49 6 
35 14 26 41 18 33 38 3 7 55 42 5 25 4 36 36 9 46 
1 20 8 75 16 67 4 37 27 21 8 29 9 38 70 2 43 12 
59 38 50 17 42 9 62 21 31 79 66 29 49 20 12 60 15 70 
5 16 4 71 12 63 8 33 23 25 12 25 5 34 66 6 39 16 

5 59 2 91 44 50 14 32 79 60 1 6 76 74 10 4 35 24 
28 26 35 58 11 17 19 1 46 27 32 39 43 41 23 29 2 9 
1 53 8 85 38 44 8 26 73 54 5 12 70 68 4 2 29 18 
66 12 73 20 27 21 57 39 8 11 70 77 5 3 61 67 36 47 
18 36 25 68 21 27 9 9 56 37 22 29 53 51 13 19 12 1 
12 66 5 98 51 57 21 39 86 67 8 1 83 81 17 11 42 31 
81 27 88 5 42 36 72 54 7 26 85 92 10 12 76 82 51 62 
18 36 25 68 21 27 9 9 56 37 22 29 53 51 13 19 12 1 
65 11 72 21 26 20 56 38 9 10 69 76 6 4 60 66 35 46 
7 47 14 79 32 38 2 20 67 48 11 18 64 62 2 8 23 12 
72 18 79 14 33 27 63 45 2 17 76 83 1 3 67 73 42 53 
13 67 6 99 52 58 22 40 87 68 9 2 84 82 18 12 43 32 
59 5 66 27 20 14 50 32 15 4 63 70 12 10 54 60 29 40 
70 16 77 16 31 25 61 43 4 15 74 81 1 1 65 71 40 51 
30 24 37 56 9 15 21 3 44 25 34 41 41 39 25 31 0 11 
64 10 71 22 25 19 55 37 10 9 68 75 7 5 59 65 34 45 
6 48 13 80 33 39 3 21 68 49 10 17 65 63 1 7 24 13 
60 6 67 26 21 15 51 33 14 5 64 71 11 9 55 61 30 41 

86 28 76 4 33 41 68 80 11 15 28 85 75 23 29 49 71 23 
53 5 43 37 0 8 35 47 22 18 5 52 42 10 4 16 38 10 
80 22 70 10 27 35 62 74 5 9 22 79 69 17 23 43 65 17 
15 43 5 75 38 30 3 9 60 56 43 14 4 48 42 22 0 48 
63 5 53 27 10 18 45 57 12 8 5 62 52 0 6 26 48 0 
93 35 83 3 40 48 75 87 18 22 35 92 82 30 36 56 78 30 
0 58 10 90 53 45 18 6 75 71 58 1 11 63 57 37 15 63 
63 5 53 27 10 18 45 57 12 8 5 62 52 0 6 26 48 0 
16 42 6 74 37 29 2 10 59 55 42 15 5 47 41 21 1 47 
74 16 64 16 21 29 56 68 1 3 16 73 63 11 17 37 59 11 
9 49 1 81 44 36 9 3 66 62 49 8 2 54 48 28 6 54 
94 36 84 4 41 49 76 88 19 23 36 93 83 31 37 57 79 31 
22 36 12 68 31 23 4 16 53 49 36 21 11 41 35 15 7 41 
11 47 1 79 42 34 7 5 64 60 47 10 0 52 46 26 4 52 
51 7 41 39 2 6 33 45 24 20 7 50 40 12 6 14 36 12 
17 41 7 73 36 28 1 11 58 54 41 16 6 46 40 20 2 46 
75 17 65 15 22 30 57 69 0 4 17 74 64 12 18 38 60 12 
21 37 11 69 32 24 3 15 54 50 37 20 10 42 36 16 6 42 

10 56 5 30 7 30 0 73 42 40 85 55 4 9 87 0 63 69 
23 23 28 3 40 3 33 40 9 7 52 22 29 24 54 33 30 36 
4 50 1 24 13 24 6 67 36 34 79 49 2 3 81 6 57 63 
61 15 66 41 78 41 71 2 29 31 14 16 67 62 16 71 8 2 
13 33 18 7 30 7 23 50 19 17 62 32 19 14 64 23 40 46 
17 63 12 37 0 37 7 80 49 47 92 62 11 16 94 7 70 76 
76 30 81 56 93 56 86 13 44 46 1 31 82 77 1 86 23 17 
13 33 18 7 30 7 23 50 19 17 62 32 19 14 64 23 40 46 
60 14 65 40 77 40 70 3 28 30 15 15 66 61 17 70 7 1 
2 44 7 18 19 18 12 61 30 28 73 43 8 3 75 12 51 57 
67 21 72 47 84 47 77 4 35 37 8 22 73 68 10 77 14 8 
18 64 13 38 1 38 8 81 50 48 93 63 12 17 95 8 71 77 
54 8 59 34 71 34 64 9 22 24 21 9 60 55 23 64 1 5 
65 19 70 45 82 45 75 2 33 35 10 20 71 66 12 75 12 6 
25 21 30 5 42 5 35 38 7 5 50 20 31 26 52 35 28 34 
59 13 64 39 76 39 69 4 27 29 16 14 65 60 18 69 6 0 
1 45 6 19 18 19 11 62 31 29 74 44 7 2 76 11 52 58 
55 9 60 35 72 35 65 8 23 25 20 10 61 56 22 65 2 4 

15 46 11 55 40 40 52 33 42 32 37 42 26 24 48 24 27 45 
23 54 19 63 48 32 60 25 50 24 29 34 34 32 56 32 19 53 
34 3 38 6 9 89 3 82 7 81 86 91 23 25 1 25 76 4 
50 81 46 90 75 5 87 2 77 3 2 7 61 59 83 59 8 80 
24 7 28 16 1 79 13 72 3 71 76 81 13 15 9 15 66 6 
41 72 37 81 66 14 78 7 68 6 11 16 52 50 74 50 1 71 
31 62 27 71 56 24 68 17 58 16 21 26 42 40 64 40 11 61 
57 88 53 97 82 2 94 9 84 10 5 0 68 66 90 66 15 87 
47 78 43 87 72 8 84 1 74 0 5 10 58 56 80 56 5 77 
7 38 3 47 32 48 44 41 34 40 45 50 18 16 40 16 35 37 
17 48 13 57 42 38 54 31 44 30 35 40 28 26 50 26 25 47 
4 27 8 36 21 59 33 52 23 51 56 61 7 5 29 5 46 26 
20 51 16 60 45 35 57 28 47 27 32 37 31 29 53 29 22 50 
17 14 21 23 8 72 20 65 10 64 69 74 6 8 16 8 59 13 
5 26 9 35 20 60 32 53 22 52 57 62 6 4 28 4 47 25 
7 24 11 33 18 62 30 55 20 54 59 64 4 2 26 2 49 23 
5 26 9 35 20 60 32 53 22 52 57 62 6 4 28 4 47 25 
45 76 41 85 70 10 82 3 72 2 7 12 56 54 78 54 3 75 

8 18 23 22 16 53 38 37 10 48 37 12 17 32 23 38 34 19 
16 26 31 14 24 61 30 29 18 56 29 20 9 40 15 30 42 27 
41 31 26 71 33 4 87 86 39 1 86 37 66 17 72 87 15 30 
43 53 58 13 51 88 3 2 45 83 2 47 18 67 12 3 69 54 
31 21 16 61 23 14 77 76 29 9 76 27 56 7 62 77 5 20 
34 44 49 4 42 79 12 11 36 74 11 38 9 58 3 12 60 45 
24 34 39 6 32 69 22 21 26 64 21 28 1 48 7 22 50 35 
50 60 65 20 58 95 4 5 52 90 5 54 25 74 19 4 76 61 
40 50 55 10 48 85 6 5 42 80 5 44 15 64 9 6 66 51 
0 10 15 30 8 45 46 45 2 40 45 4 25 24 31 46 26 11 
10 20 25 20 18 55 36 35 12 50 35 14 15 34 21 36 36 21 
11 1 4 41 3 34 57 56 9 29 56 7 36 13 42 57 15 0 
13 23 28 17 21 58 33 32 15 53 32 17 12 37 18 33 39 24 
24 14 9 54 16 21 70 69 22 16 69 20 49 0 55 70 2 13 
12 2 3 42 4 33 58 57 10 28 57 8 37 12 43 58 14 1 
14 4 1 44 6 31 60 59 12 26 59 10 39 10 45 60 12 3 
12 2 3 42 4 33 58 57 10 28 57 8 37 12 43 58 14 1 
38 48 53 8 46 83 8 7 40 78 7 42 13 62 7 8 64 49 

34 13 25 42 17 34 37 4 6 54 41 4 24 5 37 35 10 45 
42 21 33 34 25 26 45 4 14 62 49 12 32 3 29 43 2 53 
15 36 24 91 32 83 12 53 43 5 8 45 25 54 86 14 59 4 
69 48 60 7 52 1 72 31 41 89 76 39 59 30 2 70 25 80 
5 26 14 81 22 73 2 43 33 15 2 35 15 44 76 4 49 6 
60 39 51 16 43 8 63 22 32 80 67 30 50 21 11 61 16 71 
50 29 41 26 33 18 53 12 22 70 57 20 40 11 21 51 6 61 
76 55 67 0 59 8 79 38 48 96 83 46 66 37 5 77 32 87 
66 45 57 10 49 2 69 28 38 86 73 36 56 27 5 67 22 77 
26 5 17 50 9 42 29 12 2 46 33 4 16 13 45 27 18 37 
36 15 27 40 19 32 39 2 8 56 43 6 26 3 35 37 8 47 
15 6 6 61 2 53 18 23 13 35 22 15 5 24 56 16 29 26 
39 18 30 37 22 29 42 1 11 59 46 9 29 0 32 40 5 50 
2 19 7 74 15 66 5 36 26 22 9 28 8 37 69 3 42 13 
14 7 5 62 3 54 17 24 14 34 21 16 4 25 57 15 30 25 
12 9 3 64 5 56 15 26 16 32 19 18 2 27 59 13 32 23 
14 7 5 62 3 54 17 24 14 34 21 16 4 25 57 15 30 25 
64 43 55 12 47 4 67 26 36 84 71 34 54 25 7 65 20 75 

31 23 38 55 8 14 22 4 43 24 35 42 40 38 26 32 1 12 
23 31 30 63 16 22 14 4 51 32 27 34 48 46 18 24 7 4 
80 26 87 6 41 35 71 53 6 25 84 91 9 11 75 81 50 61 
4 58 3 90 43 49 13 31 78 59 0 7 75 73 9 3 34 23 
70 16 77 16 31 25 61 43 4 15 74 81 1 1 65 71 40 51 
5 49 12 81 34 40 4 22 69 50 9 16 66 64 0 6 25 14 
15 39 22 71 24 30 6 12 59 40 19 26 56 54 10 16 15 4 
11 65 4 97 50 56 20 38 85 66 7 0 82 80 16 10 41 30 
1 55 6 87 40 46 10 28 75 56 3 10 72 70 6 0 31 20 
39 15 46 47 0 6 30 12 35 16 43 50 32 30 34 40 9 20 
29 25 36 57 10 16 20 2 45 26 33 40 42 40 24 30 1 10 
50 4 57 36 11 5 41 23 24 5 54 61 21 19 45 51 20 31 
26 28 33 60 13 19 17 1 48 29 30 37 45 43 21 27 4 7 
63 9 70 23 24 18 54 36 11 8 67 74 8 6 58 64 33 44 
51 3 58 35 12 6 42 24 23 4 55 62 20 18 46 52 21 32 
53 1 60 33 14 8 44 26 21 2 57 64 18 16 48 54 23 34 
51 3 58 35 12 6 42 24 23 4 55 62 20 18 46 52 21 32 
1 53 8 85 38 44 8 26 73 54 5 12 70 68 4 2 29 18 

50 8 40 40 3 5 32 44 25 21 8 49 39 13 7 13 35 13 
58 0 48 32 5 13 40 52 17 13 0 57 47 5 1 21 43 5 
1 57 9 89 52 44 17 5 74 70 57 0 10 62 56 36 14 62 
85 27 75 5 32 40 67 79 10 14 27 84 74 22 28 48 70 22 
11 47 1 79 42 34 7 5 64 60 47 10 0 52 46 26 4 52 
76 18 66 14 23 31 58 70 1 5 18 75 65 13 19 39 61 13 
66 8 56 24 13 21 48 60 9 5 8 65 55 3 9 29 51 3 
92 34 82 2 39 47 74 86 17 21 34 91 81 29 35 55 77 29 
82 24 72 8 29 37 64 76 7 11 24 81 71 19 25 45 67 19 
42 16 32 48 11 3 24 36 33 29 16 41 31 21 15 5 27 21 
52 6 42 38 1 7 34 46 23 19 6 51 41 11 5 15 37 11 
31 27 21 59 22 14 13 25 44 40 27 30 20 32 26 6 16 32 
55 3 45 35 2 10 37 49 20 16 3 54 44 8 2 18 40 8 
18 40 8 72 35 27 0 12 57 53 40 17 7 45 39 19 3 45 
30 28 20 60 23 15 12 24 45 41 28 29 19 33 27 7 15 33 
28 30 18 62 25 17 10 22 47 43 30 27 17 35 29 9 13 35 
30 28 20 60 23 15 12 24 45 41 28 29 19 33 27 7 15 33 
80 22 70 10 27 35 62 74 5 9 22 79 69 17 23 43 65 17 

26 20 31 6 43 6 36 37 6 4 49 19 32 27 51 36 27 33 
18 28 23 2 35 2 28 45 14 12 57 27 24 19 59 28 35 41 
75 29 80 55 92 55 85 12 43 45 0 30 81 76 2 85 22 16 
9 55 4 29 8 29 1 72 41 39 84 54 3 8 86 1 62 68 
65 19 70 45 82 45 75 2 33 35 10 20 71 66 12 75 12 6 
0 46 5 20 17 20 10 63 32 30 75 45 6 1 77 10 53 59 
10 36 15 10 27 10 20 53 22 20 65 35 16 11 67 20 43 49 
16 62 11 36 1 36 6 79 48 46 91 61 10 15 93 6 69 75 
6 52 1 26 11 26 4 69 38 36 81 51 0 5 83 4 59 65 
34 12 39 14 51 14 44 29 2 4 41 11 40 35 43 44 19 25 
24 22 29 4 41 4 34 39 8 6 51 21 30 25 53 34 29 35 
45 1 50 25 62 25 55 18 13 15 30 0 51 46 32 55 8 14 
21 25 26 1 38 1 31 42 11 9 54 24 27 22 56 31 32 38 
58 12 63 38 75 38 68 5 26 28 17 13 64 59 19 68 5 1 
46 0 51 26 63 26 56 17 14 16 29 1 52 47 31 56 7 13 
48 2 53 28 65 28 58 15 16 18 27 3 54 49 29 58 5 11 
46 0 51 26 63 26 56 17 14 16 29 1 52 47 31 56 7 13 
4 50 1 24 13 24 6 67 36 34 79 49 2 3 81 6 57 63 

7 3 8 37 1 38 53 52 5 33 52 3 32 17 38 53 19 4 
38 28 23 68 30 7 84 83 36 2 83 34 63 14 69 84 12 27 
3 7 12 33 5 42 49 48 1 37 48 1 28 21 34 49 23 8 
47 37 32 77 39 2 93 92 45 7 92 43 72 23 78 93 21 36 
32 22 17 62 24 13 78 77 30 8 77 28 57 8 63 78 6 21 
48 58 63 18 56 93 2 3 50 88 3 52 23 72 17 2 74 59 
44 34 29 74 36 1 90 89 42 4 89 40 69 20 75 90 18 33 
41 51 56 11 49 86 5 4 43 81 4 45 16 65 10 5 67 52 
34 24 19 64 26 11 80 79 32 6 79 30 59 10 65 80 8 23 
40 50 55 10 48 85 6 5 42 80 5 44 15 64 9 6 66 51 
45 55 60 15 53 90 1 0 47 85 0 49 20 69 14 1 71 56 
50 60 65 20 58 95 4 5 52 90 5 54 25 74 19 4 76 61 
18 8 3 48 10 27 64 63 16 22 63 14 43 6 49 64 8 7 
16 6 1 46 8 29 62 61 14 24 61 12 41 8 47 62 10 5 
40 30 25 70 32 5 86 85 38 0 85 36 65 16 71 86 14 29 
16 6 1 46 8 29 62 61 14 24 61 12 41 8 47 62 10 5 
35 45 50 5 43 80 11 10 37 75 10 39 10 59 4 11 61 46 
37 27 22 67 29 8 83 82 35 3 82 33 62 13 68 83 11 26 

19 2 10 57 2 49 22 19 9 39 26 11 9 20 52 20 25 30 
12 33 21 88 29 80 9 50 40 8 5 42 22 51 83 11 56 1 
23 2 14 53 6 45 26 15 5 43 30 7 13 16 48 24 21 34 
21 42 30 97 38 89 18 59 49 1 14 51 31 60 92 20 65 10 
6 27 15 82 23 74 3 44 34 14 1 36 16 45 77 5 50 5 
74 53 65 2 57 6 77 36 46 94 81 44 64 35 3 75 30 85 
18 39 27 94 35 86 15 56 46 2 11 48 28 57 89 17 62 7 
67 46 58 9 50 1 70 29 39 87 74 37 57 28 4 68 23 78 
8 29 17 84 25 76 5 46 36 12 1 38 18 47 79 7 52 3 
66 45 57 10 49 2 69 28 38 86 73 36 56 27 5 67 22 77 
71 50 62 5 54 3 74 33 43 91 78 41 61 32 0 72 27 82 
76 55 67 0 59 8 79 38 48 96 83 46 66 37 5 77 32 87 
8 13 1 68 9 60 11 30 20 28 15 22 2 31 63 9 36 19 
10 11 1 66 7 58 13 28 18 30 17 20 0 29 61 11 34 21 
14 35 23 90 31 82 11 52 42 6 7 44 24 53 85 13 58 3 
10 11 1 66 7 58 13 28 18 30 17 20 0 29 61 11 34 21 
61 40 52 15 44 7 64 23 33 81 68 31 51 22 10 62 17 72 
11 32 20 87 28 79 8 49 39 9 4 41 21 50 82 10 55 0 

46 8 53 40 7 1 37 19 28 9 50 57 25 23 41 47 16 27 
77 23 84 9 38 32 68 50 3 22 81 88 6 8 72 78 47 58 
42 12 49 44 3 3 33 15 32 13 46 53 29 27 37 43 12 23 
86 32 93 0 47 41 77 59 12 31 90 97 15 17 81 87 56 67 
71 17 78 15 32 26 62 44 3 16 75 82 0 2 66 72 41 52 
9 63 2 95 48 54 18 36 83 64 5 2 80 78 14 8 39 28 
83 29 90 3 44 38 74 56 9 28 87 94 12 14 78 84 53 64 
2 56 5 88 41 47 11 29 76 57 2 9 73 71 7 1 32 21 
73 19 80 13 34 28 64 46 1 18 77 84 2 4 68 74 43 54 
1 55 6 87 40 46 10 28 75 56 3 10 72 70 6 0 31 20 
6 60 1 92 45 51 15 33 80 61 2 5 77 75 11 5 36 25 
11 65 4 97 50 56 20 38 85 66 7 0 82 80 16 10 41 30 
57 3 64 29 18 12 48 30 17 2 61 68 14 12 52 58 27 38 
55 1 62 31 16 10 46 28 19 0 59 66 16 14 50 56 25 36 
79 25 86 7 40 34 70 52 5 24 83 90 8 10 74 80 49 60 
55 1 62 31 16 10 46 28 19 0 59 66 16 14 50 56 25 36 
4 50 11 82 35 41 5 23 70 51 8 15 67 65 1 5 26 15 
76 22 83 10 37 31 67 49 2 21 80 87 5 7 71 77 46 57 

35 23 25 55 18 10 17 29 40 36 23 34 24 28 22 2 20 28 
4 54 6 86 49 41 14 2 71 67 54 3 7 59 53 33 11 59 
39 19 29 51 14 6 21 33 36 32 19 38 28 24 18 2 24 24 
5 63 15 95 58 50 23 11 80 76 63 6 16 68 62 42 20 68 
10 48 0 80 43 35 8 4 65 61 48 9 1 53 47 27 5 53 
90 32 80 0 37 45 72 84 15 19 32 89 79 27 33 53 75 27 
2 60 12 92 55 47 20 8 77 73 60 3 13 65 59 39 17 65 
83 25 73 7 30 38 65 77 8 12 25 82 72 20 26 46 68 20 
8 50 2 82 45 37 10 2 67 63 50 7 3 55 49 29 7 55 
82 24 72 8 29 37 64 76 7 11 24 81 71 19 25 45 67 19 
87 29 77 3 34 42 69 81 12 16 29 86 76 24 30 50 72 24 
92 34 82 2 39 47 74 86 17 21 34 91 81 29 35 55 77 29 
24 34 14 66 29 21 6 18 51 47 34 23 13 39 33 13 9 39 
26 32 16 64 27 19 8 20 49 45 32 25 15 37 31 11 11 37 
2 56 8 88 51 43 16 4 73 69 56 1 9 61 55 35 13 61 
26 32 16 64 27 19 8 20 49 45 32 25 15 37 31 11 11 37 
77 19 67 13 24 32 59 71 2 6 19 76 66 14 20 40 62 14 
5 53 5 85 48 40 13 1 70 66 53 4 6 58 52 32 10 58 

41 5 46 21 58 21 51 22 9 11 34 4 47 42 36 51 12 18 
72 26 77 52 89 52 82 9 40 42 3 27 78 73 5 82 19 13 
37 9 42 17 54 17 47 26 5 7 38 8 43 38 40 47 16 22 
81 35 86 61 98 61 91 18 49 51 6 36 87 82 4 91 28 22 
66 20 71 46 83 46 76 3 34 36 9 21 72 67 11 76 13 7 
14 60 9 34 3 34 4 77 46 44 89 59 8 13 91 4 67 73 
78 32 83 58 95 58 88 15 46 48 3 33 84 79 1 88 25 19 
7 53 2 27 10 27 3 70 39 37 82 52 1 6 84 3 60 66 
68 22 73 48 85 48 78 5 36 38 7 23 74 69 9 78 15 9 
6 52 1 26 11 26 4 69 38 36 81 51 0 5 83 4 59 65 
11 57 6 31 6 31 1 74 43 41 86 56 5 10 88 1 64 70 
16 62 11 36 1 36 6 79 48 46 91 61 10 15 93 6 69 75 
52 6 57 32 69 32 62 11 20 22 23 7 58 53 25 62 1 7 
50 4 55 30 67 30 60 13 18 20 25 5 56 51 27 60 3 9 
74 28 79 54 91 54 84 11 42 44 1 29 80 75 3 84 21 15 
50 4 55 30 67 30 60 13 18 20 25 5 56 51 27 60 3 9 
1 47 4 21 16 21 9 64 33 31 76 46 5 0 78 9 54 60 
71 25 76 51 88 51 81 8 39 41 4 26 77 72 6 81 18 12 

26 5 17 50 9 42 29 12 2 46 33 4 16 13 45 27 18 37 
16 5 7 60 1 52 19 22 12 36 23 14 6 23 55 17 28 27 
11 10 2 65 6 57 14 27 17 31 18 19 1 28 60 12 33 22 
56 35 47 20 39 12 59 18 28 76 63 26 46 17 15 57 12 67 
18 3 9 58 1 50 21 20 10 38 25 12 8 21 53 19 26 29 
19 40 28 95 36 87 16 57 47 1 12 49 29 58 90 18 63 8 
72 51 63 4 55 4 75 34 44 92 79 42 62 33 1 73 28 83 
71 50 62 5 54 3 74 33 43 91 78 41 61 32 0 72 27 82 
24 3 15 52 7 44 27 14 4 44 31 6 14 15 47 25 20 35 
14 35 23 90 31 82 11 52 42 6 7 44 24 53 85 13 58 3 
71 50 62 5 54 3 74 33 43 91 78 41 61 32 0 72 27 82 
22 1 13 54 5 46 25 16 6 42 29 8 12 17 49 23 22 33 
51 30 42 25 34 17 54 13 23 71 58 21 41 12 20 52 7 62 
2 19 7 74 15 66 5 36 26 22 9 28 8 37 69 3 42 13 
57 36 48 19 40 11 60 19 29 77 64 27 47 18 14 58 13 68 
72 51 63 4 55 4 75 34 44 92 79 42 62 33 1 73 28 83 
0 21 9 76 17 68 3 38 28 20 7 30 10 39 71 1 44 11 
15 6 6 61 2 53 18 23 13 35 22 15 5 24 56 16 29 26 

39 15 46 47 0 6 30 12 35 16 43 50 32 30 34 40 9 20 
49 5 56 37 10 4 40 22 25 6 53 60 22 20 44 50 19 30 
54 0 61 32 15 9 45 27 20 1 58 65 17 15 49 55 24 35 
9 45 16 77 30 36 0 18 65 46 13 20 62 60 4 10 21 10 
47 7 54 39 8 2 38 20 27 8 51 58 24 22 42 48 17 28 
84 30 91 2 45 39 75 57 10 29 88 95 13 15 79 85 54 65 
7 61 0 93 46 52 16 34 81 62 3 4 78 76 12 6 37 26 
6 60 1 92 45 51 15 33 80 61 2 5 77 75 11 5 36 25 
41 13 48 45 2 4 32 14 33 14 45 52 30 28 36 42 11 22 
79 25 86 7 40 34 70 52 5 24 83 90 8 10 74 80 49 60 
6 60 1 92 45 51 15 33 80 61 2 5 77 75 11 5 36 25 
43 11 50 43 4 2 34 16 31 12 47 54 28 26 38 44 13 24 
14 40 21 72 25 31 5 13 60 41 18 25 57 55 9 15 16 5 
63 9 70 23 24 18 54 36 11 8 67 74 8 6 58 64 33 44 
8 46 15 78 31 37 1 19 66 47 12 19 63 61 3 9 22 11 
7 61 0 93 46 52 16 34 81 62 3 4 78 76 12 6 37 26 
65 11 72 21 26 20 56 38 9 10 69 76 6 4 60 66 35 46 
50 4 57 36 11 5 41 23 24 5 54 61 21 19 45 51 20 31 

42 16 32 48 11 3 24 36 33 29 16 41 31 21 15 5 27 21 
32 26 22 58 21 13 14 26 43 39 26 31 21 31 25 5 17 31 
27 31 17 63 26 18 9 21 48 44 31 26 16 36 30 10 12 36 
72 14 62 18 19 27 54 66 3 1 14 71 61 9 15 35 57 9 
34 24 24 56 19 11 16 28 41 37 24 33 23 29 23 3 19 29 
3 61 13 93 56 48 21 9 78 74 61 4 14 66 60 40 18 66 
88 30 78 2 35 43 70 82 13 17 30 87 77 25 31 51 73 25 
87 29 77 3 34 42 69 81 12 16 29 86 76 24 30 50 72 24 
40 18 30 50 13 5 22 34 35 31 18 39 29 23 17 3 25 23 
2 56 8 88 51 43 16 4 73 69 56 1 9 61 55 35 13 61 
87 29 77 3 34 42 69 81 12 16 29 86 76 24 30 50 72 24 
38 20 28 52 15 7 20 32 37 33 20 37 27 25 19 1 23 25 
67 9 57 23 14 22 49 61 8 4 9 66 56 4 10 30 52 4 
18 40 8 72 35 27 0 12 57 53 40 17 7 45 39 19 3 45 
73 15 63 17 20 28 55 67 2 2 15 72 62 10 16 36 58 10 
88 30 78 2 35 43 70 82 13 17 30 87 77 25 31 51 73 25 
16 42 6 74 37 29 2 10 59 55 42 15 5 47 41 21 1 47 
31 27 21 59 22 14 13 25 44 40 27 30 20 32 26 6 16 32 

34 12 39 14 51 14 44 29 2 4 41 11 40 35 43 44 19 25 
44 2 49 24 61 24 54 19 12 14 31 1 50 45 33 54 9 15 
49 3 54 29 66 29 59 14 17 19 26 4 55 50 28 59 4 10 
4 42 9 16 21 16 14 59 28 26 71 41 10 5 73 14 49 55 
42 4 47 22 59 22 52 21 10 12 33 3 48 43 35 52 11 17 
79 33 84 59 96 59 89 16 47 49 4 34 85 80 2 89 26 20 
12 58 7 32 5 32 2 75 44 42 87 57 6 11 89 2 65 71 
11 57 6 31 6 31 1 74 43 41 86 56 5 10 88 1 64 70 
36 10 41 16 53 16 46 27 4 6 39 9 42 37 41 46 17 23 
74 28 79 54 91 54 84 11 42 44 1 29 80 75 3 84 21 15 
11 57 6 31 6 31 1 74 43 41 86 56 5 10 88 1 64 70 
38 8 43 18 55 18 48 25 6 8 37 7 44 39 39 48 15 21 
9 37 14 11 26 11 19 54 23 21 66 36 15 10 68 19 44 50 
58 12 63 38 75 38 68 5 26 28 17 13 64 59 19 68 5 1 
3 43 8 17 20 17 13 60 29 27 72 42 9 4 74 13 50 56 
12 58 7 32 5 32 2 75 44 42 87 57 6 11 89 2 65 71 
60 14 65 40 77 40 70 3 28 30 15 15 66 61 17 70 7 1 
45 1 50 25 62 25 55 18 13 15 30 0 51 46 32 55 8 14 

65 11 72 21 26 20 56 38 9 10 69 76 6 4 60 66 35 46 
44 10 51 42 5 1 35 17 30 11 48 55 27 25 39 45 14 25 
56 2 63 30 17 11 47 29 18 1 60 67 15 13 51 57 26 37 
11 65 4 97 50 56 20 38 85 66 7 0 82 80 16 10 41 30 
48 6 55 38 9 3 39 21 26 7 52 59 23 21 43 49 18 29 
3 57 4 89 42 48 12 30 77 58 1 8 74 72 8 2 33 22 
68 14 75 18 29 23 59 41 6 13 72 79 3 1 63 69 38 49 
27 27 34 59 12 18 18 0 47 28 31 38 44 42 22 28 3 8 
37 17 44 49 2 8 28 10 37 18 41 48 34 32 32 38 7 18 
85 31 92 1 46 40 76 58 11 30 89 96 14 16 80 86 55 66 
72 18 79 14 33 27 63 45 2 17 76 83 1 3 67 73 42 53 
35 19 42 51 4 10 26 8 39 20 39 46 36 34 30 36 5 16 
55 1 62 31 16 10 46 28 19 0 59 66 16 14 50 56 25 36 
26 28 33 60 13 19 17 1 48 29 30 37 45 43 21 27 4 7 
6 60 1 92 45 51 15 33 80 61 2 5 77 75 11 5 36 25 
66 12 73 20 27 21 57 39 8 11 70 77 5 3 61 67 36 47 
21 33 28 65 18 24 12 6 53 34 25 32 50 48 16 22 9 2 
76 22 83 10 37 31 67 49 2 21 80 87 5 7 71 77 46 57 

16 42 6 74 37 29 2 10 59 55 42 15 5 47 41 21 1 47 
37 21 27 53 16 8 19 31 38 34 21 36 26 26 20 0 22 26 
25 33 15 65 28 20 7 19 50 46 33 24 14 38 32 12 10 38 
92 34 82 2 39 47 74 86 17 21 34 91 81 29 35 55 77 29 
33 25 23 57 20 12 15 27 42 38 25 32 22 30 24 4 18 30 
84 26 74 6 31 39 66 78 9 13 26 83 73 21 27 47 69 21 
13 45 3 77 40 32 5 7 62 58 45 12 2 50 44 24 2 50 
54 4 44 36 1 9 36 48 21 17 4 53 43 9 3 17 39 9 
44 14 34 46 9 1 26 38 31 27 14 43 33 19 13 7 29 19 
4 62 14 94 57 49 22 10 79 75 62 5 15 67 61 41 19 67 
9 49 1 81 44 36 9 3 66 62 49 8 2 54 48 28 6 54 
46 12 36 44 7 1 28 40 29 25 12 45 35 17 11 9 31 17 
26 32 16 64 27 19 8 20 49 45 32 25 15 37 31 11 11 37 
55 3 45 35 2 10 37 49 20 16 3 54 44 8 2 18 40 8 
87 29 77 3 34 42 69 81 12 16 29 86 76 24 30 50 72 24 
15 43 5 75 38 30 3 9 60 56 43 14 4 48 42 22 0 48 
60 2 50 30 7 15 42 54 15 11 2 59 49 3 3 23 45 3 
5 53 5 85 48 40 13 1 70 66 53 4 6 58 52 32 10 58 

60 14 65 40 77 40 70 3 28 30 15 15 66 61 17 70 7 1 
39 7 44 19 56 19 49 24 7 9 36 6 45 40 38 49 14 20 
51 5 56 31 68 31 61 12 19 21 24 6 57 52 26 61 2 8 
16 62 11 36 1 36 6 79 48 46 91 61 10 15 93 6 69 75 
43 3 48 23 60 23 53 20 11 13 32 2 49 44 34 53 10 16 
8 54 3 28 9 28 2 71 40 38 83 53 2 7 85 2 61 67 
63 17 68 43 80 43 73 0 31 33 12 18 69 64 14 73 10 4 
22 24 27 2 39 2 32 41 10 8 53 23 28 23 55 32 31 37 
32 14 37 12 49 12 42 31 0 2 43 13 38 33 45 42 21 27 
80 34 85 60 97 60 90 17 48 50 5 35 86 81 3 90 27 21 
67 21 72 47 84 47 77 4 35 37 8 22 73 68 10 77 14 8 
30 16 35 10 47 10 40 33 2 0 45 15 36 31 47 40 23 29 
50 4 55 30 67 30 60 13 18 20 25 5 56 51 27 60 3 9 
21 25 26 1 38 1 31 42 11 9 54 24 27 22 56 31 32 38 
11 57 6 31 6 31 1 74 43 41 86 56 5 10 88 1 64 70 
61 15 66 41 78 41 71 2 29 31 14 16 67 62 16 71 8 2 
16 30 21 4 33 4 26 47 16 14 59 29 22 17 61 26 37 43 
71 25 76 51 88 51 81 8 39 41 4 26 77 72 6 81 18 12 

81 23 71 9 28 36 63 75 6 10 23 80 70 18 24 44 66 18 
27 31 17 63 26 18 9 21 48 44 31 26 16 36 30 10 12 36 
88 30 78 2 35 43 70 82 13 17 30 87 77 25 31 51 73 25 
5 63 15 95 58 50 23 11 80 76 63 6 16 68 62 42 20 68 
42 16 32 48 11 3 24 36 33 29 16 41 31 21 15 5 27 21 
36 22 26 54 17 9 18 30 39 35 22 35 25 27 21 1 21 27 
72 14 62 18 19 27 54 66 3 1 14 71 61 9 15 35 57 9 
54 4 44 36 1 9 36 48 21 17 4 53 43 9 3 17 39 9 
7 51 3 83 46 38 11 1 68 64 51 6 4 56 50 30 8 56 
26 32 16 64 27 19 8 20 49 45 32 25 15 37 31 11 11 37 
85 27 75 5 32 40 67 79 10 14 27 84 74 22 28 48 70 22 
92 34 82 2 39 47 74 86 17 21 34 91 81 29 35 55 77 29 
10 48 0 80 43 35 8 4 65 61 48 9 1 53 47 27 5 53 
12 46 2 78 41 33 6 6 63 59 46 11 1 51 45 25 3 51 
76 18 66 14 23 31 58 70 1 5 18 75 65 13 19 39 61 13 
82 24 72 8 29 37 64 76 7 11 24 81 71 19 25 45 67 19 
51 7 41 39 2 6 33 45 24 20 7 50 40 12 6 14 36 12 
62 4 52 28 9 17 44 56 13 9 4 61 51 1 5 25 47 1 

5 51 0 25 12 25 5 68 37 35 80 50 1 4 82 5 58 64 
49 3 54 29 66 29 59 14 17 19 26 4 55 50 28 59 4 10 
12 58 7 32 5 32 2 75 44 42 87 57 6 11 89 2 65 71 
81 35 86 61 98 61 91 18 49 51 6 36 87 82 4 91 28 22 
34 12 39 14 51 14 44 29 2 4 41 11 40 35 43 44 19 25 
40 6 45 20 57 20 50 23 8 10 35 5 46 41 37 50 13 19 
4 42 9 16 21 16 14 59 28 26 71 41 10 5 73 14 49 55 
22 24 27 2 39 2 32 41 10 8 53 23 28 23 55 32 31 37 
69 23 74 49 86 49 79 6 37 39 6 24 75 70 8 79 16 10 
50 4 55 30 67 30 60 13 18 20 25 5 56 51 27 60 3 9 
9 55 4 29 8 29 1 72 41 39 84 54 3 8 86 1 62 68 
16 62 11 36 1 36 6 79 48 46 91 61 10 15 93 6 69 75 
66 20 71 46 83 46 76 3 34 36 9 21 72 67 11 76 13 7 
64 18 69 44 81 44 74 1 32 34 11 19 70 65 13 74 11 5 
0 46 5 20 17 20 10 63 32 30 75 45 6 1 77 10 53 59 
6 52 1 26 11 26 4 69 38 36 81 51 0 5 83 4 59 65 
25 21 30 5 42 5 35 38 7 5 50 20 31 26 52 35 28 34 
14 32 19 6 31 6 24 49 18 16 61 31 20 15 63 24 39 45 

76 30 81 56 93 56 86 13 44 46 1 31 82 77 1 86 23 17 
18 28 23 2 35 2 28 45 14 12 57 27 24 19 59 28 35 41 
66 20 71 46 83 46 76 3 34 36 9 21 72 67 11 76 13 7 
14 60 9 34 3 34 4 77 46 44 89 59 8 13 91 4 67 73 
23 23 28 3 40 3 33 40 9 7 52 22 29 24 54 33 30 36 
31 15 36 11 48 11 41 32 1 1 44 14 37 32 46 41 22 28 
58 12 63 38 75 38 68 5 26 28 17 13 64 59 19 68 5 1 
70 24 75 50 87 50 80 7 38 40 5 25 76 71 7 80 17 11 
1 45 6 19 18 19 11 62 31 29 74 44 7 2 76 11 52 58 
5 41 10 15 22 15 15 58 27 25 70 40 11 6 72 15 48 54 
18 28 23 2 35 2 28 45 14 12 57 27 24 19 59 28 35 41 
75 29 80 55 92 55 85 12 43 45 0 30 81 76 2 85 22 16 
65 19 70 45 82 45 75 2 33 35 10 20 71 66 12 75 12 6 
13 33 18 7 30 7 23 50 19 17 62 32 19 14 64 23 40 46 
19 27 24 1 36 1 29 44 13 11 56 26 25 20 58 29 34 40 
39 7 44 19 56 19 49 24 7 9 36 6 45 40 38 49 14 20 
61 15 66 41 78 41 71 2 29 31 14 16 67 62 16 71 8 2 
13 33 18 7 30 7 23 50 19 17 62 32 19 14 64 23 40 46 

