18 10 

21 10 50 8 56 69 52 17 24 69 75 32 20 68 8 5 9 29 
24 13 53 11 59 72 55 20 27 72 78 35 23 71 11 2 12 32 
28 17 57 15 63 76 59 24 31 76 82 39 27 75 15 2 16 36 
9 20 20 22 26 39 22 13 6 39 45 2 10 38 22 35 21 1 
3 14 26 16 32 45 28 7 0 45 51 8 4 44 16 29 15 5 
43 54 14 56 8 5 12 47 40 5 11 32 44 4 56 69 55 35 
15 26 14 28 20 33 16 19 12 33 39 4 16 32 28 41 27 7 
23 12 52 10 58 71 54 19 26 71 77 34 22 70 10 3 11 31 
27 16 56 14 62 75 58 23 30 75 81 38 26 74 14 1 15 35 
12 1 41 1 47 60 43 8 15 60 66 23 11 59 1 14 0 20 
13 2 42 0 48 61 44 9 16 61 67 24 12 60 0 13 1 21 
35 46 6 48 0 13 4 39 32 13 19 24 36 12 48 61 47 27 
12 1 41 1 47 60 43 8 15 60 66 23 11 59 1 14 0 20 
27 16 56 14 62 75 58 23 30 75 81 38 26 74 14 1 15 35 
46 57 17 59 11 2 15 50 43 2 8 35 47 1 59 72 58 38 
13 24 16 26 22 35 18 17 10 35 41 2 14 34 26 39 25 5 
32 21 61 19 67 80 63 28 35 80 86 43 31 79 19 6 20 40 
47 58 18 60 12 1 16 51 44 1 7 36 48 0 60 73 59 39 

32 39 33 74 6 26 47 21 56 14 14 20 19 76 29 59 46 38 
35 42 36 77 3 29 50 24 59 17 11 23 22 79 32 62 49 41 
39 46 40 81 1 33 54 28 63 21 7 27 26 83 36 66 53 45 
2 9 3 44 36 4 17 9 26 16 44 10 11 46 1 29 16 8 
8 15 9 50 30 2 23 3 32 10 38 4 5 52 5 35 22 14 
32 25 31 10 70 38 17 43 8 50 78 44 45 12 35 5 18 26 
4 3 3 38 42 10 11 15 20 22 50 16 17 40 7 23 10 2 
34 41 35 76 4 28 49 23 58 16 12 22 21 78 31 61 48 40 
38 45 39 80 0 32 53 27 62 20 8 26 25 82 35 65 52 44 
23 30 24 65 15 17 38 12 47 5 23 11 10 67 20 50 37 29 
24 31 25 66 14 18 39 13 48 6 22 12 11 68 21 51 38 30 
24 17 23 18 62 30 9 35 0 42 70 36 37 20 27 3 10 18 
23 30 24 65 15 17 38 12 47 5 23 11 10 67 20 50 37 29 
38 45 39 80 0 32 53 27 62 20 8 26 25 82 35 65 52 44 
35 28 34 7 73 41 20 46 11 53 81 47 48 9 38 8 21 29 
2 5 1 40 40 8 13 13 22 20 48 14 15 42 5 25 12 4 
43 50 44 85 5 37 58 32 67 25 3 31 30 87 40 70 57 49 
36 29 35 6 74 42 21 47 12 54 82 48 49 8 39 9 22 30 

74 16 38 50 15 52 18 3 64 3 7 59 0 34 16 47 67 23 
77 13 41 53 12 55 15 6 67 6 10 62 3 37 19 50 70 26 
81 9 45 57 8 59 11 10 71 10 14 66 7 41 23 54 74 30 
44 46 8 20 45 22 48 27 34 27 23 29 30 4 14 17 37 7 
50 40 14 26 39 28 42 21 40 21 17 35 24 10 8 23 43 1 
10 80 26 14 79 12 82 61 0 61 57 5 64 30 48 17 3 41 
38 52 2 14 51 16 54 33 28 33 29 23 36 2 20 11 31 13 
76 14 40 52 13 54 16 5 66 5 9 61 2 36 18 49 69 25 
80 10 44 56 9 58 12 9 70 9 13 65 6 40 22 53 73 29 
65 25 29 41 24 43 27 6 55 6 2 50 9 25 7 38 58 14 
66 24 30 42 23 44 26 5 56 5 1 51 8 26 8 39 59 15 
18 72 18 6 71 4 74 53 8 53 49 3 56 22 40 9 11 33 
65 25 29 41 24 43 27 6 55 6 2 50 9 25 7 38 58 14 
80 10 44 56 9 58 12 9 70 9 13 65 6 40 22 53 73 29 
7 83 29 17 82 15 85 64 3 64 60 8 67 33 51 20 0 44 
40 50 4 16 49 18 52 31 30 31 27 25 34 0 18 13 33 11 
85 5 49 61 4 63 7 14 75 14 18 70 11 45 27 58 78 34 
6 84 30 18 83 16 86 65 4 65 61 9 68 34 52 21 1 45 

38 35 50 62 40 40 66 49 13 1 37 42 29 11 5 24 6 63 
41 38 53 65 43 43 69 52 10 4 40 45 32 14 8 27 9 66 
45 42 57 69 47 47 73 56 6 8 44 49 36 18 12 31 13 70 
8 5 20 32 10 10 36 19 43 29 7 12 1 19 25 6 24 33 
14 11 26 38 16 16 42 25 37 23 13 18 5 13 19 0 18 39 
26 29 14 2 24 24 2 15 77 63 27 22 35 53 59 40 58 1 
2 1 14 26 4 4 30 13 49 35 1 6 7 25 31 12 30 27 
40 37 52 64 42 42 68 51 11 3 39 44 31 13 7 26 8 65 
44 41 56 68 46 46 72 55 7 7 43 48 35 17 11 30 12 69 
29 26 41 53 31 31 57 40 22 8 28 33 20 2 4 15 3 54 
30 27 42 54 32 32 58 41 21 7 29 34 21 3 3 16 2 55 
18 21 6 6 16 16 10 7 69 55 19 14 27 45 51 32 50 7 
29 26 41 53 31 31 57 40 22 8 28 33 20 2 4 15 3 54 
44 41 56 68 46 46 72 55 7 7 43 48 35 17 11 30 12 69 
29 32 17 5 27 27 1 18 80 66 30 25 38 56 62 43 61 4 
4 1 16 28 6 6 32 15 47 33 3 8 5 23 29 10 28 29 
49 46 61 73 51 51 77 60 2 12 48 53 40 22 16 35 17 74 
30 33 18 6 28 28 2 19 81 67 31 26 39 57 63 44 62 5 

58 38 26 2 20 55 64 18 10 11 11 65 10 17 29 40 70 16 
61 41 29 1 23 58 67 15 13 8 8 68 7 20 32 43 73 19 
65 45 33 5 27 62 71 11 17 4 4 72 3 24 36 47 77 23 
28 8 4 32 10 25 34 48 20 41 41 35 40 13 1 10 40 14 
34 14 2 26 4 31 40 42 14 35 35 41 34 7 5 16 46 8 
6 26 38 66 44 9 0 82 54 75 75 1 74 47 35 24 6 48 
22 2 10 38 16 19 28 54 26 47 47 29 46 19 7 4 34 20 
60 40 28 0 22 57 66 16 12 9 9 67 8 19 31 42 72 18 
64 44 32 4 26 61 70 12 16 5 5 71 4 23 35 46 76 22 
49 29 17 11 11 46 55 27 1 20 20 56 19 8 20 31 61 7 
50 30 18 10 12 47 56 26 2 19 19 57 18 9 21 32 62 8 
2 18 30 58 36 1 8 74 46 67 67 9 66 39 27 16 14 40 
49 29 17 11 11 46 55 27 1 20 20 56 19 8 20 31 61 7 
64 44 32 4 26 61 70 12 16 5 5 71 4 23 35 46 76 22 
9 29 41 69 47 12 3 85 57 78 78 2 77 50 38 27 3 51 
24 4 8 36 14 21 30 52 24 45 45 31 44 17 5 6 36 18 
69 49 37 9 31 66 75 7 21 0 0 76 1 28 40 51 81 27 
10 30 42 70 48 13 4 86 58 79 79 3 78 51 39 28 2 52 

4 58 5 29 79 6 57 4 29 4 6 20 25 38 55 61 45 76 
1 61 2 32 82 9 60 1 32 1 9 23 28 41 58 64 48 79 
3 65 2 36 86 13 64 3 36 3 13 27 32 45 62 68 52 83 
34 28 35 1 49 24 27 34 1 34 24 10 5 8 25 31 15 46 
28 34 29 5 55 18 33 28 5 28 18 4 1 14 31 37 21 52 
68 6 69 35 15 58 7 68 35 68 58 44 39 26 9 3 19 12 
40 22 41 7 43 30 21 40 7 40 30 16 11 2 19 25 9 40 
2 60 3 31 81 8 59 2 31 2 8 22 27 40 57 63 47 78 
2 64 1 35 85 12 63 2 35 2 12 26 31 44 61 67 51 82 
13 49 14 20 70 3 48 13 20 13 3 11 16 29 46 52 36 67 
12 50 13 21 71 2 49 12 21 12 2 12 17 30 47 53 37 68 
60 2 61 27 23 50 1 60 27 60 50 36 31 18 1 5 11 20 
13 49 14 20 70 3 48 13 20 13 3 11 16 29 46 52 36 67 
2 64 1 35 85 12 63 2 35 2 12 26 31 44 61 67 51 82 
71 9 72 38 12 61 10 71 38 71 61 47 42 29 12 6 22 9 
38 24 39 5 45 28 23 38 5 38 28 14 9 4 21 27 11 42 
7 69 6 40 90 17 68 7 40 7 17 31 36 49 66 72 56 87 
72 10 73 39 11 62 11 72 39 72 62 48 43 30 13 7 23 8 

55 45 45 64 17 65 13 12 9 54 30 11 17 11 32 5 40 3 
58 48 48 67 14 68 10 15 12 57 33 8 20 8 35 2 43 6 
62 52 52 71 10 72 6 19 16 61 37 4 24 4 39 2 47 10 
25 15 15 34 47 35 43 18 21 24 0 41 13 41 2 35 10 27 
31 21 21 40 41 41 37 12 15 30 6 35 7 35 8 29 16 21 
9 19 19 0 81 1 77 52 55 10 34 75 47 75 32 69 24 61 
19 9 9 28 53 29 49 24 27 18 6 47 19 47 4 41 4 33 
57 47 47 66 15 67 11 14 11 56 32 9 19 9 34 3 42 5 
61 51 51 70 11 71 7 18 15 60 36 5 23 5 38 1 46 9 
46 36 36 55 26 56 22 3 0 45 21 20 8 20 23 14 31 6 
47 37 37 56 25 57 21 4 1 46 22 19 9 19 24 13 32 5 
1 11 11 8 73 9 69 44 47 2 26 67 39 67 24 61 16 53 
46 36 36 55 26 56 22 3 0 45 21 20 8 20 23 14 31 6 
61 51 51 70 11 71 7 18 15 60 36 5 23 5 38 1 46 9 
12 22 22 3 84 2 80 55 58 13 37 78 50 78 35 72 27 64 
21 11 11 30 51 31 47 22 25 20 4 45 17 45 2 39 6 31 
66 56 56 75 6 76 2 23 20 65 41 0 28 0 43 6 51 14 
13 23 23 4 85 3 81 56 59 14 38 79 51 79 36 73 28 65 

30 31 56 3 59 19 74 2 77 11 45 15 65 15 69 4 52 54 
33 34 59 0 62 22 77 5 80 14 48 12 68 12 72 7 55 57 
37 38 63 4 66 26 81 9 84 18 52 8 72 8 76 11 59 61 
0 1 26 33 29 11 44 28 47 19 15 45 35 45 39 26 22 24 
6 7 32 27 35 5 50 22 53 13 21 39 41 39 45 20 28 30 
34 33 8 67 5 45 10 62 13 53 19 79 1 79 5 60 12 10 
6 5 20 39 23 17 38 34 41 25 9 51 29 51 33 32 16 18 
32 33 58 1 61 21 76 4 79 13 47 13 67 13 71 6 54 56 
36 37 62 3 65 25 80 8 83 17 51 9 71 9 75 10 58 60 
21 22 47 12 50 10 65 7 68 2 36 24 56 24 60 5 43 45 
22 23 48 11 51 11 66 6 69 3 37 23 57 23 61 4 44 46 
26 25 0 59 3 37 18 54 21 45 11 71 9 71 13 52 4 2 
21 22 47 12 50 10 65 7 68 2 36 24 56 24 60 5 43 45 
36 37 62 3 65 25 80 8 83 17 51 9 71 9 75 10 58 60 
37 36 11 70 8 48 7 65 10 56 22 82 2 82 2 63 15 13 
4 3 22 37 25 15 40 32 43 23 11 49 31 49 35 30 18 20 
41 42 67 8 70 30 85 13 88 22 56 4 76 4 80 15 63 65 
38 37 12 71 9 49 6 66 9 57 23 83 3 83 1 64 16 14 

16 34 36 16 10 57 49 7 4 62 48 26 46 49 11 47 35 54 
19 37 39 13 13 60 52 4 1 65 51 29 49 52 14 50 38 57 
23 41 43 9 17 64 56 0 3 69 55 33 53 56 18 54 42 61 
14 4 6 46 20 27 19 37 34 32 18 4 16 19 19 17 5 24 
8 10 12 40 14 33 25 31 28 38 24 2 22 25 13 23 11 30 
48 30 28 80 54 7 15 71 68 2 16 38 18 15 53 17 29 10 
20 2 0 52 26 21 13 43 40 26 12 10 10 13 25 11 1 18 
18 36 38 14 12 59 51 5 2 64 50 28 48 51 13 49 37 56 
22 40 42 10 16 63 55 1 2 68 54 32 52 55 17 53 41 60 
7 25 27 25 1 48 40 16 13 53 39 17 37 40 2 38 26 45 
8 26 28 24 2 49 41 15 12 54 40 18 38 41 3 39 27 46 
40 22 20 72 46 1 7 63 60 6 8 30 10 7 45 9 21 2 
7 25 27 25 1 48 40 16 13 53 39 17 37 40 2 38 26 45 
22 40 42 10 16 63 55 1 2 68 54 32 52 55 17 53 41 60 
51 33 31 83 57 10 18 74 71 5 19 41 21 18 56 20 32 13 
18 0 2 50 24 23 15 41 38 28 14 8 12 15 23 13 1 20 
27 45 47 5 21 68 60 4 7 73 59 37 57 60 22 58 46 65 
52 34 32 84 58 11 19 75 72 6 20 42 22 19 57 21 33 14 

11 18 12 53 27 5 26 0 35 7 35 1 2 55 8 38 25 17 
22 29 23 64 16 16 37 11 46 4 24 10 9 66 19 49 36 28 
18 11 17 24 56 24 3 29 6 36 64 30 31 26 21 9 4 12 
24 31 25 66 14 18 39 13 48 6 22 12 11 68 21 51 38 30 
24 17 23 18 62 30 9 35 0 42 70 36 37 20 27 3 10 18 
37 30 36 5 75 43 22 48 13 55 83 49 50 7 40 10 23 31 
20 13 19 22 58 26 5 31 4 38 66 32 33 24 23 7 6 14 
15 22 16 57 23 9 30 4 39 3 31 3 2 59 12 42 29 21 
8 15 9 50 30 2 23 3 32 10 38 4 5 52 5 35 22 14 
37 30 36 5 75 43 22 48 13 55 83 49 50 7 40 10 23 31 
43 36 42 1 81 49 28 54 19 61 89 55 56 1 46 16 29 37 
0 7 1 42 38 6 15 11 24 18 46 12 13 44 3 27 14 6 
12 19 13 54 26 6 27 1 36 6 34 0 1 56 9 39 26 18 
36 29 35 6 74 42 21 47 12 54 82 48 49 8 39 9 22 30 
24 31 25 66 14 18 39 13 48 6 22 12 11 68 21 51 38 30 
37 44 38 79 1 31 52 26 61 19 9 25 24 81 34 64 51 43 
23 30 24 65 15 17 38 12 47 5 23 11 10 67 20 50 37 29 
3 10 4 45 35 3 18 8 27 15 43 9 10 47 0 30 17 9 

53 37 17 29 36 31 39 18 43 18 14 38 21 13 5 26 46 2 
64 26 28 40 25 42 28 7 54 7 3 49 10 24 6 37 57 13 
24 66 12 0 65 2 68 47 14 47 43 9 50 16 34 3 17 27 
66 24 30 42 23 44 26 5 56 5 1 51 8 26 8 39 59 15 
18 72 18 6 71 4 74 53 8 53 49 3 56 22 40 9 11 33 
5 85 31 19 84 17 87 66 5 66 62 10 69 35 53 22 2 46 
22 68 14 2 67 0 70 49 12 49 45 7 52 18 36 5 15 29 
57 33 21 33 32 35 35 14 47 14 10 42 17 17 1 30 50 6 
50 40 14 26 39 28 42 21 40 21 17 35 24 10 8 23 43 1 
5 85 31 19 84 17 87 66 5 66 62 10 69 35 53 22 2 46 
1 91 37 25 90 23 93 72 11 72 68 16 75 41 59 28 8 52 
42 48 6 18 47 20 50 29 32 29 25 27 32 2 16 15 35 9 
54 36 18 30 35 32 38 17 44 17 13 39 20 14 4 27 47 3 
6 84 30 18 83 16 86 65 4 65 61 9 68 34 52 21 1 45 
66 24 30 42 23 44 26 5 56 5 1 51 8 26 8 39 59 15 
79 11 43 55 10 57 13 8 69 8 12 64 5 39 21 52 72 28 
65 25 29 41 24 43 27 6 55 6 2 50 9 25 7 38 58 14 
45 45 9 21 44 23 47 26 35 26 22 30 29 5 13 18 38 6 

17 14 29 41 19 19 45 28 34 20 16 21 8 10 16 3 15 42 
28 25 40 52 30 30 56 39 23 9 27 32 19 1 5 14 4 53 
12 15 0 12 10 10 16 1 63 49 13 8 21 39 45 26 44 13 
30 27 42 54 32 32 58 41 21 7 29 34 21 3 3 16 2 55 
18 21 6 6 16 16 10 7 69 55 19 14 27 45 51 32 50 7 
31 34 19 7 29 29 3 20 82 68 32 27 40 58 64 45 63 6 
14 17 2 10 12 12 14 3 65 51 15 10 23 41 47 28 46 11 
21 18 33 45 23 23 49 32 30 16 20 25 12 6 12 7 11 46 
14 11 26 38 16 16 42 25 37 23 13 18 5 13 19 0 18 39 
31 34 19 7 29 29 3 20 82 68 32 27 40 58 64 45 63 6 
37 40 25 13 35 35 9 26 88 74 38 33 46 64 70 51 69 12 
6 3 18 30 8 8 34 17 45 31 5 10 3 21 27 8 26 31 
18 15 30 42 20 20 46 29 33 19 17 22 9 9 15 4 14 43 
30 33 18 6 28 28 2 19 81 67 31 26 39 57 63 44 62 5 
30 27 42 54 32 32 58 41 21 7 29 34 21 3 3 16 2 55 
43 40 55 67 45 45 71 54 8 6 42 47 34 16 10 29 11 68 
29 26 41 53 31 31 57 40 22 8 28 33 20 2 4 15 3 54 
9 6 21 33 11 11 37 20 42 28 8 13 0 18 24 5 23 34 

37 17 5 23 1 34 43 39 11 32 32 44 31 4 8 19 49 5 
48 28 16 12 10 45 54 28 0 21 21 55 20 7 19 30 60 6 
8 12 24 52 30 5 14 68 40 61 61 15 60 33 21 10 20 34 
50 30 18 10 12 47 56 26 2 19 19 57 18 9 21 32 62 8 
2 18 30 58 36 1 8 74 46 67 67 9 66 39 27 16 14 40 
11 31 43 71 49 14 5 87 59 80 80 4 79 52 40 29 1 53 
6 14 26 54 32 3 12 70 42 63 63 13 62 35 23 12 18 36 
41 21 9 19 3 38 47 35 7 28 28 48 27 0 12 23 53 1 
34 14 2 26 4 31 40 42 14 35 35 41 34 7 5 16 46 8 
11 31 43 71 49 14 5 87 59 80 80 4 79 52 40 29 1 53 
17 37 49 77 55 20 11 93 65 86 86 10 85 58 46 35 5 59 
26 6 6 34 12 23 32 50 22 43 43 33 42 15 3 8 38 16 
38 18 6 22 0 35 44 38 10 31 31 45 30 3 9 20 50 4 
10 30 42 70 48 13 4 86 58 79 79 3 78 51 39 28 2 52 
50 30 18 10 12 47 56 26 2 19 19 57 18 9 21 32 62 8 
63 43 31 3 25 60 69 13 15 6 6 70 5 22 34 45 75 21 
49 29 17 11 11 46 55 27 1 20 20 56 19 8 20 31 61 7 
29 9 3 31 9 26 35 47 19 40 40 36 39 12 0 11 41 13 

25 37 26 8 58 15 36 25 8 25 15 1 4 17 34 40 24 55 
14 48 15 19 69 4 47 14 19 14 4 10 15 28 45 51 35 66 
54 8 55 21 29 44 7 54 21 54 44 30 25 12 5 11 5 26 
12 50 13 21 71 2 49 12 21 12 2 12 17 30 47 53 37 68 
60 2 61 27 23 50 1 60 27 60 50 36 31 18 1 5 11 20 
73 11 74 40 10 63 12 73 40 73 63 49 44 31 14 8 24 7 
56 6 57 23 27 46 5 56 23 56 46 32 27 14 3 9 7 24 
21 41 22 12 62 11 40 21 12 21 11 3 8 21 38 44 28 59 
28 34 29 5 55 18 33 28 5 28 18 4 1 14 31 37 21 52 
73 11 74 40 10 63 12 73 40 73 63 49 44 31 14 8 24 7 
79 17 80 46 4 69 18 79 46 79 69 55 50 37 20 14 30 1 
36 26 37 3 47 26 25 36 3 36 26 12 7 6 23 29 13 44 
24 38 25 9 59 14 37 24 9 24 14 0 5 18 35 41 25 56 
72 10 73 39 11 62 11 72 39 72 62 48 43 30 13 7 23 8 
12 50 13 21 71 2 49 12 21 12 2 12 17 30 47 53 37 68 
1 63 0 34 84 11 62 1 34 1 11 25 30 43 60 66 50 81 
13 49 14 20 70 3 48 13 20 13 3 11 16 29 46 52 36 67 
33 29 34 0 50 23 28 33 0 33 23 9 4 9 26 32 16 47 

34 24 24 43 38 44 34 9 12 33 9 32 4 32 11 26 19 18 
45 35 35 54 27 55 23 2 1 44 20 21 7 21 22 15 30 7 
5 5 5 14 67 15 63 38 41 4 20 61 33 61 18 55 10 47 
47 37 37 56 25 57 21 4 1 46 22 19 9 19 24 13 32 5 
1 11 11 8 73 9 69 44 47 2 26 67 39 67 24 61 16 53 
14 24 24 5 86 4 82 57 60 15 39 80 52 80 37 74 29 66 
3 7 7 12 69 13 65 40 43 2 22 63 35 63 20 57 12 49 
38 28 28 47 34 48 30 5 8 37 13 28 0 28 15 22 23 14 
31 21 21 40 41 41 37 12 15 30 6 35 7 35 8 29 16 21 
14 24 24 5 86 4 82 57 60 15 39 80 52 80 37 74 29 66 
20 30 30 11 92 10 88 63 66 21 45 86 58 86 43 80 35 72 
23 13 13 32 49 33 45 20 23 22 2 43 15 43 0 37 8 29 
35 25 25 44 37 45 33 8 11 34 10 31 3 31 12 25 20 17 
13 23 23 4 85 3 81 56 59 14 38 79 51 79 36 73 28 65 
47 37 37 56 25 57 21 4 1 46 22 19 9 19 24 13 32 5 
60 50 50 69 12 70 8 17 14 59 35 6 22 6 37 0 45 8 
46 36 36 55 26 56 22 3 0 45 21 20 8 20 23 14 31 6 
26 16 16 35 46 36 42 17 20 25 1 40 12 40 3 34 11 26 

9 10 35 24 38 2 53 19 56 10 24 36 44 36 48 17 31 33 
20 21 46 13 49 9 64 8 67 1 35 25 55 25 59 6 42 44 
20 19 6 53 9 31 24 48 27 39 5 65 15 65 19 46 2 4 
22 23 48 11 51 11 66 6 69 3 37 23 57 23 61 4 44 46 
26 25 0 59 3 37 18 54 21 45 11 71 9 71 13 52 4 2 
39 38 13 72 10 50 5 67 8 58 24 84 4 84 0 65 17 15 
22 21 4 55 7 33 22 50 25 41 7 67 13 67 17 48 0 2 
13 14 39 20 42 2 57 15 60 6 28 32 48 32 52 13 35 37 
6 7 32 27 35 5 50 22 53 13 21 39 41 39 45 20 28 30 
39 38 13 72 10 50 5 67 8 58 24 84 4 84 0 65 17 15 
45 44 19 78 16 56 1 73 2 64 30 90 10 90 6 71 23 21 
2 1 24 35 27 13 42 30 45 21 13 47 33 47 37 28 20 22 
10 11 36 23 39 1 54 18 57 9 25 35 45 35 49 16 32 34 
38 37 12 71 9 49 6 66 9 57 23 83 3 83 1 64 16 14 
22 23 48 11 51 11 66 6 69 3 37 23 57 23 61 4 44 46 
35 36 61 2 64 24 79 7 82 16 50 10 70 10 74 9 57 59 
21 22 47 12 50 10 65 7 68 2 36 24 56 24 60 5 43 45 
1 2 27 32 30 10 45 27 48 18 16 44 36 44 40 25 23 25 

5 13 15 37 11 36 28 28 25 41 27 5 25 28 10 26 14 33 
6 24 26 26 0 47 39 17 14 52 38 16 36 39 1 37 25 44 
34 16 14 66 40 7 1 57 54 12 2 24 4 1 39 3 15 4 
8 26 28 24 2 49 41 15 12 54 40 18 38 41 3 39 27 46 
40 22 20 72 46 1 7 63 60 6 8 30 10 7 45 9 21 2 
53 35 33 85 59 12 20 76 73 7 21 43 23 20 58 22 34 15 
36 18 16 68 42 5 3 59 56 10 4 26 6 3 41 5 17 2 
1 17 19 33 7 40 32 24 21 45 31 9 29 32 6 30 18 37 
8 10 12 40 14 33 25 31 28 38 24 2 22 25 13 23 11 30 
53 35 33 85 59 12 20 76 73 7 21 43 23 20 58 22 34 15 
59 41 39 91 65 18 26 82 79 13 27 49 29 26 64 28 40 21 
16 2 4 48 22 25 17 39 36 30 16 6 14 17 21 15 3 22 
4 14 16 36 10 37 29 27 24 42 28 6 26 29 9 27 15 34 
52 34 32 84 58 11 19 75 72 6 20 42 22 19 57 21 33 14 
8 26 28 24 2 49 41 15 12 54 40 18 38 41 3 39 27 46 
21 39 41 11 15 62 54 2 1 67 53 31 51 54 16 52 40 59 
7 25 27 25 1 48 40 16 13 53 39 17 37 40 2 38 26 45 
13 5 7 45 19 28 20 36 33 33 19 3 17 20 18 18 6 25 

42 48 6 18 47 20 50 29 32 29 25 27 32 2 16 15 35 9 
35 55 1 11 54 13 57 36 25 36 32 20 39 5 23 8 28 16 
41 49 5 17 48 19 51 30 31 30 26 26 33 1 17 14 34 10 
0 90 36 24 89 22 92 71 10 71 67 15 74 40 58 27 7 51 
80 10 44 56 9 58 12 9 70 9 13 65 6 40 22 53 73 29 
48 42 12 24 41 26 44 23 38 23 19 33 26 8 10 21 41 3 
27 63 9 3 62 5 65 44 17 44 40 12 47 13 31 0 20 24 
53 37 17 29 36 31 39 18 43 18 14 38 21 13 5 26 46 2 
18 72 18 6 71 4 74 53 8 53 49 3 56 22 40 9 11 33 
60 30 24 36 29 38 32 11 50 11 7 45 14 20 2 33 53 9 
88 2 52 64 1 66 4 17 78 17 21 73 14 48 30 61 81 37 
54 36 18 30 35 32 38 17 44 17 13 39 20 14 4 27 47 3 
55 35 19 31 34 33 37 16 45 16 12 40 19 15 3 28 48 4 
2 92 38 26 91 24 94 73 12 73 69 17 76 42 60 29 9 53 
45 45 9 21 44 23 47 26 35 26 22 30 29 5 13 18 38 6 
15 75 21 9 74 7 77 56 5 56 52 0 59 25 43 12 8 36 
28 62 8 4 61 6 64 43 18 43 39 13 46 12 30 1 21 23 
36 54 0 12 53 14 56 35 26 35 31 21 38 4 22 9 29 15 

6 3 18 30 8 8 34 17 45 31 5 10 3 21 27 8 26 31 
1 4 11 23 1 1 27 10 52 38 2 3 10 28 34 15 33 24 
5 2 17 29 7 7 33 16 46 32 4 9 4 22 28 9 27 30 
36 39 24 12 34 34 8 25 87 73 37 32 45 63 69 50 68 11 
44 41 56 68 46 46 72 55 7 7 43 48 35 17 11 30 12 69 
12 9 24 36 14 14 40 23 39 25 11 16 3 15 21 2 20 37 
9 12 3 15 7 7 19 2 60 46 10 5 18 36 42 23 41 16 
17 14 29 41 19 19 45 28 34 20 16 21 8 10 16 3 15 42 
18 21 6 6 16 16 10 7 69 55 19 14 27 45 51 32 50 7 
24 21 36 48 26 26 52 35 27 13 23 28 15 3 9 10 8 49 
52 49 64 76 54 54 80 63 1 15 51 56 43 25 19 38 20 77 
18 15 30 42 20 20 46 29 33 19 17 22 9 9 15 4 14 43 
19 16 31 43 21 21 47 30 32 18 18 23 10 8 14 5 13 44 
38 41 26 14 36 36 10 27 89 75 39 34 47 65 71 52 70 13 
9 6 21 33 11 11 37 20 42 28 8 13 0 18 24 5 23 34 
21 24 9 3 19 19 7 10 72 58 22 17 30 48 54 35 53 4 
8 11 4 16 6 6 20 3 59 45 9 4 17 35 41 22 40 17 
0 3 12 24 2 2 28 11 51 37 1 4 9 27 33 14 32 25 

26 6 6 34 12 23 32 50 22 43 43 33 42 15 3 8 38 16 
19 1 13 41 19 16 25 57 29 50 50 26 49 22 10 1 31 23 
25 5 7 35 13 22 31 51 23 44 44 32 43 16 4 7 37 17 
16 36 48 76 54 19 10 92 64 85 85 9 84 57 45 34 4 58 
64 44 32 4 26 61 70 12 16 5 5 71 4 23 35 46 76 22 
32 12 0 28 6 29 38 44 16 37 37 39 36 9 3 14 44 10 
11 9 21 49 27 8 17 65 37 58 58 18 57 30 18 7 23 31 
37 17 5 23 1 34 43 39 11 32 32 44 31 4 8 19 49 5 
2 18 30 58 36 1 8 74 46 67 67 9 66 39 27 16 14 40 
44 24 12 16 6 41 50 32 4 25 25 51 24 3 15 26 56 2 
72 52 40 12 34 69 78 4 24 3 3 79 4 31 43 54 84 30 
38 18 6 22 0 35 44 38 10 31 31 45 30 3 9 20 50 4 
39 19 7 21 1 36 45 37 9 30 30 46 29 2 10 21 51 3 
18 38 50 78 56 21 12 94 66 87 87 11 86 59 47 36 6 60 
29 9 3 31 9 26 35 47 19 40 40 36 39 12 0 11 41 13 
1 21 33 61 39 4 5 77 49 70 70 6 69 42 30 19 11 43 
12 8 20 48 26 9 18 64 36 57 57 19 56 29 17 6 24 30 
20 0 12 40 18 17 26 56 28 49 49 27 48 21 9 2 32 22 

36 26 37 3 47 26 25 36 3 36 26 12 7 6 23 29 13 44 
43 19 44 10 40 33 18 43 10 43 33 19 14 1 16 22 6 37 
37 25 38 4 46 27 24 37 4 37 27 13 8 5 22 28 12 43 
78 16 79 45 5 68 17 78 45 78 68 54 49 36 19 13 29 2 
2 64 1 35 85 12 63 2 35 2 12 26 31 44 61 67 51 82 
30 32 31 3 53 20 31 30 3 30 20 6 1 12 29 35 19 50 
51 11 52 18 32 41 10 51 18 51 41 27 22 9 8 14 2 29 
25 37 26 8 58 15 36 25 8 25 15 1 4 17 34 40 24 55 
60 2 61 27 23 50 1 60 27 60 50 36 31 18 1 5 11 20 
18 44 19 15 65 8 43 18 15 18 8 6 11 24 41 47 31 62 
10 72 9 43 93 20 71 10 43 10 20 34 39 52 69 75 59 90 
24 38 25 9 59 14 37 24 9 24 14 0 5 18 35 41 25 56 
23 39 24 10 60 13 38 23 10 23 13 1 6 19 36 42 26 57 
80 18 81 47 3 70 19 80 47 80 70 56 51 38 21 15 31 0 
33 29 34 0 50 23 28 33 0 33 23 9 4 9 26 32 16 47 
63 1 64 30 20 53 2 63 30 63 53 39 34 21 4 2 14 17 
50 12 51 17 33 40 11 50 17 50 40 26 21 8 9 15 1 30 
42 20 43 9 41 32 19 42 9 42 32 18 13 0 17 23 7 38 

23 13 13 32 49 33 45 20 23 22 2 43 15 43 0 37 8 29 
16 6 6 25 56 26 52 27 30 15 9 50 22 50 7 44 1 36 
22 12 12 31 50 32 46 21 24 21 3 44 16 44 1 38 7 30 
19 29 29 10 91 9 87 62 65 20 44 85 57 85 42 79 34 71 
61 51 51 70 11 71 7 18 15 60 36 5 23 5 38 1 46 9 
29 19 19 38 43 39 39 14 17 28 4 37 9 37 6 31 14 23 
8 2 2 17 64 18 60 35 38 7 17 58 30 58 15 52 7 44 
34 24 24 43 38 44 34 9 12 33 9 32 4 32 11 26 19 18 
1 11 11 8 73 9 69 44 47 2 26 67 39 67 24 61 16 53 
41 31 31 50 31 51 27 2 5 40 16 25 3 25 18 19 26 11 
69 59 59 78 3 79 1 26 23 68 44 3 31 3 46 9 54 17 
35 25 25 44 37 45 33 8 11 34 10 31 3 31 12 25 20 17 
36 26 26 45 36 46 32 7 10 35 11 30 2 30 13 24 21 16 
21 31 31 12 93 11 89 64 67 22 46 87 59 87 44 81 36 73 
26 16 16 35 46 36 42 17 20 25 1 40 12 40 3 34 11 26 
4 14 14 5 76 6 72 47 50 5 29 70 42 70 27 64 19 56 
9 1 1 18 63 19 59 34 37 8 16 57 29 57 14 51 6 43 
17 7 7 26 55 27 51 26 29 16 8 49 21 49 6 43 2 35 

2 1 24 35 27 13 42 30 45 21 13 47 33 47 37 28 20 22 
9 8 17 42 20 20 35 37 38 28 6 54 26 54 30 35 13 15 
3 2 23 36 26 14 41 31 44 22 12 48 32 48 36 29 19 21 
44 43 18 77 15 55 0 72 3 63 29 89 9 89 5 70 22 20 
36 37 62 3 65 25 80 8 83 17 51 9 71 9 75 10 58 60 
4 5 30 29 33 7 48 24 51 15 19 41 39 41 43 22 26 28 
17 16 9 50 12 28 27 45 30 36 2 62 18 62 22 43 5 7 
9 10 35 24 38 2 53 19 56 10 24 36 44 36 48 17 31 33 
26 25 0 59 3 37 18 54 21 45 11 71 9 71 13 52 4 2 
16 17 42 17 45 5 60 12 63 3 31 29 51 29 55 10 38 40 
44 45 70 11 73 33 88 16 91 25 59 1 79 1 83 18 66 68 
10 11 36 23 39 1 54 18 57 9 25 35 45 35 49 16 32 34 
11 12 37 22 40 0 55 17 58 8 26 34 46 34 50 15 33 35 
46 45 20 79 17 57 2 74 1 65 31 91 11 91 7 72 24 22 
1 2 27 32 30 10 45 27 48 18 16 44 36 44 40 25 23 25 
29 28 3 62 0 40 15 57 18 48 14 74 6 74 10 55 7 5 
16 15 10 49 13 27 28 44 31 35 1 61 19 61 23 42 6 8 
8 7 18 41 21 19 36 36 39 27 7 53 27 53 31 34 14 16 

16 2 4 48 22 25 17 39 36 30 16 6 14 17 21 15 3 22 
23 5 3 55 29 18 10 46 43 23 9 13 7 10 28 8 4 15 
17 1 3 49 23 24 16 40 37 29 15 7 13 16 22 14 2 21 
58 40 38 90 64 17 25 81 78 12 26 48 28 25 63 27 39 20 
22 40 42 10 16 63 55 1 2 68 54 32 52 55 17 53 41 60 
10 8 10 42 16 31 23 33 30 36 22 0 20 23 15 21 9 28 
31 13 11 63 37 10 2 54 51 15 1 21 1 2 36 0 12 7 
5 13 15 37 11 36 28 28 25 41 27 5 25 28 10 26 14 33 
40 22 20 72 46 1 7 63 60 6 8 30 10 7 45 9 21 2 
2 20 22 30 4 43 35 21 18 48 34 12 32 35 3 33 21 40 
30 48 50 2 24 71 63 7 10 76 62 40 60 63 25 61 49 68 
4 14 16 36 10 37 29 27 24 42 28 6 26 29 9 27 15 34 
3 15 17 35 9 38 30 26 23 43 29 7 27 30 8 28 16 35 
60 42 40 92 66 19 27 83 80 14 28 50 30 27 65 29 41 22 
13 5 7 45 19 28 20 36 33 33 19 3 17 20 18 18 6 25 
43 25 23 75 49 2 10 66 63 3 11 33 13 10 48 12 24 5 
30 12 10 62 36 11 3 53 50 16 2 20 0 3 35 1 11 8 
22 4 2 54 28 19 11 45 42 24 10 12 8 11 27 9 3 16 

36 39 24 12 34 34 8 25 87 73 37 32 45 63 69 50 68 11 
54 51 66 78 56 56 82 65 3 17 53 58 45 27 21 40 22 79 
0 3 12 24 2 2 28 11 51 37 1 4 9 27 33 14 32 25 
12 15 0 12 10 10 16 1 63 49 13 8 21 39 45 26 44 13 
53 50 65 77 55 55 81 64 2 16 52 57 44 26 20 39 21 78 
14 17 2 10 12 12 14 3 65 51 15 10 23 41 47 28 46 11 
56 53 68 80 58 58 84 67 5 19 55 60 47 29 23 42 24 81 
35 32 47 59 37 37 63 46 16 2 34 39 26 8 2 21 3 60 
26 29 14 2 24 24 2 15 77 63 27 22 35 53 59 40 58 1 
35 32 47 59 37 37 63 46 16 2 34 39 26 8 2 21 3 60 
31 28 43 55 33 33 59 42 20 6 30 35 22 4 2 17 1 56 
21 24 9 3 19 19 7 10 72 58 22 17 30 48 54 35 53 4 
38 35 50 62 40 40 66 49 13 1 37 42 29 11 5 24 6 63 
4 1 16 28 6 6 32 15 47 33 3 8 5 23 29 10 28 29 
22 19 34 46 24 24 50 33 29 15 21 26 13 5 11 8 10 47 
9 12 3 15 7 7 19 2 60 46 10 5 18 36 42 23 41 16 
29 32 17 5 27 27 1 18 80 66 30 25 38 56 62 43 61 4 
15 12 27 39 17 17 43 26 36 22 14 19 6 12 18 1 17 40 

16 36 48 76 54 19 10 92 64 85 85 9 84 57 45 34 4 58 
74 54 42 14 36 71 80 2 26 5 5 81 6 33 45 56 86 32 
20 0 12 40 18 17 26 56 28 49 49 27 48 21 9 2 32 22 
8 12 24 52 30 5 14 68 40 61 61 15 60 33 21 10 20 34 
73 53 41 13 35 70 79 3 25 4 4 80 5 32 44 55 85 31 
6 14 26 54 32 3 12 70 42 63 63 13 62 35 23 12 18 36 
76 56 44 16 38 73 82 0 28 7 7 83 8 35 47 58 88 34 
55 35 23 5 17 52 61 21 7 14 14 62 13 14 26 37 67 13 
6 26 38 66 44 9 0 82 54 75 75 1 74 47 35 24 6 48 
55 35 23 5 17 52 61 21 7 14 14 62 13 14 26 37 67 13 
51 31 19 9 13 48 57 25 3 18 18 58 17 10 22 33 63 9 
1 21 33 61 39 4 5 77 49 70 70 6 69 42 30 19 11 43 
58 38 26 2 20 55 64 18 10 11 11 65 10 17 29 40 70 16 
24 4 8 36 14 21 30 52 24 45 45 31 44 17 5 6 36 18 
42 22 10 18 4 39 48 34 6 27 27 49 26 1 13 24 54 0 
11 9 21 49 27 8 17 65 37 58 58 18 57 30 18 7 23 31 
9 29 41 69 47 12 3 85 57 78 78 2 77 50 38 27 3 51 
35 15 3 25 3 32 41 41 13 34 34 42 33 6 6 17 47 7 

78 16 79 45 5 68 17 78 45 78 68 54 49 36 19 13 29 2 
12 74 11 45 95 22 73 12 45 12 22 36 41 54 71 77 61 92 
42 20 43 9 41 32 19 42 9 42 32 18 13 0 17 23 7 38 
54 8 55 21 29 44 7 54 21 54 44 30 25 12 5 11 5 26 
11 73 10 44 94 21 72 11 44 11 21 35 40 53 70 76 60 91 
56 6 57 23 27 46 5 56 23 56 46 32 27 14 3 9 7 24 
14 76 13 47 97 24 75 14 47 14 24 38 43 56 73 79 63 94 
7 55 8 26 76 3 54 7 26 7 3 17 22 35 52 58 42 73 
68 6 69 35 15 58 7 68 35 68 58 44 39 26 9 3 19 12 
7 55 8 26 76 3 54 7 26 7 3 17 22 35 52 58 42 73 
11 51 12 22 72 1 50 11 22 11 1 13 18 31 48 54 38 69 
63 1 64 30 20 53 2 63 30 63 53 39 34 21 4 2 14 17 
4 58 5 29 79 6 57 4 29 4 6 20 25 38 55 61 45 76 
38 24 39 5 45 28 23 38 5 38 28 14 9 4 21 27 11 42 
20 42 21 13 63 10 41 20 13 20 10 4 9 22 39 45 29 60 
51 11 52 18 32 41 10 51 18 51 41 27 22 9 8 14 2 29 
71 9 72 38 12 61 10 71 38 71 61 47 42 29 12 6 22 9 
27 35 28 6 56 17 34 27 6 27 17 3 2 15 32 38 22 53 

19 29 29 10 91 9 87 62 65 20 44 85 57 85 42 79 34 71 
71 61 61 80 1 81 3 28 25 70 46 5 33 5 48 11 56 19 
17 7 7 26 55 27 51 26 29 16 8 49 21 49 6 43 2 35 
5 5 5 14 67 15 63 38 41 4 20 61 33 61 18 55 10 47 
70 60 60 79 2 80 2 27 24 69 45 4 32 4 47 10 55 18 
3 7 7 12 69 13 65 40 43 2 22 63 35 63 20 57 12 49 
73 63 63 82 1 83 5 30 27 72 48 7 35 7 50 13 58 21 
52 42 42 61 20 62 16 9 6 51 27 14 14 14 29 8 37 0 
9 19 19 0 81 1 77 52 55 10 34 75 47 75 32 69 24 61 
52 42 42 61 20 62 16 9 6 51 27 14 14 14 29 8 37 0 
48 38 38 57 24 58 20 5 2 47 23 18 10 18 25 12 33 4 
4 14 14 5 76 6 72 47 50 5 29 70 42 70 27 64 19 56 
55 45 45 64 17 65 13 12 9 54 30 11 17 11 32 5 40 3 
21 11 11 30 51 31 47 22 25 20 4 45 17 45 2 39 6 31 
39 29 29 48 33 49 29 4 7 38 14 27 1 27 16 21 24 13 
8 2 2 17 64 18 60 35 38 7 17 58 30 58 15 52 7 44 
12 22 22 3 84 2 80 55 58 13 37 78 50 78 35 72 27 64 
32 22 22 41 40 42 36 11 14 31 7 34 6 34 9 28 17 20 

44 43 18 77 15 55 0 72 3 63 29 89 9 89 5 70 22 20 
46 47 72 13 75 35 90 18 93 27 61 1 81 1 85 20 68 70 
8 7 18 41 21 19 36 36 39 27 7 53 27 53 31 34 14 16 
20 19 6 53 9 31 24 48 27 39 5 65 15 65 19 46 2 4 
45 46 71 12 74 34 89 17 92 26 60 0 80 0 84 19 67 69 
22 21 4 55 7 33 22 50 25 41 7 67 13 67 17 48 0 2 
48 49 74 15 77 37 92 20 95 29 63 3 83 3 87 22 70 72 
27 28 53 6 56 16 71 1 74 8 42 18 62 18 66 1 49 51 
34 33 8 67 5 45 10 62 13 53 19 79 1 79 5 60 12 10 
27 28 53 6 56 16 71 1 74 8 42 18 62 18 66 1 49 51 
23 24 49 10 52 12 67 5 70 4 38 22 58 22 62 3 45 47 
29 28 3 62 0 40 15 57 18 48 14 74 6 74 10 55 7 5 
30 31 56 3 59 19 74 2 77 11 45 15 65 15 69 4 52 54 
4 3 22 37 25 15 40 32 43 23 11 49 31 49 35 30 18 20 
14 15 40 19 43 3 58 14 61 5 29 31 49 31 53 12 36 38 
17 16 9 50 12 28 27 45 30 36 2 62 18 62 22 43 5 7 
37 36 11 70 8 48 7 65 10 56 22 82 2 82 2 63 15 13 
7 8 33 26 36 4 51 21 54 12 22 38 42 38 46 19 29 31 

58 40 38 90 64 17 25 81 78 12 26 48 28 25 63 27 39 20 
32 50 52 0 26 73 65 9 12 78 64 42 62 65 27 63 51 70 
22 4 2 54 28 19 11 45 42 24 10 12 8 11 27 9 3 16 
34 16 14 66 40 7 1 57 54 12 2 24 4 1 39 3 15 4 
31 49 51 1 25 72 64 8 11 77 63 41 61 64 26 62 50 69 
36 18 16 68 42 5 3 59 56 10 4 26 6 3 41 5 17 2 
34 52 54 2 28 75 67 11 14 80 66 44 64 67 29 65 53 72 
13 31 33 19 7 54 46 10 7 59 45 23 43 46 8 44 32 51 
48 30 28 80 54 7 15 71 68 2 16 38 18 15 53 17 29 10 
13 31 33 19 7 54 46 10 7 59 45 23 43 46 8 44 32 51 
9 27 29 23 3 50 42 14 11 55 41 19 39 42 4 40 28 47 
43 25 23 75 49 2 10 66 63 3 11 33 13 10 48 12 24 5 
16 34 36 16 10 57 49 7 4 62 48 26 46 49 11 47 35 54 
18 0 2 50 24 23 15 41 38 28 14 8 12 15 23 13 1 20 
0 18 20 32 6 41 33 23 20 46 32 10 30 33 5 31 19 38 
31 13 11 63 37 10 2 54 51 15 1 21 1 2 36 0 12 7 
51 33 31 83 57 10 18 74 71 5 19 41 21 18 56 20 32 13 
7 11 13 39 13 34 26 30 27 39 25 3 23 26 12 24 12 31 

20 0 12 40 18 17 26 56 28 49 49 27 48 21 9 2 32 22 
23 3 9 37 15 20 29 53 25 46 46 30 45 18 6 5 35 19 
8 12 24 52 30 5 14 68 40 61 61 15 60 33 21 10 20 34 
4 24 36 64 42 7 2 80 52 73 73 3 72 45 33 22 8 46 
18 2 14 42 20 15 24 58 30 51 51 25 50 23 11 0 30 24 
18 2 14 42 20 15 24 58 30 51 51 25 50 23 11 0 30 24 
8 28 40 68 46 11 2 84 56 77 77 1 76 49 37 26 4 50 
9 11 23 51 29 6 15 67 39 60 60 16 59 32 20 9 21 33 
71 51 39 11 33 68 77 5 23 2 2 78 3 30 42 53 83 29 
57 37 25 3 19 54 63 19 9 12 12 64 11 16 28 39 69 15 
21 1 11 39 17 18 27 55 27 48 48 28 47 20 8 3 33 21 
16 4 16 44 22 13 22 60 32 53 53 23 52 25 13 2 28 26 
29 9 3 31 9 26 35 47 19 40 40 36 39 12 0 11 41 13 
47 27 15 13 9 44 53 29 1 22 22 54 21 6 18 29 59 5 
53 33 21 7 15 50 59 23 5 16 16 60 15 12 24 35 65 11 
34 14 2 26 4 31 40 42 14 35 35 41 34 7 5 16 46 8 
52 32 20 8 14 49 58 24 4 17 17 59 16 11 23 34 64 10 
5 25 37 65 43 8 1 81 53 74 74 2 73 46 34 23 7 47 

42 20 43 9 41 32 19 42 9 42 32 18 13 0 17 23 7 38 
39 23 40 6 44 29 22 39 6 39 29 15 10 3 20 26 10 41 
54 8 55 21 29 44 7 54 21 54 44 30 25 12 5 11 5 26 
66 4 67 33 17 56 5 66 33 66 56 42 37 24 7 1 17 14 
44 18 45 11 39 34 17 44 11 44 34 20 15 2 15 21 5 36 
44 18 45 11 39 34 17 44 11 44 34 20 15 2 15 21 5 36 
70 8 71 37 13 60 9 70 37 70 60 46 41 28 11 5 21 10 
53 9 54 20 30 43 8 53 20 53 43 29 24 11 6 12 4 27 
9 71 8 42 92 19 70 9 42 9 19 33 38 51 68 74 58 89 
5 57 6 28 78 5 56 5 28 5 5 19 24 37 54 60 44 75 
41 21 42 8 42 31 20 41 8 41 31 17 12 1 18 24 8 39 
46 16 47 13 37 36 15 46 13 46 36 22 17 4 13 19 3 34 
33 29 34 0 50 23 28 33 0 33 23 9 4 9 26 32 16 47 
15 47 16 18 68 5 46 15 18 15 5 9 14 27 44 50 34 65 
9 53 10 24 74 1 52 9 24 9 1 15 20 33 50 56 40 71 
28 34 29 5 55 18 33 28 5 28 18 4 1 14 31 37 21 52 
10 52 11 23 73 0 51 10 23 10 0 14 19 32 49 55 39 70 
67 5 68 34 16 57 6 67 34 67 57 43 38 25 8 2 18 13 

17 7 7 26 55 27 51 26 29 16 8 49 21 49 6 43 2 35 
20 10 10 29 52 30 48 23 26 19 5 46 18 46 3 40 5 32 
5 5 5 14 67 15 63 38 41 4 20 61 33 61 18 55 10 47 
7 17 17 2 79 3 75 50 53 8 32 73 45 73 30 67 22 59 
15 5 5 24 57 25 53 28 31 14 10 51 23 51 8 45 0 37 
15 5 5 24 57 25 53 28 31 14 10 51 23 51 8 45 0 37 
11 21 21 2 83 1 79 54 57 12 36 77 49 77 34 71 26 63 
6 4 4 15 66 16 62 37 40 5 19 60 32 60 17 54 9 46 
68 58 58 77 4 78 0 25 22 67 43 2 30 2 45 8 53 16 
54 44 44 63 18 64 14 11 8 53 29 12 16 12 31 6 39 2 
18 8 8 27 54 28 50 25 28 17 7 48 20 48 5 42 3 34 
13 3 3 22 59 23 55 30 33 12 12 53 25 53 10 47 2 39 
26 16 16 35 46 36 42 17 20 25 1 40 12 40 3 34 11 26 
44 34 34 53 28 54 24 1 2 43 19 22 6 22 21 16 29 8 
50 40 40 59 22 60 18 7 4 49 25 16 12 16 27 10 35 2 
31 21 21 40 41 41 37 12 15 30 6 35 7 35 8 29 16 21 
49 39 39 58 23 59 19 6 3 48 24 17 11 17 26 11 34 3 
8 18 18 1 80 2 76 51 54 9 33 74 46 74 31 68 23 60 

8 7 18 41 21 19 36 36 39 27 7 53 27 53 31 34 14 16 
5 4 21 38 24 16 39 33 42 24 10 50 30 50 34 31 17 19 
20 19 6 53 9 31 24 48 27 39 5 65 15 65 19 46 2 4 
32 31 6 65 3 43 12 60 15 51 17 77 3 77 7 58 10 8 
10 9 16 43 19 21 34 38 37 29 5 55 25 55 29 36 12 14 
10 9 16 43 19 21 34 38 37 29 5 55 25 55 29 36 12 14 
36 35 10 69 7 47 8 64 11 55 21 81 1 81 3 62 14 12 
19 18 7 52 10 30 25 47 28 38 4 64 16 64 20 45 3 5 
43 44 69 10 72 32 87 15 90 24 58 2 78 2 82 17 65 67 
29 30 55 4 58 18 73 1 76 10 44 16 64 16 68 3 51 53 
7 6 19 40 22 18 37 35 40 26 8 52 28 52 32 33 15 17 
12 11 14 45 17 23 32 40 35 31 3 57 23 57 27 38 10 12 
1 2 27 32 30 10 45 27 48 18 16 44 36 44 40 25 23 25 
19 20 45 14 48 8 63 9 66 0 34 26 54 26 58 7 41 43 
25 26 51 8 54 14 69 3 72 6 40 20 60 20 64 1 47 49 
6 7 32 27 35 5 50 22 53 13 21 39 41 39 45 20 28 30 
24 25 50 9 53 13 68 4 71 5 39 21 59 21 63 2 46 48 
33 32 7 66 4 44 11 61 14 52 18 78 2 78 6 59 11 9 

22 4 2 54 28 19 11 45 42 24 10 12 8 11 27 9 3 16 
19 1 1 51 25 22 14 42 39 27 13 9 11 14 24 12 0 19 
34 16 14 66 40 7 1 57 54 12 2 24 4 1 39 3 15 4 
46 28 26 78 52 5 13 69 66 0 14 36 16 13 51 15 27 8 
24 6 4 56 30 17 9 47 44 22 8 14 6 9 29 7 5 14 
24 6 4 56 30 17 9 47 44 22 8 14 6 9 29 7 5 14 
50 32 30 82 56 9 17 73 70 4 18 40 20 17 55 19 31 12 
33 15 13 65 39 8 0 56 53 13 1 23 3 0 38 2 14 5 
29 47 49 3 23 70 62 6 9 75 61 39 59 62 24 60 48 67 
15 33 35 17 9 56 48 8 5 61 47 25 45 48 10 46 34 53 
21 3 1 53 27 20 12 44 41 25 11 11 9 12 26 10 2 17 
26 8 6 58 32 15 7 49 46 20 6 16 4 7 31 5 7 12 
13 5 7 45 19 28 20 36 33 33 19 3 17 20 18 18 6 25 
5 23 25 27 1 46 38 18 15 51 37 15 35 38 0 36 24 43 
11 29 31 21 5 52 44 12 9 57 43 21 41 44 6 42 30 49 
8 10 12 40 14 33 25 31 28 38 24 2 22 25 13 23 11 30 
10 28 30 22 4 51 43 13 10 56 42 20 40 43 5 41 29 48 
47 29 27 79 53 6 14 70 67 1 15 37 17 14 52 16 28 9 

62 0 63 29 21 52 1 62 29 62 52 38 33 20 3 3 13 18 
42 20 43 9 41 32 19 42 9 42 32 18 13 0 17 23 7 38 
30 32 31 3 53 20 31 30 3 30 20 6 1 12 29 35 19 50 
2 60 3 31 81 8 59 2 31 2 8 22 27 40 57 63 47 78 
24 38 25 9 59 14 37 24 9 24 14 0 5 18 35 41 25 56 
59 3 60 26 24 49 2 59 26 59 49 35 30 17 0 6 10 21 
68 6 69 35 15 58 7 68 35 68 58 44 39 26 9 3 19 12 
14 76 13 47 97 24 75 14 47 14 24 38 43 56 73 79 63 94 
14 48 15 19 69 4 47 14 19 14 4 10 15 28 45 51 35 66 
7 69 6 40 90 17 68 7 40 7 17 31 36 49 66 72 56 87 
7 69 6 40 90 17 68 7 40 7 17 31 36 49 66 72 56 87 
69 7 70 36 14 59 8 69 36 69 59 45 40 27 10 4 20 11 
6 68 5 39 89 16 67 6 39 6 16 30 35 48 65 71 55 86 
21 41 22 12 62 11 40 21 12 21 11 3 8 21 38 44 28 59 
33 29 34 0 50 23 28 33 0 33 23 9 4 9 26 32 16 47 
44 18 45 11 39 34 17 44 11 44 34 20 15 2 15 21 5 36 
74 12 75 41 9 64 13 74 41 74 64 50 45 32 15 9 25 6 
20 42 21 13 63 10 41 20 13 20 10 4 9 22 39 45 29 60 

3 13 13 6 75 7 71 46 49 4 28 69 41 69 26 63 18 55 
17 7 7 26 55 27 51 26 29 16 8 49 21 49 6 43 2 35 
29 19 19 38 43 39 39 14 17 28 4 37 9 37 6 31 14 23 
57 47 47 66 15 67 11 14 11 56 32 9 19 9 34 3 42 5 
35 25 25 44 37 45 33 8 11 34 10 31 3 31 12 25 20 17 
0 10 10 9 72 10 68 43 46 1 25 66 38 66 23 60 15 52 
9 19 19 0 81 1 77 52 55 10 34 75 47 75 32 69 24 61 
73 63 63 82 1 83 5 30 27 72 48 7 35 7 50 13 58 21 
45 35 35 54 27 55 23 2 1 44 20 21 7 21 22 15 30 7 
66 56 56 75 6 76 2 23 20 65 41 0 28 0 43 6 51 14 
66 56 56 75 6 76 2 23 20 65 41 0 28 0 43 6 51 14 
10 20 20 1 82 0 78 53 56 11 35 76 48 76 33 70 25 62 
65 55 55 74 7 75 3 22 19 64 40 1 27 1 42 5 50 13 
38 28 28 47 34 48 30 5 8 37 13 28 0 28 15 22 23 14 
26 16 16 35 46 36 42 17 20 25 1 40 12 40 3 34 11 26 
15 5 5 24 57 25 53 28 31 14 10 51 23 51 8 45 0 37 
15 25 25 6 87 5 83 58 61 16 40 81 53 81 38 75 30 67 
39 29 29 48 33 49 29 4 7 38 14 27 1 27 16 21 24 13 

28 27 2 61 1 39 16 56 19 47 13 73 7 73 11 54 6 4 
8 7 18 41 21 19 36 36 39 27 7 53 27 53 31 34 14 16 
4 5 30 29 33 7 48 24 51 15 19 41 39 41 43 22 26 28 
32 33 58 1 61 21 76 4 79 13 47 13 67 13 71 6 54 56 
10 11 36 23 39 1 54 18 57 9 25 35 45 35 49 16 32 34 
25 24 1 58 4 36 19 53 22 44 10 70 10 70 14 51 3 1 
34 33 8 67 5 45 10 62 13 53 19 79 1 79 5 60 12 10 
48 49 74 15 77 37 92 20 95 29 63 3 83 3 87 22 70 72 
20 21 46 13 49 9 64 8 67 1 35 25 55 25 59 6 42 44 
41 42 67 8 70 30 85 13 88 22 56 4 76 4 80 15 63 65 
41 42 67 8 70 30 85 13 88 22 56 4 76 4 80 15 63 65 
35 34 9 68 6 46 9 63 12 54 20 80 0 80 4 61 13 11 
40 41 66 7 69 29 84 12 87 21 55 5 75 5 79 14 62 64 
13 14 39 20 42 2 57 15 60 6 28 32 48 32 52 13 35 37 
1 2 27 32 30 10 45 27 48 18 16 44 36 44 40 25 23 25 
10 9 16 43 19 21 34 38 37 29 5 55 25 55 29 36 12 14 
40 39 14 73 11 51 4 68 7 59 25 85 5 85 1 66 18 16 
14 15 40 19 43 3 58 14 61 5 29 31 49 31 53 12 36 38 

42 24 22 74 48 1 9 65 62 4 10 32 12 9 47 11 23 4 
22 4 2 54 28 19 11 45 42 24 10 12 8 11 27 9 3 16 
10 8 10 42 16 31 23 33 30 36 22 0 20 23 15 21 9 28 
18 36 38 14 12 59 51 5 2 64 50 28 48 51 13 49 37 56 
4 14 16 36 10 37 29 27 24 42 28 6 26 29 9 27 15 34 
39 21 19 71 45 2 6 62 59 7 7 29 9 6 44 8 20 1 
48 30 28 80 54 7 15 71 68 2 16 38 18 15 53 17 29 10 
34 52 54 2 28 75 67 11 14 80 66 44 64 67 29 65 53 72 
6 24 26 26 0 47 39 17 14 52 38 16 36 39 1 37 25 44 
27 45 47 5 21 68 60 4 7 73 59 37 57 60 22 58 46 65 
27 45 47 5 21 68 60 4 7 73 59 37 57 60 22 58 46 65 
49 31 29 81 55 8 16 72 69 3 17 39 19 16 54 18 30 11 
26 44 46 6 20 67 59 3 6 72 58 36 56 59 21 57 45 64 
1 17 19 33 7 40 32 24 21 45 31 9 29 32 6 30 18 37 
13 5 7 45 19 28 20 36 33 33 19 3 17 20 18 18 6 25 
24 6 4 56 30 17 9 47 44 22 8 14 6 9 29 7 5 14 
54 36 34 86 60 13 21 77 74 8 22 44 24 21 59 23 35 16 
0 18 20 32 6 41 33 23 20 46 32 10 30 33 5 31 19 38 

59 49 49 68 13 69 9 16 13 58 34 7 21 7 36 1 44 7 
3 13 13 6 75 7 71 46 49 4 28 69 41 69 26 63 18 55 
60 50 50 69 12 70 8 17 14 59 35 6 22 6 37 0 45 8 
26 16 16 35 46 36 42 17 20 25 1 40 12 40 3 34 11 26 
24 34 34 15 96 14 92 67 70 25 49 90 62 90 47 84 39 76 
49 39 39 58 23 59 19 6 3 48 24 17 11 17 26 11 34 3 
2 12 12 7 74 8 70 45 48 3 27 68 40 68 25 62 17 54 
59 49 49 68 13 69 9 16 13 58 34 7 21 7 36 1 44 7 
26 16 16 35 46 36 42 17 20 25 1 40 12 40 3 34 11 26 
59 49 49 68 13 69 9 16 13 58 34 7 21 7 36 1 44 7 
49 39 39 58 23 59 19 6 3 48 24 17 11 17 26 11 34 3 
35 25 25 44 37 45 33 8 11 34 10 31 3 31 12 25 20 17 
30 20 20 39 42 40 38 13 16 29 5 36 8 36 7 30 15 22 
17 7 7 26 55 27 51 26 29 16 8 49 21 49 6 43 2 35 
0 10 10 9 72 10 68 43 46 1 25 66 38 66 23 60 15 52 
6 16 16 3 78 4 74 49 52 7 31 72 44 72 29 66 21 58 
10 0 0 19 62 20 58 33 36 9 15 56 28 56 13 50 5 42 
21 31 31 12 93 11 89 64 67 22 46 87 59 87 44 81 36 73 

34 35 60 1 63 23 78 6 81 15 49 11 69 11 73 8 56 58 
28 27 2 61 1 39 16 56 19 47 13 73 7 73 11 54 6 4 
35 36 61 2 64 24 79 7 82 16 50 10 70 10 74 9 57 59 
1 2 27 32 30 10 45 27 48 18 16 44 36 44 40 25 23 25 
49 48 23 82 20 60 5 77 2 68 34 94 14 94 10 75 27 25 
24 25 50 9 53 13 68 4 71 5 39 21 59 21 63 2 46 48 
27 26 1 60 2 38 17 55 20 46 12 72 8 72 12 53 5 3 
34 35 60 1 63 23 78 6 81 15 49 11 69 11 73 8 56 58 
1 2 27 32 30 10 45 27 48 18 16 44 36 44 40 25 23 25 
34 35 60 1 63 23 78 6 81 15 49 11 69 11 73 8 56 58 
24 25 50 9 53 13 68 4 71 5 39 21 59 21 63 2 46 48 
10 11 36 23 39 1 54 18 57 9 25 35 45 35 49 16 32 34 
5 6 31 28 34 6 49 23 52 14 20 40 40 40 44 21 27 29 
8 7 18 41 21 19 36 36 39 27 7 53 27 53 31 34 14 16 
25 24 1 58 4 36 19 53 22 44 10 70 10 70 14 51 3 1 
31 30 5 64 2 42 13 59 16 50 16 76 4 76 8 57 9 7 
15 14 11 48 14 26 29 43 32 34 0 60 20 60 24 41 7 9 
46 45 20 79 17 57 2 74 1 65 31 91 11 91 7 72 24 22 

20 38 40 12 14 61 53 3 0 66 52 30 50 53 15 51 39 58 
42 24 22 74 48 1 9 65 62 4 10 32 12 9 47 11 23 4 
21 39 41 11 15 62 54 2 1 67 53 31 51 54 16 52 40 59 
13 5 7 45 19 28 20 36 33 33 19 3 17 20 18 18 6 25 
63 45 43 95 69 22 30 86 83 17 31 53 33 30 68 32 44 25 
10 28 30 22 4 51 43 13 10 56 42 20 40 43 5 41 29 48 
41 23 21 73 47 0 8 64 61 5 9 31 11 8 46 10 22 3 
20 38 40 12 14 61 53 3 0 66 52 30 50 53 15 51 39 58 
13 5 7 45 19 28 20 36 33 33 19 3 17 20 18 18 6 25 
20 38 40 12 14 61 53 3 0 66 52 30 50 53 15 51 39 58 
10 28 30 22 4 51 43 13 10 56 42 20 40 43 5 41 29 48 
4 14 16 36 10 37 29 27 24 42 28 6 26 29 9 27 15 34 
9 9 11 41 15 32 24 32 29 37 23 1 21 24 14 22 10 29 
22 4 2 54 28 19 11 45 42 24 10 12 8 11 27 9 3 16 
39 21 19 71 45 2 6 62 59 7 7 29 9 6 44 8 20 1 
45 27 25 77 51 4 12 68 65 1 13 35 15 12 50 14 26 7 
29 11 9 61 35 12 4 52 49 17 3 19 1 4 34 2 10 9 
60 42 40 92 66 19 27 83 80 14 28 50 30 27 65 29 41 22 

25 24 1 58 4 36 19 53 22 44 10 70 10 70 14 51 3 1 
15 14 11 48 14 26 29 43 32 34 0 60 20 60 24 41 7 9 
15 14 11 48 14 26 29 43 32 34 0 60 20 60 24 41 7 9 
34 33 8 67 5 45 10 62 13 53 19 79 1 79 5 60 12 10 
47 48 73 14 76 36 91 19 94 28 62 2 82 2 86 21 69 71 
35 34 9 68 6 46 9 63 12 54 20 80 0 80 4 61 13 11 
43 44 69 10 72 32 87 15 90 24 58 2 78 2 82 17 65 67 
18 19 44 15 47 7 62 10 65 1 33 27 53 27 57 8 40 42 
21 22 47 12 50 10 65 7 68 2 36 24 56 24 60 5 43 45 
24 23 2 57 5 35 20 52 23 43 9 69 11 69 15 50 2 0 
0 1 26 33 29 11 44 28 47 19 15 45 35 45 39 26 22 24 
41 42 67 8 70 30 85 13 88 22 56 4 76 4 80 15 63 65 
13 14 39 20 42 2 57 15 60 6 28 32 48 32 52 13 35 37 
41 42 67 8 70 30 85 13 88 22 56 4 76 4 80 15 63 65 
2 1 24 35 27 13 42 30 45 21 13 47 33 47 37 28 20 22 
35 36 61 2 64 24 79 7 82 16 50 10 70 10 74 9 57 59 
10 9 16 43 19 21 34 38 37 29 5 55 25 55 29 36 12 14 
27 28 53 6 56 16 71 1 74 8 42 18 62 18 66 1 49 51 

39 21 19 71 45 2 6 62 59 7 7 29 9 6 44 8 20 1 
29 11 9 61 35 12 4 52 49 17 3 19 1 4 34 2 10 9 
29 11 9 61 35 12 4 52 49 17 3 19 1 4 34 2 10 9 
48 30 28 80 54 7 15 71 68 2 16 38 18 15 53 17 29 10 
33 51 53 1 27 74 66 10 13 79 65 43 63 66 28 64 52 71 
49 31 29 81 55 8 16 72 69 3 17 39 19 16 54 18 30 11 
29 47 49 3 23 70 62 6 9 75 61 39 59 62 24 60 48 67 
4 22 24 28 2 45 37 19 16 50 36 14 34 37 1 35 23 42 
7 25 27 25 1 48 40 16 13 53 39 17 37 40 2 38 26 45 
38 20 18 70 44 3 5 61 58 8 6 28 8 5 43 7 19 0 
14 4 6 46 20 27 19 37 34 32 18 4 16 19 19 17 5 24 
27 45 47 5 21 68 60 4 7 73 59 37 57 60 22 58 46 65 
1 17 19 33 7 40 32 24 21 45 31 9 29 32 6 30 18 37 
27 45 47 5 21 68 60 4 7 73 59 37 57 60 22 58 46 65 
16 2 4 48 22 25 17 39 36 30 16 6 14 17 21 15 3 22 
21 39 41 11 15 62 54 2 1 67 53 31 51 54 16 52 40 59 
24 6 4 56 30 17 9 47 44 22 8 14 6 9 29 7 5 14 
13 31 33 19 7 54 46 10 7 59 45 23 43 46 8 44 32 51 

14 4 6 46 20 27 19 37 34 32 18 4 16 19 19 17 5 24 
15 3 5 47 21 26 18 38 35 31 17 5 15 18 20 16 4 23 
40 22 20 72 46 1 7 63 60 6 8 30 10 7 45 9 21 2 
19 37 39 13 13 60 52 4 1 65 51 29 49 52 14 50 38 57 
43 25 23 75 49 2 10 66 63 3 11 33 13 10 48 12 24 5 
3 15 17 35 9 38 30 26 23 43 29 7 27 30 8 28 16 35 
58 40 38 90 64 17 25 81 78 12 26 48 28 25 63 27 39 20 
14 32 34 18 8 55 47 9 6 60 46 24 44 47 9 45 33 52 
61 43 41 93 67 20 28 84 81 15 29 51 31 28 66 30 42 23 
5 23 25 27 1 46 38 18 15 51 37 15 35 38 0 36 24 43 
29 11 9 61 35 12 4 52 49 17 3 19 1 4 34 2 10 9 
31 49 51 1 25 72 64 8 11 77 63 41 61 64 26 62 50 69 
49 31 29 81 55 8 16 72 69 3 17 39 19 16 54 18 30 11 
31 49 51 1 25 72 64 8 11 77 63 41 61 64 26 62 50 69 
53 35 33 85 59 12 20 76 73 7 21 43 23 20 58 22 34 15 
12 30 32 20 6 53 45 11 8 58 44 22 42 45 7 43 31 50 
36 18 16 68 42 5 3 59 56 10 4 26 6 3 41 5 17 2 
38 20 18 70 44 3 5 61 58 8 6 28 8 5 43 7 19 0 

