18 5 

25 28 13 48 36 31 36 33 52 46 43 9 56 40 10 19 41 14 
81 84 43 8 20 25 92 89 4 10 13 47 0 16 66 37 15 42 
54 57 16 19 7 2 65 62 23 17 14 20 27 11 39 10 12 15 
78 81 40 5 17 22 89 86 1 7 10 44 3 13 63 34 12 39 
22 25 16 51 39 34 33 30 55 49 46 12 59 43 7 22 44 17 
58 61 20 15 3 2 69 66 19 13 10 24 23 7 43 14 8 19 
9 12 29 64 52 47 20 17 68 62 59 25 72 56 6 35 57 30 
87 90 49 14 26 31 98 95 10 16 19 53 6 22 72 43 21 48 
73 76 35 0 12 17 84 81 4 2 5 39 8 8 58 29 7 34 
78 81 40 5 17 22 89 86 1 7 10 44 3 13 63 34 12 39 
30 33 8 43 31 26 41 38 47 41 38 4 51 35 15 14 36 9 
57 60 19 16 4 1 68 65 20 14 11 23 24 8 42 13 9 18 
70 73 32 3 9 14 81 78 7 1 2 36 11 5 55 26 4 31 
77 80 39 4 16 21 88 85 0 6 9 43 4 12 62 33 11 38 
54 57 16 19 7 2 65 62 23 17 14 20 27 11 39 10 12 15 
9 6 47 82 70 65 2 1 86 80 77 43 90 74 24 53 75 48 
28 31 10 45 33 28 39 36 49 43 40 6 53 37 13 16 38 11 
7 4 45 80 68 63 4 1 84 78 75 41 88 72 22 51 73 46 

1 18 9 2 37 61 40 35 61 53 62 32 25 11 12 49 12 29 
57 74 47 54 19 5 16 21 5 3 6 24 81 45 44 7 44 27 
30 47 20 27 8 32 11 6 32 24 33 3 54 18 17 20 17 0 
54 71 44 51 16 8 13 18 8 0 9 21 78 42 41 4 41 24 
2 15 12 5 40 64 43 38 64 56 65 35 22 14 15 52 15 32 
34 51 24 31 4 28 7 2 28 20 29 1 58 22 21 16 21 4 
15 2 25 18 53 77 56 51 77 69 78 48 9 27 28 65 28 45 
63 80 53 60 25 1 22 27 1 9 0 30 87 51 50 13 50 33 
49 66 39 46 11 13 8 13 13 5 14 16 73 37 36 1 36 19 
54 71 44 51 16 8 13 18 8 0 9 21 78 42 41 4 41 24 
6 23 4 3 32 56 35 30 56 48 57 27 30 6 7 44 7 24 
33 50 23 30 5 29 8 3 29 21 30 0 57 21 20 17 20 3 
46 63 36 43 8 16 5 10 16 8 17 13 70 34 33 4 33 16 
53 70 43 50 15 9 12 17 9 1 10 20 77 41 40 3 40 23 
30 47 20 27 8 32 11 6 32 24 33 3 54 18 17 20 17 0 
33 16 43 36 71 95 74 69 95 87 96 66 9 45 46 83 46 63 
4 21 6 1 34 58 37 32 58 50 59 29 28 8 9 46 9 26 
31 14 41 34 69 93 72 67 93 85 94 64 7 43 44 81 44 61 

34 29 25 28 13 7 34 20 25 29 33 12 22 31 17 27 35 8 
90 85 81 84 69 63 90 36 81 85 23 68 78 87 73 83 91 48 
63 58 54 57 42 36 63 9 54 58 4 41 51 60 46 56 64 21 
87 82 78 81 66 60 87 33 78 82 20 65 75 84 70 80 88 45 
31 26 22 25 10 4 31 23 22 26 36 9 19 28 14 24 32 11 
67 62 58 61 46 40 67 13 58 62 0 45 55 64 50 60 68 25 
18 13 9 12 3 9 18 36 9 13 49 4 6 15 1 11 19 24 
96 91 87 90 75 69 96 42 87 91 29 74 84 93 79 89 97 54 
82 77 73 76 61 55 82 28 73 77 15 60 70 79 65 75 83 40 
87 82 78 81 66 60 87 33 78 82 20 65 75 84 70 80 88 45 
39 34 30 33 18 12 39 15 30 34 28 17 27 36 22 32 40 3 
66 61 57 60 45 39 66 12 57 61 1 44 54 63 49 59 67 24 
79 74 70 73 58 52 79 25 70 74 12 57 67 76 62 72 80 37 
86 81 77 80 65 59 86 32 77 81 19 64 74 83 69 79 87 44 
63 58 54 57 42 36 63 9 54 58 4 41 51 60 46 56 64 21 
0 5 9 6 21 27 0 54 9 5 67 22 12 3 17 7 1 42 
37 32 28 31 16 10 37 17 28 32 30 15 25 34 20 30 38 5 
2 3 7 4 19 25 2 52 7 3 65 20 10 1 15 5 3 40 

16 28 7 10 5 48 16 18 9 30 25 1 1 15 10 9 15 14 
40 28 63 46 61 8 40 74 47 26 81 55 55 71 46 47 71 70 
13 1 36 19 34 19 13 47 20 1 54 28 28 44 19 20 44 43 
37 25 60 43 58 5 37 71 44 23 78 52 52 68 43 44 68 67 
19 31 4 13 2 51 19 15 12 33 22 4 4 12 13 12 12 11 
17 5 40 23 38 15 17 51 24 3 58 32 32 48 23 24 48 47 
32 44 9 26 11 64 32 2 25 46 9 17 17 1 26 25 1 2 
46 34 69 52 67 14 46 80 53 32 87 61 61 77 52 53 77 76 
32 20 55 38 53 0 32 66 39 18 73 47 47 63 38 39 63 62 
37 25 60 43 58 5 37 71 44 23 78 52 52 68 43 44 68 67 
11 23 12 5 10 43 11 23 4 25 30 4 4 20 5 4 20 19 
16 4 39 22 37 16 16 50 23 2 57 31 31 47 22 23 47 46 
29 17 52 35 50 3 29 63 36 15 70 44 44 60 35 36 60 59 
36 24 59 42 57 4 36 70 43 22 77 51 51 67 42 43 67 66 
13 1 36 19 34 19 13 47 20 1 54 28 28 44 19 20 44 43 
50 62 27 44 29 82 50 16 43 64 9 35 35 19 44 43 19 20 
13 25 10 7 8 45 13 21 6 27 28 2 2 18 7 6 18 17 
48 60 25 42 27 80 48 14 41 62 7 33 33 17 42 41 17 18 

24 7 34 27 62 86 65 60 86 78 87 57 0 36 37 74 37 54 
27 10 37 30 65 89 68 63 89 81 90 60 3 39 40 77 40 57 
14 31 4 11 24 48 27 22 48 40 49 19 38 2 1 36 1 16 
49 66 39 46 11 13 8 13 13 5 14 16 73 37 36 1 36 19 
37 54 27 34 1 25 4 1 25 17 26 4 61 25 24 13 24 7 
32 49 22 29 6 30 9 4 30 22 31 1 56 20 19 18 19 2 
35 18 45 38 73 97 76 71 97 89 98 68 11 47 48 85 48 65 
32 15 42 35 70 94 73 68 94 86 95 65 8 44 45 82 45 62 
53 70 43 50 15 9 12 17 9 1 10 20 77 41 40 3 40 23 
47 64 37 44 9 15 6 11 15 7 16 14 71 35 34 3 34 17 
44 61 34 41 6 18 3 8 18 10 19 11 68 32 31 6 31 14 
10 27 0 7 28 52 31 26 52 44 53 23 34 2 3 40 3 20 
57 74 47 54 19 5 16 21 5 3 6 24 81 45 44 7 44 27 
41 58 31 38 3 21 0 5 21 13 22 8 65 29 28 9 28 11 
9 8 19 12 47 71 50 45 71 63 72 42 15 21 22 59 22 39 
20 37 10 17 18 42 21 16 42 34 43 13 44 8 7 30 7 10 
42 59 32 39 4 20 1 6 20 12 21 9 66 30 29 8 29 12 
15 32 5 12 23 47 26 21 47 39 48 18 39 3 2 35 2 15 

9 4 0 3 12 18 9 45 0 4 58 13 3 6 8 2 10 33 
6 1 3 0 15 21 6 48 3 1 61 16 6 3 11 1 7 36 
47 42 38 41 26 20 47 7 38 42 20 25 35 44 30 40 48 5 
82 77 73 76 61 55 82 28 73 77 15 60 70 79 65 75 83 40 
70 65 61 64 49 43 70 16 61 65 3 48 58 67 53 63 71 28 
65 60 56 59 44 38 65 11 56 60 2 43 53 62 48 58 66 23 
2 7 11 8 23 29 2 56 11 7 69 24 14 5 19 9 1 44 
1 4 8 5 20 26 1 53 8 4 66 21 11 2 16 6 2 41 
86 81 77 80 65 59 86 32 77 81 19 64 74 83 69 79 87 44 
80 75 71 74 59 53 80 26 71 75 13 58 68 77 63 73 81 38 
77 72 68 71 56 50 77 23 68 72 10 55 65 74 60 70 78 35 
43 38 34 37 22 16 43 11 34 38 24 21 31 40 26 36 44 1 
90 85 81 84 69 63 90 36 81 85 23 68 78 87 73 83 91 48 
74 69 65 68 53 47 74 20 65 69 7 52 62 71 57 67 75 32 
24 19 15 18 3 3 24 30 15 19 43 2 12 21 7 17 25 18 
53 48 44 47 32 26 53 1 44 48 14 31 41 50 36 46 54 11 
75 70 66 69 54 48 75 21 66 70 8 53 63 72 58 68 76 33 
48 43 39 42 27 21 48 6 39 43 19 26 36 45 31 41 49 6 

41 53 18 35 20 73 41 7 34 55 0 26 26 10 35 34 10 11 
44 56 21 38 23 76 44 10 37 58 3 29 29 13 38 37 13 14 
3 15 20 3 18 35 3 31 4 17 38 12 12 28 3 4 28 27 
32 20 55 38 53 0 32 66 39 18 73 47 47 63 38 39 63 62 
20 8 43 26 41 12 20 54 27 6 61 35 35 51 26 27 51 50 
15 3 38 21 36 17 15 49 22 1 56 30 30 46 21 22 46 45 
52 64 29 46 31 84 52 18 45 66 11 37 37 21 46 45 21 22 
49 61 26 43 28 81 49 15 42 63 8 34 34 18 43 42 18 19 
36 24 59 42 57 4 36 70 43 22 77 51 51 67 42 43 67 66 
30 18 53 36 51 2 30 64 37 16 71 45 45 61 36 37 61 60 
27 15 50 33 48 5 27 61 34 13 68 42 42 58 33 34 58 57 
7 19 16 1 14 39 7 27 0 21 34 8 8 24 1 0 24 23 
40 28 63 46 61 8 40 74 47 26 81 55 55 71 46 47 71 70 
24 12 47 30 45 8 24 58 31 10 65 39 39 55 30 31 55 54 
26 38 3 20 5 58 26 8 19 40 15 11 11 5 20 19 5 4 
3 9 26 9 24 29 3 37 10 11 44 18 18 34 9 10 34 33 
25 13 48 31 46 7 25 59 32 11 66 40 40 56 31 32 56 55 
2 14 21 4 19 34 2 32 5 16 39 13 13 29 4 5 29 28 

33 28 24 27 12 6 33 21 24 28 34 11 21 30 16 26 34 9 
16 11 7 10 5 11 16 38 7 11 51 6 4 13 1 9 17 26 
43 38 34 37 22 16 43 11 34 38 24 21 31 40 26 36 44 1 
36 31 27 30 15 9 36 18 27 31 31 14 24 33 19 29 37 6 
71 66 62 65 50 44 71 17 62 66 4 49 59 68 54 64 72 29 
95 90 86 89 74 68 95 41 86 90 28 73 83 92 78 88 96 53 
74 69 65 68 53 47 74 20 65 69 7 52 62 71 57 67 75 32 
69 64 60 63 48 42 69 15 60 64 2 47 57 66 52 62 70 27 
95 90 86 89 74 68 95 41 86 90 28 73 83 92 78 88 96 53 
87 82 78 81 66 60 87 33 78 82 20 65 75 84 70 80 88 45 
96 91 87 90 75 69 96 42 87 91 29 74 84 93 79 89 97 54 
66 61 57 60 45 39 66 12 57 61 1 44 54 63 49 59 67 24 
9 4 0 3 12 18 9 45 0 4 58 13 3 6 8 2 10 33 
45 40 36 39 24 18 45 9 36 40 22 23 33 42 28 38 46 3 
46 41 37 40 25 19 46 8 37 41 21 24 34 43 29 39 47 4 
83 78 74 77 62 56 83 29 74 78 16 61 71 80 66 76 84 41 
46 41 37 40 25 19 46 8 37 41 21 24 34 43 29 39 47 4 
63 58 54 57 42 36 63 9 54 58 4 41 51 60 46 56 64 21 

17 29 6 11 4 49 17 17 10 31 24 2 2 14 11 10 14 13 
34 46 11 28 13 66 34 0 27 48 7 19 19 3 28 27 3 4 
7 19 16 1 14 39 7 27 0 21 34 8 8 24 1 0 24 23 
14 26 9 8 7 46 14 20 7 28 27 1 1 17 8 7 17 16 
21 9 44 27 42 11 21 55 28 7 62 36 36 52 27 28 52 51 
45 33 68 51 66 13 45 79 52 31 86 60 60 76 51 52 76 75 
24 12 47 30 45 8 24 58 31 10 65 39 39 55 30 31 55 54 
19 7 42 25 40 13 19 53 26 5 60 34 34 50 25 26 50 49 
45 33 68 51 66 13 45 79 52 31 86 60 60 76 51 52 76 75 
37 25 60 43 58 5 37 71 44 23 78 52 52 68 43 44 68 67 
46 34 69 52 67 14 46 80 53 32 87 61 61 77 52 53 77 76 
16 4 39 22 37 16 16 50 23 2 57 31 31 47 22 23 47 46 
41 53 18 35 20 73 41 7 34 55 0 26 26 10 35 34 10 11 
5 17 18 1 16 37 5 29 2 19 36 10 10 26 1 2 26 25 
4 16 19 2 17 36 4 30 3 18 37 11 11 27 2 3 27 26 
33 21 56 39 54 1 33 67 40 19 74 48 48 64 39 40 64 63 
4 16 19 2 17 36 4 30 3 18 37 11 11 27 2 3 27 26 
13 1 36 19 34 19 13 47 20 1 54 28 28 44 19 20 44 43 

50 62 27 44 29 82 50 16 43 64 9 35 35 19 44 43 19 20 
45 57 22 39 24 77 45 11 38 59 4 30 30 14 39 38 14 15 
41 53 18 35 20 73 41 7 34 55 0 26 26 10 35 34 10 11 
44 56 21 38 23 76 44 10 37 58 3 29 29 13 38 37 13 14 
29 41 6 23 8 61 29 5 22 43 12 14 14 2 23 22 2 1 
23 35 0 17 2 55 23 11 16 37 18 8 8 8 17 16 8 7 
50 62 27 44 29 82 50 16 43 64 9 35 35 19 44 43 19 20 
4 8 27 10 25 28 4 38 11 10 45 19 19 35 10 11 35 34 
41 53 18 35 20 73 41 7 34 55 0 26 26 10 35 34 10 11 
45 57 22 39 24 77 45 11 38 59 4 30 30 14 39 38 14 15 
17 5 40 23 38 15 17 51 24 3 58 32 32 48 23 24 48 47 
28 40 5 22 7 60 28 6 21 42 13 13 13 3 22 21 3 2 
38 50 15 32 17 70 38 4 31 52 3 23 23 7 32 31 7 8 
47 59 24 41 26 79 47 13 40 61 6 32 32 16 41 40 16 17 
33 45 10 27 12 65 33 1 26 47 8 18 18 2 27 26 2 3 
43 55 20 37 22 75 43 9 36 57 2 28 28 12 37 36 12 13 
51 63 28 45 30 83 51 17 44 65 10 36 36 20 45 44 20 21 
8 20 15 2 13 40 8 26 1 22 33 7 7 23 2 1 23 22 

