14 6 

14 43 2 18 39 29 10 65 44 36 57 25 20 26 
8 21 20 4 17 7 32 43 22 14 35 3 2 48 
34 63 22 38 59 49 10 85 64 56 77 45 40 6 
20 9 32 16 5 5 44 31 10 2 23 9 14 60 
38 9 50 34 13 23 62 13 8 16 5 27 32 78 
42 71 30 46 67 57 18 93 72 64 85 53 48 2 
11 40 1 15 36 26 13 62 41 33 54 22 17 29 
43 14 55 39 18 28 67 8 13 21 0 32 37 83 
30 59 18 34 55 45 6 81 60 52 73 41 36 10 
48 19 60 44 23 33 72 3 18 26 5 37 42 88 
30 1 42 26 5 15 54 21 0 8 13 19 24 70 
32 61 20 36 57 47 8 83 62 54 75 43 38 8 
52 23 64 48 27 37 76 1 22 30 9 41 46 92 
43 72 31 47 68 58 19 94 73 65 86 54 49 3 

49 13 53 8 19 48 6 26 60 54 38 6 4 50 
27 9 31 14 3 26 28 48 38 32 16 28 26 28 
69 33 73 28 39 68 14 6 80 74 58 14 16 70 
15 21 19 26 15 14 40 60 26 20 4 40 38 16 
3 39 1 44 33 4 58 78 8 2 14 58 56 2 
77 41 81 36 47 76 22 2 88 82 66 22 24 78 
46 10 50 5 16 45 9 29 57 51 35 9 7 47 
8 44 4 49 38 9 63 83 3 3 19 63 61 7 
65 29 69 24 35 64 10 10 76 70 54 10 12 66 
13 49 9 54 43 14 68 88 2 8 24 68 66 12 
5 31 9 36 25 4 50 70 16 10 6 50 48 6 
67 31 71 26 37 66 12 8 78 72 56 12 14 68 
17 53 13 58 47 18 72 92 6 12 28 72 70 16 
78 42 82 37 48 77 23 3 89 83 67 23 25 79 

15 23 48 9 9 45 38 41 5 51 59 44 60 15 
37 45 26 13 31 23 16 19 17 29 37 22 38 37 
5 3 68 29 11 65 58 61 25 71 79 64 80 5 
49 57 14 25 43 11 4 7 29 17 25 10 26 49 
67 75 4 43 61 7 14 11 47 1 7 8 8 67 
13 5 76 37 19 73 66 69 33 79 87 72 88 13 
18 26 45 6 12 42 35 38 2 48 56 41 57 18 
72 80 9 48 66 12 19 16 52 6 2 13 3 72 
1 7 64 25 7 61 54 57 21 67 75 60 76 1 
77 85 14 53 71 17 24 21 57 11 3 18 2 77 
59 67 4 35 53 1 6 3 39 7 15 0 16 59 
3 5 66 27 9 63 56 59 23 69 77 62 78 3 
81 89 18 57 75 21 28 25 61 15 7 22 6 81 
14 6 77 38 20 74 67 70 34 80 88 73 89 14 

5 8 22 3 50 6 54 31 29 6 56 41 18 1 
27 14 44 25 28 28 32 9 7 28 34 19 4 23 
15 28 2 17 70 14 74 51 49 14 76 61 38 19 
39 26 56 37 16 40 20 3 5 40 22 7 16 35 
57 44 74 55 2 58 2 21 23 58 4 11 34 53 
23 36 6 25 78 22 82 59 57 22 84 69 46 27 
8 5 25 6 47 9 51 28 26 9 53 38 15 4 
62 49 79 60 7 63 3 26 28 63 1 16 39 58 
11 24 6 13 66 10 70 47 45 10 72 57 34 15 
67 54 84 65 12 68 8 31 33 68 6 21 44 63 
49 36 66 47 6 50 10 13 15 50 12 3 26 45 
13 26 4 15 68 12 72 49 47 12 74 59 36 17 
71 58 88 69 16 72 12 35 37 72 10 25 48 67 
24 37 7 26 79 23 83 60 58 23 85 70 47 28 

23 17 50 32 30 18 17 26 27 52 55 27 22 7 
45 5 28 10 52 40 5 48 5 30 33 49 0 29 
3 37 70 52 10 2 37 6 47 72 75 7 42 13 
57 17 16 2 64 52 17 60 7 18 21 61 12 41 
75 35 2 20 82 70 35 78 25 0 3 79 30 59 
5 45 78 60 2 10 45 2 55 80 83 1 50 21 
26 14 47 29 33 21 14 29 24 49 52 30 19 10 
80 40 7 25 87 75 40 83 30 5 2 84 35 64 
7 33 66 48 14 2 33 10 43 68 71 11 38 9 
85 45 12 30 92 80 45 88 35 10 7 89 40 69 
67 27 6 12 74 62 27 70 17 8 11 71 22 51 
5 35 68 50 12 0 35 8 45 70 73 9 40 11 
89 49 16 34 96 84 49 92 39 14 11 93 44 73 
6 46 79 61 1 11 46 3 56 81 84 2 51 22 

35 1 39 6 5 34 20 40 46 40 24 20 18 36 
6 30 10 35 24 5 49 69 17 11 5 49 47 7 
47 11 51 6 17 46 8 28 58 52 36 8 6 48 
31 5 35 10 1 30 24 44 42 36 20 24 22 32 
10 26 14 31 20 9 45 65 21 15 1 45 43 11 
20 16 24 21 10 19 35 55 31 25 9 35 33 21 
59 23 63 18 29 58 4 16 70 64 48 4 6 60 
16 52 12 57 46 17 71 91 5 11 27 71 69 15 
5 31 9 36 25 4 50 70 16 10 6 50 48 6 
13 23 17 28 17 12 42 62 24 18 2 42 40 14 
8 44 4 49 38 9 63 83 3 3 19 63 61 7 
24 12 28 17 6 23 31 51 35 29 13 31 29 25 
29 7 33 12 1 28 26 46 40 34 18 26 24 30 
75 39 79 34 45 74 20 0 86 80 64 20 22 76 

29 37 34 5 23 31 24 27 9 37 45 30 46 29 
58 66 5 34 52 2 5 2 38 8 16 1 17 58 
17 25 46 7 11 43 36 39 3 49 57 42 58 17 
33 41 30 9 27 27 20 23 13 33 41 26 42 33 
54 62 9 30 48 6 1 2 34 12 20 5 21 54 
44 52 19 20 38 16 9 12 24 22 30 15 31 44 
5 13 58 19 1 55 48 51 15 61 69 54 70 5 
80 88 17 56 74 20 27 24 60 14 6 21 5 80 
59 67 4 35 53 1 6 3 39 7 15 0 16 59 
51 59 12 27 45 9 2 5 31 15 23 8 24 51 
72 80 9 48 66 12 19 16 52 6 2 13 3 72 
40 48 23 16 34 20 13 16 20 26 34 19 35 40 
35 43 28 11 29 25 18 21 15 31 39 24 40 35 
11 3 74 35 17 71 64 67 31 77 85 70 86 11 

19 6 36 17 36 20 40 17 15 20 42 27 4 15 
48 35 65 46 7 49 11 12 14 49 13 2 25 44 
7 6 24 5 48 8 52 29 27 8 54 39 16 3 
23 10 40 21 32 24 36 13 11 24 38 23 0 19 
44 31 61 42 11 45 15 8 10 45 17 2 21 40 
34 21 51 32 21 35 25 2 0 35 27 12 11 30 
5 18 12 7 60 4 64 41 39 4 66 51 28 9 
70 57 87 68 15 71 11 34 36 71 9 24 47 66 
49 36 66 47 6 50 10 13 15 50 12 3 26 45 
41 28 58 39 14 42 18 5 7 42 20 5 18 37 
62 49 79 60 7 63 3 26 28 63 1 16 39 58 
30 17 47 28 25 31 29 6 4 31 31 16 7 26 
25 12 42 23 30 26 34 11 9 26 36 21 2 21 
21 34 4 23 76 20 80 57 55 20 82 67 44 25 

37 3 36 18 44 32 3 40 13 38 41 41 8 21 
66 26 7 11 73 61 26 69 16 9 12 70 21 50 
25 15 48 30 32 20 15 28 25 50 53 29 20 9 
41 1 32 14 48 36 1 44 9 34 37 45 4 25 
62 22 11 7 69 57 22 65 12 13 16 66 17 46 
52 12 21 3 59 47 12 55 2 23 26 56 7 36 
13 27 60 42 20 8 27 16 37 62 65 17 32 3 
88 48 15 33 95 83 48 91 38 13 10 92 43 72 
67 27 6 12 74 62 27 70 17 8 11 71 22 51 
59 19 14 4 66 54 19 62 9 16 19 63 14 43 
80 40 7 25 87 75 40 83 30 5 2 84 35 64 
48 8 25 7 55 43 8 51 2 27 30 52 3 32 
43 3 30 12 50 38 3 46 7 32 35 47 2 27 
3 43 76 58 4 8 43 0 53 78 81 1 48 19 

64 72 1 40 58 4 11 8 44 2 10 5 11 64 
28 36 35 4 22 32 25 28 8 38 46 31 47 28 
68 76 5 44 62 8 15 12 48 2 6 9 7 68 
23 31 40 1 17 37 30 33 3 43 51 36 52 23 
34 42 29 10 28 26 19 22 14 32 40 25 41 34 
63 71 0 39 57 3 10 7 43 3 11 4 12 63 
9 17 54 15 3 51 44 47 11 57 65 50 66 9 
11 3 74 35 17 71 64 67 31 77 85 70 86 11 
75 83 12 51 69 15 22 19 55 9 1 16 0 75 
69 77 6 45 63 9 16 13 49 3 5 10 6 69 
53 61 10 29 47 7 0 3 33 13 21 6 22 53 
9 17 54 15 3 51 44 47 11 57 65 50 66 9 
11 19 52 13 5 49 42 45 9 55 63 48 64 11 
65 73 2 41 59 5 12 9 45 1 9 6 10 65 

54 41 71 52 1 55 5 18 20 55 7 8 31 50 
18 5 35 16 37 19 41 18 16 19 43 28 5 14 
58 45 75 56 3 59 1 22 24 59 3 12 35 54 
13 0 30 11 42 14 46 23 21 14 48 33 10 9 
24 11 41 22 31 25 35 12 10 25 37 22 1 20 
53 40 70 51 2 54 6 17 19 54 8 7 30 49 
1 14 16 3 56 0 60 37 35 0 62 47 24 5 
21 34 4 23 76 20 80 57 55 20 82 67 44 25 
65 52 82 63 10 66 6 29 31 66 4 19 42 61 
59 46 76 57 4 60 0 23 25 60 2 13 36 55 
43 30 60 41 12 44 16 7 9 44 18 3 20 39 
1 14 16 3 56 0 60 37 35 0 62 47 24 5 
1 12 18 1 54 2 58 35 33 2 60 45 22 3 
55 42 72 53 0 56 4 19 21 56 6 9 32 51 

72 32 1 17 79 67 32 75 22 3 6 76 27 56 
36 4 37 19 43 31 4 39 14 39 42 40 9 20 
76 36 3 21 83 71 36 79 26 1 2 80 31 60 
31 9 42 24 38 26 9 34 19 44 47 35 14 15 
42 2 31 13 49 37 2 45 8 33 36 46 3 26 
71 31 2 16 78 66 31 74 21 4 7 75 26 55 
17 23 56 38 24 12 23 20 33 58 61 21 28 1 
3 43 76 58 4 8 43 0 53 78 81 1 48 19 
83 43 10 28 90 78 43 86 33 8 5 87 38 67 
77 37 4 22 84 72 37 80 27 2 1 81 32 61 
61 21 12 6 68 56 21 64 11 14 17 65 16 45 
17 23 56 38 24 12 23 20 33 58 61 21 28 1 
19 21 54 36 26 14 21 22 31 56 59 23 26 3 
73 33 0 18 80 68 33 76 23 2 5 77 28 57 

10 23 7 12 65 9 69 46 44 9 71 56 33 14 
18 31 1 20 73 17 77 54 52 17 79 64 41 22 
53 40 70 51 2 54 6 17 19 54 8 7 30 49 
14 1 31 12 41 15 45 22 20 15 47 32 9 10 
4 17 13 6 59 3 63 40 38 3 65 50 27 8 
50 37 67 48 5 51 9 14 16 51 11 4 27 46 
43 30 60 41 12 44 16 7 9 44 18 3 20 39 
46 33 63 44 9 47 13 10 12 47 15 0 23 42 
10 3 27 8 45 11 49 26 24 11 51 36 13 6 
56 43 73 54 1 57 3 20 22 57 5 10 33 52 
64 51 81 62 9 65 5 28 30 65 3 18 41 60 
49 36 66 47 6 50 10 13 15 50 12 3 26 45 
65 52 82 63 10 66 6 29 31 66 4 19 42 61 
10 23 7 12 65 9 69 46 44 9 71 56 33 14 

8 32 65 47 15 3 32 11 42 67 70 12 37 8 
0 40 73 55 7 5 40 3 50 75 78 4 45 16 
71 31 2 16 78 66 31 74 21 4 7 75 26 55 
32 8 41 23 39 27 8 35 18 43 46 36 13 16 
14 26 59 41 21 9 26 17 36 61 64 18 31 2 
68 28 5 13 75 63 28 71 18 7 10 72 23 52 
61 21 12 6 68 56 21 64 11 14 17 65 16 45 
64 24 9 9 71 59 24 67 14 11 14 68 19 48 
28 12 45 27 35 23 12 31 22 47 50 32 17 12 
74 34 1 19 81 69 34 77 24 1 4 78 29 58 
82 42 9 27 89 77 42 85 32 7 4 86 37 66 
67 27 6 12 74 62 27 70 17 8 11 71 22 51 
83 43 10 28 90 78 43 86 33 8 5 87 38 67 
8 32 65 47 15 3 32 11 42 67 70 12 37 8 

18 22 55 37 25 13 22 21 32 57 60 22 27 2 
31 9 42 24 38 26 9 34 19 44 47 35 14 15 
1 39 72 54 8 4 39 4 49 74 77 5 44 15 
20 20 53 35 27 15 20 23 30 55 58 24 25 4 
73 33 0 18 80 68 33 76 23 2 5 77 28 57 
17 23 56 38 24 12 23 20 33 58 61 21 28 1 
77 37 4 22 84 72 37 80 27 2 1 81 32 61 
54 14 19 1 61 49 14 57 4 21 24 58 9 38 
52 12 21 3 59 47 12 55 2 23 26 56 7 36 
17 23 56 38 24 12 23 20 33 58 61 21 28 1 
79 39 6 24 86 74 39 82 29 4 1 83 34 63 
64 24 9 9 71 59 24 67 14 11 14 68 19 48 
41 1 32 14 48 36 1 44 9 34 37 45 4 25 
22 18 51 33 29 17 18 25 28 53 56 26 23 6 

