19 6 

8 41 30 71 38 78 73 83 48 34 8 39 39 6 44 64 92 54 1 
22 11 0 41 8 48 43 53 18 4 22 9 9 24 14 34 62 24 29 
55 22 33 8 25 15 10 20 15 29 55 24 24 57 19 1 29 9 62 
70 37 48 7 40 0 5 5 30 44 70 39 39 72 34 14 14 24 77 
84 51 62 21 54 14 19 9 44 58 84 53 53 86 48 28 0 38 91 
64 31 42 1 34 6 1 11 24 38 64 33 33 66 28 8 20 18 71 
21 12 1 42 9 49 44 54 19 5 21 10 10 23 15 35 63 25 28 
7 26 15 56 23 63 58 68 33 19 7 24 24 9 29 49 77 39 14 
47 14 25 16 17 23 18 28 7 21 47 16 16 49 11 9 37 1 54 
25 8 3 38 5 45 40 50 15 1 25 6 6 27 11 31 59 21 32 
46 13 24 17 16 24 19 29 6 20 46 15 15 48 10 10 38 0 53 
1 32 21 62 29 69 64 74 39 25 1 30 30 3 35 55 83 45 8 
87 54 65 24 57 17 22 12 47 61 87 56 56 89 51 31 3 41 94 
65 32 43 2 35 5 0 10 25 39 65 34 34 67 29 9 19 19 72 
11 22 11 52 19 59 54 64 29 15 11 20 20 13 25 45 73 35 18 
62 29 40 1 32 8 3 13 22 36 62 31 31 64 26 6 22 16 69 
50 17 28 13 20 20 15 25 10 24 50 19 19 52 14 6 34 4 57 
71 38 49 8 41 1 6 4 31 45 71 40 40 73 35 15 13 25 78 
83 50 61 20 53 13 18 8 43 57 83 52 52 85 47 27 1 37 90 

40 3 66 64 40 51 65 96 76 70 29 47 93 34 17 95 41 64 23 
10 27 36 34 10 21 35 66 46 40 1 17 63 4 13 65 11 34 7 
23 60 3 1 23 12 2 33 13 7 34 16 30 29 46 32 22 1 40 
38 75 12 14 38 27 13 18 2 8 49 31 15 44 61 17 37 14 55 
52 89 26 28 52 41 27 4 16 22 63 45 1 58 75 3 51 28 69 
32 69 6 8 32 21 7 24 4 2 43 25 21 38 55 23 31 8 49 
11 26 37 35 11 22 36 67 47 41 0 18 64 5 12 66 12 35 6 
25 12 51 49 25 36 50 81 61 55 14 32 78 19 2 80 26 49 8 
15 52 11 9 15 4 10 41 21 15 26 8 38 21 38 40 14 9 32 
7 30 33 31 7 18 32 63 43 37 4 14 60 1 16 62 8 31 10 
14 51 12 10 14 3 11 42 22 16 25 7 39 20 37 41 13 10 31 
31 6 57 55 31 42 56 87 67 61 20 38 84 25 8 86 32 55 14 
55 92 29 31 55 44 30 1 19 25 66 48 2 61 78 0 54 31 72 
33 70 7 9 33 22 8 23 3 3 44 26 20 39 56 22 32 9 50 
21 16 47 45 21 32 46 77 57 51 10 28 74 15 2 76 22 45 4 
30 67 4 6 30 19 5 26 6 0 41 23 23 36 53 25 29 6 47 
18 55 8 6 18 7 7 38 18 12 29 11 35 24 41 37 17 6 35 
39 76 13 15 39 28 14 17 3 9 50 32 14 45 62 16 38 15 56 
51 88 25 27 51 40 26 5 15 21 62 44 2 57 74 4 50 27 68 

14 29 79 85 33 0 34 85 93 80 28 77 79 90 43 10 39 20 51 
16 1 49 55 3 30 4 55 63 50 2 47 49 60 13 20 9 10 21 
49 34 16 22 30 63 29 22 30 17 35 14 16 27 20 53 24 43 12 
64 49 1 7 45 78 44 7 15 2 50 1 1 12 35 68 39 58 27 
78 63 13 7 59 92 58 7 1 12 64 15 13 2 49 82 53 72 41 
58 43 7 13 39 72 38 13 21 8 44 5 7 18 29 62 33 52 21 
15 0 50 56 4 29 5 56 64 51 1 48 50 61 14 19 10 9 22 
1 14 64 70 18 15 19 70 78 65 13 62 64 75 28 5 24 5 36 
41 26 24 30 22 55 21 30 38 25 27 22 24 35 12 45 16 35 4 
19 4 46 52 0 33 1 52 60 47 5 44 46 57 10 23 6 13 18 
40 25 25 31 21 54 20 31 39 26 26 23 25 36 11 44 15 34 3 
5 20 70 76 24 9 25 76 84 71 19 68 70 81 34 1 30 11 42 
81 66 16 10 62 95 61 10 2 15 67 18 16 5 52 85 56 75 44 
59 44 6 12 40 73 39 12 20 7 45 4 6 17 30 63 34 53 22 
5 10 60 66 14 19 15 66 74 61 9 58 60 71 24 9 20 1 32 
56 41 9 15 37 70 36 15 23 10 42 7 9 20 27 60 31 50 19 
44 29 21 27 25 58 24 27 35 22 30 19 21 32 15 48 19 38 7 
65 50 0 6 46 79 45 6 14 1 51 2 0 11 36 69 40 59 28 
77 62 12 6 58 91 57 6 2 11 63 14 12 1 48 81 52 71 40 

72 6 1 63 14 72 38 90 14 65 85 52 25 87 51 33 1 1 10 
42 24 31 33 16 42 8 60 16 35 55 22 5 57 21 3 29 31 20 
9 57 64 0 49 9 25 27 49 2 22 11 38 24 12 30 62 64 53 
6 72 79 15 64 6 40 12 64 13 7 26 53 9 27 45 77 79 68 
20 86 93 29 78 20 54 2 78 27 7 40 67 5 41 59 91 93 82 
0 66 73 9 58 0 34 18 58 7 13 20 47 15 21 39 71 73 62 
43 23 30 34 15 43 9 61 15 36 56 23 4 58 22 4 28 30 19 
57 9 16 48 1 57 23 75 1 50 70 37 10 72 36 18 14 16 5 
17 49 56 8 41 17 17 35 41 10 30 3 30 32 4 22 54 56 45 
39 27 34 30 19 39 5 57 19 32 52 19 8 54 18 0 32 34 23 
18 48 55 9 40 18 16 36 40 11 31 2 29 33 3 21 53 55 44 
63 3 10 54 5 63 29 81 5 56 76 43 16 78 42 24 8 10 1 
23 89 96 32 81 23 57 5 81 30 10 43 70 8 44 62 94 96 85 
1 67 74 10 59 1 35 17 59 8 12 21 48 14 22 40 72 74 63 
53 13 20 44 5 53 19 71 5 46 66 33 6 68 32 14 18 20 9 
2 64 71 7 56 2 32 20 56 5 15 18 45 17 19 37 69 71 60 
14 52 59 5 44 14 20 32 44 7 27 6 33 29 7 25 57 59 48 
7 73 80 16 65 7 41 11 65 14 6 27 54 8 28 46 78 80 69 
19 85 92 28 77 19 53 1 77 26 6 39 66 4 40 58 90 92 81 

74 57 80 69 41 75 36 6 1 35 5 96 5 30 64 79 90 17 58 
44 27 50 39 11 45 6 24 29 5 25 66 25 0 34 49 60 13 28 
11 6 17 6 22 12 27 57 62 28 58 33 58 33 1 16 27 46 5 
4 21 2 9 37 3 42 72 77 43 73 18 73 48 14 1 12 61 20 
18 35 12 23 51 17 56 86 91 57 87 4 87 62 28 13 2 75 34 
2 15 8 3 31 3 36 66 71 37 67 24 67 42 8 7 18 55 14 
45 28 51 40 12 46 7 23 28 6 24 67 24 1 35 50 61 12 29 
59 42 65 54 26 60 21 9 14 20 10 81 10 15 49 64 75 2 43 
19 2 25 14 14 20 19 49 54 20 50 41 50 25 9 24 35 38 3 
41 24 47 36 8 42 3 27 32 2 28 63 28 3 31 46 57 16 25 
20 3 26 15 13 21 18 48 53 19 49 42 49 24 10 25 36 37 4 
65 48 71 60 32 66 27 3 8 26 4 87 4 21 55 70 81 8 49 
21 38 15 26 54 20 59 89 94 60 90 1 90 65 31 16 5 78 37 
1 16 7 4 32 2 37 67 72 38 68 23 68 43 9 6 17 56 15 
55 38 61 50 22 56 17 13 18 16 14 77 14 11 45 60 71 2 39 
4 13 10 1 29 5 34 64 69 35 65 26 65 40 6 9 20 53 12 
16 1 22 11 17 17 22 52 57 23 53 38 53 28 6 21 32 41 0 
5 22 1 10 38 4 43 73 78 44 74 17 74 49 15 0 11 62 21 
17 34 11 22 50 16 55 85 90 56 86 5 86 61 27 12 1 74 33 

32 5 58 56 32 43 57 88 68 62 21 39 85 26 9 87 33 56 15 
1 38 25 23 1 10 24 55 35 29 12 6 52 7 24 54 0 23 18 
10 27 36 34 10 21 35 66 46 40 1 17 63 4 13 65 11 34 7 
31 68 5 7 31 20 6 25 5 1 42 24 22 37 54 24 30 7 48 
2 35 28 26 2 13 27 58 38 32 9 9 55 4 21 57 3 26 15 
38 75 12 14 38 27 13 18 2 8 49 31 15 44 61 17 37 14 55 
33 70 7 9 33 22 8 23 3 3 44 26 20 39 56 22 32 9 50 
43 80 17 19 43 32 18 13 7 13 54 36 10 49 66 12 42 19 60 
8 45 18 16 8 3 17 48 28 22 19 1 45 14 31 47 7 16 25 
6 31 32 30 6 17 31 62 42 36 5 13 59 0 17 61 7 30 11 
32 5 58 56 32 43 57 88 68 62 21 39 85 26 9 87 33 56 15 
1 36 27 25 1 12 26 57 37 31 10 8 54 5 22 56 2 25 16 
1 36 27 25 1 12 26 57 37 31 10 8 54 5 22 56 2 25 16 
34 3 60 58 34 45 59 90 70 64 23 41 87 28 11 89 35 58 17 
4 41 22 20 4 7 21 52 32 26 15 3 49 10 27 51 3 20 21 
24 61 2 0 24 13 1 32 12 6 35 17 29 30 47 31 23 0 41 
52 89 26 28 52 41 27 4 16 22 63 45 1 58 75 3 51 28 69 
14 51 12 10 14 3 11 42 22 16 25 7 39 20 37 41 13 10 31 
39 2 65 63 39 50 64 95 75 69 28 46 92 33 16 94 40 63 22 

6 21 71 77 25 8 26 77 85 72 20 69 71 82 35 2 31 12 43 
27 12 38 44 8 41 7 44 52 39 13 36 38 49 2 31 2 21 10 
16 1 49 55 3 30 4 55 63 50 2 47 49 60 13 20 9 10 21 
57 42 8 14 38 71 37 14 22 9 43 6 8 19 28 61 32 51 20 
24 9 41 47 5 38 4 47 55 42 10 39 41 52 5 28 1 18 13 
64 49 1 7 45 78 44 7 15 2 50 1 1 12 35 68 39 58 27 
59 44 6 12 40 73 39 12 20 7 45 4 6 17 30 63 34 53 22 
69 54 4 2 50 83 49 2 10 3 55 6 4 7 40 73 44 63 32 
34 19 31 37 15 48 14 37 45 32 20 29 31 42 5 38 9 28 3 
20 5 45 51 1 34 0 51 59 46 6 43 45 56 9 24 5 14 17 
6 21 71 77 25 8 26 77 85 72 20 69 71 82 35 2 31 12 43 
25 10 40 46 6 39 5 46 54 41 11 38 40 51 4 29 0 19 12 
25 10 40 46 6 39 5 46 54 41 11 38 40 51 4 29 0 19 12 
8 23 73 79 27 6 28 79 87 74 22 71 73 84 37 4 33 14 45 
30 15 35 41 11 44 10 41 49 36 16 33 35 46 1 34 5 24 7 
50 35 15 21 31 64 30 21 29 16 36 13 15 26 21 54 25 44 13 
78 63 13 7 59 92 58 7 1 12 64 15 13 2 49 82 53 72 41 
40 25 25 31 21 54 20 31 39 26 26 23 25 36 11 44 15 34 3 
13 28 78 84 32 1 33 84 92 79 27 76 78 89 42 9 38 19 50 

64 2 9 55 6 64 30 82 6 57 77 44 17 79 43 25 7 9 2 
31 35 42 22 27 31 3 49 27 24 44 11 16 46 10 8 40 42 31 
42 24 31 33 16 42 8 60 16 35 55 22 5 57 21 3 29 31 20 
1 65 72 8 57 1 33 19 57 6 14 19 46 16 20 38 70 72 61 
34 32 39 25 24 34 0 52 24 27 47 14 13 49 13 5 37 39 28 
6 72 79 15 64 6 40 12 64 13 7 26 53 9 27 45 77 79 68 
1 67 74 10 59 1 35 17 59 8 12 21 48 14 22 40 72 74 63 
11 77 84 20 69 11 45 7 69 18 2 31 58 4 32 50 82 84 73 
24 42 49 15 34 24 10 42 34 17 37 4 23 39 3 15 47 49 38 
38 28 35 29 20 38 4 56 20 31 51 18 9 53 17 1 33 35 24 
64 2 9 55 6 64 30 82 6 57 77 44 17 79 43 25 7 9 2 
33 33 40 24 25 33 1 51 25 26 46 13 14 48 12 6 38 40 29 
33 33 40 24 25 33 1 51 25 26 46 13 14 48 12 6 38 40 29 
66 0 7 57 8 66 32 84 8 59 79 46 19 81 45 27 5 7 4 
28 38 45 19 30 28 6 46 30 21 41 8 19 43 7 11 43 45 34 
8 58 65 1 50 8 26 26 50 1 21 12 39 23 13 31 63 65 54 
20 86 93 29 78 20 54 2 78 27 7 40 67 5 41 59 91 93 82 
18 48 55 9 40 18 16 36 40 11 31 2 29 33 3 21 53 55 44 
71 5 2 62 13 71 37 89 13 64 84 51 24 86 50 32 0 2 9 

66 49 72 61 33 67 28 2 7 27 3 88 3 22 56 71 82 9 50 
33 16 39 28 0 34 5 35 40 6 36 55 36 11 23 38 49 24 17 
44 27 50 39 11 45 6 24 29 5 25 66 25 0 34 49 60 13 28 
3 14 9 2 30 4 35 65 70 36 66 25 66 41 7 8 19 54 13 
36 19 42 31 3 37 2 32 37 3 33 58 33 8 26 41 52 21 20 
4 21 2 9 37 3 42 72 77 43 73 18 73 48 14 1 12 61 20 
1 16 7 4 32 2 37 67 72 38 68 23 68 43 9 6 17 56 15 
9 26 3 14 42 8 47 77 82 48 78 13 78 53 19 4 7 66 25 
26 9 32 21 7 27 12 42 47 13 43 48 43 18 16 31 42 31 10 
40 23 46 35 7 41 2 28 33 1 29 62 29 4 30 45 56 17 24 
66 49 72 61 33 67 28 2 7 27 3 88 3 22 56 71 82 9 50 
35 18 41 30 2 36 3 33 38 4 34 57 34 9 25 40 51 22 19 
35 18 41 30 2 36 3 33 38 4 34 57 34 9 25 40 51 22 19 
68 51 74 63 35 69 30 0 5 29 1 90 1 24 58 73 84 11 52 
30 13 36 25 3 31 8 38 43 9 39 52 39 14 20 35 46 27 14 
10 7 16 5 23 11 28 58 63 29 59 32 59 34 0 15 26 47 6 
18 35 12 23 51 17 56 86 91 57 87 4 87 62 28 13 2 75 34 
20 3 26 15 13 21 18 48 53 19 49 42 49 24 10 25 36 37 4 
73 56 79 68 40 74 35 5 0 34 4 95 4 29 63 78 89 16 57 

26 11 39 45 7 40 6 45 53 40 12 37 39 50 3 30 1 20 11 
11 26 76 82 30 3 31 82 90 77 25 74 76 87 40 7 36 17 48 
52 37 13 19 33 66 32 19 27 14 38 11 13 24 23 56 27 46 15 
50 35 15 21 31 64 30 21 29 16 36 13 15 26 21 54 25 44 13 
26 11 39 45 7 40 6 45 53 40 12 37 39 50 3 30 1 20 11 
37 22 28 34 18 51 17 34 42 29 23 26 28 39 8 41 12 31 0 
51 36 14 20 32 65 31 20 28 15 37 12 14 25 22 55 26 45 14 
82 67 17 11 63 96 62 11 3 16 68 19 17 6 53 86 57 76 45 
62 47 3 9 43 76 42 9 17 4 48 1 3 14 33 66 37 56 25 
56 41 9 15 37 70 36 15 23 10 42 7 9 20 27 60 31 50 19 
15 0 50 56 4 29 5 56 64 51 1 48 50 61 14 19 10 9 22 
33 18 32 38 14 47 13 38 46 33 19 30 32 43 4 37 8 27 4 
79 64 14 8 60 93 59 8 0 13 65 16 14 3 50 83 54 73 42 
20 5 45 51 1 34 0 51 59 46 6 43 45 56 9 24 5 14 17 
3 12 62 68 16 17 17 68 76 63 11 60 62 73 26 7 22 3 34 
81 66 16 10 62 95 61 10 2 15 67 18 16 5 52 85 56 75 44 
27 12 38 44 8 41 7 44 52 39 13 36 38 49 2 31 2 21 10 
50 35 15 21 31 64 30 21 29 16 36 13 15 26 21 54 25 44 13 
9 6 56 62 10 23 11 62 70 57 5 54 56 67 20 13 16 3 28 

32 34 41 23 26 32 2 50 26 25 45 12 15 47 11 7 39 41 30 
69 3 4 60 11 69 35 87 11 62 82 49 22 84 48 30 2 4 7 
6 60 67 3 52 6 28 24 52 1 19 14 41 21 15 33 65 67 56 
8 58 65 1 50 8 26 26 50 1 21 12 39 23 13 31 63 65 54 
32 34 41 23 26 32 2 50 26 25 45 12 15 47 11 7 39 41 30 
21 45 52 12 37 21 13 39 37 14 34 1 26 36 0 18 50 52 41 
7 59 66 2 51 7 27 25 51 0 20 13 40 22 14 32 64 66 55 
24 90 97 33 82 24 58 6 82 31 11 44 71 9 45 63 95 97 86 
4 70 77 13 62 4 38 14 62 11 9 24 51 11 25 43 75 77 66 
2 64 71 7 56 2 32 20 56 5 15 18 45 17 19 37 69 71 60 
43 23 30 34 15 43 9 61 15 36 56 23 4 58 22 4 28 30 19 
25 41 48 16 33 25 9 43 33 18 38 5 22 40 4 14 46 48 37 
21 87 94 30 79 21 55 3 79 28 8 41 68 6 42 60 92 94 83 
38 28 35 29 20 38 4 56 20 31 51 18 9 53 17 1 33 35 24 
55 11 18 46 3 55 21 73 3 48 68 35 8 70 34 16 16 18 7 
23 89 96 32 81 23 57 5 81 30 10 43 70 8 44 62 94 96 85 
31 35 42 22 27 31 3 49 27 24 44 11 16 46 10 8 40 42 31 
8 58 65 1 50 8 26 26 50 1 21 12 39 23 13 31 63 65 54 
49 17 24 40 9 49 15 67 9 42 62 29 2 64 28 10 22 24 13 

34 17 40 29 1 35 4 34 39 5 35 56 35 10 24 39 50 23 18 
71 54 77 66 38 72 33 3 2 32 2 93 2 27 61 76 87 14 55 
8 9 14 3 25 9 30 60 65 31 61 30 61 36 2 13 24 49 8 
10 7 16 5 23 11 28 58 63 29 59 32 59 34 0 15 26 47 6 
34 17 40 29 1 35 4 34 39 5 35 56 35 10 24 39 50 23 18 
23 6 29 18 10 24 15 45 50 16 46 45 46 21 13 28 39 34 7 
9 8 15 4 24 10 29 59 64 30 60 31 60 35 1 14 25 48 7 
22 39 16 27 55 21 60 90 95 61 91 0 91 66 32 17 6 79 38 
2 19 4 7 35 1 40 70 75 41 71 20 71 46 12 3 14 59 18 
4 13 10 1 29 5 34 64 69 35 65 26 65 40 6 9 20 53 12 
45 28 51 40 12 46 7 23 28 6 24 67 24 1 35 50 61 12 29 
27 10 33 22 6 28 11 41 46 12 42 49 42 17 17 32 43 30 11 
19 36 13 24 52 18 57 87 92 58 88 3 88 63 29 14 3 76 35 
40 23 46 35 7 41 2 28 33 1 29 62 29 4 30 45 56 17 24 
57 40 63 52 24 58 19 11 16 18 12 79 12 13 47 62 73 0 41 
21 38 15 26 54 20 59 89 94 60 90 1 90 65 31 16 5 78 37 
33 16 39 28 0 34 5 35 40 6 36 55 36 11 23 38 49 24 17 
10 7 16 5 23 11 28 58 63 29 59 32 59 34 0 15 26 47 6 
51 34 57 46 18 52 13 17 22 12 18 73 18 7 41 56 67 6 35 

58 8 15 49 0 58 24 76 0 51 71 38 11 73 37 19 13 15 4 
43 23 30 34 15 43 9 61 15 36 56 23 4 58 22 4 28 30 19 
7 73 80 16 65 7 41 11 65 14 6 27 54 8 28 46 78 80 69 
13 79 86 22 71 13 47 5 71 20 0 33 60 2 34 52 84 86 75 
39 27 34 30 19 39 5 57 19 32 52 19 8 54 18 0 32 34 23 
72 6 1 63 14 72 38 90 14 65 85 52 25 87 51 33 1 1 10 
38 28 35 29 20 38 4 56 20 31 51 18 9 53 17 1 33 35 24 
13 79 86 22 71 13 47 5 71 20 0 33 60 2 34 52 84 86 75 
21 87 94 30 79 21 55 3 79 28 8 41 68 6 42 60 92 94 83 
8 74 81 17 66 8 42 10 66 15 5 28 55 7 29 47 79 81 70 
44 22 29 35 14 44 10 62 14 37 57 24 3 59 23 5 27 29 18 
5 71 78 14 63 5 39 13 63 12 8 25 52 10 26 44 76 78 67 
7 73 80 16 65 7 41 11 65 14 6 27 54 8 28 46 78 80 69 
18 84 91 27 76 18 52 0 76 25 5 38 65 3 39 57 89 91 80 
29 37 44 20 29 29 5 47 29 22 42 9 18 44 8 10 42 44 33 
62 4 11 53 4 62 28 80 4 55 75 42 15 77 41 23 9 11 0 
33 33 40 24 25 33 1 51 25 26 46 13 14 48 12 6 38 40 29 
52 14 21 43 6 52 18 70 6 45 65 32 5 67 31 13 19 21 10 
21 45 52 12 37 21 13 39 37 14 34 1 26 36 0 18 50 52 41 

60 43 66 55 27 61 22 8 13 21 9 82 9 16 50 65 76 3 44 
45 28 51 40 12 46 7 23 28 6 24 67 24 1 35 50 61 12 29 
5 22 1 10 38 4 43 73 78 44 74 17 74 49 15 0 11 62 21 
11 28 5 16 44 10 49 79 84 50 80 11 80 55 21 6 5 68 27 
41 24 47 36 8 42 3 27 32 2 28 63 28 3 31 46 57 16 25 
74 57 80 69 41 75 36 6 1 35 5 96 5 30 64 79 90 17 58 
40 23 46 35 7 41 2 28 33 1 29 62 29 4 30 45 56 17 24 
11 28 5 16 44 10 49 79 84 50 80 11 80 55 21 6 5 68 27 
19 36 13 24 52 18 57 87 92 58 88 3 88 63 29 14 3 76 35 
6 23 0 11 39 5 44 74 79 45 75 16 75 50 16 1 10 63 22 
46 29 52 41 13 47 8 22 27 7 23 68 23 2 36 51 62 11 30 
3 20 3 8 36 2 41 71 76 42 72 19 72 47 13 2 13 60 19 
5 22 1 10 38 4 43 73 78 44 74 17 74 49 15 0 11 62 21 
16 33 10 21 49 15 54 84 89 55 85 6 85 60 26 11 0 73 32 
31 14 37 26 2 32 7 37 42 8 38 53 38 13 21 36 47 26 15 
64 47 70 59 31 65 26 4 9 25 5 86 5 20 54 69 80 7 48 
35 18 41 30 2 36 3 33 38 4 34 57 34 9 25 40 51 22 19 
54 37 60 49 21 55 16 14 19 15 15 76 15 10 44 59 70 3 38 
23 6 29 18 10 24 15 45 50 16 46 45 46 21 13 28 39 34 7 

2 15 8 3 31 3 36 66 71 37 67 24 67 42 8 7 18 55 14 
68 51 74 63 35 69 30 0 5 29 1 90 1 24 58 73 84 11 52 
75 58 81 70 42 76 37 7 2 36 6 97 6 31 65 80 91 18 59 
11 6 17 6 22 12 27 57 62 28 58 33 58 33 1 16 27 46 5 
60 43 66 55 27 61 22 8 13 21 9 82 9 16 50 65 76 3 44 
2 15 8 3 31 3 36 66 71 37 67 24 67 42 8 7 18 55 14 
36 19 42 31 3 37 2 32 37 3 33 58 33 8 26 41 52 21 20 
16 33 10 21 49 15 54 84 89 55 85 6 85 60 26 11 0 73 32 
60 43 66 55 27 61 22 8 13 21 9 82 9 16 50 65 76 3 44 
9 8 15 4 24 10 29 59 64 30 60 31 60 35 1 14 25 48 7 
11 28 5 16 44 10 49 79 84 50 80 11 80 55 21 6 5 68 27 
22 5 28 17 11 23 16 46 51 17 47 44 47 22 12 27 38 35 6 
49 32 55 44 16 50 11 19 24 10 20 71 20 5 39 54 65 8 33 
13 30 7 18 46 12 51 81 86 52 82 9 82 57 23 8 3 70 29 
23 6 29 18 10 24 15 45 50 16 46 45 46 21 13 28 39 34 7 
41 24 47 36 8 42 3 27 32 2 28 63 28 3 31 46 57 16 25 
73 56 79 68 40 74 35 5 0 34 4 95 4 29 63 78 89 16 57 
75 58 81 70 42 76 37 7 2 36 6 97 6 31 65 80 91 18 59 
64 47 70 59 31 65 26 4 9 25 5 86 5 20 54 69 80 7 48 

