19 6 

2 43 1 9 9 44 21 39 35 8 26 6 11 65 4 27 29 11 9 
8 53 9 1 19 54 11 49 45 2 16 16 21 75 14 17 39 21 1 
15 60 16 8 26 61 4 56 52 9 9 23 28 82 21 10 46 28 8 
33 12 32 40 22 13 52 8 4 39 57 25 20 34 27 58 2 20 40 
45 0 44 52 34 1 64 4 8 51 69 37 32 22 39 70 14 32 52 
41 4 40 48 30 5 60 0 4 47 65 33 28 26 35 66 10 28 48 
6 51 7 1 17 52 13 47 43 0 18 14 19 73 12 19 37 19 1 
20 25 19 27 9 26 39 21 17 26 44 12 7 47 14 45 11 7 27 
13 58 14 6 24 59 6 54 50 7 11 21 26 80 19 12 44 26 6 
56 11 55 63 45 10 75 15 19 62 80 48 43 11 50 81 25 43 63 
66 21 65 73 55 20 85 25 29 72 90 58 53 1 60 91 35 53 73 
62 17 61 69 51 16 81 21 25 68 86 54 49 5 56 87 31 49 69 
25 70 26 18 36 71 6 66 62 19 1 33 38 92 31 0 56 38 18 
20 25 19 27 9 26 39 21 17 26 44 12 7 47 14 45 11 7 27 
65 20 64 72 54 19 84 24 28 71 89 57 52 2 59 90 34 52 72 
27 18 26 34 16 19 46 14 10 33 51 19 14 40 21 52 4 14 34 
7 52 8 0 18 53 12 48 44 1 17 15 20 74 13 18 38 20 0 
59 14 58 66 48 13 78 18 22 65 83 51 46 8 53 84 28 46 66 
60 15 59 67 49 14 79 19 23 66 84 52 47 7 54 85 29 47 67 

10 64 6 23 16 59 10 49 38 37 36 41 19 16 39 2 67 21 62 
20 74 4 33 26 69 20 59 48 47 46 51 29 6 49 12 77 11 72 
27 81 11 40 33 76 27 66 55 54 53 58 36 1 56 19 84 4 79 
21 33 37 8 15 28 21 18 7 6 5 10 12 47 8 29 36 52 31 
33 21 49 20 27 16 33 6 5 6 7 2 24 59 4 41 24 64 19 
29 25 45 16 23 20 29 10 1 2 3 2 20 55 0 37 28 60 23 
18 72 2 31 24 67 18 57 46 45 44 49 27 8 47 10 75 13 70 
8 46 24 5 2 41 8 31 20 19 18 23 1 34 21 16 49 39 44 
25 79 9 38 31 74 25 64 53 52 51 56 34 1 54 17 82 6 77 
44 10 60 31 38 5 44 5 16 17 18 13 35 70 15 52 13 75 8 
54 0 70 41 48 5 54 15 26 27 28 23 45 80 25 62 3 85 2 
50 4 66 37 44 1 50 11 22 23 24 19 41 76 21 58 7 81 2 
37 91 21 50 43 86 37 76 65 64 63 68 46 11 66 29 94 6 89 
8 46 24 5 2 41 8 31 20 19 18 23 1 34 21 16 49 39 44 
53 1 69 40 47 4 53 14 25 26 27 22 44 79 24 61 4 84 1 
15 39 31 2 9 34 15 24 13 12 11 16 6 41 14 23 42 46 37 
19 73 3 32 25 68 19 58 47 46 45 50 28 7 48 11 76 12 71 
47 7 63 34 41 2 47 8 19 20 21 16 38 73 18 55 10 78 5 
48 6 64 35 42 1 48 9 20 21 22 17 39 74 19 56 9 79 4 

24 7 66 8 20 32 35 63 50 6 3 14 6 41 16 36 36 4 64 
14 17 76 2 30 42 45 73 60 16 13 4 4 51 26 46 46 6 74 
7 24 83 9 37 49 52 80 67 23 20 3 11 58 33 53 53 13 81 
55 24 35 39 11 1 4 32 19 25 28 45 37 10 15 5 5 35 33 
67 36 23 51 23 11 8 20 7 37 40 57 49 2 27 7 7 47 21 
63 32 27 47 19 7 4 24 11 33 36 53 45 2 23 3 3 43 25 
16 15 74 0 28 40 43 71 58 14 11 6 2 49 24 44 44 4 72 
42 11 48 26 2 14 17 45 32 12 15 32 24 23 2 18 18 22 46 
9 22 81 7 35 47 50 78 65 21 18 1 9 56 31 51 51 11 79 
78 47 12 62 34 22 19 9 4 48 51 68 60 13 38 18 18 58 10 
88 57 2 72 44 32 29 1 14 58 61 78 70 23 48 28 28 68 0 
84 53 6 68 40 28 25 3 10 54 57 74 66 19 44 24 24 64 4 
3 34 93 19 47 59 62 90 77 33 30 13 21 68 43 63 63 23 91 
42 11 48 26 2 14 17 45 32 12 15 32 24 23 2 18 18 22 46 
87 56 3 71 43 31 28 0 13 57 60 77 69 22 47 27 27 67 1 
49 18 41 33 5 7 10 38 25 19 22 39 31 16 9 11 11 29 39 
15 16 75 1 29 41 44 72 59 15 12 5 3 50 25 45 45 5 73 
81 50 9 65 37 25 22 6 7 51 54 71 63 16 41 21 21 61 7 
82 51 8 66 38 26 23 5 8 52 55 72 64 17 42 22 22 62 6 

23 9 13 10 19 5 10 31 39 59 16 44 53 17 37 33 69 15 30 
13 1 3 20 29 5 0 41 49 69 6 54 63 7 47 43 79 25 40 
6 8 4 27 36 12 7 48 56 76 1 61 70 0 54 50 86 32 47 
54 40 44 21 12 36 41 0 8 28 47 13 22 48 6 2 38 16 1 
66 52 56 33 24 48 53 12 4 16 59 1 10 60 6 10 26 28 13 
62 48 52 29 20 44 49 8 0 20 55 5 14 56 2 6 30 24 9 
15 1 5 18 27 3 2 39 47 67 8 52 61 9 45 41 77 23 38 
41 27 31 8 1 23 28 13 21 41 34 26 35 35 19 15 51 3 12 
8 6 2 25 34 10 5 46 54 74 1 59 68 2 52 48 84 30 45 
77 63 67 44 35 59 64 23 15 5 70 10 1 71 17 21 15 39 24 
87 73 77 54 45 69 74 33 25 5 80 20 11 81 27 31 5 49 34 
83 69 73 50 41 65 70 29 21 1 76 16 7 77 23 27 9 45 30 
4 18 14 37 46 22 17 58 66 86 11 71 80 10 64 60 96 42 57 
41 27 31 8 1 23 28 13 21 41 34 26 35 35 19 15 51 3 12 
86 72 76 53 44 68 73 32 24 4 79 19 10 80 26 30 6 48 33 
48 34 38 15 6 30 35 6 14 34 41 19 28 42 12 8 44 10 5 
14 0 4 19 28 4 1 40 48 68 7 53 62 8 46 42 78 24 39 
80 66 70 47 38 62 67 26 18 2 73 13 4 74 20 24 12 42 27 
81 67 71 48 39 63 68 27 19 1 74 14 5 75 21 25 11 43 28 

17 19 35 55 69 61 41 7 30 13 19 24 40 47 67 24 11 67 36 
7 29 45 65 79 71 51 17 20 3 29 34 50 57 77 14 21 77 46 
0 36 52 72 86 78 58 24 13 4 36 41 57 64 84 7 28 84 53 
48 12 4 24 38 30 10 24 61 44 12 7 9 16 36 55 20 36 5 
60 24 8 12 26 18 2 36 73 56 24 19 3 4 24 67 32 24 7 
56 20 4 16 30 22 2 32 69 52 20 15 1 8 28 63 28 28 3 
9 27 43 63 77 69 49 15 22 5 27 32 48 55 75 16 19 75 44 
35 1 17 37 51 43 23 11 48 31 1 6 22 29 49 42 7 49 18 
2 34 50 70 84 76 56 22 15 2 34 39 55 62 82 9 26 82 51 
71 35 19 1 15 7 13 47 84 67 35 30 14 7 13 78 43 13 18 
81 45 29 9 5 3 23 57 94 77 45 40 24 17 3 88 53 3 28 
77 41 25 5 9 1 19 53 90 73 41 36 20 13 7 84 49 7 24 
10 46 62 82 96 88 68 34 3 14 46 51 67 74 94 3 38 94 63 
35 1 17 37 51 43 23 11 48 31 1 6 22 29 49 42 7 49 18 
80 44 28 8 6 2 22 56 93 76 44 39 23 16 4 87 52 4 27 
42 6 10 30 44 36 16 18 55 38 6 1 15 22 42 49 14 42 11 
8 28 44 64 78 70 50 16 21 4 28 33 49 56 76 15 20 76 45 
74 38 22 2 12 4 16 50 87 70 38 33 17 10 10 81 46 10 21 
75 39 23 3 11 3 17 51 88 71 39 34 18 11 9 82 47 9 22 

12 66 4 25 18 61 12 51 40 39 38 43 21 14 41 4 69 19 64 
33 21 49 20 27 16 33 6 5 6 7 2 24 59 4 41 24 64 19 
11 65 5 24 17 60 11 50 39 38 37 42 20 15 40 3 68 20 63 
19 73 3 32 25 68 19 58 47 46 45 50 28 7 48 11 76 12 71 
1 55 15 14 7 50 1 40 29 28 27 32 10 25 30 7 58 30 53 
34 20 50 21 28 15 34 5 6 7 8 3 25 60 5 42 23 65 18 
31 85 15 44 37 80 31 70 59 58 57 62 40 5 60 23 88 0 83 
29 25 45 16 23 20 29 10 1 2 3 2 20 55 0 37 28 60 23 
25 29 41 12 19 24 25 14 3 2 1 6 16 51 4 33 32 56 27 
18 72 2 31 24 67 18 57 46 45 44 49 27 8 47 10 75 13 70 
36 90 20 49 42 85 36 75 64 63 62 67 45 10 65 28 93 5 88 
4 58 12 17 10 53 4 43 32 31 30 35 13 22 33 4 61 27 56 
1 53 17 12 5 48 1 38 27 26 25 30 8 27 28 9 56 32 51 
55 1 71 42 49 6 55 16 27 28 29 24 46 81 26 63 2 86 3 
6 60 10 19 12 55 6 45 34 33 32 37 15 20 35 2 63 25 58 
37 91 21 50 43 86 37 76 65 64 63 68 46 11 66 29 94 6 89 
19 35 35 6 13 30 19 20 9 8 7 12 10 45 10 27 38 50 33 
1 53 17 12 5 48 1 38 27 26 25 30 8 27 28 9 56 32 51 
19 73 3 32 25 68 19 58 47 46 45 50 28 7 48 11 76 12 71 

22 9 68 6 22 34 37 65 52 8 5 12 4 43 18 38 38 2 66 
67 36 23 51 23 11 8 20 7 37 40 57 49 2 27 7 7 47 21 
23 8 67 7 21 33 36 64 51 7 4 13 5 42 17 37 37 3 65 
15 16 75 1 29 41 44 72 59 15 12 5 3 50 25 45 45 5 73 
33 2 57 17 11 23 26 54 41 3 6 23 15 32 7 27 27 13 55 
68 37 22 52 24 12 9 19 6 38 41 58 50 3 28 8 8 48 20 
3 28 87 13 41 53 56 84 71 27 24 7 15 62 37 57 57 17 85 
63 32 27 47 19 7 4 24 11 33 36 53 45 2 23 3 3 43 25 
59 28 31 43 15 3 0 28 15 29 32 49 41 6 19 1 1 39 29 
16 15 74 0 28 40 43 71 58 14 11 6 2 49 24 44 44 4 72 
2 33 92 18 46 58 61 89 76 32 29 12 20 67 42 62 62 22 90 
30 1 60 14 14 26 29 57 44 0 3 20 12 35 10 30 30 10 58 
35 4 55 19 9 21 24 52 39 5 8 25 17 30 5 25 25 15 53 
89 58 1 73 45 33 30 2 15 59 62 79 71 24 49 29 29 69 1 
28 3 62 12 16 28 31 59 46 2 1 18 10 37 12 32 32 8 60 
3 34 93 19 47 59 62 90 77 33 30 13 21 68 43 63 63 23 91 
53 22 37 37 9 3 6 34 21 23 26 43 35 12 13 7 7 33 35 
35 4 55 19 9 21 24 52 39 5 8 25 17 30 5 25 25 15 53 
15 16 75 1 29 41 44 72 59 15 12 5 3 50 25 45 45 5 73 

21 7 11 12 21 3 8 33 41 61 14 46 55 15 39 35 71 17 32 
66 52 56 33 24 48 53 12 4 16 59 1 10 60 6 10 26 28 13 
22 8 12 11 20 4 9 32 40 60 15 45 54 16 38 34 70 16 31 
14 0 4 19 28 4 1 40 48 68 7 53 62 8 46 42 78 24 39 
32 18 22 1 10 14 19 22 30 50 25 35 44 26 28 24 60 6 21 
67 53 57 34 25 49 54 13 5 15 60 0 9 61 7 11 25 29 14 
2 12 8 31 40 16 11 52 60 80 5 65 74 4 58 54 90 36 51 
62 48 52 29 20 44 49 8 0 20 55 5 14 56 2 6 30 24 9 
58 44 48 25 16 40 45 4 4 24 51 9 18 52 2 2 34 20 5 
15 1 5 18 27 3 2 39 47 67 8 52 61 9 45 41 77 23 38 
3 17 13 36 45 21 16 57 65 85 10 70 79 9 63 59 95 41 56 
29 15 19 4 13 11 16 25 33 53 22 38 47 23 31 27 63 9 24 
34 20 24 1 8 16 21 20 28 48 27 33 42 28 26 22 58 4 19 
88 74 78 55 46 70 75 34 26 6 81 21 12 82 28 32 4 50 35 
27 13 17 6 15 9 14 27 35 55 20 40 49 21 33 29 65 11 26 
4 18 14 37 46 22 17 58 66 86 11 71 80 10 64 60 96 42 57 
52 38 42 19 10 34 39 2 10 30 45 15 24 46 8 4 40 14 1 
34 20 24 1 8 16 21 20 28 48 27 33 42 28 26 22 58 4 19 
14 0 4 19 28 4 1 40 48 68 7 53 62 8 46 42 78 24 39 

15 21 37 57 71 63 43 9 28 11 21 26 42 49 69 22 13 69 38 
60 24 8 12 26 18 2 36 73 56 24 19 3 4 24 67 32 24 7 
16 20 36 56 70 62 42 8 29 12 20 25 41 48 68 23 12 68 37 
8 28 44 64 78 70 50 16 21 4 28 33 49 56 76 15 20 76 45 
26 10 26 46 60 52 32 2 39 22 10 15 31 38 58 33 2 58 27 
61 25 9 11 25 17 3 37 74 57 25 20 4 3 23 68 33 23 8 
4 40 56 76 90 82 62 28 9 8 40 45 61 68 88 3 32 88 57 
56 20 4 16 30 22 2 32 69 52 20 15 1 8 28 63 28 28 3 
52 16 0 20 34 26 6 28 65 48 16 11 5 12 32 59 24 32 1 
9 27 43 63 77 69 49 15 22 5 27 32 48 55 75 16 19 75 44 
9 45 61 81 95 87 67 33 4 13 45 50 66 73 93 2 37 93 62 
23 13 29 49 63 55 35 1 36 19 13 18 34 41 61 30 5 61 30 
28 8 24 44 58 50 30 4 41 24 8 13 29 36 56 35 0 56 25 
82 46 30 10 4 4 24 58 95 78 46 41 25 18 2 89 54 2 29 
21 15 31 51 65 57 37 3 34 17 15 20 36 43 63 28 7 63 32 
10 46 62 82 96 88 68 34 3 14 46 51 67 74 94 3 38 94 63 
46 10 6 26 40 32 12 22 59 42 10 5 11 18 38 53 18 38 7 
28 8 24 44 58 50 30 4 41 24 8 13 29 36 56 35 0 56 25 
8 28 44 64 78 70 50 16 21 4 28 33 49 56 76 15 20 76 45 

34 3 56 18 10 22 25 53 40 4 7 24 16 31 6 26 26 14 54 
88 57 2 72 44 32 29 1 14 58 61 78 70 23 48 28 28 68 0 
18 13 72 2 26 38 41 69 56 12 9 8 0 47 22 42 42 2 70 
47 16 43 31 3 9 12 40 27 17 20 37 29 18 7 13 13 27 41 
40 9 50 24 4 16 19 47 34 10 13 30 22 25 0 20 20 20 48 
83 52 7 67 39 27 24 4 9 53 56 73 65 18 43 23 23 63 5 
34 3 56 18 10 22 25 53 40 4 7 24 16 31 6 26 26 14 54 
73 42 17 57 29 17 14 14 1 43 46 63 55 8 33 13 13 53 15 
62 31 28 46 18 6 3 25 12 32 35 52 44 3 22 2 2 42 26 
61 30 29 45 17 5 2 26 13 31 34 51 43 4 21 1 1 41 27 
60 29 30 44 16 4 1 27 14 30 33 50 42 5 20 0 0 40 28 
65 34 25 49 21 9 6 22 9 35 38 55 47 0 25 5 5 45 23 
43 12 47 27 1 13 16 44 31 13 16 33 25 22 3 17 17 23 45 
8 23 82 8 36 48 51 79 66 22 19 2 10 57 32 52 52 12 80 
63 32 27 47 19 7 4 24 11 33 36 53 45 2 23 3 3 43 25 
26 5 64 10 18 30 33 61 48 4 1 16 8 39 14 34 34 6 62 
91 60 1 75 47 35 32 4 17 61 64 81 73 26 51 31 31 71 3 
3 28 87 13 41 53 56 84 71 27 24 7 15 62 37 57 57 17 85 
86 55 4 70 42 30 27 1 12 56 59 76 68 21 46 26 26 66 2 

33 19 23 0 9 15 20 21 29 49 26 34 43 27 27 23 59 5 20 
87 73 77 54 45 69 74 33 25 5 80 20 11 81 27 31 5 49 34 
17 3 7 16 25 1 4 37 45 65 10 50 59 11 43 39 75 21 36 
46 32 36 13 4 28 33 8 16 36 39 21 30 40 14 10 46 8 7 
39 25 29 6 3 21 26 15 23 43 32 28 37 33 21 17 53 1 14 
82 68 72 49 40 64 69 28 20 0 75 15 6 76 22 26 10 44 29 
33 19 23 0 9 15 20 21 29 49 26 34 43 27 27 23 59 5 20 
72 58 62 39 30 54 59 18 10 10 65 5 4 66 12 16 20 34 19 
61 47 51 28 19 43 48 7 1 21 54 6 15 55 1 5 31 23 8 
60 46 50 27 18 42 47 6 2 22 53 7 16 54 0 4 32 22 7 
59 45 49 26 17 41 46 5 3 23 52 8 17 53 1 3 33 21 6 
64 50 54 31 22 46 51 10 2 18 57 3 12 58 4 8 28 26 11 
42 28 32 9 0 24 29 12 20 40 35 25 34 36 18 14 50 4 11 
7 7 3 26 35 11 6 47 55 75 0 60 69 1 53 49 85 31 46 
62 48 52 29 20 44 49 8 0 20 55 5 14 56 2 6 30 24 9 
25 11 15 8 17 7 12 29 37 57 18 42 51 19 35 31 67 13 28 
90 76 80 57 48 72 77 36 28 8 83 23 14 84 30 34 2 52 37 
2 12 8 31 40 16 11 52 60 80 5 65 74 4 58 54 90 36 51 
85 71 75 52 43 67 72 31 23 3 78 18 9 79 25 29 7 47 32 

27 9 25 45 59 51 31 3 40 23 9 14 30 37 57 34 1 57 26 
81 45 29 9 5 3 23 57 94 77 45 40 24 17 3 88 53 3 28 
11 25 41 61 75 67 47 13 24 7 25 30 46 53 73 18 17 73 42 
40 4 12 32 46 38 18 16 53 36 4 1 17 24 44 47 12 44 13 
33 3 19 39 53 45 25 9 46 29 3 8 24 31 51 40 5 51 20 
76 40 24 4 10 2 18 52 89 72 40 35 19 12 8 83 48 8 23 
27 9 25 45 59 51 31 3 40 23 9 14 30 37 57 34 1 57 26 
66 30 14 6 20 12 8 42 79 62 30 25 9 2 18 73 38 18 13 
55 19 3 17 31 23 3 31 68 51 19 14 2 9 29 62 27 29 2 
54 18 2 18 32 24 4 30 67 50 18 13 3 10 30 61 26 30 1 
53 17 1 19 33 25 5 29 66 49 17 12 4 11 31 60 25 31 0 
58 22 6 14 28 20 0 34 71 54 22 17 1 6 26 65 30 26 5 
36 0 16 36 50 42 22 12 49 32 0 5 21 28 48 43 8 48 17 
1 35 51 71 85 77 57 23 14 3 35 40 56 63 83 8 27 83 52 
56 20 4 16 30 22 2 32 69 52 20 15 1 8 28 63 28 28 3 
19 17 33 53 67 59 39 5 32 15 17 22 38 45 65 26 9 65 34 
84 48 32 12 2 6 26 60 97 80 48 43 27 20 0 91 56 0 31 
4 40 56 76 90 82 62 28 9 8 40 45 61 68 88 3 32 88 57 
79 43 27 7 7 1 21 55 92 75 43 38 22 15 5 86 51 5 26 

1 15 11 34 43 19 14 55 63 83 8 68 77 7 61 57 93 39 54 
30 16 20 3 12 12 17 24 32 52 23 37 46 24 30 26 62 8 23 
89 75 79 56 47 71 76 35 27 7 82 22 13 83 29 33 3 51 36 
15 1 5 18 27 3 2 39 47 67 8 52 61 9 45 41 77 23 38 
43 29 33 10 1 25 30 11 19 39 36 24 33 37 17 13 49 5 10 
55 41 45 22 13 37 42 1 7 27 48 12 21 49 5 1 37 17 2 
58 44 48 25 16 40 45 4 4 24 51 9 18 52 2 2 34 20 5 
86 72 76 53 44 68 73 32 24 4 79 19 10 80 26 30 6 48 33 
73 59 63 40 31 55 60 19 11 9 66 6 3 67 13 17 19 35 20 
29 15 19 4 13 11 16 25 33 53 22 38 47 23 31 27 63 9 24 
26 12 16 7 16 8 13 28 36 56 19 41 50 20 34 30 66 12 27 
9 5 1 24 33 9 4 45 53 73 2 58 67 3 51 47 83 29 44 
17 3 7 16 25 1 4 37 45 65 10 50 59 11 43 39 75 21 36 
64 50 54 31 22 46 51 10 2 18 57 3 12 58 4 8 28 26 11 
39 25 29 6 3 21 26 15 23 43 32 28 37 33 21 17 53 1 14 
59 45 49 26 17 41 46 5 3 23 52 8 17 53 1 3 33 21 6 
59 45 49 26 17 41 46 5 3 23 52 8 17 53 1 3 33 21 6 
19 5 9 14 23 1 6 35 43 63 12 48 57 13 41 37 73 19 34 
87 73 77 54 45 69 74 33 25 5 80 20 11 81 27 31 5 49 34 

7 43 59 79 93 85 65 31 6 11 43 48 64 71 91 0 35 91 60 
24 12 28 48 62 54 34 0 37 20 12 17 33 40 60 31 4 60 29 
83 47 31 11 3 5 25 59 96 79 47 42 26 19 1 90 55 1 30 
9 27 43 63 77 69 49 15 22 5 27 32 48 55 75 16 19 75 44 
37 1 15 35 49 41 21 13 50 33 1 4 20 27 47 44 9 47 16 
49 13 3 23 37 29 9 25 62 45 13 8 8 15 35 56 21 35 4 
52 16 0 20 34 26 6 28 65 48 16 11 5 12 32 59 24 32 1 
80 44 28 8 6 2 22 56 93 76 44 39 23 16 4 87 52 4 27 
67 31 15 5 19 11 9 43 80 63 31 26 10 3 17 74 39 17 14 
23 13 29 49 63 55 35 1 36 19 13 18 34 41 61 30 5 61 30 
20 16 32 52 66 58 38 4 33 16 16 21 37 44 64 27 8 64 33 
3 33 49 69 83 75 55 21 16 1 33 38 54 61 81 10 25 81 50 
11 25 41 61 75 67 47 13 24 7 25 30 46 53 73 18 17 73 42 
58 22 6 14 28 20 0 34 71 54 22 17 1 6 26 65 30 26 5 
33 3 19 39 53 45 25 9 46 29 3 8 24 31 51 40 5 51 20 
53 17 1 19 33 25 5 29 66 49 17 12 4 11 31 60 25 31 0 
53 17 1 19 33 25 5 29 66 49 17 12 4 11 31 60 25 31 0 
13 23 39 59 73 65 45 11 26 9 23 28 44 51 71 20 15 71 40 
81 45 29 9 5 3 23 57 94 77 45 40 24 17 3 88 53 3 28 

6 42 58 78 92 84 64 30 7 10 42 47 63 70 90 1 34 90 59 
8 28 44 64 78 70 50 16 21 4 28 33 49 56 76 15 20 76 45 
4 32 48 68 82 74 54 20 17 0 32 37 53 60 80 11 24 80 49 
27 9 25 45 59 51 31 3 40 23 9 14 30 37 57 34 1 57 26 
36 0 16 36 50 42 22 12 49 32 0 5 21 28 48 43 8 48 17 
12 24 40 60 74 66 46 12 25 8 24 29 45 52 72 19 16 72 41 
7 29 45 65 79 71 51 17 20 3 29 34 50 57 77 14 21 77 46 
48 12 4 24 38 30 10 24 61 44 12 7 9 16 36 55 20 36 5 
56 20 4 16 30 22 2 32 69 52 20 15 1 8 28 63 28 28 3 
76 40 24 4 10 2 18 52 89 72 40 35 19 12 8 83 48 8 23 
1 35 51 71 85 77 57 23 14 3 35 40 56 63 83 8 27 83 52 
61 25 9 11 25 17 3 37 74 57 25 20 4 3 23 68 33 23 8 
70 34 18 2 16 8 12 46 83 66 34 29 13 6 14 77 42 14 17 
0 36 52 72 86 78 58 24 13 4 36 41 57 64 84 7 28 84 53 
54 18 2 18 32 24 4 30 67 50 18 13 3 10 30 61 26 30 1 
50 14 2 22 36 28 8 26 63 46 14 9 7 14 34 57 22 34 3 
86 50 34 14 0 8 28 62 99 82 50 45 29 22 2 93 58 2 33 
32 4 20 40 54 46 26 8 45 28 4 9 25 32 52 39 4 52 21 
47 11 5 25 39 31 11 23 60 43 11 6 10 17 37 54 19 37 6 

