11 8 

75 37 7 14 7 19 5 9 32 46 7 
82 44 14 21 14 26 12 16 39 53 0 
60 22 8 1 8 4 10 6 17 31 22 
23 15 45 38 45 33 47 43 20 6 59 
77 39 9 16 9 21 7 11 34 48 5 
79 41 11 18 11 23 9 13 36 50 3 
34 4 34 27 34 22 36 32 9 5 48 
14 24 54 47 54 42 56 52 29 15 68 
68 30 0 7 0 12 2 2 25 39 14 
3 35 65 58 65 53 67 63 40 26 79 
48 10 20 13 20 8 22 18 5 19 34 

18 63 31 77 49 15 3 13 57 19 17 
25 70 38 84 56 22 10 20 64 26 24 
3 48 16 62 34 0 12 2 42 4 2 
34 11 21 25 3 37 49 39 5 33 35 
20 65 33 79 51 17 5 15 59 21 19 
22 67 35 81 53 19 7 17 61 23 21 
23 22 10 36 8 26 38 28 16 22 24 
43 2 30 16 12 46 58 48 4 42 44 
11 56 24 70 42 8 4 6 50 12 10 
54 9 41 5 23 57 69 59 15 53 55 
9 36 4 50 22 12 24 14 30 8 10 

12 67 67 12 17 42 10 7 35 12 17 
19 74 74 19 10 49 3 0 42 19 10 
3 52 52 3 32 27 25 22 20 3 32 
40 15 15 40 69 10 62 59 17 40 69 
14 69 69 14 15 44 8 5 37 14 15 
16 71 71 16 13 46 6 3 39 16 13 
29 26 26 29 58 1 51 48 6 29 58 
49 6 6 49 78 19 71 68 26 49 78 
5 60 60 5 24 35 17 14 28 5 24 
60 5 5 60 89 30 82 79 37 60 89 
15 40 40 15 44 15 37 34 8 15 44 

36 34 60 41 21 41 3 11 30 13 35 
43 41 67 48 14 48 10 4 37 6 42 
21 19 45 26 36 26 12 26 15 28 20 
16 18 8 11 73 11 49 63 22 65 17 
38 36 62 43 19 43 5 9 32 11 37 
40 38 64 45 17 45 7 7 34 9 39 
5 7 19 0 62 0 38 52 11 54 6 
25 27 1 20 82 20 58 72 31 74 26 
29 27 53 34 28 34 4 18 23 20 28 
36 38 12 31 93 31 69 83 42 85 37 
9 7 33 14 48 14 24 38 3 40 8 

5 54 39 14 65 9 36 70 59 12 39 
2 61 46 21 72 2 43 77 66 5 46 
20 39 24 1 50 24 21 55 44 27 24 
57 2 13 38 13 61 16 18 7 64 13 
3 56 41 16 67 7 38 72 61 10 41 
1 58 43 18 69 5 40 74 63 8 43 
46 13 2 27 24 50 5 29 18 53 2 
66 7 22 47 4 70 25 9 2 73 22 
12 47 32 7 58 16 29 63 52 19 32 
77 18 33 58 7 81 36 2 13 84 33 
32 27 12 13 38 36 9 43 32 39 12 

20 26 11 70 25 34 25 17 18 19 70 
13 33 18 77 32 41 32 24 25 26 77 
35 11 4 55 10 19 10 2 3 4 55 
72 26 41 18 27 18 27 35 34 33 18 
18 28 13 72 27 36 27 19 20 21 72 
16 30 15 74 29 38 29 21 22 23 74 
61 15 30 29 16 7 16 24 23 22 29 
81 35 50 9 36 27 36 44 43 42 9 
27 19 4 63 18 27 18 10 11 12 63 
92 46 61 2 47 38 47 55 54 53 2 
47 1 16 43 2 7 2 10 9 8 43 

31 15 12 47 18 40 12 59 36 42 36 
38 22 5 54 11 47 19 66 43 49 43 
16 0 27 32 33 25 3 44 21 27 21 
21 37 64 5 70 12 40 7 16 10 16 
33 17 10 49 16 42 14 61 38 44 38 
35 19 8 51 14 44 16 63 40 46 40 
10 26 53 6 59 1 29 18 5 1 5 
30 46 73 14 79 21 49 2 25 19 25 
24 8 19 40 25 33 5 52 29 35 29 
41 57 84 25 90 32 60 13 36 30 36 
4 12 39 20 45 13 15 32 9 15 9 

57 12 44 2 26 60 72 62 18 56 58 
19 26 6 40 12 22 34 24 20 18 20 
11 56 24 70 42 8 4 6 50 12 10 
4 49 17 63 35 1 11 1 43 5 3 
11 56 24 70 42 8 4 6 50 12 10 
1 44 12 58 30 4 16 6 38 0 2 
13 58 26 72 44 10 2 8 52 14 12 
9 54 22 68 40 6 6 4 48 10 8 
14 31 1 45 17 17 29 19 25 13 15 
28 17 15 31 3 31 43 33 11 27 29 
25 70 38 84 56 22 10 20 64 26 24 

63 8 8 63 92 33 85 82 40 63 92 
25 30 30 25 54 5 47 44 2 25 54 
5 60 60 5 24 35 17 14 28 5 24 
2 53 53 2 31 28 24 21 21 2 31 
5 60 60 5 24 35 17 14 28 5 24 
7 48 48 7 36 23 29 26 16 7 36 
7 62 62 7 22 37 15 12 30 7 22 
3 58 58 3 26 33 19 16 26 3 26 
20 35 35 20 49 10 42 39 3 20 49 
34 21 21 34 63 4 56 53 11 34 63 
19 74 74 19 10 49 3 0 42 19 10 

39 41 15 34 96 34 72 86 45 88 40 
1 3 23 4 58 4 34 48 7 50 2 
29 27 53 34 28 34 4 18 23 20 28 
22 20 46 27 35 27 11 25 16 27 21 
29 27 53 34 28 34 4 18 23 20 28 
17 15 41 22 40 22 16 30 11 32 16 
31 29 55 36 26 36 2 16 25 18 30 
27 25 51 32 30 32 6 20 21 22 26 
4 2 28 9 53 9 29 43 2 45 3 
10 12 14 5 67 5 43 57 16 59 11 
43 41 67 48 14 48 10 4 37 6 42 

80 21 36 61 10 84 39 5 16 87 36 
42 17 2 23 28 46 1 33 22 49 2 
12 47 32 7 58 16 29 63 52 19 32 
19 40 25 0 51 23 22 56 45 26 25 
12 47 32 7 58 16 29 63 52 19 32 
24 35 20 5 46 28 17 51 40 31 20 
10 49 34 9 60 14 31 65 54 17 34 
14 45 30 5 56 18 27 61 50 21 30 
37 22 7 18 33 41 4 38 27 44 7 
51 8 7 32 19 55 10 24 13 58 7 
2 61 46 21 72 2 43 77 66 5 46 

95 49 64 5 50 41 50 58 57 56 5 
57 11 26 33 12 3 12 20 19 18 33 
27 19 4 63 18 27 18 10 11 12 63 
34 12 3 56 11 20 11 3 4 5 56 
27 19 4 63 18 27 18 10 11 12 63 
39 7 8 51 6 15 6 2 1 0 51 
25 21 6 65 20 29 20 12 13 14 65 
29 17 2 61 16 25 16 8 9 10 61 
52 6 21 38 7 2 7 15 14 13 38 
66 20 35 24 21 12 21 29 28 27 24 
13 33 18 77 32 41 32 24 25 26 77 

44 60 87 28 93 35 63 16 39 33 39 
6 22 49 10 55 3 25 22 1 5 1 
24 8 19 40 25 33 5 52 29 35 29 
17 1 26 33 32 26 2 45 22 28 22 
24 8 19 40 25 33 5 52 29 35 29 
12 4 31 28 37 21 7 40 17 23 17 
26 10 17 42 23 35 7 54 31 37 31 
22 6 21 38 27 31 3 50 27 33 27 
1 17 44 15 50 8 20 27 4 10 4 
15 31 58 1 64 6 34 13 10 4 10 
38 22 5 54 11 47 19 66 43 49 43 

6 49 49 6 35 24 28 25 17 6 35 
51 4 4 51 80 21 73 70 28 51 80 
19 36 36 19 48 11 41 38 4 19 48 
65 10 10 65 94 35 87 84 42 65 94 
37 18 18 37 66 7 59 56 14 37 66 
3 52 52 3 32 27 25 22 20 3 32 
9 64 64 9 20 39 13 10 32 9 20 
1 54 54 1 30 29 23 20 22 1 30 
45 10 10 45 74 15 67 64 22 45 74 
7 48 48 7 36 23 29 26 16 7 36 
5 50 50 5 34 25 27 24 18 5 34 

18 16 42 23 39 23 15 29 12 31 17 
27 29 3 22 84 22 60 74 33 76 28 
5 3 29 10 52 10 28 42 1 44 4 
41 43 17 36 98 36 74 88 47 90 42 
13 15 11 8 70 8 46 60 19 62 14 
21 19 45 26 36 26 12 26 15 28 20 
33 31 57 38 24 38 0 14 27 16 32 
23 21 47 28 34 28 10 24 17 26 22 
21 23 3 16 78 16 54 68 27 70 22 
17 15 41 22 40 22 16 30 11 32 16 
19 17 43 24 38 24 14 28 13 30 18 

23 36 21 4 47 27 18 52 41 30 21 
68 9 24 49 2 72 27 7 4 75 24 
36 23 8 17 34 40 5 39 28 43 8 
82 23 38 63 12 86 41 7 18 89 38 
54 5 10 35 16 58 13 21 10 61 10 
20 39 24 1 50 24 21 55 44 27 24 
8 51 36 11 62 12 33 67 56 15 36 
18 41 26 1 52 22 23 57 46 25 26 
62 3 18 43 8 66 21 13 2 69 18 
24 35 20 5 46 28 17 51 40 31 20 
22 37 22 3 48 26 19 53 42 29 22 

38 8 7 52 7 16 7 1 0 1 52 
83 37 52 7 38 29 38 46 45 44 7 
51 5 20 39 6 3 6 14 13 12 39 
97 51 66 7 52 43 52 60 59 58 7 
69 23 38 21 24 15 24 32 31 30 21 
35 11 4 55 10 19 10 2 3 4 55 
23 23 8 67 22 31 22 14 15 16 67 
33 13 2 57 12 21 12 4 5 6 57 
77 31 46 13 32 23 32 40 39 38 13 
39 7 8 51 6 15 6 2 1 0 51 
37 9 6 53 8 17 8 0 1 2 53 

13 3 30 29 36 22 6 41 18 24 18 
32 48 75 16 81 23 51 4 27 21 27 
0 16 43 16 49 9 19 28 5 11 5 
46 62 89 30 95 37 65 18 41 35 41 
18 34 61 2 67 9 37 10 13 7 13 
16 0 27 32 33 25 3 44 21 27 21 
28 12 15 44 21 37 9 56 33 39 33 
18 2 25 34 31 27 1 46 23 29 23 
26 42 69 10 75 17 45 2 21 15 21 
12 4 31 28 37 21 7 40 17 23 17 
14 2 29 30 35 23 5 42 19 25 19 

24 22 48 29 33 29 9 23 18 25 23 
31 33 7 26 88 26 64 78 37 80 32 
31 33 7 26 88 26 64 78 37 80 32 
24 22 48 29 33 29 9 23 18 25 23 
53 51 77 58 4 58 20 6 47 4 52 
6 8 18 1 63 1 39 53 12 55 7 
46 44 70 51 11 51 13 1 40 3 45 
43 41 67 48 14 48 10 4 37 6 42 
1 1 25 6 56 6 32 46 5 48 0 
24 22 48 29 33 29 9 23 18 25 23 
53 51 77 58 4 58 20 6 47 4 52 

17 42 27 2 53 21 24 58 47 24 27 
72 13 28 53 2 76 31 3 8 79 28 
72 13 28 53 2 76 31 3 8 79 28 
17 42 27 2 53 21 24 58 47 24 27 
12 71 56 31 82 8 53 87 76 5 56 
47 12 3 28 23 51 6 28 17 54 3 
5 64 49 24 75 1 46 80 69 2 49 
2 61 46 21 72 2 43 77 66 5 46 
40 19 4 21 30 44 1 35 24 47 4 
17 42 27 2 53 21 24 58 47 24 27 
12 71 56 31 82 8 53 87 76 5 56 

32 14 1 58 13 22 13 5 6 7 58 
87 41 56 3 42 33 42 50 49 48 3 
87 41 56 3 42 33 42 50 49 48 3 
32 14 1 58 13 22 13 5 6 7 58 
3 43 28 87 42 51 42 34 35 36 87 
62 16 31 28 17 8 17 25 24 23 28 
10 36 21 80 35 44 35 27 28 29 80 
13 33 18 77 32 41 32 24 25 26 77 
55 9 24 35 10 1 10 18 17 16 35 
32 14 1 58 13 22 13 5 6 7 58 
3 43 28 87 42 51 42 34 35 36 87 

19 3 24 35 30 28 0 47 24 30 24 
36 52 79 20 85 27 55 8 31 25 31 
36 52 79 20 85 27 55 8 31 25 31 
19 3 24 35 30 28 0 47 24 30 24 
48 32 5 64 1 57 29 76 53 59 53 
11 27 54 5 60 2 30 17 6 0 6 
41 25 2 57 8 50 22 69 46 52 46 
38 22 5 54 11 47 19 66 43 49 43 
4 20 47 12 53 5 23 24 1 7 1 
19 3 24 35 30 28 0 47 24 30 24 
48 32 5 64 1 57 29 76 53 59 53 

41 18 3 22 29 45 0 34 23 48 3 
39 20 5 20 31 43 2 36 25 46 5 
65 6 21 46 5 69 24 10 1 72 21 
46 13 2 27 24 50 5 29 18 53 2 
16 75 60 35 86 12 57 91 80 9 60 
46 13 2 27 24 50 5 29 18 53 2 
8 51 36 11 62 12 33 67 56 15 36 
6 65 50 25 76 2 47 81 70 1 50 
35 24 9 16 35 39 6 40 29 42 9 
8 67 52 27 78 4 49 83 72 1 52 
40 19 4 21 30 44 1 35 24 47 4 

56 10 25 34 11 2 11 19 18 17 34 
54 8 23 36 9 0 9 17 16 15 36 
80 34 49 10 35 26 35 43 42 41 10 
61 15 30 29 16 7 16 24 23 22 29 
1 47 32 91 46 55 46 38 39 40 91 
61 15 30 29 16 7 16 24 23 22 29 
23 23 8 67 22 31 22 14 15 16 67 
9 37 22 81 36 45 36 28 29 30 81 
50 4 19 40 5 4 5 13 12 11 40 
7 39 24 83 38 47 38 30 31 32 83 
55 9 24 35 10 1 10 18 17 16 35 

5 21 48 11 54 4 24 23 0 6 0 
3 19 46 13 52 6 22 25 2 8 2 
29 45 72 13 78 20 48 1 24 18 24 
10 26 53 6 59 1 29 18 5 1 5 
52 36 9 68 3 61 33 80 57 63 57 
10 26 53 6 59 1 29 18 5 1 5 
28 12 15 44 21 37 9 56 33 39 33 
42 26 1 58 7 51 23 70 47 53 47 
1 15 42 17 48 10 18 29 6 12 6 
44 28 1 60 5 53 25 72 49 55 49 
4 20 47 12 53 5 23 24 1 7 1 

15 31 16 75 30 39 30 22 23 24 75 
74 28 43 16 29 20 29 37 36 35 16 
59 13 28 31 14 5 14 22 21 20 31 
34 12 3 56 11 20 11 3 4 5 56 
85 39 54 5 40 31 40 48 47 46 5 
11 35 20 79 34 43 34 26 27 28 79 
56 10 25 34 11 2 11 19 18 17 34 
90 44 59 0 45 36 45 53 52 51 0 
79 33 48 11 34 25 34 42 41 40 11 
8 38 23 82 37 46 37 29 30 31 82 
59 13 28 31 14 5 14 22 21 20 31 

36 20 7 52 13 45 17 64 41 47 41 
23 39 66 7 72 14 42 5 18 12 18 
8 24 51 8 57 1 27 20 3 3 3 
17 1 26 33 32 26 2 45 22 28 22 
34 50 77 18 83 25 53 6 29 23 29 
40 24 3 56 9 49 21 68 45 51 45 
5 21 48 11 54 4 24 23 0 6 0 
39 55 82 23 88 30 58 11 34 28 34 
28 44 71 12 77 19 47 0 23 17 23 
43 27 0 59 6 52 24 71 48 54 48 
8 24 51 8 57 1 27 20 3 3 3 

51 35 8 67 2 60 32 79 56 62 56 
5 11 38 21 44 14 14 33 10 16 10 
20 4 23 36 29 29 1 48 25 31 25 
39 55 82 23 88 30 58 11 34 28 34 
6 10 37 22 43 15 13 34 11 17 11 
3 19 46 13 52 6 22 25 2 8 2 
6 10 37 22 43 15 13 34 11 17 11 
14 2 29 30 35 23 5 42 19 25 19 
13 3 30 29 36 22 6 41 18 24 18 
12 4 31 28 37 21 7 40 17 23 17 
39 55 82 23 88 30 58 11 34 28 34 

