17 8 

49 10 7 16 29 7 44 37 9 16 67 45 28 22 3 64 10 
19 58 61 52 39 61 24 31 59 52 1 23 40 46 65 4 78 
41 2 1 8 21 1 36 29 1 8 59 37 20 14 5 56 18 
18 57 60 51 38 60 23 30 58 51 0 22 39 45 64 3 77 
27 12 15 6 7 15 22 15 13 6 45 23 6 0 19 42 32 
6 45 48 39 26 48 11 18 46 39 12 10 27 33 52 9 65 
6 45 48 39 26 48 11 18 46 39 12 10 27 33 52 9 65 
12 27 30 21 8 30 7 0 28 21 30 8 9 15 34 27 47 
18 57 60 51 38 60 23 30 58 51 0 22 39 45 64 3 77 
8 31 34 25 12 34 3 4 32 25 26 4 13 19 38 23 51 
0 39 42 33 20 42 5 12 40 33 18 4 21 27 46 15 59 
12 51 54 45 32 54 17 24 52 45 6 16 33 39 58 3 71 
27 12 15 6 7 15 22 15 13 6 45 23 6 0 19 42 32 
3 36 39 30 17 39 2 9 37 30 21 1 18 24 43 18 56 
64 25 22 31 44 22 59 52 24 31 82 60 43 37 18 79 5 
53 14 11 20 33 11 48 41 13 20 71 49 32 26 7 68 6 
25 64 67 58 45 67 30 37 65 58 7 29 46 52 71 10 84 

42 13 63 47 28 46 50 19 4 61 4 6 11 58 1 33 64 
26 55 5 21 40 22 18 49 64 7 72 62 57 10 69 35 4 
34 5 55 39 20 38 42 11 4 53 12 2 3 50 9 25 56 
25 54 4 20 39 21 17 48 63 6 71 61 56 9 68 34 3 
20 9 41 25 6 24 28 3 18 39 26 16 11 36 23 11 42 
13 42 8 8 27 9 5 36 51 6 59 49 44 3 56 22 9 
13 42 8 8 27 9 5 36 51 6 59 49 44 3 56 22 9 
5 24 26 10 9 9 13 18 33 24 41 31 26 21 38 4 27 
25 54 4 20 39 21 17 48 63 6 71 61 56 9 68 34 3 
1 28 22 6 13 5 9 22 37 20 45 35 30 17 42 8 23 
7 36 14 2 21 3 1 30 45 12 53 43 38 9 50 16 15 
19 48 2 14 33 15 11 42 57 0 65 55 50 3 62 28 3 
20 9 41 25 6 24 28 3 18 39 26 16 11 36 23 11 42 
4 33 17 1 18 0 4 27 42 15 50 40 35 12 47 13 18 
57 28 78 62 43 61 65 34 19 76 11 21 26 73 14 48 79 
46 17 67 51 32 50 54 23 8 65 0 10 15 62 3 37 68 
32 61 11 27 46 28 24 55 70 13 78 68 63 16 75 41 10 

9 68 23 14 16 67 39 25 30 2 10 77 49 22 51 32 10 
77 0 45 54 84 1 29 43 38 66 78 9 19 46 17 36 78 
17 60 15 6 24 59 31 17 22 6 18 69 41 14 43 24 18 
76 1 44 53 83 0 28 42 37 65 77 10 18 45 16 35 77 
31 46 1 8 38 45 17 3 8 20 32 55 27 0 29 10 32 
64 13 32 41 71 12 16 30 25 53 65 22 6 33 4 23 65 
64 13 32 41 71 12 16 30 25 53 65 22 6 33 4 23 65 
46 31 14 23 53 30 2 12 7 35 47 40 12 15 14 5 47 
76 1 44 53 83 0 28 42 37 65 77 10 18 45 16 35 77 
50 27 18 27 57 26 2 16 11 39 51 36 8 19 10 9 51 
58 19 26 35 65 18 10 24 19 47 59 28 0 27 2 17 59 
70 7 38 47 77 6 22 36 31 59 71 16 12 39 10 29 71 
31 46 1 8 38 45 17 3 8 20 32 55 27 0 29 10 32 
55 22 23 32 62 21 7 21 16 44 56 31 3 24 5 14 56 
6 83 38 29 1 82 54 40 45 17 5 92 64 37 66 47 5 
5 72 27 18 12 71 43 29 34 6 6 81 53 26 55 36 6 
83 6 51 60 90 7 35 49 44 72 84 3 25 52 23 42 84 

40 2 46 77 13 72 26 52 45 69 70 41 1 51 19 9 44 
28 70 22 9 55 4 42 16 23 1 2 27 67 17 49 77 24 
32 10 38 69 5 64 18 44 37 61 62 33 7 43 11 17 36 
27 69 21 10 54 5 41 15 22 2 3 26 66 16 48 76 23 
18 24 24 55 9 50 4 30 23 47 48 19 21 29 3 31 22 
15 57 9 22 42 17 29 3 10 14 15 14 54 4 36 64 11 
15 57 9 22 42 17 29 3 10 14 15 14 54 4 36 64 11 
3 39 9 40 24 35 11 15 8 32 33 4 36 14 18 46 7 
27 69 21 10 54 5 41 15 22 2 3 26 66 16 48 76 23 
1 43 5 36 28 31 15 11 4 28 29 0 40 10 22 50 3 
9 51 3 28 36 23 23 3 4 20 21 8 48 2 30 58 5 
21 63 15 16 48 11 35 9 16 8 9 20 60 10 42 70 17 
18 24 24 55 9 50 4 30 23 47 48 19 21 29 3 31 22 
6 48 0 31 33 26 20 6 1 23 24 5 45 5 27 55 2 
55 13 61 92 28 87 41 67 60 84 85 56 16 66 34 6 59 
44 2 50 81 17 76 30 56 49 73 74 45 5 55 23 5 48 
34 76 28 3 61 2 48 22 29 5 4 33 73 23 55 83 30 

74 31 38 34 52 3 10 73 24 56 9 25 37 67 20 38 19 
6 37 30 34 16 71 78 5 44 12 77 43 31 1 48 30 87 
66 23 30 26 44 11 18 65 16 48 17 17 29 59 12 30 27 
7 36 29 33 15 70 77 6 43 11 76 42 30 0 47 29 86 
52 9 16 12 30 25 32 51 2 34 31 3 15 45 2 16 41 
19 24 17 21 3 58 65 18 31 1 64 30 18 12 35 17 74 
19 24 17 21 3 58 65 18 31 1 64 30 18 12 35 17 74 
37 6 1 3 15 40 47 36 13 19 46 12 0 30 17 1 56 
7 36 29 33 15 70 77 6 43 11 76 42 30 0 47 29 86 
33 10 3 7 11 44 51 32 17 15 50 16 4 26 21 3 60 
25 18 11 15 3 52 59 24 25 7 58 24 12 18 29 11 68 
13 30 23 27 9 64 71 12 37 5 70 36 24 6 41 23 80 
52 9 16 12 30 25 32 51 2 34 31 3 15 45 2 16 41 
28 15 8 12 6 49 56 27 22 10 55 21 9 21 26 8 65 
89 46 53 49 67 12 5 88 39 71 6 40 52 82 35 53 4 
78 35 42 38 56 1 6 77 28 60 5 29 41 71 24 42 15 
0 43 36 40 22 77 84 1 50 18 83 49 37 7 54 36 93 

62 42 5 49 3 34 49 71 56 25 12 5 23 24 16 22 51 
6 26 73 19 65 34 19 3 12 43 80 73 45 44 52 46 17 
54 34 13 41 5 26 41 63 48 17 20 13 15 16 8 14 43 
5 25 72 18 64 33 18 4 11 42 79 72 44 43 51 45 16 
40 20 27 27 19 12 27 49 34 3 34 27 1 2 6 0 29 
7 13 60 6 52 21 6 16 1 30 67 60 32 31 39 33 4 
7 13 60 6 52 21 6 16 1 30 67 60 32 31 39 33 4 
25 5 42 12 34 3 12 34 19 12 49 42 14 13 21 15 14 
5 25 72 18 64 33 18 4 11 42 79 72 44 43 51 45 16 
21 1 46 8 38 7 8 30 15 16 53 46 18 17 25 19 10 
13 7 54 0 46 15 0 22 7 24 61 54 26 25 33 27 2 
1 19 66 12 58 27 12 10 5 36 73 66 38 37 45 39 10 
40 20 27 27 19 12 27 49 34 3 34 27 1 2 6 0 29 
16 4 51 3 43 12 3 25 10 21 58 51 23 22 30 24 5 
77 57 10 64 18 49 64 86 71 40 3 10 38 39 31 37 66 
66 46 1 53 7 38 53 75 60 29 8 1 27 28 20 26 55 
12 32 79 25 71 40 25 3 18 49 86 79 51 50 58 52 23 

16 34 50 11 1 20 75 35 26 75 9 68 20 15 30 17 1 
84 34 18 57 69 88 7 33 42 7 77 0 48 53 38 85 67 
24 26 42 3 9 28 67 27 18 67 17 60 12 7 22 25 7 
83 33 17 56 68 87 8 32 41 8 76 1 47 52 37 84 66 
38 12 28 11 23 42 53 13 4 53 31 46 2 7 8 39 21 
71 21 5 44 56 75 20 20 29 20 64 13 35 40 25 72 54 
71 21 5 44 56 75 20 20 29 20 64 13 35 40 25 72 54 
53 3 13 26 38 57 38 2 11 38 46 31 17 22 7 54 36 
83 33 17 56 68 87 8 32 41 8 76 1 47 52 37 84 66 
57 7 9 30 42 61 34 6 15 34 50 27 21 26 11 58 40 
65 15 1 38 50 69 26 14 23 26 58 19 29 34 19 66 48 
77 27 11 50 62 81 14 26 35 14 70 7 41 46 31 78 60 
38 12 28 11 23 42 53 13 4 53 31 46 2 7 8 39 21 
62 12 4 35 47 66 29 11 20 29 55 22 26 31 16 63 45 
1 49 65 26 14 5 90 50 41 90 6 83 35 30 45 2 16 
12 38 54 15 3 16 79 39 30 79 5 72 24 19 34 13 5 
90 40 24 63 75 94 1 39 48 1 83 6 54 59 44 91 73 

7 36 14 2 21 3 1 30 45 12 53 43 38 9 50 16 15 
32 3 53 37 18 36 40 9 6 51 14 4 1 48 11 23 54 
35 6 56 40 21 39 43 12 3 54 11 1 4 51 8 26 57 
26 3 47 31 12 30 34 3 12 45 20 10 5 42 17 17 48 
13 16 34 18 1 17 21 10 25 32 33 23 18 29 30 4 35 
35 6 56 40 21 39 43 12 3 54 11 1 4 51 8 26 57 
2 31 19 3 16 2 6 25 40 17 48 38 33 14 45 11 20 
5 24 26 10 9 9 13 18 33 24 41 31 26 21 38 4 27 
33 4 54 38 19 37 41 10 5 52 13 3 2 49 10 24 55 
26 3 47 31 12 30 34 3 12 45 20 10 5 42 17 17 48 
25 54 4 20 39 21 17 48 63 6 71 61 56 9 68 34 3 
3 32 18 2 17 1 5 26 41 16 49 39 34 13 46 12 19 
14 15 35 19 0 18 22 9 24 33 32 22 17 30 29 5 36 
20 9 41 25 6 24 28 3 18 39 26 16 11 36 23 11 42 
39 10 60 44 25 43 47 16 1 58 7 3 8 55 4 30 61 
22 51 1 17 36 18 14 45 60 3 68 58 53 6 65 31 0 
52 23 73 57 38 56 60 29 14 71 6 16 21 68 9 43 74 

58 19 26 35 65 18 10 24 19 47 59 28 0 27 2 17 59 
19 58 13 4 26 57 29 15 20 8 20 67 39 12 41 22 20 
16 61 16 7 23 60 32 18 23 5 17 70 42 15 44 25 17 
25 52 7 2 32 51 23 9 14 14 26 61 33 6 35 16 26 
38 39 6 15 45 38 10 4 1 27 39 48 20 7 22 3 39 
16 61 16 7 23 60 32 18 23 5 17 70 42 15 44 25 17 
53 24 21 30 60 23 5 19 14 42 54 33 5 22 7 12 54 
46 31 14 23 53 30 2 12 7 35 47 40 12 15 14 5 47 
18 59 14 5 25 58 30 16 21 7 19 68 40 13 42 23 19 
25 52 7 2 32 51 23 9 14 14 26 61 33 6 35 16 26 
76 1 44 53 83 0 28 42 37 65 77 10 18 45 16 35 77 
54 23 22 31 61 22 6 20 15 43 55 32 4 23 6 13 55 
37 40 5 14 44 39 11 3 2 26 38 49 21 6 23 4 38 
31 46 1 8 38 45 17 3 8 20 32 55 27 0 29 10 32 
12 65 20 11 19 64 36 22 27 1 13 74 46 19 48 29 13 
73 4 41 50 80 3 25 39 34 62 74 13 15 42 13 32 74 
1 78 33 24 6 77 49 35 40 12 0 87 59 32 61 42 0 

9 51 3 28 36 23 23 3 4 20 21 8 48 2 30 58 5 
30 12 36 67 3 62 16 42 35 59 60 31 9 41 9 19 34 
33 9 39 70 6 65 19 45 38 62 63 34 6 44 12 16 37 
24 18 30 61 3 56 10 36 29 53 54 25 15 35 3 25 28 
11 31 17 48 16 43 3 23 16 40 41 12 28 22 10 38 15 
33 9 39 70 6 65 19 45 38 62 63 34 6 44 12 16 37 
4 46 2 33 31 28 18 8 1 25 26 3 43 7 25 53 0 
3 39 9 40 24 35 11 15 8 32 33 4 36 14 18 46 7 
31 11 37 68 4 63 17 43 36 60 61 32 8 42 10 18 35 
24 18 30 61 3 56 10 36 29 53 54 25 15 35 3 25 28 
27 69 21 10 54 5 41 15 22 2 3 26 66 16 48 76 23 
5 47 1 32 32 27 19 7 0 24 25 4 44 6 26 54 1 
12 30 18 49 15 44 2 24 17 41 42 13 27 23 9 37 16 
18 24 24 55 9 50 4 30 23 47 48 19 21 29 3 31 22 
37 5 43 74 10 69 23 49 42 66 67 38 2 48 16 12 41 
24 66 18 13 51 8 38 12 19 5 6 23 63 13 45 73 20 
50 8 56 87 23 82 36 62 55 79 80 51 11 61 29 1 54 

25 18 11 15 3 52 59 24 25 7 58 24 12 18 29 11 68 
64 21 28 24 42 13 20 63 14 46 19 15 27 57 10 28 29 
67 24 31 27 45 10 17 66 17 49 16 18 30 60 13 31 26 
58 15 22 18 36 19 26 57 8 40 25 9 21 51 4 22 35 
45 2 9 5 23 32 39 44 5 27 38 4 8 38 9 9 48 
67 24 31 27 45 10 17 66 17 49 16 18 30 60 13 31 26 
30 13 6 10 8 47 54 29 20 12 53 19 7 23 24 6 63 
37 6 1 3 15 40 47 36 13 19 46 12 0 30 17 1 56 
65 22 29 25 43 12 19 64 15 47 18 16 28 58 11 29 28 
58 15 22 18 36 19 26 57 8 40 25 9 21 51 4 22 35 
7 36 29 33 15 70 77 6 43 11 76 42 30 0 47 29 86 
29 14 7 11 7 48 55 28 21 11 54 20 8 22 25 7 64 
46 3 10 6 24 31 38 45 4 28 37 3 9 39 8 10 47 
52 9 16 12 30 25 32 51 2 34 31 3 15 45 2 16 41 
71 28 35 31 49 6 13 70 21 53 12 22 34 64 17 35 22 
10 33 26 30 12 67 74 9 40 8 73 39 27 3 44 26 83 
84 41 48 44 62 7 0 83 34 66 1 35 47 77 30 48 9 

13 7 54 0 46 15 0 22 7 24 61 54 26 25 33 27 2 
52 32 15 39 7 24 39 61 46 15 22 15 13 14 6 12 41 
55 35 12 42 4 27 42 64 49 18 19 12 16 17 9 15 44 
46 26 21 33 13 18 33 55 40 9 28 21 7 8 0 6 35 
33 13 34 20 26 5 20 42 27 4 41 34 6 5 13 7 22 
55 35 12 42 4 27 42 64 49 18 19 12 16 17 9 15 44 
18 2 49 5 41 10 5 27 12 19 56 49 21 20 28 22 7 
25 5 42 12 34 3 12 34 19 12 49 42 14 13 21 15 14 
53 33 14 40 6 25 40 62 47 16 21 14 14 15 7 13 42 
46 26 21 33 13 18 33 55 40 9 28 21 7 8 0 6 35 
5 25 72 18 64 33 18 4 11 42 79 72 44 43 51 45 16 
17 3 50 4 42 11 4 26 11 20 57 50 22 21 29 23 6 
34 14 33 21 25 6 21 43 28 3 40 33 5 4 12 6 23 
40 20 27 27 19 12 27 49 34 3 34 27 1 2 6 0 29 
59 39 8 46 0 31 46 68 53 22 15 8 20 21 13 19 48 
2 22 69 15 61 30 15 7 8 39 76 69 41 40 48 42 13 
72 52 5 59 13 44 59 81 66 35 2 5 33 34 26 32 61 

65 15 1 38 50 69 26 14 23 26 58 19 29 34 19 66 48 
26 24 40 1 11 30 65 25 16 65 19 58 10 5 20 27 9 
23 27 43 4 8 27 68 28 19 68 16 61 13 8 23 24 6 
32 18 34 5 17 36 59 19 10 59 25 52 4 1 14 33 15 
45 5 21 18 30 49 46 6 3 46 38 39 9 14 1 46 28 
23 27 43 4 8 27 68 28 19 68 16 61 13 8 23 24 6 
60 10 6 33 45 64 31 9 18 31 53 24 24 29 14 61 43 
53 3 13 26 38 57 38 2 11 38 46 31 17 22 7 54 36 
25 25 41 2 10 29 66 26 17 66 18 59 11 6 21 26 8 
32 18 34 5 17 36 59 19 10 59 25 52 4 1 14 33 15 
83 33 17 56 68 87 8 32 41 8 76 1 47 52 37 84 66 
61 11 5 34 46 65 30 10 19 30 54 23 25 30 15 62 44 
44 6 22 17 29 48 47 7 2 47 37 40 8 13 2 45 27 
38 12 28 11 23 42 53 13 4 53 31 46 2 7 8 39 21 
19 31 47 8 4 23 72 32 23 72 12 65 17 12 27 20 2 
80 30 14 53 65 84 11 29 38 11 73 4 44 49 34 81 63 
6 44 60 21 9 10 85 45 36 85 1 78 30 25 40 7 11 

51 26 19 28 58 25 3 17 12 40 52 35 7 20 9 10 52 
22 55 10 1 29 54 26 12 17 11 23 64 36 9 38 19 23 
72 5 40 49 79 4 24 38 33 61 73 14 14 41 12 31 73 
56 21 24 33 63 20 8 22 17 45 57 30 2 25 4 15 57 
37 40 5 14 44 39 11 3 2 26 38 49 21 6 23 4 38 
55 22 23 32 62 21 7 21 16 44 56 31 3 24 5 14 56 
59 18 27 36 66 17 11 25 20 48 60 27 1 28 1 18 60 
28 49 4 5 35 48 20 6 11 17 29 58 30 3 32 13 29 
13 64 19 10 20 63 35 21 26 2 14 73 45 18 47 28 14 
70 7 38 47 77 6 22 36 31 59 71 16 12 39 10 29 71 
5 72 27 18 12 71 43 29 34 6 6 81 53 26 55 36 6 
15 62 17 8 22 61 33 19 24 4 16 71 43 16 45 26 16 
20 57 12 3 27 56 28 14 19 9 21 66 38 11 40 21 21 
67 10 35 44 74 9 19 33 28 56 68 19 9 36 7 26 68 
8 69 24 15 15 68 40 26 31 3 9 78 50 23 52 33 9 
42 35 10 19 49 34 6 8 3 31 43 44 16 11 18 1 43 
73 4 41 50 80 3 25 39 34 62 74 13 15 42 13 32 74 

2 44 4 35 29 30 16 10 3 27 28 1 41 9 23 51 2 
27 15 33 64 0 59 13 39 32 56 57 28 12 38 6 22 31 
23 65 17 14 50 9 37 11 18 6 7 22 62 12 44 72 19 
7 49 1 30 34 25 21 5 2 22 23 6 46 4 28 56 3 
12 30 18 49 15 44 2 24 17 41 42 13 27 23 9 37 16 
6 48 0 31 33 26 20 6 1 23 24 5 45 5 27 55 2 
10 52 4 27 37 22 24 2 5 19 20 9 49 1 31 59 6 
21 21 27 58 6 53 7 33 26 50 51 22 18 32 0 28 25 
36 6 42 73 9 68 22 48 41 65 66 37 3 47 15 13 40 
21 63 15 16 48 11 35 9 16 8 9 20 60 10 42 70 17 
44 2 50 81 17 76 30 56 49 73 74 45 5 55 23 5 48 
34 8 40 71 7 66 20 46 39 63 64 35 5 45 13 15 38 
29 13 35 66 2 61 15 41 34 58 59 30 10 40 8 20 33 
18 60 12 19 45 14 32 6 13 11 12 17 57 7 39 67 14 
41 1 47 78 14 73 27 53 46 70 71 42 2 52 20 8 45 
7 35 13 44 20 39 7 19 12 36 37 8 32 18 14 42 11 
24 66 18 13 51 8 38 12 19 5 6 23 63 13 45 73 20 

32 11 4 8 10 45 52 31 18 14 51 17 5 25 22 4 61 
61 18 25 21 39 16 23 60 11 43 22 12 24 54 7 25 32 
11 32 25 29 11 66 73 10 39 7 72 38 26 4 43 25 82 
27 16 9 13 5 50 57 26 23 9 56 22 10 20 27 9 66 
46 3 10 6 24 31 38 45 4 28 37 3 9 39 8 10 47 
28 15 8 12 6 49 56 27 22 10 55 21 9 21 26 8 65 
24 19 12 16 2 53 60 23 26 6 59 25 13 17 30 12 69 
55 12 19 15 33 22 29 54 5 37 28 6 18 48 1 19 38 
70 27 34 30 48 7 14 69 20 52 13 21 33 63 16 34 23 
13 30 23 27 9 64 71 12 37 5 70 36 24 6 41 23 80 
78 35 42 38 56 1 6 77 28 60 5 29 41 71 24 42 15 
68 25 32 28 46 9 16 67 18 50 15 19 31 61 14 32 25 
63 20 27 23 41 14 21 62 13 45 20 14 26 56 9 27 30 
16 27 20 24 6 61 68 15 34 2 67 33 21 9 38 20 77 
75 32 39 35 53 2 9 74 25 57 8 26 38 68 21 39 18 
41 2 5 1 19 36 43 40 9 23 42 8 4 34 13 5 52 
10 33 26 30 12 67 74 9 40 8 73 39 27 3 44 26 83 

20 0 47 7 39 8 7 29 14 17 54 47 19 18 26 20 9 
49 29 18 36 10 21 36 58 43 12 25 18 10 11 3 9 38 
1 21 68 14 60 29 14 8 7 38 75 68 40 39 47 41 12 
15 5 52 2 44 13 2 24 9 22 59 52 24 23 31 25 4 
34 14 33 21 25 6 21 43 28 3 40 33 5 4 12 6 23 
16 4 51 3 43 12 3 25 10 21 58 51 23 22 30 24 5 
12 8 55 1 47 16 1 21 6 25 62 55 27 26 34 28 1 
43 23 24 30 16 15 30 52 37 6 31 24 4 5 3 3 32 
58 38 9 45 1 30 45 67 52 21 16 9 19 20 12 18 47 
1 19 66 12 58 27 12 10 5 36 73 66 38 37 45 39 10 
66 46 1 53 7 38 53 75 60 29 8 1 27 28 20 26 55 
56 36 11 43 3 28 43 65 50 19 18 11 17 18 10 16 45 
51 31 16 38 8 23 38 60 45 14 23 16 12 13 5 11 40 
4 16 63 9 55 24 9 13 2 33 70 63 35 34 42 36 7 
63 43 4 50 4 35 50 72 57 26 11 4 24 25 17 23 52 
29 9 38 16 30 1 16 38 23 8 45 38 10 9 17 11 18 
2 22 69 15 61 30 15 7 8 39 76 69 41 40 48 42 13 

58 8 8 31 43 62 33 7 16 33 51 26 22 27 12 59 41 
29 21 37 2 14 33 62 22 13 62 22 55 7 2 17 30 12 
79 29 13 52 64 83 12 28 37 12 72 5 43 48 33 80 62 
63 13 3 36 48 67 28 12 21 28 56 21 27 32 17 64 46 
44 6 22 17 29 48 47 7 2 47 37 40 8 13 2 45 27 
62 12 4 35 47 66 29 11 20 29 55 22 26 31 16 63 45 
66 16 0 39 51 70 25 15 24 25 59 18 30 35 20 67 49 
35 15 31 8 20 39 56 16 7 56 28 49 1 4 11 36 18 
20 30 46 7 5 24 71 31 22 71 13 64 16 11 26 21 3 
77 27 11 50 62 81 14 26 35 14 70 7 41 46 31 78 60 
12 38 54 15 3 16 79 39 30 79 5 72 24 19 34 13 5 
22 28 44 5 7 26 69 29 20 69 15 62 14 9 24 23 5 
27 23 39 0 12 31 64 24 15 64 20 57 9 4 19 28 10 
74 24 8 47 59 78 17 23 32 17 67 10 38 43 28 75 57 
15 35 51 12 0 19 76 36 27 76 8 69 21 16 31 16 2 
49 1 17 22 34 53 42 2 7 42 42 35 13 18 3 50 32 
80 30 14 53 65 84 11 29 38 11 73 4 44 49 34 81 63 

49 7 55 86 22 81 35 61 54 78 79 50 10 60 28 0 53 
28 70 22 9 55 4 42 16 23 1 2 27 67 17 49 77 24 
17 25 23 54 10 49 3 29 22 46 47 18 22 28 4 32 21 
26 16 32 63 1 58 12 38 31 55 56 27 13 37 5 23 30 
56 14 62 93 29 88 42 68 61 85 86 57 17 67 35 7 60 
27 69 21 10 54 5 41 15 22 2 3 26 66 16 48 76 23 
1 41 7 38 26 33 13 13 6 30 31 2 38 12 20 48 5 
15 27 21 52 12 47 1 27 20 44 45 16 24 26 6 34 19 
10 32 16 47 17 42 4 22 15 39 40 11 29 21 11 39 14 
38 4 44 75 11 70 24 50 43 67 68 39 1 49 17 11 42 
50 8 56 87 23 82 36 62 55 79 80 51 11 61 29 1 54 
37 79 31 0 64 5 51 25 32 8 7 36 76 26 58 86 33 
9 51 3 28 36 23 23 3 4 20 21 8 48 2 30 58 5 
18 24 24 55 9 50 4 30 23 47 48 19 21 29 3 31 22 
11 53 5 26 38 21 25 1 6 18 19 10 50 0 32 60 7 
8 34 14 45 19 40 6 20 13 37 38 9 31 19 13 41 12 
50 8 56 87 23 82 36 62 55 79 80 51 11 61 29 1 54 

83 40 47 43 61 6 1 82 33 65 0 34 46 76 29 47 10 
6 37 30 34 16 71 78 5 44 12 77 43 31 1 48 30 87 
51 8 15 11 29 26 33 50 1 33 32 2 14 44 3 15 42 
60 17 24 20 38 17 24 59 10 42 23 11 23 53 6 24 33 
90 47 54 50 68 13 6 89 40 72 7 41 53 83 36 54 3 
7 36 29 33 15 70 77 6 43 11 76 42 30 0 47 29 86 
35 8 1 5 13 42 49 34 15 17 48 14 2 28 19 1 58 
49 6 13 9 27 28 35 48 1 31 34 0 12 42 5 13 44 
44 1 8 4 22 33 40 43 6 26 39 5 7 37 10 8 49 
72 29 36 32 50 5 12 71 22 54 11 23 35 65 18 36 21 
84 41 48 44 62 7 0 83 34 66 1 35 47 77 30 48 9 
3 46 39 43 25 80 87 4 53 21 86 52 40 10 57 39 96 
25 18 11 15 3 52 59 24 25 7 58 24 12 18 29 11 68 
52 9 16 12 30 25 32 51 2 34 31 3 15 45 2 16 41 
23 20 13 17 1 54 61 22 27 5 60 26 14 16 31 13 70 
42 1 6 2 20 35 42 41 8 24 41 7 5 35 12 6 51 
84 41 48 44 62 7 0 83 34 66 1 35 47 77 30 48 9 

71 51 4 58 12 43 58 80 65 34 3 4 32 33 25 31 60 
6 26 73 19 65 34 19 3 12 43 80 73 45 44 52 46 17 
39 19 28 26 20 11 26 48 33 2 35 28 0 1 7 1 28 
48 28 19 35 11 20 35 57 42 11 26 19 9 10 2 8 37 
78 58 11 65 19 50 65 87 72 41 4 11 39 40 32 38 67 
5 25 72 18 64 33 18 4 11 42 79 72 44 43 51 45 16 
23 3 44 10 36 5 10 32 17 14 51 44 16 15 23 17 12 
37 17 30 24 22 9 24 46 31 0 37 30 2 1 9 3 26 
32 12 35 19 27 4 19 41 26 5 42 35 7 6 14 8 21 
60 40 7 47 1 32 47 69 54 23 14 7 21 22 14 20 49 
72 52 5 59 13 44 59 81 66 35 2 5 33 34 26 32 61 
15 35 82 28 74 43 28 6 21 52 89 82 54 53 61 55 26 
13 7 54 0 46 15 0 22 7 24 61 54 26 25 33 27 2 
40 20 27 27 19 12 27 49 34 3 34 27 1 2 6 0 29 
11 9 56 2 48 17 2 20 5 26 63 56 28 27 35 29 0 
30 10 37 17 29 2 17 39 24 7 44 37 9 8 16 10 19 
72 52 5 59 13 44 59 81 66 35 2 5 33 34 26 32 61 

7 43 59 20 8 11 84 44 35 84 0 77 29 24 39 8 10 
84 34 18 57 69 88 7 33 42 7 77 0 48 53 38 85 67 
39 11 27 12 24 43 52 12 3 52 32 45 3 8 7 40 22 
30 20 36 3 15 34 61 21 12 61 23 54 6 1 16 31 13 
0 50 66 27 15 4 91 51 42 91 7 84 36 31 46 1 17 
83 33 17 56 68 87 8 32 41 8 76 1 47 52 37 84 66 
55 5 11 28 40 59 36 4 13 36 48 29 19 24 9 56 38 
41 9 25 14 26 45 50 10 1 50 34 43 5 10 5 42 24 
46 4 20 19 31 50 45 5 4 45 39 38 10 15 0 47 29 
18 32 48 9 3 22 73 33 24 73 11 66 18 13 28 19 1 
6 44 60 21 9 10 85 45 36 85 1 78 30 25 40 7 11 
93 43 27 66 78 97 2 42 51 2 86 9 57 62 47 94 76 
65 15 1 38 50 69 26 14 23 26 58 19 29 34 19 66 48 
38 12 28 11 23 42 53 13 4 53 31 46 2 7 8 39 21 
67 17 1 40 52 71 24 16 25 24 60 17 31 36 21 68 50 
48 2 18 21 33 52 43 3 6 43 41 36 12 17 2 49 31 
6 44 60 21 9 10 85 45 36 85 1 78 30 25 40 7 11 

34 9 2 6 12 43 50 33 16 16 49 15 3 27 20 2 59 
76 33 40 36 54 1 8 75 26 58 7 27 39 69 22 40 17 
28 15 8 12 6 49 56 27 22 10 55 21 9 21 26 8 65 
3 46 39 43 25 80 87 4 53 21 86 52 40 10 57 39 96 
61 18 25 21 39 16 23 60 11 43 22 12 24 54 7 25 32 
2 41 34 38 20 75 82 1 48 16 81 47 35 5 52 34 91 
48 5 12 8 26 29 36 47 2 30 35 1 11 41 6 12 45 
22 21 14 18 0 55 62 21 28 4 61 27 15 15 32 14 71 
29 14 7 11 7 48 55 28 21 11 54 20 8 22 25 7 64 
5 38 31 35 17 72 79 4 45 13 78 44 32 2 49 31 88 
4 39 32 36 18 73 80 3 46 14 79 45 33 3 50 32 89 
33 10 3 7 11 44 51 32 17 15 50 16 4 26 21 3 60 
73 30 37 33 51 4 11 72 23 55 10 24 36 66 19 37 20 
23 20 13 17 1 54 61 22 27 5 60 26 14 16 31 13 70 
55 12 19 15 33 22 29 54 5 37 28 6 18 48 1 19 38 
83 40 47 43 61 6 1 82 33 65 0 34 46 76 29 47 10 
30 13 6 10 8 47 54 29 20 12 53 19 7 23 24 6 63 

22 2 45 9 37 6 9 31 16 15 52 45 17 16 24 18 11 
64 44 3 51 5 36 51 73 58 27 10 3 25 26 18 24 53 
16 4 51 3 43 12 3 25 10 21 58 51 23 22 30 24 5 
15 35 82 28 74 43 28 6 21 52 89 82 54 53 61 55 26 
49 29 18 36 10 21 36 58 43 12 25 18 10 11 3 9 38 
10 30 77 23 69 38 23 1 16 47 84 77 49 48 56 50 21 
36 16 31 23 23 8 23 45 30 1 38 31 3 2 10 4 25 
10 10 57 3 49 18 3 19 4 27 64 57 29 28 36 30 1 
17 3 50 4 42 11 4 26 11 20 57 50 22 21 29 23 6 
7 27 74 20 66 35 20 2 13 44 81 74 46 45 53 47 18 
8 28 75 21 67 36 21 1 14 45 82 75 47 46 54 48 19 
21 1 46 8 38 7 8 30 15 16 53 46 18 17 25 19 10 
61 41 6 48 2 33 48 70 55 24 13 6 22 23 15 21 50 
11 9 56 2 48 17 2 20 5 26 63 56 28 27 35 29 0 
43 23 24 30 16 15 30 52 37 6 31 24 4 5 3 3 32 
71 51 4 58 12 43 58 80 65 34 3 4 32 33 25 31 60 
18 2 49 5 41 10 5 27 12 19 56 49 21 20 28 22 7 

56 6 10 29 41 60 35 5 14 35 49 28 20 25 10 57 39 
14 36 52 13 1 18 77 37 28 77 7 70 22 17 32 15 3 
62 12 4 35 47 66 29 11 20 29 55 22 26 31 16 63 45 
93 43 27 66 78 97 2 42 51 2 86 9 57 62 47 94 76 
29 21 37 2 14 33 62 22 13 62 22 55 7 2 17 30 12 
88 38 22 61 73 92 3 37 46 3 81 4 52 57 42 89 71 
42 8 24 15 27 46 49 9 0 49 35 42 6 11 4 43 25 
68 18 2 41 53 72 23 17 26 23 61 16 32 37 22 69 51 
61 11 5 34 46 65 30 10 19 30 54 23 25 30 15 62 44 
85 35 19 58 70 89 6 34 43 6 78 1 49 54 39 86 68 
86 36 20 59 71 90 5 35 44 5 79 2 50 55 40 87 69 
57 7 9 30 42 61 34 6 15 34 50 27 21 26 11 58 40 
17 33 49 10 2 21 74 34 25 74 10 67 19 14 29 18 0 
67 17 1 40 52 71 24 16 25 24 60 17 31 36 21 68 50 
35 15 31 8 20 39 56 16 7 56 28 49 1 4 11 36 18 
7 43 59 20 8 11 84 44 35 84 0 77 29 24 39 8 10 
60 10 6 33 45 64 31 9 18 31 53 24 24 29 14 61 43 

12 32 79 25 71 40 25 3 18 49 86 79 51 50 58 52 23 
31 11 36 18 28 3 18 40 25 6 43 36 8 7 15 9 20 
24 4 43 11 35 4 11 33 18 13 50 43 15 14 22 16 13 
28 8 39 15 31 0 15 37 22 9 46 39 11 10 18 12 17 
10 10 57 3 49 18 3 19 4 27 64 57 29 28 36 30 1 
65 45 2 52 6 37 52 74 59 28 9 2 26 27 19 25 54 
72 52 5 59 13 44 59 81 66 35 2 5 33 34 26 32 61 
11 31 78 24 70 39 24 2 17 48 85 78 50 49 57 51 22 
38 18 29 25 21 10 25 47 32 1 36 29 1 0 8 2 27 
6 14 61 7 53 22 7 15 0 31 68 61 33 32 40 34 5 
71 51 4 58 12 43 58 80 65 34 3 4 32 33 25 31 60 
37 17 30 24 22 9 24 46 31 0 37 30 2 1 9 3 26 
25 5 42 12 34 3 12 34 19 12 49 42 14 13 21 15 14 
5 25 72 18 64 33 18 4 11 42 79 72 44 43 51 45 16 
42 22 25 29 17 14 29 51 36 5 32 25 3 4 4 2 31 
24 4 43 11 35 4 11 33 18 13 50 43 15 14 22 16 13 
81 61 14 68 22 53 68 90 75 44 7 14 42 43 35 41 70 

90 40 24 63 75 94 1 39 48 1 83 6 54 59 44 91 73 
47 3 19 20 32 51 44 4 5 44 40 37 11 16 1 48 30 
54 4 12 27 39 58 37 3 12 37 47 30 18 23 8 55 37 
50 0 16 23 35 54 41 1 8 41 43 34 14 19 4 51 33 
68 18 2 41 53 72 23 17 26 23 61 16 32 37 22 69 51 
13 37 53 14 2 17 78 38 29 78 6 71 23 18 33 14 4 
6 44 60 21 9 10 85 45 36 85 1 78 30 25 40 7 11 
89 39 23 62 74 93 2 38 47 2 82 5 53 58 43 90 72 
40 10 26 13 25 44 51 11 2 51 33 44 4 9 6 41 23 
72 22 6 45 57 76 19 21 30 19 65 12 36 41 26 73 55 
7 43 59 20 8 11 84 44 35 84 0 77 29 24 39 8 10 
41 9 25 14 26 45 50 10 1 50 34 43 5 10 5 42 24 
53 3 13 26 38 57 38 2 11 38 46 31 17 22 7 54 36 
83 33 17 56 68 87 8 32 41 8 76 1 47 52 37 84 66 
36 14 30 9 21 40 55 15 6 55 29 48 0 5 10 37 19 
54 4 12 27 39 58 37 3 12 37 47 30 18 23 8 55 37 
3 53 69 30 18 1 94 54 45 94 10 87 39 34 49 2 20 

78 28 12 51 63 82 13 27 36 13 71 6 42 47 32 79 61 
58 8 8 31 43 62 33 7 16 33 51 26 22 27 12 59 41 
11 39 55 16 4 15 80 40 31 80 4 73 25 20 35 12 6 
65 15 1 38 50 69 26 14 23 26 58 19 29 34 19 66 48 
19 31 47 8 4 23 72 32 23 72 12 65 17 12 27 20 2 
50 0 16 23 35 54 41 1 8 41 43 34 14 19 4 51 33 
65 15 1 38 50 69 26 14 23 26 58 19 29 34 19 66 48 
87 37 21 60 72 91 4 36 45 4 80 3 51 56 41 88 70 
72 22 6 45 57 76 19 21 30 19 65 12 36 41 26 73 55 
41 9 25 14 26 45 50 10 1 50 34 43 5 10 5 42 24 
4 46 62 23 11 8 87 47 38 87 3 80 32 27 42 5 13 
11 39 55 16 4 15 80 40 31 80 4 73 25 20 35 12 6 
39 11 27 12 24 43 52 12 3 52 32 45 3 8 7 40 22 
40 10 26 13 25 44 51 11 2 51 33 44 4 9 6 41 23 
32 18 34 5 17 36 59 19 10 59 25 52 4 1 14 33 15 
38 12 28 11 23 42 53 13 4 53 31 46 2 7 8 39 21 
67 17 1 40 52 71 24 16 25 24 60 17 31 36 21 68 50 

